#MM10_jia_peaks Enhancers
#Created from /data/projects/IRF4_mm_trn_data/myeloma_public_data/rose/MM10_jia_ROSE/MM10_jia_peaks_5KB_STITCHED_ENHANCER_REGION_MAP.txt
#Ranked by MM10_jia.bam
#Using cutoff of 18600.4404 for Super-Enhancers
#Created on Jul 16 2024 
REGION_ID	CHROM	START	STOP	NUM_LOCI	CONSTITUENT_SIZE	MM10_jia.bam	enhancerRank	isStretch
8_MACS_peak_11870_lociStitched	chr17	62133214	62209832	8	72989	151389.5062	1	1
14_MACS_peak_19726_lociStitched	chr3	141079613	141161323	14	71579	288877.534	2	1
17_MACS_peak_10083_lociStitched	chr16	11766652	11837847	17	59317	76321.04	3	1
11_MACS_peak_15258_lociStitched	chr2	99054927	99111686	11	47175	69932.7639	4	1
11_MACS_peak_8635_lociStitched	chr14	91828614	91885530	11	41663	91799.8164	5	1
14_MACS_peak_14836_lociStitched	chr2	64318210	64372272	14	40647	61700.9606	6	1
11_MACS_peak_14455_lociStitched	chr2	37508628	37554167	11	39138	88628.0018	7	1
2_MACS_peak_15195_lociStitched	chr2	88889978	88928696	2	38648	85346.0874	8	1
8_MACS_peak_17479_lociStitched	chr21	19147414	19193148	8	35406	92661.6574	9	1
11_MACS_peak_24986_lociStitched	chr6	90035740	90086490	11	35142	83341.65	10	1
5_MACS_peak_1275_lociStitched	chr1	118147733	118187908	5	34324	47776.11	11	1
6_MACS_peak_15174_lociStitched	chr2	87781972	87823157	6	34305	88782.5045	12	1
7_MACS_peak_5514_lociStitched	chr12	9858415	9896524	7	34022	89476.1211	13	1
7_MACS_peak_23878_lociStitched	chr6	7880507	7919948	7	33789	53300.5674	14	1
10_MACS_peak_9802_lociStitched	chr15	93424186	93471193	10	33592	124074.9765	15	1
14_MACS_peak_20471_lociStitched	chr4	1900343	1944391	14	32634	37568.5392	16	1
9_MACS_peak_7002_lociStitched	chr12	123347384	123388254	9	31253	80407.638	17	1
4_MACS_peak_2833_lociStitched	chr1	244996250	245029169	4	30750	118873.8009	18	1
7_MACS_peak_26799_lociStitched	chr7	90337417	90381237	7	29962	117604.116	19	1
3_MACS_peak_25126_lociStitched	chr6	106530176	106560423	3	29525	100444.2376	20	1
4_MACS_peak_2050_lociStitched	chr1	184693058	184725669	4	28924	92311.9577	21	1
10_MACS_peak_18533_lociStitched	chr3	31571983	31617604	10	28810	41273.3187	22	1
7_MACS_peak_16137_lociStitched	chr2	197006897	197048545	7	28651	66099.5408	23	1
5_MACS_peak_23787_lociStitched	chr6	290261	331333	5	27033	68738.0992	24	1
3_MACS_peak_6708_lociStitched	chr12	104321117	104351934	3	26995	71738.8943	25	1
6_MACS_peak_26243_lociStitched	chr7	29694307	29726387	6	26881	47789.576	26	1
11_MACS_peak_27029_lociStitched	chr7	104643166	104691078	11	26572	103533.0408	27	1
3_MACS_peak_25778_lociStitched	chr6	159211667	159240953	3	26398	56106.1188	28	1
6_MACS_peak_18292_lociStitched	chr3	5222793	5251096	6	25989	70751.8394	29	1
9_MACS_peak_20220_lociStitched	chr3	183220045	183260693	9	25686	40440.6952	30	1
7_MACS_peak_22467_lociStitched	chr5	32571026	32609943	7	25311	57869.579	31	1
4_MACS_peak_15369_lociStitched	chr2	112184685	112212643	4	25241	59159.128	32	1
6_MACS_peak_5476_lociStitched	chr12	7045474	7081279	6	25066	53242.035	33	1
1_MACS_peak_27444_lociStitched	chr7	137662633	137687621	1	24989	49013.962	34	1
1_MACS_peak_23025_lociStitched	chr5	88162082	88186968	1	24887	128921.923	35	1
5_MACS_peak_14466_lociStitched	chr2	37559978	37593498	5	24375	50581.68	36	1
7_MACS_peak_8539_lociStitched	chr14	81967804	82001010	7	24274	79063.486	37	1
4_MACS_peak_8535_lociStitched	chr14	81930705	81961293	4	24221	36739.2468	38	1
3_MACS_peak_20859_lociStitched	chr4	40191428	40216605	3	24049	100778.4956	39	1
4_MACS_peak_1643_lociStitched	chr1	156447382	156475907	4	23649	85098.6325	40	1
8_MACS_peak_18866_lociStitched	chr3	52718154	52755822	8	23610	52234.2156	41	1
2_MACS_peak_22094_lociStitched	chr4	177038972	177062967	2	23544	93304.5575	42	1
5_MACS_peak_17343_lociStitched	chr20	57460001	57485861	5	23199	69643.566	43	1
4_MACS_peak_23792_lociStitched	chr6	388995	413327	4	23152	48707.7976	44	1
7_MACS_peak_1738_lociStitched	chr1	161122696	161157833	7	23068	82779.2583	45	1
3_MACS_peak_20044_lociStitched	chr3	171800804	171826865	3	22932	49023.3471	46	1
6_MACS_peak_7307_lociStitched	chr13	41542987	41570516	6	22817	40682.3562	47	1
9_MACS_peak_23089_lociStitched	chr5	95235577	95276788	9	22753	30533.2299	48	1
3_MACS_peak_1618_lociStitched	chr1	155929062	155954287	3	22738	76974.0875	49	1
5_MACS_peak_29453_lociStitched	chr9	37185205	37213586	5	22706	37315.3388	50	1
3_MACS_peak_21804_lociStitched	chr4	144256633	144284820	3	22675	60737.3476	51	1
9_MACS_peak_23013_lociStitched	chr5	88100395	88132965	9	22562	23408.059	52	1
4_MACS_peak_19933_lociStitched	chr3	160116096	160141167	4	22304	64979.0178	53	1
7_MACS_peak_17145_lociStitched	chr20	43587570	43622397	7	21283	48590.6304	54	1
3_MACS_peak_27147_lociStitched	chr7	114555877	114583755	3	21165	53422.6114	55	1
1_MACS_peak_1456_lociStitched	chr1	150532097	150553228	1	21132	134970.0363	56	1
8_MACS_peak_22442_lociStitched	chr5	32144825	32175760	8	20918	45718.8365	57	1
4_MACS_peak_29961_lociStitched	chr9	112903214	112925579	4	20912	32147.451	58	1
8_MACS_peak_8962_lociStitched	chr15	31630908	31660681	8	20899	27218.4766	59	1
5_MACS_peak_4583_lociStitched	chr11	65183822	65211408	5	20885	101968.8904	60	1
1_MACS_peak_14265_lociStitched	chr2	20405306	20426082	1	20777	40660.7096	61	1
3_MACS_peak_11322_lociStitched	chr17	29628230	29649562	3	20591	100855.5628	62	1
7_MACS_peak_23992_lociStitched	chr6	16469169	16495972	7	20523	43536.1129	63	1
6_MACS_peak_1575_lociStitched	chr1	154927032	154957515	6	20478	96338.4732	64	1
4_MACS_peak_28492_lociStitched	chr8	98654757	98677938	4	20458	56431.8264	65	1
2_MACS_peak_16221_lociStitched	chr2	201979438	202000258	2	20090	92563.638	66	1
7_MACS_peak_8839_lociStitched	chr14	106146167	106176756	7	20057	33598.9576	67	1
7_MACS_peak_27820_lociStitched	chr8	27231689	27264194	7	20054	19265.7135	68	1
8_MACS_peak_27436_lociStitched	chr7	137617234	137652732	8	19935	20397.1508	69	1
5_MACS_peak_26510_lociStitched	chr7	55616335	55642048	5	19927	32678.6517	70	1
4_MACS_peak_19372_lociStitched	chr3	112047433	112071303	4	19326	38664.626	71	1
5_MACS_peak_26213_lociStitched	chr7	26220793	26244407	5	19322	43471.0126	72	1
2_MACS_peak_15985_lociStitched	chr2	182320389	182340146	2	19296	34691.3163	73	1
1_MACS_peak_12659_lociStitched	chr18	52972794	52991954	1	19161	51450.348	74	1
3_MACS_peak_28213_lociStitched	chr8	71500366	71521138	3	19085	38147.778	75	1
4_MACS_peak_28809_lociStitched	chr8	126284444	126308633	4	18959	55431.5124	76	1
9_MACS_peak_8830_lociStitched	chr14	106025855	106055784	9	18873	31476.3293	77	1
4_MACS_peak_661_lociStitched	chr1	40838989	40863755	4	18720	53942.8246	78	1
5_MACS_peak_27163_lociStitched	chr7	115845784	115873686	5	18569	34698.9272	79	1
2_MACS_peak_5124_lociStitched	chr11	111229780	111251480	2	18450	49274.19	80	1
4_MACS_peak_23342_lociStitched	chr5	131745438	131767393	4	18436	31119.017	81	1
9_MACS_peak_20016_lociStitched	chr3	169863214	169900108	9	18433	33824.4192	82	1
1_MACS_peak_10546_lociStitched	chr16	56963708	56982075	1	18368	62844.5272	83	1
6_MACS_peak_9538_lociStitched	chr15	75069021	75092925	6	18299	32951.664	84	1
6_MACS_peak_13682_lociStitched	chr19	42037914	42067907	6	18246	35250.7729	85	1
4_MACS_peak_11645_lociStitched	chr17	46123830	46142553	4	18241	62257.7196	86	1
8_MACS_peak_18988_lociStitched	chr3	67040000	67069390	8	18166	52666.88	87	1
2_MACS_peak_21318_lociStitched	chr4	90211167	90229326	2	18114	38578.7955	88	1
3_MACS_peak_24869_lociStitched	chr6	79771836	79794543	3	18105	67308.0894	89	1
3_MACS_peak_11784_lociStitched	chr17	56405610	56430893	3	17988	49006.0389	90	1
4_MACS_peak_19596_lociStitched	chr3	128821329	128842995	4	17874	44449.9656	91	1
10_MACS_peak_22998_lociStitched	chr5	88023205	88045745	10	17843	16717.918	92	1
5_MACS_peak_16718_lociStitched	chr20	5567176	5592464	5	17766	32492.5512	93	1
2_MACS_peak_5935_lociStitched	chr12	46116154	46137729	2	17735	87417.585	94	1
7_MACS_peak_19385_lociStitched	chr3	112176776	112202566	7	17734	21787.392	95	1
5_MACS_peak_18402_lociStitched	chr3	15832751	15860606	5	17546	80105.409	96	1
2_MACS_peak_7259_lociStitched	chr13	35731316	35748859	2	17352	19932.3566	97	1
2_MACS_peak_3515_lociStitched	chr10	89621168	89642982	2	17257	30024.7896	98	1
3_MACS_peak_1457_lociStitched	chr1	150581656	150603597	3	17222	67540.9803	99	1
5_MACS_peak_14852_lociStitched	chr2	64430653	64456363	5	17197	51975.336	100	1
5_MACS_peak_4272_lociStitched	chr11	35182123	35206920	5	16934	34991.0467	101	1
3_MACS_peak_11597_lociStitched	chr17	44215237	44235511	3	16913	22530.4962	102	1
2_MACS_peak_14625_lociStitched	chr2	46788225	46805428	2	16895	32678.8188	103	1
7_MACS_peak_17665_lociStitched	chr21	36576925	36608166	7	16733	32362.5519	104	1
3_MACS_peak_7796_lociStitched	chr14	23018295	23040351	3	16601	32669.3472	105	1
1_MACS_peak_2731_lociStitched	chr1	234734237	234750812	1	16576	152634.2025	106	1
5_MACS_peak_22305_lociStitched	chr5	6711681	6740848	5	16576	33789.9695	107	1
3_MACS_peak_21149_lociStitched	chr4	77116037	77136416	3	16555	35604.1509	108	1
5_MACS_peak_9795_lociStitched	chr15	93346317	93377690	5	16518	56320.8096	109	1
3_MACS_peak_4035_lociStitched	chr11	10324002	10344971	3	16479	40725.9918	110	1
4_MACS_peak_16979_lociStitched	chr20	32987856	33008582	4	16447	18545.6248	111	1
4_MACS_peak_21415_lociStitched	chr4	103730424	103751140	4	16394	70355.6792	112	1
4_MACS_peak_28306_lociStitched	chr8	81046140	81064204	4	16231	27735.4656	113	1
3_MACS_peak_19224_lociStitched	chr3	98479772	98496995	3	16196	22641.3558	114	1
1_MACS_peak_11444_lociStitched	chr17	37922384	37938497	1	16114	34565.6076	115	1
2_MACS_peak_5265_lociStitched	chr11	122924992	122942258	2	15888	48242.9306	116	1
2_MACS_peak_17965_lociStitched	chr22	29183145	29199281	2	15660	38573.108	117	1
3_MACS_peak_4596_lociStitched	chr11	65335878	65358219	3	15635	40081.9881	118	1
5_MACS_peak_1548_lociStitched	chr1	154178207	154197706	5	15594	49880.3919	119	1
3_MACS_peak_1433_lociStitched	chr1	149810870	149833878	3	15551	82232.8928	120	1
8_MACS_peak_27365_lociStitched	chr7	130622873	130647376	8	15543	40552.465	121	1
4_MACS_peak_13309_lociStitched	chr19	15391103	15412445	4	15478	15959.5476	122	1
2_MACS_peak_21579_lociStitched	chr4	119741611	119758418	2	15448	51222.6939	123	1
6_MACS_peak_1770_lociStitched	chr1	161731403	161755043	6	15448	42644.196	124	1
4_MACS_peak_8099_lociStitched	chr14	50084818	50109234	4	15355	44295.5072	125	1
5_MACS_peak_4490_lociStitched	chr11	62305923	62328910	5	15331	25278.8039	126	1
3_MACS_peak_30623_lociStitched	chrX	45612669	45630233	3	15320	23330.2612	127	1
4_MACS_peak_7313_lociStitched	chr13	41576896	41594273	4	15298	26581.5969	128	1
3_MACS_peak_17284_lociStitched	chr20	52194812	52211838	3	15294	39061.0492	129	1
2_MACS_peak_15705_lociStitched	chr2	158285007	158302510	2	15263	59797.2492	130	1
5_MACS_peak_25448_lociStitched	chr6	135319979	135344045	5	15193	25466.6412	131	1
4_MACS_peak_7777_lociStitched	chr14	21723032	21738740	4	15192	47251.2348	132	1
4_MACS_peak_351_lociStitched	chr1	25869799	25890440	4	15126	19703.8986	133	1
2_MACS_peak_11226_lociStitched	chr17	20932588	20947738	2	15125	49852.59	134	1
2_MACS_peak_21790_lociStitched	chr4	141662723	141679336	2	15114	28743.8126	135	1
1_MACS_peak_11320_lociStitched	chr17	29575587	29590640	1	15054	103368.951	136	1
2_MACS_peak_6766_lociStitched	chr12	108951656	108970797	2	15052	48327.1968	137	1
3_MACS_peak_4791_lociStitched	chr11	74659109	74675482	3	15002	28161.56	138	1
4_MACS_peak_23999_lociStitched	chr6	16503351	16522423	4	14929	21467.4432	139	1
2_MACS_peak_7043_lociStitched	chr12	125394247	125413618	2	14840	76410.8466	140	1
4_MACS_peak_24531_lociStitched	chr6	44213415	44234049	4	14737	41358.7896	141	1
3_MACS_peak_21900_lociStitched	chr4	153443513	153460861	3	14716	31137.9252	142	1
8_MACS_peak_19504_lociStitched	chr3	121546597	121574557	8	14710	20514.252	143	1
6_MACS_peak_1072_lociStitched	chr1	93409194	93428985	6	14692	22605.2802	144	1
4_MACS_peak_21509_lociStitched	chr4	113191382	113210656	4	14578	29491.1474	145	1
5_MACS_peak_26400_lociStitched	chr7	44656501	44680652	5	14481	29601.8807	146	1
1_MACS_peak_6175_lociStitched	chr12	57105828	57120283	1	14456	27103.125	147	1
4_MACS_peak_1713_lociStitched	chr1	160641569	160660673	4	14428	18658.8768	148	1
7_MACS_peak_9067_lociStitched	chr15	40834877	40862680	7	14374	23574.1637	149	1
1_MACS_peak_5727_lociStitched	chr12	26266136	26280506	1	14371	61798.185	150	1
2_MACS_peak_6040_lociStitched	chr12	51312116	51327712	2	14322	26843.8352	151	1
7_MACS_peak_17780_lociStitched	chr21	45552674	45580337	7	14296	23311.6101	152	1
1_MACS_peak_5557_lociStitched	chr12	12866145	12880412	1	14268	119687.2897	153	1
1_MACS_peak_23501_lociStitched	chr5	142771704	142785943	1	14240	37763.2519	154	1
4_MACS_peak_361_lociStitched	chr1	26436951	26453761	4	14230	31454.872	155	1
3_MACS_peak_18317_lociStitched	chr3	9432998	9448217	3	14221	47477.1924	156	1
2_MACS_peak_2111_lociStitched	chr1	189118875	189135229	2	14143	57144.1468	157	1
3_MACS_peak_18530_lociStitched	chr3	31480103	31498413	3	14121	18231.267	158	1
6_MACS_peak_23349_lociStitched	chr5	131812328	131834326	6	14083	15761.567	159	1
4_MACS_peak_1614_lociStitched	chr1	155899904	155922647	4	14046	34248.6837	160	1
7_MACS_peak_16811_lociStitched	chr20	17639448	17663712	7	13910	17523.4608	161	1
3_MACS_peak_5971_lociStitched	chr12	48196279	48214681	3	13850	30287.8518	162	1
4_MACS_peak_28758_lociStitched	chr8	124037866	124055402	4	13804	36895.744	163	1
5_MACS_peak_2550_lociStitched	chr1	223899580	223922739	5	13780	19592.514	164	1
5_MACS_peak_6768_lociStitched	chr12	109010475	109031528	5	13731	22610.922	165	1
5_MACS_peak_24142_lociStitched	chr6	27088421	27115809	5	13710	33040.8832	166	1
3_MACS_peak_10102_lociStitched	chr16	11874456	11893017	3	13703	36427.8186	167	1
5_MACS_peak_24327_lociStitched	chr6	32934678	32952759	5	13667	84819.7791	168	1
4_MACS_peak_25803_lociStitched	chr6	160389273	160406503	4	13580	27121.743	169	1
2_MACS_peak_376_lociStitched	chr1	27018511	27033401	2	13565	55247.856	170	1
3_MACS_peak_6546_lociStitched	chr12	92525638	92541013	3	13477	31381.9125	171	1
1_MACS_peak_29452_lociStitched	chr9	37134887	37148344	1	13458	60047.8254	172	1
3_MACS_peak_16228_lociStitched	chr2	202047102	202063019	3	13447	17677.4202	173	1
2_MACS_peak_23347_lociStitched	chr5	131790239	131804030	2	13439	24859.6566	174	1
4_MACS_peak_20295_lociStitched	chr3	186703414	186721579	4	13435	26944.1445	175	1
5_MACS_peak_24295_lociStitched	chr6	31783347	31805763	5	13427	30732.336	176	1
4_MACS_peak_26503_lociStitched	chr7	55569235	55585583	4	13386	15875.5428	177	1
5_MACS_peak_14509_lociStitched	chr2	39626475	39652518	5	13267	17120.6682	178	1
2_MACS_peak_23256_lociStitched	chr5	118667670	118681591	2	13261	23217.4438	179	1
2_MACS_peak_13628_lociStitched	chr19	39888289	39903136	2	13253	48996.5847	180	1
3_MACS_peak_14200_lociStitched	chr2	11883910	11898357	3	13248	42375.9404	181	1
3_MACS_peak_8299_lociStitched	chr14	63936304	63952022	3	13200	23578.5718	182	1
1_MACS_peak_21439_lociStitched	chr4	105404393	105417577	1	13185	29612.5824	183	1
2_MACS_peak_4591_lociStitched	chr11	65263560	65278569	2	13151	66949.1454	184	1
1_MACS_peak_15980_lociStitched	chr2	182168227	182181268	1	13042	69202.0665	185	1
6_MACS_peak_2404_lociStitched	chr1	207979295	208000208	6	13011	54921.7206	186	1
2_MACS_peak_1717_lociStitched	chr1	160669754	160683931	2	12932	32534.7973	187	1
3_MACS_peak_6020_lociStitched	chr12	50134585	50151508	3	12896	35563.6845	188	1
9_MACS_peak_8742_lociStitched	chr14	100821139	100843791	9	12845	32222.47	189	1
1_MACS_peak_22104_lociStitched	chr4	177239640	177252375	1	12736	55188.396	190	1
6_MACS_peak_25610_lociStitched	chr6	144654873	144677626	6	12726	16839.4953	191	1
2_MACS_peak_633_lociStitched	chr1	40030159	40042841	2	12679	15554.473	192	1
1_MACS_peak_20275_lociStitched	chr3	185643892	185656547	1	12656	42500.552	193	1
4_MACS_peak_19190_lociStitched	chr3	96530801	96545857	4	12651	21677.6288	194	1
2_MACS_peak_11576_lociStitched	chr17	43297107	43313020	2	12594	43584.1157	195	1
4_MACS_peak_24102_lociStitched	chr6	26183924	26207283	4	12565	71508.9067	196	1
1_MACS_peak_7252_lociStitched	chr13	35514703	35527242	1	12540	27806.4864	197	1
3_MACS_peak_1559_lociStitched	chr1	154375422	154394465	3	12491	30015.5766	198	1
4_MACS_peak_3964_lociStitched	chr11	3874509	3893337	4	12469	21145.7268	199	1
5_MACS_peak_20836_lociStitched	chr4	39344951	39368882	5	12388	28272.0834	200	1
3_MACS_peak_19828_lociStitched	chr3	150316168	150329422	3	12354	21509.9166	201	1
1_MACS_peak_11881_lociStitched	chr17	62492328	62504669	1	12342	54531.1767	202	1
4_MACS_peak_8993_lociStitched	chr15	34617353	34635672	4	12301	31351.1366	203	1
4_MACS_peak_23030_lociStitched	chr5	88595839	88616777	4	12292	43134.3738	204	1
3_MACS_peak_22975_lociStitched	chr5	86408555	86423038	3	12242	48835.2277	205	1
3_MACS_peak_25486_lociStitched	chr6	137080814	137097336	3	12242	16670.698	206	1
3_MACS_peak_26472_lociStitched	chr7	50343612	50362120	3	12242	36153.5272	207	1
3_MACS_peak_1790_lociStitched	chr1	162530424	162549263	3	12234	29547.0876	208	1
3_MACS_peak_19366_lociStitched	chr3	111839063	111854631	3	12229	13656.2496	209	1
3_MACS_peak_4874_lociStitched	chr11	82772745	82790814	3	12215	30487.8237	210	1
4_MACS_peak_27978_lociStitched	chr8	42742137	42755552	4	12212	20750.322	211	1
5_MACS_peak_16235_lociStitched	chr2	202117024	202132677	5	12211	17016.3763	212	1
4_MACS_peak_13265_lociStitched	chr19	13943920	13959130	4	12157	54675.387	213	1
1_MACS_peak_12456_lociStitched	chr18	30339645	30351800	1	12156	17037.6635	214	1
3_MACS_peak_1720_lociStitched	chr1	160703314	160718321	3	12144	29472.2473	215	1
4_MACS_peak_11600_lociStitched	chr17	44252737	44272751	4	12130	34143.884	216	1
2_MACS_peak_19392_lociStitched	chr3	112207644	112220141	2	12106	26597.3651	217	1
5_MACS_peak_20047_lociStitched	chr3	171846731	171867479	5	12091	12243.3948	218	1
3_MACS_peak_25179_lociStitched	chr6	109187150	109207500	3	12075	22041.085	219	1
5_MACS_peak_21235_lociStitched	chr4	83273564	83296813	5	12058	26827.0211	220	1
3_MACS_peak_6172_lociStitched	chr12	57064525	57083896	3	12052	46302.5013	221	1
4_MACS_peak_2332_lociStitched	chr1	204366924	204382094	4	12031	51204.818	222	1
2_MACS_peak_30828_lociStitched	chrX	70751164	70764424	2	12025	24301.602	223	1
5_MACS_peak_29861_lociStitched	chr9	101982019	101999533	5	12006	34894.8936	224	1
2_MACS_peak_13244_lociStitched	chr19	13043341	13058483	2	11910	21259.368	225	1
2_MACS_peak_1651_lociStitched	chr1	156708940	156722645	2	11888	40289.959	226	1
1_MACS_peak_15173_lociStitched	chr2	87765002	87776886	1	11885	20849.2896	227	1
1_MACS_peak_2643_lociStitched	chr1	228268648	228280525	1	11878	54806.4165	228	1
6_MACS_peak_25169_lociStitched	chr6	108982793	108999435	6	11871	11612.7876	229	1
4_MACS_peak_5947_lociStitched	chr12	46754091	46767697	4	11863	23565.592	230	1
4_MACS_peak_5600_lociStitched	chr12	15101241	15116291	4	11852	15956.01	231	1
4_MACS_peak_1776_lociStitched	chr1	161761057	161778572	4	11847	13863.1225	232	1
4_MACS_peak_20124_lociStitched	chr3	176902407	176920412	4	11814	40244.776	233	1
4_MACS_peak_25182_lociStitched	chr6	109214305	109228751	4	11772	23113.6	234	1
2_MACS_peak_14560_lociStitched	chr2	43445081	43456841	2	11750	29514.072	235	1
2_MACS_peak_2311_lociStitched	chr1	203267334	203281277	2	11750	28209.4776	236	1
2_MACS_peak_23052_lociStitched	chr5	90667934	90681031	2	11746	60323.4723	237	1
5_MACS_peak_1658_lociStitched	chr1	157475133	157496680	5	11746	30497.6238	238	1
3_MACS_peak_1170_lociStitched	chr1	108952582	108967566	3	11731	17406.9128	239	1
3_MACS_peak_1363_lociStitched	chr1	145603950	145622548	3	11720	51252.3684	240	1
5_MACS_peak_28538_lociStitched	chr8	101948164	101966803	5	11709	39520.2717	241	1
3_MACS_peak_24017_lociStitched	chr6	16752252	16767199	3	11708	42969.6356	242	1
3_MACS_peak_11978_lociStitched	chr17	72744070	72756375	3	11690	12869.7995	243	1
4_MACS_peak_2338_lociStitched	chr1	204474982	204492101	4	11684	44317.6672	244	1
3_MACS_peak_2593_lociStitched	chr1	226172144	226188485	3	11683	30216.1431	245	1
5_MACS_peak_4089_lociStitched	chr11	16962194	16985157	5	11680	26352.3388	246	1
6_MACS_peak_12611_lociStitched	chr18	48707817	48725221	6	11679	28051.7672	247	1
5_MACS_peak_21895_lociStitched	chr4	153418528	153436680	5	11649	12699.1392	248	1
2_MACS_peak_16387_lociStitched	chr2	219081108	219096563	2	11647	21463.904	249	1
2_MACS_peak_12032_lociStitched	chr17	74257557	74269426	2	11626	38757.0326	250	1
2_MACS_peak_29719_lociStitched	chr9	91924298	91935982	2	11567	44954.19	251	1
4_MACS_peak_25211_lociStitched	chr6	111195029	111209111	4	11557	26020.7196	252	1
5_MACS_peak_19601_lociStitched	chr3	128891589	128908120	5	11544	25317.2265	253	1
2_MACS_peak_9269_lociStitched	chr15	55568099	55583440	2	11540	29598.9254	254	1
3_MACS_peak_5325_lociStitched	chr11	128585490	128600163	3	11516	17862.9102	255	1
4_MACS_peak_18729_lociStitched	chr3	46328640	46343235	4	11513	13706.1645	256	1
3_MACS_peak_23145_lociStitched	chr5	100174961	100194618	3	11510	15867.1304	257	1
2_MACS_peak_23195_lociStitched	chr5	109024201	109036720	2	11443	22111.0578	258	1
2_MACS_peak_1168_lociStitched	chr1	108812088	108826828	2	11402	17714.532	259	1
2_MACS_peak_2806_lociStitched	chr1	241790043	241805610	2	11358	31320.804	260	1
5_MACS_peak_7978_lociStitched	chr14	35750182	35771796	5	11347	19424.5018	261	1
4_MACS_peak_11811_lociStitched	chr17	57770836	57786386	4	11271	24167.81	262	1
3_MACS_peak_12597_lociStitched	chr18	47833547	47848413	3	11262	19459.594	263	1
2_MACS_peak_22215_lociStitched	chr4	186390104	186405342	2	11241	41195.933	264	1
3_MACS_peak_29459_lociStitched	chr9	37285190	37303329	3	11240	16716.9024	265	1
2_MACS_peak_22180_lociStitched	chr4	185560116	185571640	2	11214	24897.602	266	1
6_MACS_peak_28993_lociStitched	chr8	145007686	145027607	6	11204	20273.6017	267	1
4_MACS_peak_29369_lociStitched	chr9	33444993	33460922	4	11178	17685.9687	268	1
3_MACS_peak_25192_lociStitched	chr6	109403867	109417396	3	11160	25249.1727	269	1
2_MACS_peak_30101_lociStitched	chr9	127622291	127638368	2	11114	39715.0131	270	1
4_MACS_peak_18082_lociStitched	chr22	38782725	38795478	4	11102	12066.8886	271	1
3_MACS_peak_4869_lociStitched	chr11	82703949	82719983	3	11074	19183.0776	272	1
2_MACS_peak_20821_lociStitched	chr4	38664340	38677889	2	11035	15229.076	273	1
1_MACS_peak_21179_lociStitched	chr4	78732930	78743956	1	11027	53353.7114	274	1
1_MACS_peak_9282_lociStitched	chr15	56656480	56667505	1	11026	69918.345	275	1
5_MACS_peak_4543_lociStitched	chr11	63992881	64015103	5	11022	35004.0944	276	1
3_MACS_peak_19675_lociStitched	chr3	135904615	135917534	3	10990	30428.1207	277	1
4_MACS_peak_17135_lociStitched	chr20	43270555	43281876	4	10977	12545.9322	278	1
1_MACS_peak_15909_lociStitched	chr2	175453478	175464448	1	10971	43316.142	279	1
6_MACS_peak_8626_lociStitched	chr14	91781864	91801298	6	10946	15854.2572	280	1
4_MACS_peak_25471_lociStitched	chr6	136601799	136612767	4	10933	52019.0304	281	1
2_MACS_peak_19888_lociStitched	chr3	156261707	156273833	2	10929	14400.8376	282	1
6_MACS_peak_6097_lociStitched	chr12	53854673	53874595	6	10927	12903.4794	283	1
3_MACS_peak_9392_lociStitched	chr15	64443424	64459480	3	10910	14032.944	284	1
6_MACS_peak_16192_lociStitched	chr2	201234061	201250252	6	10895	12034.7703	285	1
2_MACS_peak_3207_lociStitched	chr10	43890212	43905524	2	10853	21867.0672	286	1
3_MACS_peak_24287_lociStitched	chr6	31694861	31708951	3	10836	37656.934	287	1
3_MACS_peak_2018_lociStitched	chr1	183438688	183452108	3	10832	38100.722	288	1
3_MACS_peak_18909_lociStitched	chr3	57568131	57585576	3	10799	31247.484	289	1
1_MACS_peak_12704_lociStitched	chr18	56806345	56817125	1	10781	38107.3	290	1
4_MACS_peak_10357_lociStitched	chr16	29815564	29834165	4	10776	25111.35	291	1
2_MACS_peak_1682_lociStitched	chr1	159035523	159048550	2	10763	41872.6861	292	1
3_MACS_peak_9251_lociStitched	chr15	52965050	52976842	3	10754	32958.64	293	1
3_MACS_peak_26093_lociStitched	chr7	18534381	18550177	3	10754	33503.316	294	1
3_MACS_peak_17020_lociStitched	chr20	34318782	34332965	3	10753	54069.8509	295	1
1_MACS_peak_17186_lociStitched	chr20	45976449	45987185	1	10737	27884.6128	296	1
2_MACS_peak_28820_lociStitched	chr8	126441141	126452928	2	10710	31156.5771	297	1
3_MACS_peak_15881_lociStitched	chr2	173459623	173473133	3	10706	16695.658	298	1
2_MACS_peak_28310_lociStitched	chr8	81073208	81084450	2	10679	22264.781	299	1
1_MACS_peak_30683_lociStitched	chrX	48767872	48778498	1	10627	18245.9046	300	1
1_MACS_peak_24084_lociStitched	chr6	25403281	25413900	1	10620	26439.1862	301	1
1_MACS_peak_1353_lociStitched	chr1	145434286	145444900	1	10615	32597.7168	302	1
7_MACS_peak_20346_lociStitched	chr3	192598758	192617911	7	10614	15722.6977	303	1
2_MACS_peak_25740_lociStitched	chr6	157166275	157179070	2	10605	23083.4595	304	1
3_MACS_peak_6973_lociStitched	chr12	122232184	122250588	3	10594	58924.0868	305	1
3_MACS_peak_26281_lociStitched	chr7	32767040	32780282	3	10577	12675.2424	306	1
1_MACS_peak_25243_lociStitched	chr6	113946450	113956986	1	10537	64322.28	307	1
4_MACS_peak_27889_lociStitched	chr8	33409967	33425261	4	10510	18521.034	308	1
3_MACS_peak_17912_lociStitched	chr22	23268949	23284145	3	10485	19061.8624	309	1
2_MACS_peak_25158_lociStitched	chr6	108878489	108889042	2	10470	36395.1864	310	1
3_MACS_peak_14329_lociStitched	chr2	25963110	25976854	3	10466	9927.2912	311	1
3_MACS_peak_5200_lociStitched	chr11	118266013	118281591	3	10454	22109.8554	312	1
1_MACS_peak_19901_lociStitched	chr3	156869402	156879847	1	10446	33745.706	313	1
3_MACS_peak_22464_lociStitched	chr5	32530831	32543588	3	10437	24786.851	314	1
6_MACS_peak_2264_lociStitched	chr1	200975483	200992939	6	10422	19812.56	315	1
2_MACS_peak_15915_lociStitched	chr2	175995126	176008165	2	10383	13672.6954	316	1
5_MACS_peak_30545_lociStitched	chrX	30578341	30596986	5	10365	18292.6095	317	1
4_MACS_peak_2603_lociStitched	chr1	226334872	226348855	4	10358	9871.998	318	1
2_MACS_peak_9642_lociStitched	chr15	81584684	81595075	2	10349	9574.2674	319	1
5_MACS_peak_9051_lociStitched	chr15	40387104	40401890	5	10323	22103.5914	320	1
3_MACS_peak_14654_lociStitched	chr2	48123671	48135440	3	10303	39429.6807	321	1
1_MACS_peak_11451_lociStitched	chr17	38014859	38025160	1	10302	74270.21	322	1
3_MACS_peak_28489_lociStitched	chr8	98634545	98645784	3	10300	23834.5473	323	1
1_MACS_peak_16508_lociStitched	chr2	231729490	231739772	1	10283	18296.819	324	1
3_MACS_peak_15374_lociStitched	chr2	112231183	112241822	3	10264	10376.2167	325	1
4_MACS_peak_21076_lociStitched	chr4	71521683	71534524	4	10256	11469.5812	326	1
4_MACS_peak_12931_lociStitched	chr19	1846431	1865387	4	10255	27762.9576	327	1
4_MACS_peak_29126_lociStitched	chr9	5757523	5777390	4	10245	10954.6638	328	1
3_MACS_peak_1280_lociStitched	chr1	118195694	118209629	3	10227	13224.315	329	1
3_MACS_peak_22157_lociStitched	chr4	185199070	185211058	3	10208	24136.6392	330	1
3_MACS_peak_12043_lociStitched	chr17	74721513	74735205	3	10152	36256.416	331	1
1_MACS_peak_24812_lociStitched	chr6	74224190	74234311	1	10122	51225.4173	332	1
1_MACS_peak_12055_lociStitched	chr17	75135839	75145960	1	10122	32797.1005	333	1
3_MACS_peak_30149_lociStitched	chr9	130532012	130549868	3	10110	36442.3104	334	1
4_MACS_peak_6632_lociStitched	chr12	96789489	96802392	4	10093	22217.6757	335	1
2_MACS_peak_28052_lociStitched	chr8	54925372	54935614	2	10065	40919.8626	336	1
5_MACS_peak_10945_lociStitched	chr17	1265859	1284429	5	10059	9621.117	337	1
3_MACS_peak_13607_lociStitched	chr19	39137563	39150583	3	10048	16051.056	338	1
3_MACS_peak_6826_lociStitched	chr12	111164574	111180999	3	10047	12391.02	339	1
6_MACS_peak_12740_lociStitched	chr18	60875229	60902968	6	10047	13558.8232	340	1
4_MACS_peak_30794_lociStitched	chrX	64914141	64927679	4	10017	8427.405	341	1
1_MACS_peak_28458_lociStitched	chr8	95952600	95962609	1	10010	30641.5526	342	1
3_MACS_peak_3739_lociStitched	chr10	111827571	111841359	3	9998	12610.5048	343	1
4_MACS_peak_4023_lociStitched	chr11	9586623	9600513	4	9994	15845.712	344	1
4_MACS_peak_16863_lociStitched	chr20	23329723	23347856	4	9982	26234.8244	345	1
3_MACS_peak_24092_lociStitched	chr6	26020075	26034534	3	9953	47208.635	346	1
4_MACS_peak_20040_lociStitched	chr3	171771591	171785137	4	9930	8765.6166	347	1
3_MACS_peak_28655_lociStitched	chr8	109480272	109494544	3	9930	16863.7952	348	1
3_MACS_peak_25040_lociStitched	chr6	96023158	96037384	3	9918	35730.0216	349	1
5_MACS_peak_28814_lociStitched	chr8	126339581	126355843	5	9909	11770.4356	350	1
3_MACS_peak_24412_lociStitched	chr6	36559798	36579374	3	9906	35493.2456	351	1
2_MACS_peak_29739_lociStitched	chr9	94173173	94187158	2	9890	37635.0335	352	1
2_MACS_peak_18893_lociStitched	chr3	53915077	53926934	2	9889	30553.1176	353	1
1_MACS_peak_11940_lociStitched	chr17	66449631	66459512	1	9882	40203.8128	354	1
2_MACS_peak_7984_lociStitched	chr14	35866505	35876425	2	9868	29465.376	355	1
4_MACS_peak_12914_lociStitched	chr19	1258282	1277278	4	9866	35830.2552	356	1
3_MACS_peak_7768_lociStitched	chr14	21565696	21579969	3	9849	31604.7039	357	1
3_MACS_peak_16822_lociStitched	chr20	17938148	17952835	3	9846	27990.4846	358	1
3_MACS_peak_15024_lociStitched	chr2	74425123	74440308	3	9841	19707.093	359	1
1_MACS_peak_5881_lociStitched	chr12	40007211	40017042	1	9832	65654.3673	360	1
2_MACS_peak_25791_lociStitched	chr6	159453937	159466887	2	9824	39980.535	361	1
4_MACS_peak_26978_lociStitched	chr7	101921948	101938968	4	9820	10838.336	362	1
2_MACS_peak_17609_lociStitched	chr21	34601410	34613519	2	9793	15715.0602	363	1
4_MACS_peak_1248_lociStitched	chr1	115237044	115251511	4	9793	9600.3012	364	1
2_MACS_peak_6512_lociStitched	chr12	89738244	89749256	2	9760	21687.0328	365	1
4_MACS_peak_298_lociStitched	chr1	23849266	23860558	4	9759	17131.0932	366	1
2_MACS_peak_14877_lociStitched	chr2	65156390	65167378	2	9738	19774.0048	367	1
3_MACS_peak_17246_lociStitched	chr20	49126035	49141056	3	9726	11729.8989	368	1
6_MACS_peak_30390_lociStitched	chrX	10072975	10091149	6	9710	11854.9002	369	1
6_MACS_peak_873_lociStitched	chr1	65412466	65432870	6	9708	12746.3788	370	1
3_MACS_peak_17327_lociStitched	chr20	55963965	55975445	3	9702	17722.824	371	1
2_MACS_peak_316_lociStitched	chr1	24281540	24293796	2	9676	30394.88	372	1
2_MACS_peak_16091_lociStitched	chr2	191533634	191545947	2	9665	15354.311	373	1
3_MACS_peak_19662_lociStitched	chr3	133290716	133305887	3	9660	36871.5984	374	1
2_MACS_peak_11695_lociStitched	chr17	48223845	48233959	2	9653	12756.7882	375	1
4_MACS_peak_28300_lociStitched	chr8	81003852	81017420	4	9652	12854.3232	376	1
1_MACS_peak_26051_lociStitched	chr7	14022075	14031723	1	9649	15668.352	377	1
1_MACS_peak_6194_lociStitched	chr12	57909117	57918762	1	9646	34008.27	378	1
1_MACS_peak_22794_lociStitched	chr5	68663298	68672940	1	9643	42055.5114	379	1
2_MACS_peak_2207_lociStitched	chr1	197738998	197748776	2	9630	45099.0694	380	1
3_MACS_peak_17256_lociStitched	chr20	49525965	49538820	3	9612	7536.8865	381	1
5_MACS_peak_30684_lociStitched	chrX	48790323	48804793	5	9583	21867.064	382	1
4_MACS_peak_13086_lociStitched	chr19	7400269	7415306	4	9572	11235.6464	383	1
2_MACS_peak_23325_lociStitched	chr5	130709607	130719968	2	9567	12922.2392	384	1
3_MACS_peak_14879_lociStitched	chr2	65214485	65226407	3	9547	16052.973	385	1
4_MACS_peak_342_lociStitched	chr1	25557919	25574837	4	9535	25711.9764	386	1
3_MACS_peak_1476_lociStitched	chr1	151019626	151032807	3	9527	19684.5054	387	1
1_MACS_peak_7391_lociStitched	chr13	49548989	49558512	1	9524	35933.1359	388	1
3_MACS_peak_1438_lociStitched	chr1	149898424	149912704	3	9519	25067.112	389	1
2_MACS_peak_24968_lociStitched	chr6	88403408	88413353	2	9518	22735.2645	390	1
2_MACS_peak_14966_lociStitched	chr2	70309906	70323273	2	9497	70037.7332	391	1
1_MACS_peak_12734_lociStitched	chr18	60821902	60831393	1	9492	62912.9917	392	1
3_MACS_peak_26507_lociStitched	chr7	55591076	55604278	3	9492	25543.2296	393	1
4_MACS_peak_28804_lociStitched	chr8	126229780	126250384	4	9488	18061.4664	394	1
1_MACS_peak_4428_lociStitched	chr11	58339462	58348948	1	9487	62418.8286	395	1
2_MACS_peak_29255_lociStitched	chr9	21985781	21996262	2	9471	37342.7549	396	1
1_MACS_peak_6697_lociStitched	chr12	102869787	102879253	1	9467	20865.9038	397	1
2_MACS_peak_14952_lociStitched	chr2	69601980	69615189	2	9467	27386.2197	398	1
1_MACS_peak_4270_lociStitched	chr11	35159966	35169419	1	9454	18145.9788	399	1
5_MACS_peak_24012_lociStitched	chr6	16730671	16743130	5	9434	9446.4138	400	1
3_MACS_peak_19369_lociStitched	chr3	112012169	112023102	3	9426	17397.6829	401	1
2_MACS_peak_30588_lociStitched	chrX	39954009	39966805	2	9417	14779.38	402	1
1_MACS_peak_264_lociStitched	chr1	21614641	21624030	1	9390	37304.3748	403	1
5_MACS_peak_6636_lociStitched	chr12	96883149	96901193	5	9359	16669.0472	404	1
2_MACS_peak_9152_lociStitched	chr15	45001780	45012377	2	9355	34637.3542	405	1
2_MACS_peak_1555_lociStitched	chr1	154296799	154307957	2	9337	48780.5444	406	1
1_MACS_peak_28208_lociStitched	chr8	71124894	71134225	1	9332	24047.8532	407	1
4_MACS_peak_22201_lociStitched	chr4	186225472	186240261	4	9318	9516.7215	408	1
4_MACS_peak_16906_lociStitched	chr20	30146873	30162138	4	9309	13553.7935	409	1
2_MACS_peak_24420_lociStitched	chr6	36717948	36727276	2	9307	14704.6592	410	1
2_MACS_peak_3325_lociStitched	chr10	65018367	65029910	2	9300	22717.7783	411	1
1_MACS_peak_5432_lociStitched	chr12	4377906	4387202	1	9297	31343.3232	412	1
1_MACS_peak_18837_lociStitched	chr3	51420799	51430091	1	9293	20803.8588	413	1
2_MACS_peak_6359_lociStitched	chr12	72078945	72089742	2	9290	16537.7649	414	1
2_MACS_peak_20645_lociStitched	chr4	17807048	17816857	2	9266	18489.965	415	1
2_MACS_peak_20930_lociStitched	chr4	48191496	48201476	2	9264	18882.16	416	1
1_MACS_peak_9278_lociStitched	chr15	55692411	55701665	1	9255	31901.3142	417	1
4_MACS_peak_13688_lociStitched	chr19	42363162	42380073	4	9253	14871.5334	418	1
3_MACS_peak_28201_lociStitched	chr8	71059928	71073699	3	9234	16899.7712	419	1
4_MACS_peak_24359_lociStitched	chr6	34202941	34217601	4	9212	19302.822	420	1
3_MACS_peak_8119_lociStitched	chr14	50570991	50584161	3	9200	24666.093	421	1
1_MACS_peak_2460_lociStitched	chr1	212779746	212788941	1	9196	27102.2625	422	1
1_MACS_peak_9293_lociStitched	chr15	57208955	57218145	1	9191	38402.253	423	1
2_MACS_peak_8957_lociStitched	chr15	31519642	31530206	2	9185	14340.63	424	1
3_MACS_peak_9366_lociStitched	chr15	63764946	63780325	3	9176	18344.0712	425	1
2_MACS_peak_30109_lociStitched	chr9	127995842	128005015	2	9149	25333.0741	426	1
4_MACS_peak_19012_lociStitched	chr3	69128640	69145741	4	9132	12815.4894	427	1
4_MACS_peak_5460_lociStitched	chr12	6711612	6725476	4	9125	9571.7056	428	1
5_MACS_peak_29908_lociStitched	chr9	108017003	108027229	5	9124	12323.3526	429	1
1_MACS_peak_25739_lociStitched	chr6	157097597	157106709	1	9113	30282.8208	430	1
3_MACS_peak_26841_lociStitched	chr7	92249765	92265449	3	9111	24344.7048	431	1
2_MACS_peak_6802_lociStitched	chr12	110718264	110728267	2	9094	25750.7229	432	1
2_MACS_peak_650_lociStitched	chr1	40521931	40531698	2	9083	8760.999	433	1
4_MACS_peak_18112_lociStitched	chr22	39911693	39929518	4	9063	16489.9075	434	1
3_MACS_peak_6167_lociStitched	chr12	57021937	57032296	3	9020	25245.9189	435	1
1_MACS_peak_1581_lociStitched	chr1	154971025	154980033	1	9009	45661.552	436	1
1_MACS_peak_19612_lociStitched	chr3	129027245	129036232	1	8988	16619.6591	437	1
3_MACS_peak_24079_lociStitched	chr6	25366671	25375939	3	8980	13318.116	438	1
1_MACS_peak_25503_lociStitched	chr6	138187132	138196090	1	8959	18021.7044	439	1
4_MACS_peak_385_lociStitched	chr1	27058780	27071911	4	8956	6807.1104	440	1
1_MACS_peak_22302_lociStitched	chr5	6478762	6487710	1	8949	18066.012	441	1
4_MACS_peak_16231_lociStitched	chr2	202084462	202101803	4	8941	9934.6589	442	1
4_MACS_peak_5090_lociStitched	chr11	108031271	108048097	4	8926	8532.4646	443	1
4_MACS_peak_18703_lociStitched	chr3	45695404	45710072	4	8922	8385.6956	444	1
2_MACS_peak_10608_lociStitched	chr16	66549670	66559920	2	8912	21535.25	445	1
3_MACS_peak_21160_lociStitched	chr4	77609296	77623534	3	8909	12841.2522	446	1
1_MACS_peak_30994_lociStitched	chrX	106953228	106962134	1	8907	23966.9366	447	1
4_MACS_peak_18734_lociStitched	chr3	46389536	46402346	4	8904	8331.624	448	1
3_MACS_peak_1970_lociStitched	chr1	179963905	179975777	3	8903	16708.6528	449	1
1_MACS_peak_14782_lociStitched	chr2	60776192	60785087	1	8896	20563.461	450	1
1_MACS_peak_4879_lociStitched	chr11	82866697	82875592	1	8896	36220.44	451	1
2_MACS_peak_10050_lociStitched	chr16	9184328	9194668	2	8889	25832.422	452	1
5_MACS_peak_22661_lociStitched	chr5	55437971	55452998	5	8869	10793.8941	453	1
2_MACS_peak_16712_lociStitched	chr20	5092328	5101297	2	8864	12088.4182	454	1
4_MACS_peak_4659_lociStitched	chr11	66873261	66890148	4	8856	19909.773	455	1
1_MACS_peak_7361_lociStitched	chr13	46268627	46277481	1	8855	33897.539	456	1
1_MACS_peak_7410_lociStitched	chr13	50648675	50657525	1	8851	20523.15	457	1
2_MACS_peak_11016_lociStitched	chr17	4842689	4854359	2	8847	19278.84	458	1
5_MACS_peak_8498_lociStitched	chr14	77488383	77507658	5	8844	17761.9125	459	1
2_MACS_peak_21080_lociStitched	chr4	71542656	71556008	2	8837	19172.1368	460	1
3_MACS_peak_24173_lociStitched	chr6	27791053	27808122	3	8834	32772.48	461	1
5_MACS_peak_20465_lociStitched	chr4	1871245	1882933	5	8824	17159.1528	462	1
3_MACS_peak_5698_lociStitched	chr12	25203787	25217339	3	8824	22471.9264	463	1
2_MACS_peak_17291_lociStitched	chr20	52268145	52278649	2	8822	13752.8872	464	1
3_MACS_peak_1545_lociStitched	chr1	154142561	154156487	3	8817	16367.2278	465	1
2_MACS_peak_5740_lociStitched	chr12	27088218	27097508	2	8814	30552.952	466	1
4_MACS_peak_13903_lociStitched	chr19	50423859	50437193	4	8802	28906.7786	467	1
2_MACS_peak_22311_lociStitched	chr5	7868349	7879445	2	8800	15807.3616	468	1
2_MACS_peak_27117_lociStitched	chr7	110961329	110970194	2	8798	20666.088	469	1
1_MACS_peak_27104_lociStitched	chr7	108208769	108217565	1	8797	37554.522	470	1
2_MACS_peak_14190_lociStitched	chr2	10941500	10953675	2	8796	19430.0825	471	1
2_MACS_peak_5167_lociStitched	chr11	115089560	115101422	2	8774	35772.2334	472	1
3_MACS_peak_426_lociStitched	chr1	28351249	28363351	3	8771	8536.7508	473	1
2_MACS_peak_15688_lociStitched	chr2	157188012	157200402	2	8771	45970.617	474	1
4_MACS_peak_12220_lociStitched	chr18	3246225	3262785	4	8769	15299.784	475	1
1_MACS_peak_15162_lociStitched	chr2	86842904	86851671	1	8768	31262.2453	476	1
1_MACS_peak_22687_lociStitched	chr5	56467234	56475999	1	8766	50875.566	477	1
2_MACS_peak_17441_lociStitched	chr21	15313972	15323884	2	8766	10240.0872	478	1
3_MACS_peak_24343_lociStitched	chr6	33279521	33292373	3	8754	26081.8488	479	1
3_MACS_peak_29358_lociStitched	chr9	33152803	33168493	3	8750	11318.766	480	1
1_MACS_peak_29601_lociStitched	chr9	74972815	74981562	1	8748	36762.7663	481	1
4_MACS_peak_17411_lociStitched	chr20	62358637	62372602	4	8745	9666.573	482	1
2_MACS_peak_16606_lociStitched	chr2	241498596	241508724	2	8744	18787.44	483	1
1_MACS_peak_23682_lociStitched	chr5	173314564	173323300	1	8737	11167.2288	484	1
4_MACS_peak_8366_lociStitched	chr14	69255331	69267852	4	8734	49872.3951	485	1
2_MACS_peak_19439_lociStitched	chr3	114856209	114867667	2	8714	24706.8854	486	1
2_MACS_peak_14623_lociStitched	chr2	46768616	46777383	2	8688	20293.8516	487	1
3_MACS_peak_28638_lociStitched	chr8	107669151	107683307	3	8682	20710.228	488	1
1_MACS_peak_2313_lociStitched	chr1	203289178	203297855	1	8678	27235.3676	489	1
3_MACS_peak_14169_lociStitched	chr2	9687324	9697179	3	8678	24642.4275	490	1
4_MACS_peak_20848_lociStitched	chr4	39709836	39722184	4	8674	9616.6224	491	1
2_MACS_peak_29554_lociStitched	chr9	70486870	70498052	2	8671	23647.6936	492	1
5_MACS_peak_22166_lociStitched	chr4	185330547	185349806	5	8662	10632.8939	493	1
3_MACS_peak_10113_lociStitched	chr16	12056710	12071261	3	8654	23476.5834	494	1
2_MACS_peak_27768_lociStitched	chr8	22297517	22306597	2	8646	24554.136	495	1
3_MACS_peak_24947_lociStitched	chr6	86379297	86396185	3	8643	14408.8416	496	1
3_MACS_peak_24669_lociStitched	chr6	56672399	56681249	3	8640	12703.29	497	1
4_MACS_peak_13843_lociStitched	chr19	48824415	48837689	4	8633	26297.1214	498	1
8_MACS_peak_429_lociStitched	chr1	28382517	28401169	8	8626	7222.0544	499	1
2_MACS_peak_17615_lociStitched	chr21	34696197	34705803	2	8623	16118.868	500	1
3_MACS_peak_1024_lociStitched	chr1	87793433	87803042	3	8621	16216.1484	501	1
3_MACS_peak_2383_lociStitched	chr1	206880968	206893673	3	8621	9687.5625	502	1
3_MACS_peak_1678_lociStitched	chr1	158978389	158988959	3	8619	22084.958	503	1
3_MACS_peak_6665_lociStitched	chr12	100660162	100671549	3	8615	20798.3555	504	1
3_MACS_peak_2045_lociStitched	chr1	184660763	184670529	3	8613	4318.5252	505	1
3_MACS_peak_29785_lociStitched	chr9	96928286	96941703	3	8599	24335.7546	506	1
1_MACS_peak_16523_lociStitched	chr2	232570546	232579135	1	8590	33709.2483	507	1
2_MACS_peak_16261_lociStitched	chr2	203240149	203252287	2	8571	19174.3986	508	1
3_MACS_peak_24334_lociStitched	chr6	33166749	33177094	3	8563	25404.2165	509	1
4_MACS_peak_20374_lociStitched	chr3	195264328	195277674	4	8562	14709.9612	510	1
2_MACS_peak_20877_lociStitched	chr4	40622305	40633824	2	8558	18447.6785	511	1
1_MACS_peak_18461_lociStitched	chr3	23846891	23855444	1	8554	41642.8464	512	1
3_MACS_peak_20248_lociStitched	chr3	184660043	184671971	3	8544	10900.9992	513	1
5_MACS_peak_12735_lociStitched	chr18	60842548	60860690	5	8530	21663.3622	514	1
1_MACS_peak_14738_lociStitched	chr2	55233146	55241665	1	8520	25523.7759	515	1
3_MACS_peak_8016_lociStitched	chr14	39734183	39746543	3	8508	42096.924	516	1
2_MACS_peak_1630_lociStitched	chr1	156120367	156129576	2	8491	9811.2686	517	1
2_MACS_peak_1691_lociStitched	chr1	159887280	159896176	2	8470	28171.8528	518	1
3_MACS_peak_5002_lociStitched	chr11	100548230	100560103	3	8470	11045.4519	519	1
5_MACS_peak_14915_lociStitched	chr2	68415735	68434176	5	8464	10561.1607	520	1
2_MACS_peak_22506_lociStitched	chr5	36234533	36243336	2	8454	26021.668	521	1
3_MACS_peak_16165_lociStitched	chr2	198290215	198301446	3	8446	23433.4815	522	1
2_MACS_peak_11670_lociStitched	chr17	46984779	46995235	2	8443	31758.0088	523	1
2_MACS_peak_29559_lociStitched	chr9	70848960	70860141	2	8438	23134.6071	524	1
4_MACS_peak_10662_lociStitched	chr16	68278563	68299896	4	8437	13559.2548	525	1
4_MACS_peak_11467_lociStitched	chr17	38470531	38484688	4	8431	13624.6968	526	1
4_MACS_peak_13764_lociStitched	chr19	45541724	45556169	4	8423	11610.891	527	1
2_MACS_peak_12014_lociStitched	chr17	73772793	73782906	2	8421	32123.9445	528	1
4_MACS_peak_2924_lociStitched	chr10	5931103	5939782	4	8419	9364.641	529	1
2_MACS_peak_20463_lociStitched	chr4	1848176	1859048	2	8407	7488.6336	530	1
2_MACS_peak_10376_lociStitched	chr16	30193335	30206254	2	8405	20412.02	531	1
1_MACS_peak_5818_lociStitched	chr12	31736703	31745105	1	8403	22176.2388	532	1
2_MACS_peak_13007_lociStitched	chr19	4058656	4067747	2	8399	22946.5931	533	1
2_MACS_peak_11269_lociStitched	chr17	27218517	27230176	2	8397	14941.0085	534	1
2_MACS_peak_5890_lociStitched	chr12	41154142	41166688	2	8380	18502.8408	535	1
3_MACS_peak_20615_lociStitched	chr4	14176594	14190053	3	8365	13624.5457	536	1
3_MACS_peak_22454_lociStitched	chr5	32274862	32284453	3	8358	18073.2804	537	1
1_MACS_peak_24516_lociStitched	chr6	43483524	43491880	1	8357	13062.9348	538	1
1_MACS_peak_19500_lociStitched	chr3	121509562	121517916	1	8355	14897.6882	539	1
1_MACS_peak_6649_lociStitched	chr12	98908038	98916391	1	8354	14732.1861	540	1
3_MACS_peak_8714_lociStitched	chr14	97345885	97358278	3	8352	23266.6182	541	1
5_MACS_peak_30422_lociStitched	chrX	13670681	13688222	5	8336	16751.655	542	1
1_MACS_peak_17179_lociStitched	chr20	45522649	45530983	1	8335	17929.7676	543	1
3_MACS_peak_22090_lociStitched	chr4	176976460	176987917	3	8324	15128.9685	544	1
2_MACS_peak_41_lociStitched	chr1	1706424	1714809	2	8318	18519.9495	545	1
3_MACS_peak_25197_lociStitched	chr6	109775638	109785547	3	8318	10191.4065	546	1
4_MACS_peak_6201_lociStitched	chr12	58135321	58150766	4	8308	15454.267	547	1
2_MACS_peak_24672_lociStitched	chr6	56697612	56709299	2	8304	23418.4106	548	1
2_MACS_peak_5211_lociStitched	chr11	118655631	118664174	2	8299	44028.0591	549	1
3_MACS_peak_17214_lociStitched	chr20	47883417	47896373	3	8296	13698.3788	550	1
3_MACS_peak_5250_lociStitched	chr11	120929104	120943141	3	8288	10647.0645	551	1
2_MACS_peak_15619_lociStitched	chr2	148044866	148057754	2	8286	10093.8816	552	1
2_MACS_peak_17657_lociStitched	chr21	36254914	36263361	2	8280	16178.5391	553	1
2_MACS_peak_16565_lociStitched	chr2	235396913	235406266	2	8272	8885.35	554	1
2_MACS_peak_11326_lociStitched	chr17	29693230	29702094	2	8246	12372.3712	555	1
3_MACS_peak_20305_lociStitched	chr3	186777310	186785895	3	8237	27122.5905	556	1
3_MACS_peak_15708_lociStitched	chr2	158323981	158337480	3	8220	23331.6716	557	1
3_MACS_peak_14495_lociStitched	chr2	38971692	38982270	3	8217	15474.5562	558	1
4_MACS_peak_4443_lociStitched	chr11	59316152	59334399	4	8210	11145.2676	559	1
2_MACS_peak_5945_lociStitched	chr12	46654868	46664456	2	8195	21147.2928	560	1
4_MACS_peak_22197_lociStitched	chr4	186176465	186188274	4	8174	7260.1732	561	1
3_MACS_peak_10244_lociStitched	chr16	22195414	22207901	3	8174	30636.8545	562	1
3_MACS_peak_18786_lociStitched	chr3	49055147	49067809	3	8170	25862.135	563	1
2_MACS_peak_20863_lociStitched	chr4	40302799	40312401	2	8160	11746.1266	564	1
2_MACS_peak_26763_lociStitched	chr7	86841669	86850455	2	8156	22929.7028	565	1
4_MACS_peak_27302_lociStitched	chr7	127290852	127300754	4	8156	19495.0576	566	1
1_MACS_peak_21399_lociStitched	chr4	102710572	102718713	1	8142	16344.6857	567	1
2_MACS_peak_22943_lociStitched	chr5	82348204	82356569	2	8139	10707.2	568	1
1_MACS_peak_12658_lociStitched	chr18	52930159	52938296	1	8138	13863.8206	569	1
2_MACS_peak_6051_lociStitched	chr12	51712128	51721563	2	8138	16544.2725	570	1
1_MACS_peak_4352_lociStitched	chr11	46136130	46144263	1	8134	18996.2481	571	1
4_MACS_peak_11001_lociStitched	chr17	4267925	4280797	4	8129	10490.68	572	1
2_MACS_peak_28030_lociStitched	chr8	52807266	52815849	2	8125	25193.6799	573	1
2_MACS_peak_29538_lociStitched	chr9	69259326	69270458	2	8125	22059.1712	574	1
5_MACS_peak_20055_lociStitched	chr3	171896081	171908480	5	8117	8395.3629	575	1
3_MACS_peak_20008_lociStitched	chr3	169755299	169765485	3	8114	7316.6038	576	1
1_MACS_peak_25125_lociStitched	chr6	106439634	106447743	1	8110	26605.629	577	1
2_MACS_peak_21419_lociStitched	chr4	103788185	103796759	2	8099	23089.782	578	1
5_MACS_peak_11085_lociStitched	chr17	8053984	8066897	5	8097	11905.786	579	1
4_MACS_peak_4751_lociStitched	chr11	72671383	72686129	4	8086	10956.278	580	1
4_MACS_peak_2260_lociStitched	chr1	200857338	200867929	4	8084	9413.2808	581	1
3_MACS_peak_14500_lociStitched	chr2	39315245	39328311	3	8084	12753.7226	582	1
3_MACS_peak_5322_lociStitched	chr11	128562476	128574998	3	8079	12389.2668	583	1
2_MACS_peak_584_lociStitched	chr1	37934602	37946201	2	8078	15967.1834	584	1
2_MACS_peak_18480_lociStitched	chr3	25821316	25832627	2	8072	17835.1848	585	1
3_MACS_peak_16093_lociStitched	chr2	191744326	191752661	3	8068	21333.4325	586	1
1_MACS_peak_23574_lociStitched	chr5	154133567	154141624	1	8058	14232.6905	587	1
2_MACS_peak_8166_lociStitched	chr14	53610701	53620967	2	8051	11704.2666	588	1
2_MACS_peak_12069_lociStitched	chr17	76116886	76128729	2	8043	10631.4611	589	1
3_MACS_peak_15874_lociStitched	chr2	173419416	173429429	3	8041	13798.9153	590	1
3_MACS_peak_11049_lociStitched	chr17	7137069	7147146	3	8037	14346.6249	591	1
3_MACS_peak_9531_lociStitched	chr15	74832228	74846188	3	8025	16717.1	592	1
2_MACS_peak_23421_lociStitched	chr5	138720148	138729105	2	8022	13064.6802	593	1
4_MACS_peak_26527_lociStitched	chr7	63764860	63782556	4	8018	13723.248	594	1
2_MACS_peak_2377_lociStitched	chr1	206729834	206738102	2	8001	14683.1412	595	1
2_MACS_peak_26172_lociStitched	chr7	23561963	23572427	2	7991	26126.5152	596	1
2_MACS_peak_2369_lociStitched	chr1	206282262	206292979	2	7991	32630.0499	597	1
4_MACS_peak_12143_lociStitched	chr17	79816599	79830562	4	7989	30428.1696	598	1
3_MACS_peak_5225_lociStitched	chr11	118963596	118979274	3	7985	23480.9406	599	1
1_MACS_peak_16162_lociStitched	chr2	198168309	198176289	1	7981	10995.642	600	1
2_MACS_peak_12132_lociStitched	chr17	79478461	79487547	2	7969	14956.4646	601	1
1_MACS_peak_28547_lociStitched	chr8	102211464	102219431	1	7968	33992.7989	602	1
1_MACS_peak_9732_lociStitched	chr15	89163986	89171940	1	7955	13901.2058	603	1
1_MACS_peak_11580_lociStitched	chr17	43387637	43395586	1	7950	20219.8713	604	1
2_MACS_peak_122_lociStitched	chr1	8931787	8940370	2	7950	13101.9495	605	1
2_MACS_peak_11686_lociStitched	chr17	47816231	47826866	2	7949	10009.662	606	1
3_MACS_peak_16578_lociStitched	chr2	238596376	238607295	3	7949	8560.496	607	1
2_MACS_peak_8959_lociStitched	chr15	31546920	31559833	2	7946	13908.5923	608	1
1_MACS_peak_9675_lociStitched	chr15	83473252	83481192	1	7941	26202	609	1
2_MACS_peak_18367_lociStitched	chr3	13367653	13377201	2	7938	10067.4112	610	1
2_MACS_peak_21809_lociStitched	chr4	144318663	144329051	2	7938	9779.2632	611	1
2_MACS_peak_19610_lociStitched	chr3	128994617	129003706	2	7919	23518.6964	612	1
4_MACS_peak_20269_lociStitched	chr3	185303011	185318833	4	7919	17432.6796	613	1
2_MACS_peak_8159_lociStitched	chr14	53187940	53198206	2	7918	10079.1588	614	1
1_MACS_peak_9762_lociStitched	chr15	90638601	90646512	1	7912	21141.3564	615	1
3_MACS_peak_6715_lociStitched	chr12	104850081	104862019	3	7898	12021.566	616	1
1_MACS_peak_14680_lociStitched	chr2	51101214	51109108	1	7895	19761.8396	617	1
3_MACS_peak_4481_lociStitched	chr11	61726427	61740962	3	7894	16892.577	618	1
3_MACS_peak_5384_lociStitched	chr12	1098775	1108796	3	7890	16345.2531	619	1
1_MACS_peak_3308_lociStitched	chr10	63804416	63812301	1	7886	24076.059	620	1
2_MACS_peak_6340_lociStitched	chr12	70635044	70643324	2	7868	20678.472	621	1
3_MACS_peak_23322_lociStitched	chr5	130598494	130612201	3	7865	10372.0869	622	1
2_MACS_peak_26204_lociStitched	chr7	26002989	26011591	2	7849	29189.1666	623	1
2_MACS_peak_6121_lociStitched	chr12	54671867	54679924	2	7847	29681.988	624	1
2_MACS_peak_28843_lociStitched	chr8	128746330	128754215	2	7843	11764.42	625	1
2_MACS_peak_20459_lociStitched	chr4	1712529	1725238	2	7841	12642.9132	626	1
1_MACS_peak_29123_lociStitched	chr9	5626269	5634100	1	7832	26103.8554	627	1
2_MACS_peak_19059_lociStitched	chr3	72862888	72872235	2	7832	10735.0295	628	1
2_MACS_peak_22499_lociStitched	chr5	36070874	36079908	2	7828	10020.5128	629	1
1_MACS_peak_13335_lociStitched	chr19	16434476	16442299	1	7824	24489.1192	630	1
1_MACS_peak_6592_lociStitched	chr12	94597520	94605341	1	7822	52831.6371	631	1
2_MACS_peak_4952_lociStitched	chr11	93467679	93475868	2	7820	25570.9714	632	1
2_MACS_peak_5009_lociStitched	chr11	100780364	100790215	2	7820	10514.9574	633	1
1_MACS_peak_24384_lociStitched	chr6	35265094	35272906	1	7813	10583.6976	634	1
2_MACS_peak_29053_lociStitched	chr9	175767	186864	2	7813	19678.3101	635	1
2_MACS_peak_4527_lociStitched	chr11	63448190	63458578	2	7805	17561.9528	636	1
3_MACS_peak_8320_lociStitched	chr14	64966249	64974973	3	7789	23738.004	637	1
1_MACS_peak_29265_lociStitched	chr9	22237716	22245499	1	7784	21859.3338	638	1
1_MACS_peak_14004_lociStitched	chr19	55763869	55771652	1	7784	19078.4679	639	1
4_MACS_peak_24255_lociStitched	chr6	30684030	30693801	4	7769	16299.0051	640	1
2_MACS_peak_30448_lociStitched	chrX	15865833	15875170	2	7767	10246.4238	641	1
3_MACS_peak_4572_lociStitched	chr11	64879271	64890935	3	7765	17805.096	642	1
4_MACS_peak_26276_lociStitched	chr7	32528852	32547097	4	7759	13535.9655	643	1
2_MACS_peak_14471_lociStitched	chr2	37598791	37607206	2	7756	22107.0465	644	1
1_MACS_peak_16169_lociStitched	chr2	198359954	198367708	1	7755	26561.327	645	1
4_MACS_peak_30014_lociStitched	chr9	117369935	117382438	4	7753	13131.9009	646	1
3_MACS_peak_22652_lociStitched	chr5	55282620	55291799	3	7752	22691.4059	647	1
2_MACS_peak_21907_lociStitched	chr4	153556712	153565751	2	7747	12946.5597	648	1
2_MACS_peak_15122_lociStitched	chr2	85195535	85204535	2	7740	24824.7	649	1
4_MACS_peak_20816_lociStitched	chr4	38307490	38322095	4	7740	10820.8445	650	1
3_MACS_peak_30872_lociStitched	chrX	77577858	77589642	3	7723	8110.9272	651	1
1_MACS_peak_1340_lociStitched	chr1	144926309	144934028	1	7720	14795.7792	652	1
2_MACS_peak_11263_lociStitched	chr17	27046243	27056570	2	7719	30903.5475	653	1
2_MACS_peak_6588_lociStitched	chr12	94541287	94553046	2	7714	10105.6846	654	1
4_MACS_peak_10462_lociStitched	chr16	46644912	46660941	4	7701	15014.3643	655	1
2_MACS_peak_19201_lociStitched	chr3	97539437	97550303	2	7698	8271.1992	656	1
2_MACS_peak_25705_lociStitched	chr6	152614034	152624138	2	7695	21525.5616	657	1
3_MACS_peak_2616_lociStitched	chr1	226589045	226600130	3	7671	28509.5115	658	1
3_MACS_peak_15412_lociStitched	chr2	114187643	114198580	3	7670	21672.7592	659	1
4_MACS_peak_19486_lociStitched	chr3	121261106	121271588	4	7669	11788.0572	660	1
3_MACS_peak_14639_lociStitched	chr2	47395098	47404775	3	7668	20331.377	661	1
4_MACS_peak_11068_lociStitched	chr17	7475223	7488344	4	7667	15421.1113	662	1
1_MACS_peak_30895_lociStitched	chrX	81376252	81383915	1	7664	14909.8991	663	1
2_MACS_peak_27587_lociStitched	chr7	152125710	152134611	2	7652	25756.8237	664	1
2_MACS_peak_23947_lociStitched	chr6	13298649	13307517	2	7646	17724.4716	665	1
4_MACS_peak_17571_lociStitched	chr21	30668519	30681130	4	7642	21412.2169	666	1
3_MACS_peak_30038_lociStitched	chr9	123630060	123641212	3	7640	12427.7888	667	1
4_MACS_peak_10828_lociStitched	chr16	81842335	81857389	4	7640	6890.2158	668	1
1_MACS_peak_29326_lociStitched	chr9	29789553	29797186	1	7634	35504.8995	669	1
1_MACS_peak_27931_lociStitched	chr8	38237124	38244748	1	7625	14211.136	670	1
3_MACS_peak_31072_lociStitched	chrX	118815934	118827596	3	7624	11734.3044	671	1
3_MACS_peak_29035_lociStitched	chr8	146010416	146018581	3	7612	17181.6095	672	1
1_MACS_peak_2568_lociStitched	chr1	224617067	224624677	1	7611	34425.357	673	1
1_MACS_peak_18699_lociStitched	chr3	45634652	45642260	1	7609	9646.944	674	1
2_MACS_peak_453_lociStitched	chr1	28826895	28837062	2	7602	8855.457	675	1
4_MACS_peak_14600_lociStitched	chr2	44934790	44950372	4	7596	10053.5064	676	1
1_MACS_peak_15150_lociStitched	chr2	86220674	86228263	1	7590	9950.6968	677	1
2_MACS_peak_15269_lociStitched	chr2	99116990	99125043	2	7578	7704.3051	678	1
3_MACS_peak_28297_lociStitched	chr8	80985477	80998287	3	7578	9702.294	679	1
1_MACS_peak_5070_lociStitched	chr11	106102743	106110317	1	7575	12361.5254	680	1
1_MACS_peak_25339_lociStitched	chr6	126067610	126075178	1	7569	28124.2016	681	1
2_MACS_peak_4899_lociStitched	chr11	85369273	85376971	2	7559	17378.235	682	1
2_MACS_peak_30177_lociStitched	chr9	131445399	131453862	2	7559	20960.3121	683	1
4_MACS_peak_20265_lociStitched	chr3	185263936	185277443	4	7556	16043.6146	684	1
3_MACS_peak_7940_lociStitched	chr14	32666558	32676352	3	7551	16592.9948	685	1
2_MACS_peak_26812_lociStitched	chr7	90558586	90568577	2	7546	10182.8272	686	1
2_MACS_peak_12193_lociStitched	chr18	803117	813573	2	7535	19473.2544	687	1
2_MACS_peak_11595_lociStitched	chr17	44195060	44203614	2	7532	6013.462	688	1
4_MACS_peak_28563_lociStitched	chr8	103540343	103549124	4	7532	12506.7783	689	1
2_MACS_peak_24253_lociStitched	chr6	30649429	30659220	2	7531	13028.8837	690	1
3_MACS_peak_19261_lociStitched	chr3	101394072	101406447	3	7527	21479.2875	691	1
2_MACS_peak_16131_lociStitched	chr2	196513235	196525662	2	7527	25653.0561	692	1
1_MACS_peak_18798_lociStitched	chr3	49446618	49454143	1	7526	21133.9625	693	1
2_MACS_peak_3760_lociStitched	chr10	112256772	112264943	2	7494	7813.9273	694	1
3_MACS_peak_9138_lociStitched	chr15	44588036	44602720	3	7492	13769.1868	695	1
3_MACS_peak_26253_lociStitched	chr7	30059579	30073246	3	7491	13016.4508	696	1
2_MACS_peak_2827_lociStitched	chr1	244568343	244578235	2	7490	12196.836	697	1
3_MACS_peak_2856_lociStitched	chr1	247367020	247380509	3	7485	13886.9255	698	1
4_MACS_peak_14941_lociStitched	chr2	68989196	69003653	4	7485	7709.9181	699	1
1_MACS_peak_2072_lociStitched	chr1	186372490	186379971	1	7482	15728.0544	700	1
1_MACS_peak_21803_lociStitched	chr4	144104831	144112311	1	7481	17527.884	701	1
2_MACS_peak_30161_lociStitched	chr9	130828843	130836883	2	7480	18537.828	702	1
2_MACS_peak_10198_lociStitched	chr16	18907537	18915065	2	7472	12940.632	703	1
4_MACS_peak_4117_lociStitched	chr11	18342698	18357647	4	7469	17080.7274	704	1
2_MACS_peak_21766_lociStitched	chr4	140215795	140225216	2	7468	19737.9371	705	1
4_MACS_peak_25455_lociStitched	chr6	135364878	135377024	4	7460	14134.3002	706	1
2_MACS_peak_2872_lociStitched	chr1	249112529	249121775	2	7457	23052.1272	707	1
2_MACS_peak_8115_lociStitched	chr14	50527082	50534761	2	7451	18133.9585	708	1
2_MACS_peak_2588_lociStitched	chr1	226062809	226071489	2	7443	12249.216	709	1
5_MACS_peak_31153_lociStitched	chrX	130946202	130965553	5	7443	12342.0678	710	1
1_MACS_peak_16754_lociStitched	chr20	9487758	9495189	1	7432	10912.4235	711	1
2_MACS_peak_21910_lociStitched	chr4	153580578	153588074	2	7430	9307.0336	712	1
2_MACS_peak_20038_lociStitched	chr3	171756770	171766077	2	7430	24126.5361	713	1
2_MACS_peak_14862_lociStitched	chr2	64749957	64762346	2	7425	24693.7548	714	1
2_MACS_peak_13338_lociStitched	chr19	16474969	16484413	2	7423	16817.8752	715	1
2_MACS_peak_24248_lociStitched	chr6	30579867	30587288	2	7420	39778.7863	716	1
3_MACS_peak_16257_lociStitched	chr2	203124056	203136177	3	7419	22960.8103	717	1
2_MACS_peak_9433_lociStitched	chr15	66789088	66798439	2	7413	26636.3235	718	1
2_MACS_peak_10409_lociStitched	chr16	30661206	30673015	2	7401	30430.6121	719	1
2_MACS_peak_23486_lociStitched	chr5	142430607	142438026	2	7400	13956.6228	720	1
3_MACS_peak_15116_lociStitched	chr2	85145966	85159439	3	7400	15242.0049	721	1
2_MACS_peak_25850_lociStitched	chr6	167363014	167373323	2	7398	10751.2561	722	1
4_MACS_peak_18657_lociStitched	chr3	43327437	43344331	4	7398	13763.5418	723	1
1_MACS_peak_25532_lociStitched	chr6	139690600	139697990	1	7391	20536.81	724	1
3_MACS_peak_1531_lociStitched	chr1	153813096	153828245	3	7387	10796.6923	725	1
2_MACS_peak_24053_lociStitched	chr6	21586858	21597587	2	7385	16825.2178	726	1
3_MACS_peak_26368_lociStitched	chr7	42968488	42977258	3	7381	13754.868	727	1
3_MACS_peak_15479_lociStitched	chr2	127413371	127424331	3	7379	9176.808	728	1
6_MACS_peak_12046_lociStitched	chr17	74773705	74788573	6	7379	8336.4876	729	1
1_MACS_peak_24883_lociStitched	chr6	80335593	80342967	1	7375	15097.5276	730	1
3_MACS_peak_23664_lociStitched	chr5	172191479	172205221	3	7372	14397.4934	731	1
3_MACS_peak_14448_lociStitched	chr2	37310300	37326920	3	7368	10314.372	732	1
2_MACS_peak_13327_lociStitched	chr19	16221747	16231568	2	7365	12649.448	733	1
4_MACS_peak_499_lociStitched	chr1	32393954	32404614	4	7359	10344.464	734	1
2_MACS_peak_21761_lociStitched	chr4	140128075	140137392	2	7358	9884.4053	735	1
3_MACS_peak_6927_lociStitched	chr12	120965943	120977702	3	7358	16095.7192	736	1
1_MACS_peak_29511_lociStitched	chr9	66454573	66461927	1	7355	41730.273	737	1
2_MACS_peak_18483_lociStitched	chr3	25903993	25915019	2	7354	13890.5548	738	1
2_MACS_peak_3952_lociStitched	chr11	3004280	3014356	2	7347	31641.6628	739	1
2_MACS_peak_1201_lociStitched	chr1	111173129	111181720	2	7341	7867.6378	740	1
1_MACS_peak_6623_lociStitched	chr12	96587233	96594566	1	7334	13162.735	741	1
2_MACS_peak_24519_lociStitched	chr6	43592692	43604434	2	7333	33970.7802	742	1
2_MACS_peak_22192_lociStitched	chr4	186123610	186133454	2	7322	14536.6348	743	1
2_MACS_peak_18365_lociStitched	chr3	13050814	13058660	2	7317	21115.1552	744	1
2_MACS_peak_6729_lociStitched	chr12	105379036	105387598	2	7308	13321.6158	745	1
3_MACS_peak_22577_lociStitched	chr5	43303421	43314770	3	7308	16418.5983	746	1
4_MACS_peak_21354_lociStitched	chr4	99209660	99219575	4	7300	10328.4555	747	1
2_MACS_peak_25116_lociStitched	chr6	105927715	105937713	2	7287	16039.7914	748	1
3_MACS_peak_15033_lociStitched	chr2	74681496	74693358	3	7285	18083.619	749	1
3_MACS_peak_7847_lociStitched	chr14	24604660	24617641	3	7282	17491.8975	750	1
1_MACS_peak_14423_lociStitched	chr2	33717296	33724575	1	7280	20876.8999	751	1
7_MACS_peak_378_lociStitched	chr1	27039192	27053550	7	7280	6037.539	752	1
1_MACS_peak_23149_lociStitched	chr5	100233174	100240446	1	7273	12934.7064	753	1
1_MACS_peak_19860_lociStitched	chr3	152877816	152885086	1	7271	11280.132	754	1
1_MACS_peak_11808_lociStitched	chr17	57694469	57701739	1	7271	31858.594	755	1
2_MACS_peak_30210_lociStitched	chr9	132646111	132653508	2	7270	24446.3453	756	1
2_MACS_peak_23989_lociStitched	chr6	16412868	16424152	2	7268	15078.8092	757	1
1_MACS_peak_8961_lociStitched	chr15	31615331	31622593	1	7263	25690.7774	758	1
1_MACS_peak_24524_lociStitched	chr6	43737160	43744419	1	7260	28399.3857	759	1
1_MACS_peak_10781_lociStitched	chr16	75680440	75687699	1	7260	22913.7594	760	1
3_MACS_peak_6668_lociStitched	chr12	100710223	100724483	3	7260	9355.986	761	1
3_MACS_peak_8308_lociStitched	chr14	64330324	64338120	3	7259	15732.328	762	1
1_MACS_peak_23635_lociStitched	chr5	162929949	162937206	1	7258	13983.5133	763	1
3_MACS_peak_24036_lociStitched	chr6	20200992	20213714	3	7258	11049.057	764	1
2_MACS_peak_3528_lociStitched	chr10	90143724	90152613	2	7244	11147.6949	765	1
2_MACS_peak_18707_lociStitched	chr3	45729618	45736940	2	7242	9167.144	766	1
1_MACS_peak_13610_lociStitched	chr19	39172908	39180145	1	7238	17224.7837	767	1
2_MACS_peak_1907_lociStitched	chr1	173831488	173839016	2	7229	15784.7104	768	1
4_MACS_peak_16354_lociStitched	chr2	215600995	215615499	4	7228	7643.608	769	1
2_MACS_peak_2091_lociStitched	chr1	186762357	186773411	2	7225	31867.5766	770	1
2_MACS_peak_29750_lociStitched	chr9	95052708	95061824	2	7214	15468.9404	771	1
1_MACS_peak_16374_lociStitched	chr2	216973380	216980592	1	7213	13067.4228	772	1
2_MACS_peak_22217_lociStitched	chr4	186506450	186514851	2	7213	23204.4021	773	1
4_MACS_peak_15933_lociStitched	chr2	178075395	178088637	4	7209	32354.1786	774	1
3_MACS_peak_6090_lociStitched	chr12	53764042	53776622	3	7208	21099.176	775	1
1_MACS_peak_26350_lociStitched	chr7	39987673	39994877	1	7205	38423.2544	776	1
3_MACS_peak_8063_lociStitched	chr14	45662969	45674751	3	7197	7468.6098	777	1
1_MACS_peak_27546_lociStitched	chr7	148719673	148726867	1	7195	12128.3646	778	1
1_MACS_peak_8108_lociStitched	chr14	50358236	50365430	1	7195	22430.892	779	1
1_MACS_peak_21284_lociStitched	chr4	87855094	87862282	1	7189	23097.9192	780	1
2_MACS_peak_19825_lociStitched	chr3	150258897	150266237	2	7185	24096.486	781	1
3_MACS_peak_22211_lociStitched	chr4	186333383	186347992	3	7184	24622.0086	782	1
2_MACS_peak_30597_lociStitched	chrX	40942819	40950731	2	7181	24490.0136	783	1
2_MACS_peak_26334_lociStitched	chr7	38397511	38408032	2	7175	6508.2906	784	1
2_MACS_peak_24042_lociStitched	chr6	20402000	20411129	2	7171	17409.003	785	1
2_MACS_peak_20632_lociStitched	chr4	15779383	15787653	2	7161	11361.326	786	1
2_MACS_peak_24517_lociStitched	chr6	43537777	43545779	2	7160	14674.8678	787	1
3_MACS_peak_24865_lociStitched	chr6	79747570	79756488	3	7159	7728.3388	788	1
3_MACS_peak_13546_lociStitched	chr19	36230891	36240279	3	7159	31403.7988	789	1
3_MACS_peak_28946_lociStitched	chr8	141600050	141608806	3	7158	19154.6256	790	1
2_MACS_peak_29587_lociStitched	chr9	73026125	73036436	2	7151	30464.8806	791	1
3_MACS_peak_26416_lociStitched	chr7	45033844	45047760	3	7150	17052.6664	792	1
3_MACS_peak_31263_lociStitched	chrX	153189259	153201247	3	7149	10930.6584	793	1
4_MACS_peak_10736_lociStitched	chr16	71875924	71888697	4	7148	11762.6557	794	1
2_MACS_peak_4009_lociStitched	chr11	8703255	8711369	2	7141	18250.0088	795	1
2_MACS_peak_11514_lociStitched	chr17	40729139	40740804	2	7137	9553.635	796	1
1_MACS_peak_19847_lociStitched	chr3	152048142	152055272	1	7131	10655.072	797	1
1_MACS_peak_16108_lociStitched	chr2	192539584	192546714	1	7131	22865.197	798	1
2_MACS_peak_14157_lociStitched	chr2	8818052	8826242	2	7126	10247.328	799	1
2_MACS_peak_30865_lociStitched	chrX	77147914	77156982	2	7126	17824.0608	800	1
2_MACS_peak_4259_lociStitched	chr11	34804258	34814313	2	7121	20714.3055	801	1
1_MACS_peak_6141_lociStitched	chr12	56319454	56326572	1	7119	14465.9114	802	1
2_MACS_peak_29225_lociStitched	chr9	20351989	20362746	2	7118	11389.5116	803	1
2_MACS_peak_22267_lociStitched	chr5	1312372	1320253	2	7117	13577.3868	804	1
1_MACS_peak_12746_lociStitched	chr18	60981498	60988605	1	7108	11535.3717	805	1
1_MACS_peak_27353_lociStitched	chr7	129586092	129593198	1	7107	55740.1746	806	1
7_MACS_peak_17825_lociStitched	chr22	17081507	17097962	7	7106	5349.5205	807	1
3_MACS_peak_11292_lociStitched	chr17	28492792	28501937	3	7100	5877.4915	808	1
2_MACS_peak_12973_lociStitched	chr19	2695012	2703390	2	7095	11606.0434	809	1
2_MACS_peak_793_lociStitched	chr1	53097052	53105085	2	7082	8574.4242	810	1
4_MACS_peak_6886_lociStitched	chr12	117348294	117364205	4	7082	6814.6813	811	1
2_MACS_peak_17273_lociStitched	chr20	50788342	50798345	2	7079	12994.8973	812	1
2_MACS_peak_15891_lociStitched	chr2	174822297	174831745	2	7077	22573.1616	813	1
3_MACS_peak_4460_lociStitched	chr11	60672502	60683942	3	7075	12065.768	814	1
1_MACS_peak_31266_lociStitched	chrX	153232492	153239562	1	7071	20923.665	815	1
4_MACS_peak_16967_lociStitched	chr20	32692964	32700945	4	7070	14135.1491	816	1
2_MACS_peak_26536_lociStitched	chr7	64458766	64467851	2	7060	10567.672	817	1
3_MACS_peak_2250_lociStitched	chr1	200588812	200598384	3	7057	13680.3024	818	1
3_MACS_peak_18543_lociStitched	chr3	31658668	31667011	3	7055	6114.5847	819	1
3_MACS_peak_27982_lociStitched	chr8	42872417	42880007	3	7042	9223.368	820	1
1_MACS_peak_2900_lociStitched	chr10	3821989	3829029	1	7041	26749.888	821	1
1_MACS_peak_1837_lociStitched	chr1	167296429	167303462	1	7034	9532.5282	822	1
3_MACS_peak_5956_lociStitched	chr12	46942609	46957284	3	7034	10439.795	823	1
2_MACS_peak_24120_lociStitched	chr6	26358642	26366911	2	7030	12835.1418	824	1
2_MACS_peak_25618_lociStitched	chr6	144903714	144911120	2	7026	16871.6086	825	1
1_MACS_peak_25733_lociStitched	chr6	156711442	156718465	1	7024	13769.2938	826	1
2_MACS_peak_18153_lociStitched	chr22	42142135	42152256	2	7023	7006.7683	827	1
2_MACS_peak_11683_lociStitched	chr17	47746920	47756057	2	7022	25982.8869	828	1
1_MACS_peak_13253_lociStitched	chr19	13260679	13267697	1	7019	26455.0528	829	1
2_MACS_peak_7564_lociStitched	chr13	79972806	79981461	2	7010	13447.2735	830	1
1_MACS_peak_23029_lociStitched	chr5	88563265	88570269	1	7005	13058.2576	831	1
2_MACS_peak_12310_lociStitched	chr18	12836643	12846190	2	7001	18129.753	832	1
4_MACS_peak_29026_lociStitched	chr8	145742691	145754940	4	6993	13004.7633	833	1
3_MACS_peak_10347_lociStitched	chr16	29603563	29614230	3	6992	9939.5106	834	1
1_MACS_peak_13811_lociStitched	chr19	47216396	47223380	1	6985	26128.5408	835	1
3_MACS_peak_1538_lociStitched	chr1	153929607	153941112	3	6984	23004.2475	836	1
1_MACS_peak_30604_lociStitched	chrX	41189924	41196903	1	6980	21422.7384	837	1
2_MACS_peak_14636_lociStitched	chr2	47204345	47215045	2	6980	15755.75	838	1
2_MACS_peak_9311_lociStitched	chr15	59216024	59227228	2	6978	21011.9816	839	1
2_MACS_peak_2276_lociStitched	chr1	201725218	201735993	2	6976	11798.625	840	1
4_MACS_peak_27816_lociStitched	chr8	27217264	27225494	4	6968	4809.612	841	1
2_MACS_peak_27453_lociStitched	chr7	138788043	138795561	2	6967	8880.2616	842	1
2_MACS_peak_27024_lociStitched	chr7	104579010	104586740	2	6966	30279.183	843	1
1_MACS_peak_442_lociStitched	chr1	28570196	28577141	1	6946	24543.63	844	1
4_MACS_peak_23930_lociStitched	chr6	11824850	11836266	4	6942	18803.2936	845	1
2_MACS_peak_29399_lociStitched	chr9	35066557	35073518	2	6941	16806.6384	846	1
2_MACS_peak_11460_lociStitched	chr17	38251565	38260539	2	6931	13701.5032	847	1
1_MACS_peak_18587_lociStitched	chr3	37029685	37036614	1	6930	25581.868	848	1
3_MACS_peak_28797_lociStitched	chr8	126162068	126172921	3	6930	21428.1632	849	1
1_MACS_peak_20229_lociStitched	chr3	183267352	183274279	1	6928	29583.1389	850	1
1_MACS_peak_13415_lociStitched	chr19	19173717	19180641	1	6925	13181.9112	851	1
1_MACS_peak_576_lociStitched	chr1	36849817	36856737	1	6921	32324.012	852	1
3_MACS_peak_3732_lociStitched	chr10	111648782	111656110	3	6913	5082.7008	853	1
2_MACS_peak_29773_lociStitched	chr9	96212083	96219555	2	6911	13988.3312	854	1
3_MACS_peak_9272_lociStitched	chr15	55659117	55669653	3	6911	7467.9168	855	1
4_MACS_peak_18284_lociStitched	chr3	5014662	5029306	4	6909	12611.4128	856	1
2_MACS_peak_26701_lociStitched	chr7	80399545	80406460	2	6907	6724.8375	857	1
2_MACS_peak_11763_lociStitched	chr17	54984988	54992396	2	6903	7290.9536	858	1
2_MACS_peak_1912_lociStitched	chr1	174186618	174196368	2	6901	10650.9	859	1
3_MACS_peak_13900_lociStitched	chr19	50369723	50382161	3	6898	41265.5526	860	1
4_MACS_peak_30855_lociStitched	chrX	75362684	75372103	4	6893	13349.5487	861	1
1_MACS_peak_335_lociStitched	chr1	25069640	25076529	1	6890	17905.1999	862	1
1_MACS_peak_237_lociStitched	chr1	17762623	17769510	1	6888	28866.8605	863	1
2_MACS_peak_24069_lociStitched	chr6	24714074	24722680	2	6885	38908.5866	864	1
2_MACS_peak_2577_lociStitched	chr1	225610350	225617357	2	6884	19027.5085	865	1
2_MACS_peak_4245_lociStitched	chr11	34104695	34111600	2	6881	7799.888	866	1
3_MACS_peak_6731_lociStitched	chr12	105418594	105431578	3	6881	9587.3856	867	1
3_MACS_peak_23830_lociStitched	chr6	4015834	4024362	3	6879	22966.7568	868	1
2_MACS_peak_6151_lociStitched	chr12	56544973	56555842	2	6874	17093.6763	869	1
2_MACS_peak_16391_lociStitched	chr2	219148635	219157782	2	6873	18647.0742	870	1
2_MACS_peak_22549_lociStitched	chr5	40678707	40690483	2	6865	9490.2784	871	1
2_MACS_peak_27082_lociStitched	chr7	106504637	106513616	2	6861	14496.5955	872	1
4_MACS_peak_21051_lociStitched	chr4	68409218	68425113	4	6860	10471.626	873	1
1_MACS_peak_7386_lociStitched	chr13	49100960	49107813	1	6854	12657.491	874	1
2_MACS_peak_1197_lociStitched	chr1	110879506	110887806	2	6853	13641.88	875	1
1_MACS_peak_25987_lociStitched	chr7	8007179	8014027	1	6849	13085.8432	876	1
1_MACS_peak_13869_lociStitched	chr19	49465180	49472027	1	6848	22557.4415	877	1
1_MACS_peak_1604_lociStitched	chr1	155528735	155535581	1	6847	36502.1874	878	1
3_MACS_peak_26413_lociStitched	chr7	45016667	45027056	3	6837	11146.3581	879	1
4_MACS_peak_6078_lociStitched	chr12	53592068	53603341	4	6831	6196.7681	880	1
2_MACS_peak_16200_lociStitched	chr2	201285158	201292223	2	6815	17100.8325	881	1
2_MACS_peak_4557_lociStitched	chr11	64538948	64547788	2	6811	19779.5	882	1
2_MACS_peak_1573_lociStitched	chr1	154908183	154917078	2	6811	44300.658	883	1
2_MACS_peak_26988_lociStitched	chr7	102065287	102075476	2	6800	17117.52	884	1
2_MACS_peak_8457_lociStitched	chr14	75301247	75308999	2	6798	11962.8864	885	1
3_MACS_peak_24129_lociStitched	chr6	26532100	26539587	3	6796	10981.9316	886	1
3_MACS_peak_27416_lociStitched	chr7	135655495	135666129	3	6793	11576.1724	887	1
2_MACS_peak_29810_lociStitched	chr9	99175074	99183516	2	6792	14972.7312	888	1
2_MACS_peak_26270_lociStitched	chr7	30668143	30675223	2	6789	6345.096	889	1
1_MACS_peak_320_lociStitched	chr1	24512274	24519059	1	6786	13443.799	890	1
2_MACS_peak_21855_lociStitched	chr4	147188555	147196185	2	6782	7663.572	891	1
4_MACS_peak_10271_lociStitched	chr16	23847446	23861100	4	6778	9283.3546	892	1
3_MACS_peak_6515_lociStitched	chr12	89855671	89869642	3	6773	8040.3105	893	1
2_MACS_peak_19910_lociStitched	chr3	158068113	158075871	2	6768	12781.305	894	1
3_MACS_peak_9338_lociStitched	chr15	60680897	60691170	3	6768	13213.1326	895	1
1_MACS_peak_23099_lociStitched	chr5	95291690	95298451	1	6762	17080.3143	896	1
2_MACS_peak_14088_lociStitched	chr19	59064711	59071580	2	6762	20966.9356	897	1
3_MACS_peak_20775_lociStitched	chr4	33578967	33587350	3	6762	7745.0537	898	1
1_MACS_peak_8525_lociStitched	chr14	81421130	81427881	1	6752	10755.6932	899	1
2_MACS_peak_4763_lociStitched	chr11	72862105	72869419	2	6750	9526.485	900	1
1_MACS_peak_9572_lociStitched	chr15	75742199	75748946	1	6748	41481.2307	901	1
1_MACS_peak_20919_lociStitched	chr4	46972559	46979303	1	6745	22444.032	902	1
1_MACS_peak_16930_lociStitched	chr20	30789919	30796663	1	6745	37265.9952	903	1
3_MACS_peak_30154_lociStitched	chr9	130672329	130680235	3	6737	20639.4036	904	1
4_MACS_peak_279_lociStitched	chr1	22374799	22387945	4	6737	18580.5564	905	1
1_MACS_peak_9788_lociStitched	chr15	92395404	92402130	1	6727	15512.8464	906	1
1_MACS_peak_22176_lociStitched	chr4	185390730	185397451	1	6722	23854.1732	907	1
2_MACS_peak_8529_lociStitched	chr14	81636042	81646648	2	6712	10237.9718	908	1
3_MACS_peak_25711_lociStitched	chr6	153296033	153306727	3	6707	14413.3732	909	1
2_MACS_peak_24349_lociStitched	chr6	33376874	33386979	2	6703	18932.728	910	1
1_MACS_peak_2275_lociStitched	chr1	201705020	201711721	1	6702	11887.574	911	1
1_MACS_peak_705_lociStitched	chr1	44295835	44302534	1	6700	7478.7636	912	1
4_MACS_peak_6986_lociStitched	chr12	122884238	122898821	4	6698	13420.7349	913	1
3_MACS_peak_11054_lociStitched	chr17	7209622	7219419	3	6695	20559.0045	914	1
1_MACS_peak_19319_lociStitched	chr3	107937121	107943809	1	6689	17675.7152	915	1
1_MACS_peak_27793_lociStitched	chr8	24151079	24157763	1	6685	11507.1744	916	1
1_MACS_peak_2062_lociStitched	chr1	185281326	185288010	1	6685	30407.5212	917	1
1_MACS_peak_11174_lociStitched	chr17	18085480	18092160	1	6681	21870.988	918	1
2_MACS_peak_19616_lociStitched	chr3	129153362	129160671	2	6674	8850.4681	919	1
2_MACS_peak_5587_lociStitched	chr12	14514740	14522835	2	6673	38851.9525	920	1
1_MACS_peak_22156_lociStitched	chr4	185184948	185191616	1	6669	17156.764	921	1
2_MACS_peak_24311_lociStitched	chr6	32156685	32164887	2	6668	20367.2064	922	1
1_MACS_peak_20875_lociStitched	chr4	40574195	40580859	1	6665	11256.8288	923	1
1_MACS_peak_4518_lociStitched	chr11	62619313	62625975	1	6663	12600.5068	924	1
2_MACS_peak_21614_lociStitched	chr4	122058397	122067075	2	6663	16513.3662	925	1
4_MACS_peak_15226_lociStitched	chr2	96866482	96875397	4	6663	8726.8935	926	1
2_MACS_peak_295_lociStitched	chr1	23664940	23671858	2	6662	15321.2946	927	1
2_MACS_peak_1206_lociStitched	chr1	111413658	111423664	2	6660	9818.8878	928	1
2_MACS_peak_15353_lociStitched	chr2	111429921	111437274	2	6658	14108.9364	929	1
4_MACS_peak_3767_lociStitched	chr10	112620089	112633420	4	6654	8333.2081	930	1
3_MACS_peak_9388_lociStitched	chr15	64381559	64389429	3	6653	12438.535	931	1
3_MACS_peak_25225_lociStitched	chr6	111798173	111806578	3	6650	24625.8095	932	1
1_MACS_peak_25131_lociStitched	chr6	106610079	106616725	1	6647	22019.5272	933	1
2_MACS_peak_9733_lociStitched	chr15	89177306	89184750	2	6646	18243.0108	934	1
2_MACS_peak_231_lociStitched	chr1	17221370	17232745	2	6645	71163.1375	935	1
2_MACS_peak_17909_lociStitched	chr22	23241721	23249202	2	6644	14290.9543	936	1
2_MACS_peak_13824_lociStitched	chr19	47728405	47735149	2	6641	17317.9176	937	1
2_MACS_peak_28522_lociStitched	chr8	101317813	101326482	2	6636	23310.0741	938	1
3_MACS_peak_5786_lociStitched	chr12	29300921	29308573	3	6634	8061.382	939	1
1_MACS_peak_23034_lociStitched	chr5	88634914	88641546	1	6633	18836.2064	940	1
3_MACS_peak_18002_lociStitched	chr22	31884282	31893371	3	6631	8952.665	941	1
3_MACS_peak_24880_lociStitched	chr6	80315321	80326279	3	6630	7397.7458	942	1
2_MACS_peak_8112_lociStitched	chr14	50465537	50476417	2	6629	23516.032	943	1
1_MACS_peak_13346_lociStitched	chr19	16693874	16700496	1	6623	23195.5416	944	1
3_MACS_peak_16885_lociStitched	chr20	25268906	25280844	3	6622	6457.2642	945	1
1_MACS_peak_27100_lociStitched	chr7	107964050	107970670	1	6621	10607.226	946	1
2_MACS_peak_10439_lociStitched	chr16	31884771	31892217	2	6600	11024.5476	947	1
4_MACS_peak_3973_lociStitched	chr11	3967261	3978059	4	6596	5982.092	948	1
2_MACS_peak_30012_lociStitched	chr9	117349183	117355912	2	6588	12316.7616	949	1
3_MACS_peak_5951_lociStitched	chr12	46776367	46785392	3	6588	12763.155	950	1
1_MACS_peak_9875_lociStitched	chr15	101458231	101464816	1	6586	11141.82	951	1
3_MACS_peak_24113_lociStitched	chr6	26301151	26314450	3	6585	9004.7529	952	1
1_MACS_peak_2966_lociStitched	chr10	11216502	11223085	1	6584	11453.1034	953	1
3_MACS_peak_20841_lociStitched	chr4	39458124	39471948	3	6583	17221.9392	954	1
3_MACS_peak_26267_lociStitched	chr7	30633218	30640631	3	6573	24815.0175	955	1
2_MACS_peak_25888_lociStitched	chr7	870102	876743	2	6563	21645.6754	956	1
1_MACS_peak_16088_lociStitched	chr2	191329042	191335603	1	6562	8106.7716	957	1
2_MACS_peak_11442_lociStitched	chr17	37909515	37916269	2	6558	17280.109	958	1
2_MACS_peak_8106_lociStitched	chr14	50328005	50336342	2	6551	21752.9004	959	1
2_MACS_peak_22084_lociStitched	chr4	175846439	175855002	2	6542	10184.8322	960	1
3_MACS_peak_28225_lociStitched	chr8	72165422	72177158	3	6539	15268.536	961	1
2_MACS_peak_12266_lociStitched	chr18	9135181	9144552	2	6526	19589.1384	962	1
3_MACS_peak_19038_lociStitched	chr3	71492449	71504267	3	6517	7572.9744	963	1
1_MACS_peak_1725_lociStitched	chr1	160764909	160771421	1	6513	7535.0352	964	1
2_MACS_peak_20548_lociStitched	chr4	6987740	6996446	2	6509	9813.4032	965	1
2_MACS_peak_2608_lociStitched	chr1	226368633	226375351	2	6505	14442.3564	966	1
3_MACS_peak_19999_lociStitched	chr3	169481856	169492916	3	6504	24301.032	967	1
1_MACS_peak_16010_lociStitched	chr2	185461742	185468236	1	6495	10930.7008	968	1
1_MACS_peak_16180_lociStitched	chr2	198867910	198874399	1	6490	18526.7439	969	1
2_MACS_peak_12073_lociStitched	chr17	76163953	76170963	2	6487	16310.868	970	1
1_MACS_peak_17755_lociStitched	chr21	44580741	44587224	1	6484	10390.9524	971	1
3_MACS_peak_29365_lociStitched	chr9	33286749	33298653	3	6482	24807.936	972	1
2_MACS_peak_17141_lociStitched	chr20	43513451	43521403	2	6481	10194.464	973	1
2_MACS_peak_11791_lociStitched	chr17	56590057	56597304	2	6480	11755.3587	974	1
3_MACS_peak_10875_lociStitched	chr16	87416320	87427478	3	6478	10973.893	975	1
1_MACS_peak_14733_lociStitched	chr2	54982089	54988559	1	6471	13816.685	976	1
3_MACS_peak_14503_lociStitched	chr2	39345853	39356825	3	6470	12025.312	977	1
4_MACS_peak_893_lociStitched	chr1	66798933	66808051	4	6469	4891.807	978	1
4_MACS_peak_3487_lociStitched	chr10	83625846	83636834	4	6466	5347.8596	979	1
2_MACS_peak_15855_lociStitched	chr2	172174658	172182227	2	6464	7092.9099	980	1
3_MACS_peak_9219_lociStitched	chr15	51168880	51178291	3	6459	15052.8945	981	1
3_MACS_peak_8435_lociStitched	chr14	74235406	74243067	3	6457	10638.0646	982	1
3_MACS_peak_5489_lociStitched	chr12	8233307	8241953	3	6457	16122.1962	983	1
3_MACS_peak_23620_lociStitched	chr5	160169452	160176915	3	6446	4115.0982	984	1
4_MACS_peak_23405_lociStitched	chr5	137900427	137912095	4	6445	18128.5716	985	1
2_MACS_peak_14961_lociStitched	chr2	70138839	70145930	2	6442	12133.4101	986	1
1_MACS_peak_28178_lociStitched	chr8	67972682	67979118	1	6437	27889.1188	987	1
1_MACS_peak_29660_lociStitched	chr9	82770024	82776458	1	6435	12121.0126	988	1
2_MACS_peak_953_lociStitched	chr1	76249840	76257030	2	6434	9487.924	989	1
1_MACS_peak_29564_lociStitched	chr9	71251051	71257479	1	6429	12015.8604	990	1
1_MACS_peak_13238_lociStitched	chr19	12899043	12905467	1	6425	29326.8448	991	1
2_MACS_peak_11999_lociStitched	chr17	73284239	73294880	2	6425	17514.0219	992	1
1_MACS_peak_2656_lociStitched	chr1	228673632	228680045	1	6414	48495.106	993	1
3_MACS_peak_16990_lociStitched	chr20	33099655	33111611	3	6414	12415.1104	994	1
2_MACS_peak_23385_lociStitched	chr5	133978127	133986656	2	6412	14965.8363	995	1
1_MACS_peak_16212_lociStitched	chr2	201723813	201730223	1	6411	39984.298	996	1
2_MACS_peak_5353_lociStitched	chr11	130697296	130705701	2	6406	13300.9125	997	1
2_MACS_peak_7668_lociStitched	chr13	103243835	103252371	2	6403	8267.116	998	1
3_MACS_peak_13182_lociStitched	chr19	11070551	11080262	3	6400	11116.1817	999	1
1_MACS_peak_19823_lociStitched	chr3	150124864	150131260	1	6397	22278.5472	1000	1
1_MACS_peak_8699_lociStitched	chr14	95980875	95987271	1	6397	12944.2248	1001	1
2_MACS_peak_25843_lociStitched	chr6	166787824	166797892	2	6395	19606.4232	1002	1
1_MACS_peak_26840_lociStitched	chr7	92238090	92244483	1	6394	16529.1015	1003	1
1_MACS_peak_11519_lociStitched	chr17	40825751	40832142	1	6392	16203.7414	1004	1
2_MACS_peak_13737_lociStitched	chr19	44281215	44289813	2	6392	9606.5454	1005	1
2_MACS_peak_2597_lociStitched	chr1	226248995	226255475	2	6390	43908.48	1006	1
2_MACS_peak_14926_lociStitched	chr2	68471000	68480766	2	6390	19860.1376	1007	1
2_MACS_peak_6304_lociStitched	chr12	68381683	68392843	2	6390	12382.02	1008	1
2_MACS_peak_13813_lociStitched	chr19	47285668	47292078	2	6388	26282.282	1009	1
2_MACS_peak_12841_lociStitched	chr18	72162532	72169177	2	6385	19728.3405	1010	1
2_MACS_peak_12639_lociStitched	chr18	51707735	51715163	2	6385	5680.9344	1011	1
2_MACS_peak_18700_lociStitched	chr3	45650352	45657179	2	6379	7617.5666	1012	1
2_MACS_peak_13864_lociStitched	chr19	49375011	49384449	2	6374	46077.2598	1013	1
1_MACS_peak_7255_lociStitched	chr13	35630281	35636653	1	6373	7994.9484	1014	1
2_MACS_peak_16174_lociStitched	chr2	198569125	198576136	2	6373	6702.516	1015	1
4_MACS_peak_14152_lociStitched	chr2	8654497	8666871	4	6364	6029.8502	1016	1
3_MACS_peak_12206_lociStitched	chr18	2635923	2642566	3	6357	8847.8117	1017	1
2_MACS_peak_26194_lociStitched	chr7	25156692	25166033	2	6354	15481.7734	1018	1
1_MACS_peak_7214_lociStitched	chr13	31189327	31195678	1	6352	16994.0058	1019	1
1_MACS_peak_22675_lociStitched	chr5	56109548	56115897	1	6350	17968.9398	1020	1
3_MACS_peak_25938_lociStitched	chr7	6046992	6057038	3	6350	10091.207	1021	1
1_MACS_peak_5512_lociStitched	chr12	9799274	9805617	1	6344	15640.5694	1022	1
2_MACS_peak_7752_lociStitched	chr14	20921648	20930718	2	6338	27128.37	1023	1
4_MACS_peak_7011_lociStitched	chr12	123410266	123423022	4	6334	6566.7888	1024	1
3_MACS_peak_23560_lociStitched	chr5	151149839	151159513	3	6332	8010.072	1025	1
2_MACS_peak_4709_lociStitched	chr11	68605553	68612001	2	6330	10015.6784	1026	1
1_MACS_peak_7057_lociStitched	chr12	127252677	127259004	1	6328	30917.5182	1027	1
1_MACS_peak_15747_lociStitched	chr2	161221737	161228063	1	6327	6641.0348	1028	1
1_MACS_peak_9470_lociStitched	chr15	68568863	68575184	1	6322	16329.6714	1029	1
3_MACS_peak_16987_lociStitched	chr20	33056922	33065221	3	6321	4588.5171	1030	1
1_MACS_peak_1204_lociStitched	chr1	111210856	111217170	1	6315	6624.0174	1031	1
3_MACS_peak_19878_lociStitched	chr3	155563333	155578086	3	6311	14393.0268	1032	1
1_MACS_peak_4314_lociStitched	chr11	41327468	41333776	1	6309	18831.2724	1033	1
1_MACS_peak_1274_lociStitched	chr1	117908487	117914793	1	6307	11534.9352	1034	1
2_MACS_peak_10912_lociStitched	chr16	89551042	89558149	2	6306	16037.6562	1035	1
3_MACS_peak_13018_lociStitched	chr19	4393297	4404053	3	6301	14160.274	1036	1
1_MACS_peak_832_lociStitched	chr1	59245243	59251541	1	6299	10649.918	1037	1
1_MACS_peak_20624_lociStitched	chr4	15002537	15008832	1	6296	25444.39	1038	1
1_MACS_peak_15151_lociStitched	chr2	86261151	86267444	1	6294	12394.6928	1039	1
2_MACS_peak_25482_lociStitched	chr6	137036059	137042481	2	6292	8319.0588	1040	1
2_MACS_peak_11092_lociStitched	chr17	8088893	8096378	2	6292	5819.5875	1041	1
4_MACS_peak_17108_lociStitched	chr20	42308700	42320899	4	6289	18737.664	1042	1
3_MACS_peak_2781_lociStitched	chr1	238395244	238407042	3	6284	15792.8028	1043	1
1_MACS_peak_30244_lociStitched	chr9	135224824	135231104	1	6281	9224.692	1044	1
2_MACS_peak_12579_lociStitched	chr18	47012316	47019152	2	6280	11702.5484	1045	1
3_MACS_peak_12988_lociStitched	chr19	3176687	3186948	3	6278	10882.8166	1046	1
1_MACS_peak_1566_lociStitched	chr1	154576047	154582321	1	6275	17428.5446	1047	1
3_MACS_peak_18054_lociStitched	chr22	37614543	37627540	3	6262	6593.3781	1048	1
2_MACS_peak_29683_lociStitched	chr9	86590576	86596949	2	6258	31500.4644	1049	1
3_MACS_peak_1963_lociStitched	chr1	179845865	179854030	3	6257	31536.496	1050	1
2_MACS_peak_625_lociStitched	chr1	39733153	39739419	2	6255	5244.642	1051	1
2_MACS_peak_21807_lociStitched	chr4	144296467	144304334	2	6252	11633.7196	1052	1
2_MACS_peak_19834_lociStitched	chr3	150475587	150482652	2	6240	19356.687	1053	1
3_MACS_peak_9558_lociStitched	chr15	75331284	75340680	3	6239	8482.7088	1054	1
2_MACS_peak_19656_lociStitched	chr3	133192523	133199678	2	6231	10245.96	1055	1
2_MACS_peak_3742_lociStitched	chr10	111967096	111974571	2	6222	17095.325	1056	1
4_MACS_peak_5299_lociStitched	chr11	126173082	126183731	4	6221	6823.8792	1057	1
3_MACS_peak_27210_lociStitched	chr7	120034562	120044886	3	6219	10879.4312	1058	1
2_MACS_peak_24878_lociStitched	chr6	80246057	80256543	2	6217	22310.0136	1059	1
1_MACS_peak_7301_lociStitched	chr13	41235705	41241919	1	6215	14827.8468	1060	1
2_MACS_peak_25910_lociStitched	chr7	2438931	2447287	2	6211	12192.2396	1061	1
3_MACS_peak_11445_lociStitched	chr17	37948351	37958165	3	6207	5465.4166	1062	1
2_MACS_peak_10344_lociStitched	chr16	29576693	29582908	2	6206	5688.5895	1063	1
4_MACS_peak_19376_lociStitched	chr3	112077288	112086388	4	6202	4823.91	1064	1
1_MACS_peak_6010_lociStitched	chr12	49759606	49765806	1	6201	20528.82	1065	1
1_MACS_peak_28446_lociStitched	chr8	95652255	95658453	1	6199	19986.6906	1066	1
2_MACS_peak_2257_lociStitched	chr1	200830969	200837897	2	6196	10079.5472	1067	1
2_MACS_peak_26478_lociStitched	chr7	50460279	50466629	2	6194	5733.415	1068	1
3_MACS_peak_2644_lociStitched	chr1	228288997	228300721	3	6192	13253.982	1069	1
1_MACS_peak_31165_lociStitched	chrX	133506614	133512804	1	6191	19350.559	1070	1
2_MACS_peak_4150_lociStitched	chr11	22598862	22605171	2	6184	7729.1559	1071	1
1_MACS_peak_21247_lociStitched	chr4	84030162	84036340	1	6179	9031.0004	1072	1
2_MACS_peak_15547_lociStitched	chr2	135809320	135815748	2	6179	19109.1584	1073	1
1_MACS_peak_9406_lociStitched	chr15	65183030	65189203	1	6174	30477.3356	1074	1
2_MACS_peak_24171_lociStitched	chr6	27775074	27783253	2	6173	8947.0081	1075	1
1_MACS_peak_6192_lociStitched	chr12	57847798	57853967	1	6170	12518.1348	1076	1
1_MACS_peak_1064_lociStitched	chr1	92948398	92954560	1	6163	9732.2628	1077	1
1_MACS_peak_5728_lociStitched	chr12	26305639	26311800	1	6162	18447.8823	1078	1
3_MACS_peak_23760_lociStitched	chr5	180227588	180238799	3	6157	11894.871	1079	1
3_MACS_peak_20285_lociStitched	chr3	186284132	186292556	3	6156	17076.2904	1080	1
3_MACS_peak_13070_lociStitched	chr19	6765602	6779039	3	6156	7571.7495	1081	1
5_MACS_peak_22171_lociStitched	chr4	185369527	185380649	5	6155	6349.5498	1082	1
1_MACS_peak_22301_lociStitched	chr5	6448613	6454765	1	6153	13291.396	1083	1
2_MACS_peak_25250_lociStitched	chr6	114175583	114182992	2	6152	36187.7787	1084	1
3_MACS_peak_18854_lociStitched	chr3	52304422	52313498	3	6147	13931.66	1085	1
2_MACS_peak_20410_lociStitched	chr3	197018450	197026334	2	6144	14001.984	1086	1
1_MACS_peak_28906_lociStitched	chr8	134579210	134585350	1	6141	12426.132	1087	1
2_MACS_peak_30520_lociStitched	chrX	24165877	24172370	2	6141	15302.7024	1088	1
2_MACS_peak_16641_lociStitched	chr20	380734	390614	2	6139	10382.892	1089	1
2_MACS_peak_13034_lociStitched	chr19	5621033	5629524	2	6127	16595.6595	1090	1
3_MACS_peak_1734_lociStitched	chr1	161081241	161090486	3	6121	14146.699	1091	1
3_MACS_peak_21248_lociStitched	chr4	84133032	84143726	3	6121	7534.9924	1092	1
1_MACS_peak_1842_lociStitched	chr1	167596659	167602778	1	6120	10412.0904	1093	1
2_MACS_peak_29959_lociStitched	chr9	112863325	112873368	2	6117	5867.1206	1094	1
2_MACS_peak_4777_lociStitched	chr11	73684458	73695111	2	6117	11324.139	1095	1
3_MACS_peak_18104_lociStitched	chr22	39540325	39549451	3	6116	5205.4704	1096	1
2_MACS_peak_13325_lociStitched	chr19	16180709	16191292	2	6115	16635.4177	1097	1
2_MACS_peak_13004_lociStitched	chr19	3983054	3990503	2	6112	21665.4165	1098	1
3_MACS_peak_443_lociStitched	chr1	28584671	28591791	3	6111	15701.024	1099	1
1_MACS_peak_14608_lociStitched	chr2	45664926	45671033	1	6108	7909.1757	1100	1
1_MACS_peak_3017_lociStitched	chr10	15826627	15832734	1	6108	10337.9296	1101	1
2_MACS_peak_25358_lociStitched	chr6	128390763	128400750	2	6103	7473.2721	1102	1
1_MACS_peak_31107_lociStitched	chrX	123093289	123099385	1	6097	32903.7696	1103	1
2_MACS_peak_6917_lociStitched	chr12	120631126	120640147	2	6093	16296.4365	1104	1
3_MACS_peak_19464_lociStitched	chr3	119178748	119188532	3	6087	16934.1472	1105	1
1_MACS_peak_27445_lociStitched	chr7	137707835	137713919	1	6085	9655.308	1106	1
1_MACS_peak_22530_lociStitched	chr5	39072047	39078130	1	6084	23844.7517	1107	1
3_MACS_peak_8067_lociStitched	chr14	45715672	45723525	3	6083	11269.8403	1108	1
3_MACS_peak_16976_lociStitched	chr20	32973040	32980874	3	6078	5825.3624	1109	1
1_MACS_peak_20289_lociStitched	chr3	186500153	186506228	1	6076	20360.3625	1110	1
1_MACS_peak_9474_lociStitched	chr15	69108868	69114941	1	6074	30599.4178	1111	1
2_MACS_peak_11540_lociStitched	chr17	41436601	41447365	2	6072	35793.5292	1112	1
2_MACS_peak_28518_lociStitched	chr8	101267814	101274183	2	6065	9969.3957	1113	1
1_MACS_peak_27883_lociStitched	chr8	31496368	31502430	1	6063	4927.7998	1114	1
