#30_0F2G_0229Kronos_MM1S-KB-24hr-2_H3K27me3_hs-dm_i19_peaks Enhancers
#Created from /data/projects/IRF4_mm_trn_data/p300_internal_ChIP/rose/30_0F2G_0229Kronos_MM1S-KB-24hr-2_H3K27me3_hs-dm_i19_ROSE/30_0F2G_0229Kronos_MM1S-KB-24hr-2_H3K27me3_hs-dm_i19_peaks_0KB_STITCHED_ENHANCER_REGION_MAP.txt
#Ranked by X30_0F2G_0229Kronos_MM1S.KB.24hr.2_H3K27me3_hs.dm_i19.bam
#Using cutoff of 11762.613 for Super-Enhancers
#Created on Jul 18 2024 
REGION_ID	CHROM	START	STOP	NUM_LOCI	CONSTITUENT_SIZE	X30_0F2G_0229Kronos_MM1S.KB.24hr.2_H3K27me3_hs.dm_i19.bam	X44_0EXW_0229Kronos_MM1S.KB.24hr.2_Input_hs_i90.bam	enhancerRank	isSuper
15_MACS_peak_30263_lociStitched	chr4	9211666	9274629	15	62112	208294.1966	19499.6411	1	1
2_MACS_peak_18502_lociStitched	chr19	8851044	8900888	2	49608	201559.1672	22414.8468	2	1
11_MACS_peak_30278_lociStitched	chr4	9324622	9371003	11	45836	146939.6461	13469.0424	3	1
15_MACS_peak_37518_lociStitched	chr9	139525808	139614229	15	86552	139669.8116	7816.4164	4	1
14_MACS_peak_25320_lociStitched	chr21	44150158	44231308	14	79274	141274.035	10849.755	5	1
12_MACS_peak_7324_lociStitched	chr11	1981997	2064723	12	81286	132634.5958	6783.532	6	1
13_MACS_peak_24672_lociStitched	chr20	60985038	61072557	13	85098	132652.5483	7132.7985	7	1
16_MACS_peak_2001_lociStitched	chr1	10755008	10852162	16	95082	133392.442	7879.1894	8	1
26_MACS_peak_7220_lociStitched	chr11	1636290	1733629	26	92536	133296.0266	8964.9219	9	1
25_MACS_peak_36230_lociStitched	chr9	135020241	135116610	25	92987	127794.9309	8731.0314	10	1
4_MACS_peak_2444_lociStitched	chr1	17011464	17067220	4	55399	132721.5824	13939	11	1
5_MACS_peak_17261_lociStitched	chr19	1286391	1344130	5	57241	125004.935	6894.0366	12	1
10_MACS_peak_21337_lociStitched	chr19	48404603	48468899	10	63161	137477.7072	19603.8504	13	1
15_MACS_peak_25571_lociStitched	chr21	46404316	46478128	15	71705	121789.8	8953.3956	14	1
9_MACS_peak_17653_lociStitched	chr19	3798200	3868247	9	69565	121272.3711	8818.9173	15	1
6_MACS_peak_16822_lociStitched	chr17	79009681	79075349	6	65135	116954.708	6415.7636	16	1
3_MACS_peak_25568_lociStitched	chr21	46301023	46359160	3	57881	117116.9865	7342.7031	17	1
11_MACS_peak_34500_lociStitched	chr8	142012716	142085000	11	70531	117996.4016	9165.6112	18	1
11_MACS_peak_15208_lociStitched	chr17	47952082	48032268	11	78696	114216.9384	7160.6098	19	1
22_MACS_peak_17662_lociStitched	chr19	3869646	3953377	22	79205	113497.3705	9863.5118	20	1
10_MACS_peak_16368_lociStitched	chr17	77080991	77147198	10	64133	97198.4967	5468.6982	21	1
7_MACS_peak_25305_lociStitched	chr21	44074196	44131180	7	56440	93385.3792	7254.0632	22	1
3_MACS_peak_21698_lociStitched	chr19	50594100	50643075	3	48960	95452.275	14041.1325	23	1
6_MACS_peak_17301_lociStitched	chr19	1672145	1718147	6	44641	87813.2178	7213.1136	24	1
6_MACS_peak_25651_lociStitched	chr21	46858146	46909785	6	51414	86324.9163	7167.4932	25	1
10_MACS_peak_1300_lociStitched	chr1	6474569	6530864	10	54573	83130.8265	4751.298	26	1
14_MACS_peak_16457_lociStitched	chr17	77383473	77446611	14	61949	82723.4076	5486.6922	27	1
5_MACS_peak_25636_lociStitched	chr21	46709430	46755047	5	45241	83022.94	6231.2822	28	1
1_MACS_peak_37807_lociStitched	chrX	19470138	19470524	1	387	76107.3884	101.3636	29	1
9_MACS_peak_24822_lociStitched	chr20	61850862	61901058	9	49366	78320.8188	4477.4832	30	1
16_MACS_peak_11800_lociStitched	chr16	1249516	1304767	16	52833	75213.1863	4265.3772	31	1
9_MACS_peak_16877_lociStitched	chr17	79400135	79451474	9	49992	74179.7211	3835.0233	32	1
5_MACS_peak_17307_lociStitched	chr19	1718849	1753520	5	34431	74091.927	4160.52	33	1
8_MACS_peak_299_lociStitched	chr1	2246727	2294653	8	46413	70508.7312	3575.2796	34	1
14_MACS_peak_11773_lociStitched	chr16	1152934	1202118	14	46880	68665.7824	3388.7776	35	1
10_MACS_peak_25474_lociStitched	chr21	45908250	45953696	10	44734	70995.7412	5807.9988	36	1
4_MACS_peak_31250_lociStitched	chr6	31991376	32031780	4	39990	68646.396	4145.4504	37	1
3_MACS_peak_25641_lociStitched	chr21	46755910	46795256	3	39014	68800.4156	4878.904	38	1
1_MACS_peak_8656_lociStitched	chr11	70042279	70042699	1	421	61852.896	159.138	39	1
13_MACS_peak_17220_lociStitched	chr19	741915	786261	13	42483	66425.8734	4962.3174	40	1
11_MACS_peak_37507_lociStitched	chr9	139477369	139524500	11	45712	64527.0521	3365.1534	41	1
13_MACS_peak_24750_lociStitched	chr20	61590406	61637584	13	45676	64336.6386	3632.706	42	1
6_MACS_peak_25555_lociStitched	chr21	46140441	46183538	6	42039	65528.9885	5456.0802	43	1
10_MACS_peak_24694_lociStitched	chr20	61169208	61213384	10	43280	63070.0752	3732.872	44	1
8_MACS_peak_36108_lociStitched	chr9	133785370	133825498	8	38655	61528.2624	3579.4176	45	1
17_MACS_peak_2017_lociStitched	chr1	10853474	10903162	17	47205	62278.9392	4342.7312	46	1
17_MACS_peak_2368_lociStitched	chr1	16431814	16482395	17	47645	62037.5965	4597.8129	47	1
10_MACS_peak_25044_lociStitched	chr20	62823226	62865930	10	41318	60895.904	4031.2576	48	1
3_MACS_peak_32999_lociStitched	chr7	149498246	149531666	3	33212	60670.668	4083.924	49	1
7_MACS_peak_35685_lociStitched	chr9	129376687	129417478	7	39885	60068.8266	3561.0543	50	1
9_MACS_peak_26817_lociStitched	chr22	37796059	37835779	9	38366	59417.148	3439.752	51	1
11_MACS_peak_22416_lociStitched	chr2	26777058	26820252	11	41599	60208.1166	4276.206	52	1
14_MACS_peak_36119_lociStitched	chr9	133835180	133881554	14	45034	60017.2308	4414.8048	53	1
11_MACS_peak_25188_lociStitched	chr21	43130569	43175381	11	43389	60684.4104	5753.8608	54	1
2_MACS_peak_17218_lociStitched	chr19	709355	741388	2	31541	58613.9834	3930.4491	55	1
3_MACS_peak_25648_lociStitched	chr21	46825805	46856448	3	30434	56683.4214	2767.0629	56	1
5_MACS_peak_17742_lociStitched	chr19	4598658	4636199	5	36837	57550.353	5045.5104	57	1
4_MACS_peak_17694_lociStitched	chr19	4140381	4173842	4	33201	56247.941	4256.2392	58	1
12_MACS_peak_201_lociStitched	chr1	1939071	1981471	12	41295	55158.16	3188.48	59	1
5_MACS_peak_783_lociStitched	chr1	3448409	3487901	5	39003	54684.5724	2728.8972	60	1
6_MACS_peak_11816_lociStitched	chr16	1305305	1340664	6	34432	54587.2242	2963.0842	61	1
12_MACS_peak_34530_lociStitched	chr8	142359563	142405167	12	43027	55335.8936	4063.3164	62	1
6_MACS_peak_17728_lociStitched	chr19	4509894	4542549	6	31952	54455.478	4457.4075	63	1
8_MACS_peak_27943_lociStitched	chr22	46333748	46372697	8	37178	52682.4174	2765.379	64	1
8_MACS_peak_26752_lociStitched	chr22	37475133	37515048	8	38966	52671.834	3312.945	65	1
16_MACS_peak_25938_lociStitched	chr22	20197271	20238007	16	38750	52541.2928	3421.824	66	1
10_MACS_peak_17238_lociStitched	chr19	822606	856248	10	31934	52091.2728	3936.114	67	1
8_MACS_peak_31192_lociStitched	chr6	30419037	30451368	8	30915	52049.6769	4261.2258	68	1
6_MACS_peak_6319_lociStitched	chr10	102487084	102521335	6	33200	51256.6215	3781.3104	69	1
6_MACS_peak_13552_lociStitched	chr17	1041377	1075936	6	33906	50646.2145	3372.9584	70	1
7_MACS_peak_17288_lociStitched	chr19	1518019	1546754	7	28073	50625.323	3566.0135	71	1
4_MACS_peak_16837_lociStitched	chr17	79112653	79147261	4	34136	50209.2864	3273.9168	72	1
7_MACS_peak_17588_lociStitched	chr19	3398116	3435053	7	35714	51069.0962	4303.1605	73	1
12_MACS_peak_3691_lociStitched	chr1	22558235	22599418	12	39487	50103.2378	3471.7269	74	1
3_MACS_peak_31247_lociStitched	chr6	31958638	31985269	3	26502	49565.6172	3105.1746	75	1
5_MACS_peak_24711_lociStitched	chr20	61316912	61351966	5	34073	49205.2998	2818.3416	76	1
11_MACS_peak_7283_lociStitched	chr11	1821171	1858950	11	35829	49550.9364	3437.889	77	1
4_MACS_peak_36133_lociStitched	chr9	133882838	133915545	4	32423	48756.3249	2881.4867	78	1
10_MACS_peak_37472_lociStitched	chr9	139058974	139095049	10	34654	48246.705	2438.67	79	1
17_MACS_peak_13507_lociStitched	chr17	802254	845011	17	39797	49427.092	3758.3403	80	1
5_MACS_peak_37489_lociStitched	chr9	139222447	139252248	5	29363	47949.809	2291.6969	81	1
18_MACS_peak_7703_lociStitched	chr11	61272668	61311891	18	36795	48871.858	3239.8198	82	1
2_MACS_peak_31_lociStitched	chr1	845511	869350	2	23501	47577.8762	1957.1819	83	1
11_MACS_peak_13640_lociStitched	chr17	1859323	1899621	11	38817	49361.0202	3836.3696	84	1
8_MACS_peak_17749_lociStitched	chr19	4732921	4767778	8	34360	50640.2496	5169.2931	85	1
14_MACS_peak_17998_lociStitched	chr19	5992446	6030688	14	36931	49909.6342	4654.0514	86	1
4_MACS_peak_33026_lociStitched	chr7	150871965	150905640	4	33128	49707.6675	4519.185	87	1
5_MACS_peak_37483_lociStitched	chr9	139138208	139167023	5	28437	47827.137	2639.454	88	1
6_MACS_peak_29173_lociStitched	chr4	3470876	3499004	6	27824	47384.4288	2199.6096	89	1
4_MACS_peak_16868_lociStitched	chr17	79335600	79367458	4	31434	47589.4804	2784.3892	90	1
6_MACS_peak_89_lociStitched	chr1	1094054	1124107	6	29463	47360.5227	2668.7064	91	1
6_MACS_peak_10139_lociStitched	chr12	54382924	54412541	6	28848	48053.5825	3444.4571	92	1
6_MACS_peak_36578_lociStitched	chr9	136380280	136414098	6	33063	47308.0002	2715.5854	93	1
5_MACS_peak_1996_lociStitched	chr1	10722546	10753587	5	30736	46809.828	2601.2358	94	1
3_MACS_peak_32631_lociStitched	chr7	100632625	100649637	3	16590	47014.3632	2926.064	95	1
11_MACS_peak_17577_lociStitched	chr19	3360573	3397357	11	35096	47756.6672	3674.7216	96	1
4_MACS_peak_33030_lociStitched	chr7	150939730	150962987	4	22572	47476.8398	3786.2396	97	1
3_MACS_peak_24691_lociStitched	chr20	61141435	61168599	3	26903	45518.7148	1887.898	98	1
5_MACS_peak_7057_lociStitched	chr11	1031314	1063778	5	31900	46550.1296	3149.008	99	1
3_MACS_peak_32996_lociStitched	chr7	149470082	149495817	3	25693	46613.8055	3497.3865	100	1
14_MACS_peak_15149_lociStitched	chr17	47513621	47551351	14	36331	46736.151	3882.417	101	1
9_MACS_peak_25431_lociStitched	chr21	45770589	45803546	9	31618	47276.8165	4426.1251	102	1
2_MACS_peak_28959_lociStitched	chr3	184274719	184304016	2	29222	47030.4741	4209.9789	103	1
8_MACS_peak_2185_lociStitched	chr1	11487380	11525894	8	37152	46051.1898	3628.0188	104	1
3_MACS_peak_16378_lociStitched	chr17	77147965	77178673	3	30635	44412.9804	2358.3744	105	1
1_MACS_peak_5261_lociStitched	chr1	156389372	156415117	1	25746	46256.0415	4330.309	106	1
5_MACS_peak_17213_lociStitched	chr19	681472	708765	5	26563	44405.711	2873.9529	107	1
14_MACS_peak_13565_lociStitched	chr17	1108784	1145267	14	34835	45085.6914	3586.2789	108	1
8_MACS_peak_30874_lociStitched	chr5	176266074	176297675	8	30817	43906.4294	2957.8536	109	1
10_MACS_peak_36418_lociStitched	chr9	135848432	135882957	10	33486	44267.955	3379.9975	110	1
11_MACS_peak_13485_lociStitched	chr17	744878	781122	11	35341	44246.6752	3483.0484	111	1
7_MACS_peak_11787_lociStitched	chr16	1204388	1235227	7	29788	42742.854	2164.8978	112	1
6_MACS_peak_17699_lociStitched	chr19	4185853	4217673	6	30922	45604.424	5523.952	113	1
17_MACS_peak_27848_lociStitched	chr22	45908403	45945635	17	35578	42705.104	3194.5056	114	1
3_MACS_peak_25248_lociStitched	chr21	43776105	43802717	3	26584	43188.6148	3826.8056	115	1
31_MACS_peak_23638_lociStitched	chr20	48882621	48924056	31	35191	42582.7495	3343.8045	116	1
6_MACS_peak_798_lociStitched	chr1	3505298	3536087	6	29954	41552.8344	2401.542	117	1
6_MACS_peak_25232_lociStitched	chr21	43716642	43744329	6	27336	43039.4415	3981.3906	118	1
18_MACS_peak_16687_lociStitched	chr17	77998965	78036042	18	34119	42234.4107	3255.3606	119	1
7_MACS_peak_10130_lociStitched	chr12	54349132	54378422	7	28316	41272.539	2483.792	120	1
4_MACS_peak_29124_lociStitched	chr4	1769690	1794648	4	24494	40689.0274	2081.4972	121	1
2_MACS_peak_26792_lociStitched	chr22	37711652	37739699	2	28016	41111.2926	2731.7778	122	1
8_MACS_peak_10379_lociStitched	chr13	113627342	113657202	8	28953	40952.99	2717.26	123	1
19_MACS_peak_29520_lociStitched	chr4	7137337	7176443	19	35687	41460.1812	3335.7418	124	1
7_MACS_peak_21148_lociStitched	chr19	47114991	47144605	7	28324	41809.0452	3719.5184	125	1
15_MACS_peak_37412_lociStitched	chr9	138882960	138919341	15	34223	40648.4913	2703.1083	126	1
8_MACS_peak_16407_lociStitched	chr17	77241662	77272380	8	29264	40219.0774	2577.2402	127	1
16_MACS_peak_36562_lociStitched	chr9	136346473	136379217	16	30524	40514.1512	2897.844	128	1
7_MACS_peak_11890_lociStitched	chr16	2325048	2355717	7	28783	40369.6047	2861.4177	129	1
3_MACS_peak_17738_lociStitched	chr19	4557126	4580819	3	23208	40820.6697	3681.8922	130	1
9_MACS_peak_37462_lociStitched	chr9	139025396	139055561	9	28772	39612.678	2814.3945	131	1
5_MACS_peak_11975_lociStitched	chr16	3078343	3105971	5	27381	39300.83	2707.544	132	1
7_MACS_peak_21200_lociStitched	chr19	47902034	47930621	7	26989	39052.7007	2684.3193	133	1
2_MACS_peak_16875_lociStitched	chr17	79373685	79398430	2	24746	38231.025	1954.855	134	1
5_MACS_peak_37533_lociStitched	chr9	139628613	139653214	5	24190	38229.954	2024.6623	135	1
9_MACS_peak_15283_lociStitched	chr17	48675724	48707024	9	29679	39175.08	2976.63	136	1
1_MACS_peak_25645_lociStitched	chr21	46800387	46817480	1	17094	38038.7622	2126.3692	137	1
7_MACS_peak_13632_lociStitched	chr17	1828766	1855780	7	26287	38054.6218	2223.2522	138	1
9_MACS_peak_20744_lociStitched	chr19	42467445	42496811	9	28187	38337.313	2543.0956	139	1
8_MACS_peak_3624_lociStitched	chr1	21905386	21934639	8	27225	38640.2877	2939.9265	140	1
3_MACS_peak_17312_lociStitched	chr19	1754681	1775397	3	20581	38071.8648	2415.4856	141	1
7_MACS_peak_16781_lociStitched	chr17	78433100	78461876	7	27766	37736.8464	2204.2416	142	1
5_MACS_peak_16652_lociStitched	chr17	77904377	77931441	5	26730	37637.9048	2451.9984	143	1
5_MACS_peak_10207_lociStitched	chr12	57594672	57619453	5	23808	37543.215	2423.5818	144	1
8_MACS_peak_35931_lociStitched	chr9	132935067	132964462	8	28004	37584.447	2519.1515	145	1
5_MACS_peak_22795_lociStitched	chr2	219845473	219871413	5	25246	37493.676	2811.896	146	1
8_MACS_peak_9684_lociStitched	chr12	3378517	3408850	8	29709	37479.4548	2863.4352	147	1
6_MACS_peak_36553_lociStitched	chr9	136294883	136324221	6	28910	37053.894	2608.1482	148	1
11_MACS_peak_25890_lociStitched	chr22	19719461	19747905	11	26945	36783.7808	2511.6052	149	1
15_MACS_peak_16024_lociStitched	chr17	74872637	74904912	15	29672	36816.0925	2575.545	150	1
5_MACS_peak_28879_lociStitched	chr3	128195389	128217384	5	21142	36236.7625	2155.51	151	1
7_MACS_peak_37393_lociStitched	chr9	138661387	138687064	7	25243	35626.8375	1992.5352	152	1
9_MACS_peak_7798_lociStitched	chr11	61442521	61470906	9	27038	35796.3235	2355.955	153	1
7_MACS_peak_5277_lociStitched	chr1	156657674	156678953	7	20734	36987.1578	3547.2093	154	1
10_MACS_peak_36140_lociStitched	chr9	133935950	133964383	10	26937	35953.5285	2607.3061	155	1
10_MACS_peak_35880_lociStitched	chr9	132469953	132498019	10	26911	35377.193	2278.9592	156	1
8_MACS_peak_21630_lociStitched	chr19	49917881	49946118	8	27195	35620.9755	2575.2144	157	1
7_MACS_peak_16450_lociStitched	chr17	77354235	77382868	7	28089	35327.3954	2324.9996	158	1
1_MACS_peak_5300_lociStitched	chr1	156860742	156880913	1	20172	35680.4819	2715.0166	159	1
18_MACS_peak_30813_lociStitched	chr5	176140426	176172638	18	28632	35649.0204	2792.7804	160	1
9_MACS_peak_16845_lociStitched	chr17	79273967	79300723	9	25796	34632.9664	1907.7028	161	1
9_MACS_peak_15221_lociStitched	chr17	48037819	48061584	9	22975	34749.183	2091.32	162	1
16_MACS_peak_2282_lociStitched	chr1	11921923	11951028	16	27473	35030.778	2415.715	163	1
7_MACS_peak_18227_lociStitched	chr19	7718974	7744674	7	25056	36589.09	4032.33	164	1
13_MACS_peak_2039_lociStitched	chr1	10917680	10948305	13	28377	35261.625	2835.875	165	1
5_MACS_peak_1262_lociStitched	chr1	6208986	6234601	5	25025	34616.111	2197.767	166	1
5_MACS_peak_14533_lociStitched	chr17	36716297	36739314	5	21862	34375.8895	1993.2722	167	1
9_MACS_peak_31254_lociStitched	chr6	32032314	32059603	9	24690	35039.076	2753.4601	168	1
9_MACS_peak_621_lociStitched	chr1	3099253	3129792	9	29468	34118.1708	1945.3343	169	1
12_MACS_peak_16390_lociStitched	chr17	77199686	77228090	12	27324	33937.0992	2229.714	170	1
5_MACS_peak_8303_lociStitched	chr11	68758397	68783741	5	24781	34072.4736	2496.384	171	1
3_MACS_peak_25932_lociStitched	chr22	20151659	20176480	3	24433	33456.2259	1926.1096	172	1
9_MACS_peak_18736_lociStitched	chr19	13103746	13128431	9	23620	33616.033	2167.343	173	1
14_MACS_peak_769_lociStitched	chr1	3418896	3447608	14	26899	33257.1096	1989.7416	174	1
11_MACS_peak_26794_lociStitched	chr22	37740307	37768383	11	26079	33348.6728	2279.7712	175	1
5_MACS_peak_39_lociStitched	chr1	913450	935024	5	20026	32814.054	1773.3828	176	1
11_MACS_peak_11650_lociStitched	chr16	860415	887539	11	25667	32985.4964	1990.9016	177	1
8_MACS_peak_31580_lociStitched	chr6	41603629	41628856	8	24252	32974.2117	2071.1367	178	1
7_MACS_peak_7310_lociStitched	chr11	1937905	1960600	7	22002	32467.467	1570.494	179	1
5_MACS_peak_24995_lociStitched	chr20	62726813	62749019	5	21025	32813.8062	2005.2018	180	1
5_MACS_peak_18212_lociStitched	chr19	7633842	7660587	5	25856	34185.459	3407.313	181	1
16_MACS_peak_660_lociStitched	chr1	3190549	3219767	16	26924	32320.9516	1791.0634	182	1
7_MACS_peak_24872_lociStitched	chr20	62038956	62062822	7	22634	32161.8216	1641.9808	183	1
6_MACS_peak_25297_lociStitched	chr21	44034726	44056113	6	20901	33417.1875	2989.9026	184	1
2_MACS_peak_22857_lociStitched	chr2	220374351	220398749	2	24387	32725.0374	2334.8886	185	1
2_MACS_peak_35702_lociStitched	chr9	129444849	129467393	2	22380	32546.7728	2252.1456	186	1
6_MACS_peak_21564_lociStitched	chr19	49549457	49575119	6	25115	32511.1878	2219.763	187	1
9_MACS_peak_19541_lociStitched	chr19	18090394	18115335	9	24114	32281.1363	2209.7726	188	1
5_MACS_peak_2451_lociStitched	chr1	17086551	17109490	5	22510	33968.0712	4005.1494	189	1
2_MACS_peak_5439_lociStitched	chr1	201320906	201345260	2	24346	33384.4632	3426.6078	190	1
2_MACS_peak_22855_lociStitched	chr2	220341623	220362520	2	20889	31836.5795	1937.1519	191	1
1_MACS_peak_17741_lociStitched	chr19	4581762	4597974	1	16213	32031.6696	2237.256	192	1
3_MACS_peak_37448_lociStitched	chr9	138963480	138986619	3	22921	31665.7215	1874.259	193	1
7_MACS_peak_17985_lociStitched	chr19	5850701	5874326	7	22485	32113.4625	2629.4625	194	1
12_MACS_peak_26595_lociStitched	chr22	36968712	36997220	12	26273	31951.7664	2480.196	195	1
6_MACS_peak_25549_lociStitched	chr21	46114503	46135947	6	20905	31632.0444	2290.2192	196	1
10_MACS_peak_37552_lociStitched	chr9	139847311	139872553	10	23225	31322.7978	2044.602	197	1
4_MACS_peak_15171_lociStitched	chr17	47570124	47592149	4	20957	31484.7375	2270.7775	198	1
8_MACS_peak_35867_lociStitched	chr9	132429423	132453883	8	23553	31179.162	2120.682	199	1
11_MACS_peak_8618_lociStitched	chr11	69971713	69997734	11	24575	31087.2887	2042.6485	200	1
7_MACS_peak_25965_lociStitched	chr22	20257124	20281470	7	22885	30951.0698	1967.1568	201	1
8_MACS_peak_11842_lociStitched	chr16	1567453	1590529	8	22007	30760.308	1802.2356	202	1
2_MACS_peak_24892_lociStitched	chr20	62082512	62103826	2	20914	30263.7486	1323.5994	203	1
10_MACS_peak_16299_lociStitched	chr17	76551604	76577177	10	24034	30976.5749	2043.2827	204	1
4_MACS_peak_1258_lociStitched	chr1	6184776	6208453	4	23551	30619.0964	1830.2321	205	1
5_MACS_peak_14065_lociStitched	chr17	7958692	7981467	5	22171	31222.2475	2612.2925	206	1
4_MACS_peak_24728_lociStitched	chr20	61387268	61407436	4	19935	29634.8592	1415.7936	207	1
7_MACS_peak_32550_lociStitched	chr7	100312955	100338043	7	24142	30459.3408	2277.9904	208	1
15_MACS_peak_34974_lociStitched	chr8	143643191	143670823	15	25627	30080.1952	2006.0832	209	1
10_MACS_peak_15273_lociStitched	chr17	48650898	48674904	10	23199	30045.9096	2186.9466	210	1
3_MACS_peak_16345_lociStitched	chr17	77015571	77034352	3	18551	29580.075	1840.538	211	1
3_MACS_peak_17705_lociStitched	chr19	4218595	4239311	3	20161	30344.7968	2691.0084	212	1
8_MACS_peak_2342_lociStitched	chr1	16338903	16360331	8	20071	29433.5008	1962.8048	213	1
11_MACS_peak_7956_lociStitched	chr11	64285260	64312108	11	25688	29774.432	2416.32	214	1
11_MACS_peak_13463_lociStitched	chr17	700284	723646	11	21765	29316.9738	1981.0976	215	1
12_MACS_peak_20154_lociStitched	chr19	36343574	36370352	12	25480	29466.5112	2144.9178	216	1
12_MACS_peak_34024_lociStitched	chr8	1890001	1916483	12	24720	29699.563	2465.4742	217	1
12_MACS_peak_22092_lociStitched	chr19	55631038	55656809	12	23468	29626.3416	2422.474	218	1
15_MACS_peak_16473_lociStitched	chr17	77451357	77479314	15	24482	29044.5273	2021.2911	219	1
3_MACS_peak_13985_lociStitched	chr17	7607276	7628579	3	20957	28961.4285	2042.9577	220	1
6_MACS_peak_11540_lociStitched	chr15	91193928	91213620	6	19019	29890.4868	3024.6912	221	1
10_MACS_peak_2055_lociStitched	chr1	10955694	10979095	10	22592	28720.0473	1970.3642	222	1
14_MACS_peak_36485_lociStitched	chr9	136092207	136118820	14	24704	29191.7997	2477.6703	223	1
10_MACS_peak_19577_lociStitched	chr19	18319291	18342661	10	22231	28985.811	2379.066	224	1
8_MACS_peak_34492_lociStitched	chr8	141989323	142010942	8	20825	29445.078	2927.2126	225	1
4_MACS_peak_29033_lociStitched	chr3	195530451	195551315	4	20085	29017.6512	2547.4944	226	1
9_MACS_peak_25725_lociStitched	chr21	47404849	47423163	9	17363	28102.833	1657.417	227	1
4_MACS_peak_10145_lociStitched	chr12	54413856	54434081	4	20194	28100.615	1781.8225	228	1
8_MACS_peak_37579_lociStitched	chr9	139923302	139942699	8	18632	27912.283	1635.1671	229	1
9_MACS_peak_19532_lociStitched	chr19	18066965	18089861	9	21808	28395.6192	2145.3552	230	1
9_MACS_peak_15902_lociStitched	chr17	72912401	72935543	9	22186	28362.8352	2170.7196	231	1
10_MACS_peak_22248_lociStitched	chr19	56265090	56286270	10	20055	29022.954	2857.182	232	1
3_MACS_peak_5218_lociStitched	chr1	155088751	155104410	3	15374	28538.5275	2434.9745	233	1
5_MACS_peak_17710_lociStitched	chr19	4289698	4309836	5	19312	28505.339	2428.6428	234	1
2_MACS_peak_2351_lociStitched	chr1	16362189	16380442	2	18224	27739.0841	1770.541	235	1
11_MACS_peak_28676_lociStitched	chr3	50226201	50247874	11	19982	28099.0445	2141.2924	236	1
4_MACS_peak_24716_lociStitched	chr20	61352474	61371626	4	18263	27734.0112	1848.168	237	1
4_MACS_peak_25425_lociStitched	chr21	45699327	45716205	4	15864	27961.7826	2118.189	238	1
3_MACS_peak_17283_lociStitched	chr19	1491162	1506913	3	15396	27891.8708	2213.0155	239	1
2_MACS_peak_14513_lociStitched	chr17	36333560	36350439	2	16851	30890.2579	5256.1206	240	1
10_MACS_peak_804_lociStitched	chr1	3665840	3688535	10	21682	27644.7795	2044.8195	241	1
2_MACS_peak_25303_lociStitched	chr21	44056713	44073625	2	16794	27654.5024	2174.8832	242	1
5_MACS_peak_13656_lociStitched	chr17	1913781	1933374	5	18623	27624.1707	2159.1486	243	1
4_MACS_peak_7105_lociStitched	chr11	1212750	1231875	4	18847	27010.2375	1575.9	244	1
3_MACS_peak_33044_lociStitched	chr7	151077301	151094388	3	16814	27542.5353	2113.6619	245	1
10_MACS_peak_16667_lociStitched	chr17	77958659	77979895	10	19979	27623.7888	2217.0384	246	1
8_MACS_peak_3947_lociStitched	chr1	23189399	23212087	8	22065	27527.3504	2184.8544	247	1
6_MACS_peak_31455_lociStitched	chr6	34016800	34038093	6	20612	27310.4018	1988.7662	248	1
12_MACS_peak_36731_lociStitched	chr9	137105558	137127803	12	21082	26972.0625	1666.1505	249	1
12_MACS_peak_27877_lociStitched	chr22	45968311	45991404	12	21735	27316.7097	2034.4933	250	1
12_MACS_peak_26765_lociStitched	chr22	37522200	37546930	12	22959	27356.326	2102.05	251	1
6_MACS_peak_37605_lociStitched	chr9	140049642	140069197	6	18566	26755.151	1540.934	252	1
12_MACS_peak_24547_lociStitched	chr20	60372172	60396116	12	22323	26874.7456	1719.1792	253	1
16_MACS_peak_30115_lociStitched	chr4	8611632	8638613	16	24705	26967.5095	1853.5947	254	1
1_MACS_peak_16828_lociStitched	chr17	79076304	79092977	1	16674	26393.359	1287.1556	255	1
5_MACS_peak_25457_lociStitched	chr21	45851698	45873183	5	20876	27505.097	2498.7055	256	1
10_MACS_peak_11234_lociStitched	chr15	74589245	74611927	10	21146	27132.2084	2193.3494	257	1
4_MACS_peak_35890_lociStitched	chr9	132498572	132519177	4	20166	27130.6035	2219.1585	258	1
10_MACS_peak_21554_lociStitched	chr19	49524736	49548875	10	22429	26893.2599	2061.4706	259	1
6_MACS_peak_34522_lociStitched	chr8	142333204	142356669	6	21979	26867.425	2046.148	260	1
3_MACS_peak_3576_lociStitched	chr1	21040857	21059366	3	17920	26760.3122	1947.1468	261	1
20_MACS_peak_3962_lociStitched	chr1	23221571	23248490	20	23372	26943.2271	2166.9795	262	1
9_MACS_peak_1279_lociStitched	chr1	6298632	6320403	9	20120	26638.9956	1983.3381	263	1
8_MACS_peak_11633_lociStitched	chr16	792114	813010	8	19886	26707.1776	2062.4352	264	1
16_MACS_peak_23799_lociStitched	chr20	56125312	56150069	16	22103	27141.0991	2515.3112	265	1
13_MACS_peak_30101_lociStitched	chr4	8587248	8609413	13	21187	26442.845	1872.9425	266	1
16_MACS_peak_7251_lociStitched	chr11	1741284	1766677	16	22879	26627.0998	2150.7871	267	1
4_MACS_peak_27939_lociStitched	chr22	46312009	46332760	4	20215	25891.0227	1504.4475	268	1
7_MACS_peak_21121_lociStitched	chr19	46981646	47001568	7	18989	26289.0712	1902.551	269	1
5_MACS_peak_36025_lociStitched	chr9	133290248	133311613	5	20591	25862.3325	1497.6865	270	1
2_MACS_peak_11964_lociStitched	chr16	3034019	3051986	2	17912	25798.8153	1435.5633	271	1
8_MACS_peak_23186_lociStitched	chr20	30441557	30462094	8	19546	26338.7025	2004.4112	272	1
8_MACS_peak_312_lociStitched	chr1	2348369	2368557	8	18811	25721.5308	1465.6488	273	1
4_MACS_peak_20065_lociStitched	chr19	35986655	36006475	4	19561	26130.688	1960.198	274	1
4_MACS_peak_17637_lociStitched	chr19	3728226	3745904	4	17072	26532.9102	2427.1894	275	1
8_MACS_peak_3616_lociStitched	chr1	21881519	21904563	8	21571	26161.8532	2057.8292	276	1
10_MACS_peak_28363_lociStitched	chr3	12910351	12933382	10	21540	26810.3871	2890.3905	277	1
14_MACS_peak_3144_lociStitched	chr1	18953870	18977790	14	22070	25572.872	1688.752	278	1
5_MACS_peak_36647_lociStitched	chr9	136563376	136584416	5	20640	25348.992	1485.424	279	1
7_MACS_peak_15373_lociStitched	chr17	61552078	61572640	7	19797	26047.9416	2187.7968	280	1
3_MACS_peak_28871_lociStitched	chr3	128168878	128188526	3	19203	25642.6048	1837.088	281	1
8_MACS_peak_18196_lociStitched	chr19	7542899	7566526	8	22634	26712.6862	2932.1107	282	1
8_MACS_peak_18351_lociStitched	chr19	8180001	8200518	8	18704	26058.6417	2345.0931	283	1
17_MACS_peak_31461_lociStitched	chr6	34041664	34066077	17	22110	25594.5892	1896.8901	284	1
14_MACS_peak_7735_lociStitched	chr11	61348985	61374150	14	22659	26171.6	2521.533	285	1
10_MACS_peak_17567_lociStitched	chr19	3338536	3359319	10	20313	26145.014	2506.4298	286	1
1_MACS_peak_7807_lociStitched	chr11	61471807	61489638	1	17832	25200.5523	1642.2351	287	1
13_MACS_peak_15844_lociStitched	chr17	72594459	72619627	13	22496	25978.4096	2471.4976	288	1
1_MACS_peak_17315_lociStitched	chr19	1776182	1789149	1	12968	24996.4859	1587.1608	289	1
8_MACS_peak_630_lociStitched	chr1	3130491	3151719	8	20475	24847.374	1458.3636	290	1
7_MACS_peak_29218_lociStitched	chr4	3644599	3666341	7	20659	25251.1588	1900.2508	291	1
3_MACS_peak_37658_lociStitched	chr9	140317920	140334351	3	15910	24441.1125	1210.9647	292	1
3_MACS_peak_2264_lociStitched	chr1	11756483	11776308	3	19134	25025.0975	1798.1275	293	1
4_MACS_peak_307_lociStitched	chr1	2299004	2316058	4	16412	24670.3164	1557.0302	294	1
13_MACS_peak_1949_lociStitched	chr1	9682439	9702579	13	18366	24993.74	1913.3	295	1
8_MACS_peak_20733_lociStitched	chr19	42424207	42442282	8	17221	24898.3125	1858.11	296	1
15_MACS_peak_7345_lociStitched	chr11	2103465	2127087	15	21820	24692.0766	1766.9256	297	1
4_MACS_peak_17209_lociStitched	chr19	665022	679838	4	14569	24492.3296	1686.0608	298	1
2_MACS_peak_35323_lociStitched	chr8	144952878	144970370	2	17450	24042.754	1271.6684	299	1
2_MACS_peak_14511_lociStitched	chr17	36283722	36297277	2	13535	26303.4775	3688.3155	300	1
7_MACS_peak_28433_lociStitched	chr3	13668604	13690059	7	20589	24544.52	1948.114	301	1
4_MACS_peak_27132_lociStitched	chr22	42929853	42947609	4	17316	25453.226	2929.74	302	1
5_MACS_peak_5341_lociStitched	chr1	158118423	158138904	5	19760	26985.7656	4608.225	303	1
2_MACS_peak_7487_lociStitched	chr11	2426928	2440701	2	13661	23368.6491	1043.9934	304	1
2_MACS_peak_16914_lociStitched	chr17	79759047	79772477	2	13375	23145.262	851.462	305	1
7_MACS_peak_35639_lociStitched	chr9	127245079	127264647	7	19202	24180.1776	1931.3616	306	1
8_MACS_peak_2494_lociStitched	chr1	17409683	17428614	8	18186	23892.8151	1662.1418	307	1
10_MACS_peak_7377_lociStitched	chr11	2160832	2180004	10	18099	24045.5224	1830.926	308	1
6_MACS_peak_24909_lociStitched	chr20	62170467	62187713	6	16594	23639.0922	1477.9822	309	1
8_MACS_peak_20042_lociStitched	chr19	35822051	35843962	8	20885	24113.0555	1985.1366	310	1
3_MACS_peak_17275_lociStitched	chr19	1445226	1456494	3	10768	23680.8288	1577.52	311	1
3_MACS_peak_25935_lociStitched	chr22	20177258	20192377	3	14586	23266.6291	1239.758	312	1
10_MACS_peak_16886_lociStitched	chr17	79454512	79474058	10	18518	23556.8392	1546.0886	313	1
5_MACS_peak_15883_lociStitched	chr17	72873410	72893406	5	19649	23939.2112	1949.61	314	1
8_MACS_peak_36222_lociStitched	chr9	134998498	135019108	8	19166	24196.14	2221.758	315	1
10_MACS_peak_36308_lociStitched	chr9	135347447	135369213	10	19964	23872.9488	1902.3484	316	1
3_MACS_peak_24808_lociStitched	chr20	61779822	61798107	3	17727	23044.5855	1080.6435	317	1
4_MACS_peak_24838_lociStitched	chr20	61937993	61956622	4	18456	23232.2259	1268.6349	318	1
8_MACS_peak_3258_lociStitched	chr1	19175722	19196812	8	19996	23732.577	1872.792	319	1
5_MACS_peak_36642_lociStitched	chr9	136542745	136562688	5	19311	23155.8173	1316.238	320	1
2_MACS_peak_7392_lociStitched	chr11	2190044	2207364	2	16899	23028.672	1215.864	321	1
5_MACS_peak_27053_lociStitched	chr22	42719753	42739502	5	18864	23548.7076	1741.8618	322	1
1_MACS_peak_13559_lociStitched	chr17	1083410	1097963	1	14554	23294.9871	1618.2936	323	1
1_MACS_peak_16609_lociStitched	chr17	77771557	77783523	1	11967	22902.924	1255.2334	324	1
8_MACS_peak_24795_lociStitched	chr20	61743936	61765252	8	19773	23468.916	1831.0444	325	1
5_MACS_peak_30882_lociStitched	chr5	176299615	176316239	5	15802	23084.0864	1526.0832	326	1
6_MACS_peak_5262_lociStitched	chr1	156580489	156596792	6	15216	23958.8888	2419.3652	327	1
7_MACS_peak_27341_lociStitched	chr22	44667838	44687659	7	19035	22948.7538	1419.1836	328	1
3_MACS_peak_36959_lociStitched	chr9	137662627	137679774	3	16927	22771.216	1294.5985	329	1
6_MACS_peak_25287_lociStitched	chr21	44011049	44028172	6	16753	24090.3487	2643.7912	330	1
2_MACS_peak_14455_lociStitched	chr17	34793130	34808350	2	15020	25488.934	4045.476	331	1
6_MACS_peak_8043_lociStitched	chr11	64500274	64516763	6	15382	23040.0797	1688.4736	332	1
11_MACS_peak_3729_lociStitched	chr1	22638123	22659462	11	20147	23101.6014	1794.6099	333	1
3_MACS_peak_25671_lociStitched	chr21	46986883	47002714	3	15750	23322.2292	2031.1173	334	1
8_MACS_peak_11523_lociStitched	chr15	89898442	89916578	8	16534	23234.0296	2005.8416	335	1
5_MACS_peak_24857_lociStitched	chr20	61988633	62006970	5	17759	22560.0111	1334.9336	336	1
3_MACS_peak_15041_lociStitched	chr17	45923240	45939059	3	15603	22991.3346	1784.3832	337	1
4_MACS_peak_9747_lociStitched	chr12	6928974	6942602	4	12975	22622.48	1478.638	338	1
4_MACS_peak_14449_lociStitched	chr17	34742078	34758254	4	15861	25283.088	4184.7312	339	1
4_MACS_peak_5303_lociStitched	chr1	156888285	156900789	4	12087	23274.9456	2186.9496	340	1
3_MACS_peak_18266_lociStitched	chr19	7830539	7849691	3	19059	23549.2992	2503.1664	341	1
6_MACS_peak_36321_lociStitched	chr9	135375958	135394531	6	17830	22707.3498	1682.7138	342	1
4_MACS_peak_32921_lociStitched	chr7	128482789	128497582	4	14726	22902.5226	1881.6696	343	1
4_MACS_peak_17615_lociStitched	chr19	3582727	3596914	4	13795	22711.9683	1743.5823	344	1
6_MACS_peak_11676_lociStitched	chr16	916833	936402	6	18174	22334.0997	1408.968	345	1
3_MACS_peak_14026_lociStitched	chr17	7717907	7736332	3	17893	22942.81	2056.23	346	1
3_MACS_peak_35939_lociStitched	chr9	132965107	132982965	3	17739	22284.9982	1433.9974	347	1
11_MACS_peak_16989_lociStitched	chr17	81061546	81082299	11	18933	22649.8242	1815.8875	348	1
3_MACS_peak_14446_lociStitched	chr17	34576766	34592411	3	15548	24673.7295	3856.4925	349	1
9_MACS_peak_36632_lociStitched	chr9	136513877	136533190	9	18015	21949.2245	1212.8564	350	1
15_MACS_peak_36057_lociStitched	chr9	133394795	133415688	15	18265	22426.5462	1723.6725	351	1
6_MACS_peak_36199_lociStitched	chr9	134706033	134724478	6	17936	22185.646	1547.5355	352	1
5_MACS_peak_17320_lociStitched	chr19	2299691	2316507	5	16270	22836.128	2286.976	353	1
8_MACS_peak_29393_lociStitched	chr4	6365496	6385169	8	18857	22250.163	1719.4202	354	1
6_MACS_peak_29311_lociStitched	chr4	3854390	3872262	6	17307	22095.1536	1594.1824	355	1
14_MACS_peak_22117_lociStitched	chr19	55680265	55700970	14	18471	22597.437	2130.5445	356	1
3_MACS_peak_24894_lociStitched	chr20	62104403	62119194	3	14701	21517.9468	1091.5758	357	1
9_MACS_peak_27927_lociStitched	chr22	46290243	46308347	9	17204	22001.7912	1598.5832	358	1
7_MACS_peak_21470_lociStitched	chr19	49092251	49111535	7	18114	22184.3136	1803.054	359	1
6_MACS_peak_16518_lociStitched	chr17	77526800	77545340	6	18208	21756.69	1403.478	360	1
12_MACS_peak_2568_lociStitched	chr1	17556676	17577470	12	18928	22494.9492	2158.4172	361	1
9_MACS_peak_16715_lociStitched	chr17	78057027	78074777	9	17110	22093.425	1794.525	362	1
6_MACS_peak_7505_lociStitched	chr11	3209481	3227105	6	16311	21857.2848	1594.972	363	1
4_MACS_peak_17844_lociStitched	chr19	5323389	5339705	4	16115	22189.76	1935.0776	364	1
4_MACS_peak_1319_lociStitched	chr1	6558043	6572272	4	14050	21450.2175	1213.7337	365	1
1_MACS_peak_17709_lociStitched	chr19	4275120	4289017	1	13898	22032.3038	1812.1688	366	1
6_MACS_peak_5476_lociStitched	chr1	202153034	202167642	6	13836	22659.9296	2464.3696	367	1
1_MACS_peak_25713_lociStitched	chr21	47364033	47378174	1	14142	22045.819	1865.1979	368	1
1_MACS_peak_32281_lociStitched	chr7	44267369	44280692	1	13324	21248.8527	1101.8121	369	1
5_MACS_peak_13757_lociStitched	chr17	4481653	4497181	5	14934	21382.056	1248.4512	370	1
1_MACS_peak_5213_lociStitched	chr1	155050735	155057267	1	6533	21455.0072	1354.7368	371	1
12_MACS_peak_715_lociStitched	chr1	3297253	3316788	12	17342	21254.08	1170.1465	372	1
13_MACS_peak_32518_lociStitched	chr7	100229187	100251269	13	20123	22042.2524	1960.8816	373	1
8_MACS_peak_29297_lociStitched	chr4	3820426	3839076	8	18180	21350.52	1327.88	374	1
9_MACS_peak_22185_lociStitched	chr19	55996297	56013531	9	15930	21335.692	1376.9966	375	1
6_MACS_peak_19568_lociStitched	chr19	18148765	18167894	6	18118	21845.318	1964.5483	376	1
4_MACS_peak_15230_lociStitched	chr17	48062132	48078397	4	15782	21782.088	1912.764	377	1
4_MACS_peak_24902_lociStitched	chr20	62134101	62151937	4	17512	21479.8948	1612.3744	378	1
11_MACS_peak_36964_lociStitched	chr9	137683988	137703751	11	18749	21401.3527	1537.5614	379	1
11_MACS_peak_16323_lociStitched	chr17	76604343	76623545	11	17450	21490.8784	1691.6962	380	1
2_MACS_peak_16039_lociStitched	chr17	74905891	74921145	2	14771	21221.3648	1472.011	381	1
11_MACS_peak_13474_lociStitched	chr17	724969	743865	11	17610	21276.896	1536.2448	382	1
6_MACS_peak_27044_lociStitched	chr22	42696434	42713731	6	16621	21041.8005	1352.6254	383	1
4_MACS_peak_26931_lociStitched	chr22	39222245	39239409	4	16688	21382.9112	1718.1164	384	1
8_MACS_peak_23815_lociStitched	chr20	56150582	56168924	8	17140	21318.9066	1658.1168	385	1
7_MACS_peak_36810_lociStitched	chr9	137370762	137390170	7	17923	21082.9104	1484.712	386	1
6_MACS_peak_11828_lociStitched	chr16	1476971	1492499	6	14698	20768.7	1194.1032	387	1
4_MACS_peak_32481_lociStitched	chr7	99760453	99774623	4	13639	21157.227	1650.805	388	1
2_MACS_peak_2469_lociStitched	chr1	17195059	17206045	2	10507	22309.2702	2836.5852	389	1
5_MACS_peak_32030_lociStitched	chr7	2532867	2549064	5	15600	20451.9519	1043.0868	390	1
3_MACS_peak_14442_lociStitched	chr17	34490562	34504524	3	13590	22818.0966	3417.8976	391	1
2_MACS_peak_15961_lociStitched	chr17	73606070	73619323	2	13229	20898.6557	1498.9143	392	1
2_MACS_peak_37688_lociStitched	chr9	140776295	140787567	2	10926	21151.908	1773.0856	393	1
13_MACS_peak_7144_lociStitched	chr11	1384309	1404132	13	18499	21012.38	1659.1851	394	1
10_MACS_peak_1963_lociStitched	chr1	9708182	9727501	10	17082	21229.6491	1910.6491	395	1
9_MACS_peak_30802_lociStitched	chr5	176119155	176138301	9	18216	20955.297	1656.129	396	1
10_MACS_peak_3783_lociStitched	chr1	22871019	22889628	10	16922	20860.689	1639.4529	397	1
5_MACS_peak_6426_lociStitched	chr10	104165383	104178610	5	12548	20389.4205	1170.5895	398	1
5_MACS_peak_101_lociStitched	chr1	1134233	1149803	5	14623	20335.977	1122.597	399	1
7_MACS_peak_7394_lociStitched	chr11	2208099	2226589	7	16935	21004.64	1806.473	400	1
4_MACS_peak_5273_lociStitched	chr1	156640032	156656369	4	15584	21502.7594	2306.7844	401	1
3_MACS_peak_25901_lociStitched	chr22	19749013	19762671	3	13200	20235.6928	1062.5924	402	1
11_MACS_peak_37376_lociStitched	chr9	138625860	138643957	11	16317	20295.7855	1140.111	403	1
11_MACS_peak_28771_lociStitched	chr3	50535997	50555260	11	17747	20713.5039	1587.2712	404	1
8_MACS_peak_702_lociStitched	chr1	3268427	3286002	8	16504	20383.485	1270.6725	405	1
7_MACS_peak_18639_lociStitched	chr19	11368103	11386208	7	16239	21007.2315	1904.646	406	1
2_MACS_peak_19646_lociStitched	chr19	18718059	18729098	2	11022	20015.9148	932.7955	407	1
9_MACS_peak_30132_lociStitched	chr4	8640693	8659131	9	16993	20659.779	1589.3556	408	1
12_MACS_peak_14241_lociStitched	chr17	19108493	19131451	12	21794	21626.436	2601.1414	409	1
4_MACS_peak_18270_lociStitched	chr19	7854082	7870243	4	15780	21128.8914	2113.8588	410	1
2_MACS_peak_76_lociStitched	chr1	1059506	1072483	2	12910	19819.7721	948.6187	411	1
12_MACS_peak_7462_lociStitched	chr11	2378195	2398142	12	18162	20513.4948	1651.6116	412	1
8_MACS_peak_36999_lociStitched	chr9	137818998	137837546	8	17666	20356.43	1545.0484	413	1
3_MACS_peak_2422_lociStitched	chr1	16854924	16864577	3	9333	20877.5084	2109.1805	414	1
3_MACS_peak_9609_lociStitched	chr12	3236390	3252355	3	15414	20495.867	1752.957	415	1
11_MACS_peak_36917_lociStitched	chr9	137581266	137599400	11	16560	20241.1708	1510.5622	416	1
11_MACS_peak_2736_lociStitched	chr1	17941499	17962019	11	17976	20400.984	1672.38	417	1
3_MACS_peak_25366_lociStitched	chr21	44863924	44879216	3	14790	20590.678	1874.7992	418	1
9_MACS_peak_11221_lociStitched	chr15	74559802	74578366	9	16754	20448.246	1741.3032	419	1
9_MACS_peak_24141_lociStitched	chr20	57365046	57382634	9	15986	20296.552	1618.096	420	1
7_MACS_peak_6068_lociStitched	chr10	73045021	73062836	7	16408	20330.478	1660.358	421	1
4_MACS_peak_11749_lociStitched	chr16	1091548	1106556	4	14222	19526.9088	903.4816	422	1
7_MACS_peak_26745_lociStitched	chr22	37458538	37474571	7	15455	19986.7378	1486.2591	423	1
6_MACS_peak_16831_lociStitched	chr17	79096689	79111615	6	14206	19563.5082	1080.6424	424	1
4_MACS_peak_28623_lociStitched	chr3	48616111	48632717	4	16219	20060.048	1615.7638	425	1
9_MACS_peak_26844_lociStitched	chr22	37906051	37924000	9	16416	20090.3157	1663.8723	426	1
10_MACS_peak_9831_lociStitched	chr12	52225741	52242469	10	16069	19710.6024	1408.4976	427	1
10_MACS_peak_27095_lociStitched	chr22	42812484	42831661	10	17291	20124.3438	1835.2389	428	1
3_MACS_peak_752_lociStitched	chr1	3372376	3386833	3	14406	19288.5294	1010.5443	429	1
4_MACS_peak_13598_lociStitched	chr17	1194655	1210472	4	15371	19556.1388	1281.177	430	1
4_MACS_peak_10164_lociStitched	chr12	54585399	54601721	4	15964	19973.2314	1782.3624	431	1
9_MACS_peak_36475_lociStitched	chr9	136069500	136087203	9	16653	19675.1142	1525.9986	432	1
7_MACS_peak_25409_lociStitched	chr21	45666710	45681747	7	13902	19806.7364	1660.0848	433	1
4_MACS_peak_325_lociStitched	chr1	2382272	2398879	4	16033	19232.5667	1120.9725	434	1
3_MACS_peak_14571_lociStitched	chr17	37751288	37763960	3	12558	19199.3472	1096.128	435	1
11_MACS_peak_16745_lociStitched	chr17	78150822	78169850	11	16984	19695.8828	1623.0884	436	1
2_MACS_peak_24870_lociStitched	chr20	62022376	62038437	2	16060	19082.0741	1048.7833	437	1
12_MACS_peak_29621_lociStitched	chr4	7297243	7316142	12	17153	19499.9882	1493.021	438	1
3_MACS_peak_17757_lociStitched	chr19	4772070	4787357	3	15098	19854.7556	1906.2889	439	1
3_MACS_peak_16664_lociStitched	chr17	77942983	77957753	3	14538	19245.31	1307.145	440	1
2_MACS_peak_14506_lociStitched	chr17	35287362	35299448	2	11985	19023.364	1085.3228	441	1
5_MACS_peak_21257_lociStitched	chr19	48214670	48229901	5	14553	19440.8484	1541.3772	442	1
3_MACS_peak_16606_lociStitched	chr17	77752436	77766423	3	13744	19162.19	1275.6144	443	1
4_MACS_peak_2507_lociStitched	chr1	17440173	17454349	4	13817	19103.5776	1227.6416	444	1
5_MACS_peak_35875_lociStitched	chr9	132454629	132469211	5	14175	19099.5036	1258.4266	445	1
3_MACS_peak_25490_lociStitched	chr21	45965820	45979782	3	13699	19203.3348	1387.8228	446	1
8_MACS_peak_25683_lociStitched	chr21	47024415	47041857	8	15978	19779.228	2019.7836	447	1
11_MACS_peak_12194_lociStitched	chr16	5054855	5073237	11	16440	19393.01	1698.4968	448	1
7_MACS_peak_24609_lociStitched	chr20	60472212	60487369	7	14553	18731.0206	1112.5238	449	1
10_MACS_peak_36844_lociStitched	chr9	137434952	137453241	10	16964	18898.0237	1294.8612	450	1
2_MACS_peak_25773_lociStitched	chr21	47528256	47542455	2	13811	19077.7764	1483.7955	451	1
6_MACS_peak_37350_lociStitched	chr9	138577953	138593205	6	14985	18378.66	855.6372	452	1
8_MACS_peak_19587_lociStitched	chr19	18345138	18361898	8	16046	18982.376	1500.02	453	1
7_MACS_peak_13934_lociStitched	chr17	7164618	7181266	7	15664	18985.3792	1613.1912	454	1
7_MACS_peak_11966_lociStitched	chr16	3054903	3069641	7	13759	18543.3516	1209.9898	455	1
9_MACS_peak_32076_lociStitched	chr7	2716104	2731673	9	14321	18818.2503	1507.0792	456	1
4_MACS_peak_17255_lociStitched	chr19	1230886	1240583	4	9265	18428.1788	1196.6098	457	1
13_MACS_peak_29205_lociStitched	chr4	3626638	3643822	13	15078	18835.3824	1622.1696	458	1
7_MACS_peak_15164_lociStitched	chr17	47554402	47569602	7	14851	18805.44	1594.48	459	1
3_MACS_peak_16965_lociStitched	chr17	81012401	81026039	3	13237	18336.291	1130.5902	460	1
7_MACS_peak_15044_lociStitched	chr17	45942114	45959807	7	16606	18651.9606	1484.4427	461	1
4_MACS_peak_16618_lociStitched	chr17	77813617	77826775	4	12343	18308.0412	1157.904	462	1
7_MACS_peak_33676_lociStitched	chr7	157634630	157650403	7	14764	19042.7429	1894.3373	463	1
2_MACS_peak_11645_lociStitched	chr16	821000	834136	2	12878	18131.6208	1015.4128	464	1
1_MACS_peak_27065_lociStitched	chr22	42751391	42765351	1	13961	18323.896	1214.52	465	1
11_MACS_peak_14217_lociStitched	chr17	19053348	19073187	11	18639	18991.8747	1888.6728	466	1
8_MACS_peak_24596_lociStitched	chr20	60445543	60461308	8	14445	18150.2445	1062.561	467	1
7_MACS_peak_32673_lociStitched	chr7	100756980	100772503	7	15096	18695.9012	1609.7351	468	1
7_MACS_peak_29228_lociStitched	chr4	3676857	3693727	7	15459	18523.26	1489.621	469	1
9_MACS_peak_21493_lociStitched	chr19	49175197	49191661	9	15606	18783.7776	1751.7696	470	1
2_MACS_peak_17202_lociStitched	chr19	590879	602187	2	11264	18532.6812	1514.1412	471	1
2_MACS_peak_13942_lociStitched	chr17	7185027	7197514	2	12486	18092.4143	1081.3742	472	1
4_MACS_peak_22859_lociStitched	chr2	220419788	220434208	4	13573	18219.67	1215.606	473	1
9_MACS_peak_36623_lociStitched	chr9	136495575	136513181	9	16239	18449.3274	1463.0586	474	1
9_MACS_peak_21502_lociStitched	chr19	49192729	49209268	9	15297	18350.0205	1364.4675	475	1
4_MACS_peak_63_lociStitched	chr1	987076	1000203	4	12898	18110.0092	1126.2966	476	1
9_MACS_peak_16724_lociStitched	chr17	78080553	78097214	9	14960	18310.439	1372.8664	477	1
7_MACS_peak_2704_lociStitched	chr1	17883299	17900142	7	15739	18298.2352	1369.3359	478	1
6_MACS_peak_25467_lociStitched	chr21	45890825	45906533	6	14894	19056.9456	2159.85	479	1
7_MACS_peak_23576_lociStitched	chr20	44931300	44947875	7	15194	18433.0575	1539.8175	480	1
7_MACS_peak_26810_lociStitched	chr22	37780740	37795434	7	13916	17944.3128	1068.2538	481	1
5_MACS_peak_12415_lociStitched	chr16	30031079	30043779	5	11970	18110.2	1266.19	482	1
6_MACS_peak_16246_lociStitched	chr17	76445748	76460913	6	14173	18037.251	1222.299	483	1
4_MACS_peak_24732_lociStitched	chr20	61408551	61422166	4	13256	18091.612	1324.7395	484	1
2_MACS_peak_15055_lociStitched	chr17	46690974	46703274	2	12236	17942.01	1194.33	485	1
2_MACS_peak_36975_lociStitched	chr9	137704293	137717220	2	12883	17731.9659	994.0863	486	1
10_MACS_peak_3758_lociStitched	chr1	22701610	22720395	10	16815	18392.3935	1660.594	487	1
3_MACS_peak_26995_lociStitched	chr22	40067938	40082135	3	13919	17788.841	1120.1433	488	1
13_MACS_peak_20116_lociStitched	chr19	36287035	36304894	13	15943	18307.2609	1641.2421	489	1
4_MACS_peak_15267_lociStitched	chr17	48634119	48647691	4	13008	18015.4728	1366.7004	490	1
6_MACS_peak_35858_lociStitched	chr9	132406692	132422067	6	13812	17844.225	1240.7625	491	1
8_MACS_peak_560_lociStitched	chr1	2987472	3003410	8	14643	17488.7674	895.7156	492	1
7_MACS_peak_32726_lociStitched	chr7	100927863	100944452	7	15519	18206.4275	1637.3343	493	1
8_MACS_peak_1236_lociStitched	chr1	5892789	5909233	8	15529	17861.4728	1358.2744	494	1
7_MACS_peak_16381_lociStitched	chr17	77179432	77195002	7	14992	17852.562	1356.147	495	1
7_MACS_peak_7429_lociStitched	chr11	2305973	2320861	7	14183	17633.3472	1152.3312	496	1
3_MACS_peak_14382_lociStitched	chr17	26831260	26843210	3	11802	17531.845	1065.94	497	1
10_MACS_peak_11175_lociStitched	chr15	74473817	74490288	10	15398	17787.0329	1363.7988	498	1
3_MACS_peak_3562_lociStitched	chr1	21005687	21017247	3	11496	17691.424	1299.344	499	1
8_MACS_peak_25877_lociStitched	chr22	19690100	19705040	8	13814	17579.898	1201.176	500	1
3_MACS_peak_7191_lociStitched	chr11	1558987	1571557	3	12246	17658.336	1300.995	501	1
8_MACS_peak_11753_lociStitched	chr16	1107077	1122359	8	13860	17268.66	912.3354	502	1
2_MACS_peak_14636_lociStitched	chr17	39772388	39785727	2	13157	17582.1359	1228.5219	503	1
3_MACS_peak_36603_lociStitched	chr9	136438611	136452736	3	13863	17305.95	954.85	504	1
5_MACS_peak_764_lociStitched	chr1	3403851	3418213	5	13361	17550.364	1219.3338	505	1
6_MACS_peak_4083_lociStitched	chr1	29563031	29578067	6	14337	17749.998	1420.902	506	1
4_MACS_peak_16161_lociStitched	chr17	75892857	75907365	4	14148	17786.808	1458.054	507	1
3_MACS_peak_27089_lociStitched	chr22	42794838	42807864	3	12890	17353.2372	1065.5268	508	1
3_MACS_peak_28933_lociStitched	chr3	183945009	183956465	3	11098	17924.0576	1659.9744	509	1
4_MACS_peak_36155_lociStitched	chr9	133980457	133995463	4	14366	17653.0584	1434.5736	510	1
2_MACS_peak_37410_lociStitched	chr9	138870443	138882326	2	11846	16992.69	786.6546	511	1
8_MACS_peak_37633_lociStitched	chr9	140226405	140242309	8	14705	17573.92	1402.7328	512	1
3_MACS_peak_25633_lociStitched	chr21	46665984	46679728	3	13645	18001.8912	1833.4496	513	1
1_MACS_peak_17597_lociStitched	chr19	3440031	3450627	1	10597	17345.652	1178.2752	514	1
5_MACS_peak_592_lociStitched	chr1	3046883	3061017	5	13427	17018.7494	852.2802	515	1
5_MACS_peak_24767_lociStitched	chr20	61651358	61664987	5	13213	17040.3387	911.7801	516	1
2_MACS_peak_183_lociStitched	chr1	1886765	1900155	2	13253	17283.812	1167.608	517	1
6_MACS_peak_23369_lociStitched	chr20	34958412	34972431	6	13344	17282.6232	1230.8682	518	1
4_MACS_peak_13548_lociStitched	chr17	1026720	1038712	4	11612	17108.9864	1096.0688	519	1
6_MACS_peak_16645_lociStitched	chr17	77874528	77891195	6	15608	17465.3493	1478.3629	520	1
2_MACS_peak_28787_lociStitched	chr3	50566021	50579164	2	12959	16896.6408	921.3243	521	1
1_MACS_peak_17316_lociStitched	chr19	1790903	1801747	1	10845	17314.6148	1344.656	522	1
4_MACS_peak_3740_lociStitched	chr1	22665221	22679472	4	13959	17336.3415	1375.2215	523	1
1_MACS_peak_10486_lociStitched	chr13	114053852	114066628	1	12777	17248.8776	1289.0984	524	1
2_MACS_peak_2353_lociStitched	chr1	16383508	16396434	2	12829	17134.7056	1178.8512	525	1
5_MACS_peak_16799_lociStitched	chr17	78492739	78507011	5	13940	17279.1104	1330.1504	526	1
9_MACS_peak_7493_lociStitched	chr11	2938308	2951796	9	12087	16940.928	1030.4832	527	1
10_MACS_peak_21111_lociStitched	chr19	46964278	46980994	10	14864	17568.516	1684.9728	528	1
8_MACS_peak_20649_lociStitched	chr19	42211572	42226313	8	14093	17168.8427	1286.8893	529	1
7_MACS_peak_32054_lociStitched	chr7	2671756	2686440	7	14119	17062.808	1189.404	530	1
5_MACS_peak_7109_lociStitched	chr11	1236023	1249861	5	12764	16767.5046	917.4594	531	1
5_MACS_peak_25790_lociStitched	chr22	18760820	18774929	5	13636	18194.9664	2366.0793	532	1
1_MACS_peak_16821_lociStitched	chr17	78997052	79008365	1	11314	16880.1273	1054.3716	533	1
3_MACS_peak_37562_lociStitched	chr9	139874058	139886338	3	12127	16905.876	1085.552	534	1
3_MACS_peak_28278_lociStitched	chr22	51039478	51052220	3	11826	16838.553	1038.473	535	1
12_MACS_peak_33341_lociStitched	chr7	155622381	155638683	12	14680	17578.4466	1778.5482	536	1
8_MACS_peak_3201_lociStitched	chr1	19039831	19055373	8	14364	16752.7218	983.8086	537	1
3_MACS_peak_14070_lociStitched	chr17	7983520	7996765	3	12593	16818.501	1055.6265	538	1
12_MACS_peak_36931_lociStitched	chr9	137607893	137624164	12	14691	16848.6205	1086.9028	539	1
1_MACS_peak_18186_lociStitched	chr19	7041696	7053209	1	11514	17818.6701	2057.3731	540	1
8_MACS_peak_25497_lociStitched	chr21	45990580	46006272	8	14936	17471.4728	1727.6892	541	1
2_MACS_peak_7274_lociStitched	chr11	1797517	1809087	2	11305	16792.698	1056.341	542	1
8_MACS_peak_30249_lociStitched	chr4	8899714	8914520	8	13076	17046.1478	1328.0982	543	1
4_MACS_peak_17934_lociStitched	chr19	5553073	5566846	4	13440	17134.9893	1435.1466	544	1
4_MACS_peak_25463_lociStitched	chr21	45876596	45890207	4	13337	17228.8038	1533.9597	545	1
6_MACS_peak_18884_lociStitched	chr19	13974092	13988951	6	13833	17041.7871	1364.0562	546	1
2_MACS_peak_33_lociStitched	chr1	870237	878762	2	8447	16445.5775	795.3825	547	1
9_MACS_peak_1681_lociStitched	chr1	7690457	7706419	9	14506	16689.8672	1053.492	548	1
6_MACS_peak_3814_lociStitched	chr1	22938928	22953706	6	13938	16804.0638	1225.0962	549	1
6_MACS_peak_27207_lociStitched	chr22	43813550	43828107	6	13918	16594.98	1016.0786	550	1
4_MACS_peak_18237_lociStitched	chr19	7757421	7772241	4	14426	17532.06	1959.204	551	1
3_MACS_peak_25245_lociStitched	chr21	43763082	43774666	3	11532	17250.8928	1684.3136	552	1
9_MACS_peak_18396_lociStitched	chr19	8277444	8294403	9	15979	17555.9568	2011.3374	553	1
7_MACS_peak_16258_lociStitched	chr17	76478560	76491972	7	12695	16530.29	1076.9836	554	1
2_MACS_peak_5707_lociStitched	chr1	234912029	234921090	2	8565	18165.4928	2727.361	555	1
2_MACS_peak_30304_lociStitched	chr4	48042812	48054146	2	11129	17227.68	1799.8392	556	1
1_MACS_peak_17317_lociStitched	chr19	1802414	1812374	1	9961	16809.492	1407.348	557	1
2_MACS_peak_29121_lociStitched	chr4	1752394	1762683	2	10200	16166.0768	778.8773	558	1
6_MACS_peak_15726_lociStitched	chr17	72338648	72352843	6	13382	16534.336	1202.3165	559	1
10_MACS_peak_32696_lociStitched	chr7	100831782	100847639	10	14225	16741.8206	1435.0585	560	1
4_MACS_peak_22194_lociStitched	chr19	56015824	56027965	4	11909	16460.7678	1154.6091	561	1
2_MACS_peak_17058_lociStitched	chr18	44542071	44557724	2	15435	22283.6108	6993.7604	562	1
9_MACS_peak_14016_lociStitched	chr17	7699296	7713545	9	13328	16621.4585	1349.3803	563	1
2_MACS_peak_24778_lociStitched	chr20	61688356	61701459	2	12945	16407.5766	1156.9949	564	1
5_MACS_peak_10995_lociStitched	chr15	42157526	42170139	5	12102	16369.1514	1118.7731	565	1
12_MACS_peak_17768_lociStitched	chr19	5170199	5186047	12	14118	17103.1616	1873.2336	566	1
4_MACS_peak_9777_lociStitched	chr12	49369543	49379290	4	9279	16293.0852	1065.3471	567	1
2_MACS_peak_6404_lociStitched	chr10	102974500	102986579	2	11697	16376.7082	1180.1183	568	1
10_MACS_peak_23685_lociStitched	chr20	48966890	48982726	10	14123	16535.9512	1347.6436	569	1
8_MACS_peak_29237_lociStitched	chr4	3702373	3716724	8	13574	16108.9975	927.0746	570	1
5_MACS_peak_7184_lociStitched	chr11	1463206	1476290	5	12654	16197.992	1027.094	571	1
5_MACS_peak_24990_lociStitched	chr20	62711416	62724525	5	12467	16336.4358	1166.701	572	1
5_MACS_peak_20753_lociStitched	chr19	42497562	42511242	5	12471	16742.952	1616.976	573	1
5_MACS_peak_21539_lociStitched	chr19	49262543	49277579	5	14040	16404.276	1284.0744	574	1
2_MACS_peak_11888_lociStitched	chr16	2240097	2251164	2	10665	16192.1277	1087.8861	575	1
1_MACS_peak_32249_lociStitched	chr7	27190733	27200574	1	9842	16250.4433	1161.238	576	1
4_MACS_peak_15072_lociStitched	chr17	46822343	46833175	4	10322	16123.432	1059.3696	577	1
6_MACS_peak_28210_lociStitched	chr22	50477765	50491753	6	13305	15946.32	923.208	578	1
5_MACS_peak_35488_lociStitched	chr9	37024441	37037106	5	11697	16778.592	1765.501	579	1
4_MACS_peak_7879_lociStitched	chr11	64058003	64068824	4	10161	15873.3249	862.4337	580	1
7_MACS_peak_16563_lociStitched	chr17	77648483	77662484	7	13291	16169.7549	1169.0835	581	1
2_MACS_peak_3806_lociStitched	chr1	22915097	22926190	2	10828	15926.2201	932.9213	582	1
1_MACS_peak_25567_lociStitched	chr21	46256347	46266523	1	10177	16211.3856	1248.5952	583	1
2_MACS_peak_28666_lociStitched	chr3	50192874	50204332	2	11366	16096.1984	1146.9458	584	1
4_MACS_peak_32595_lociStitched	chr7	100416697	100430289	4	13094	15996.4248	1060.176	585	1
5_MACS_peak_26498_lociStitched	chr22	30834020	30847957	5	13685	16872.1322	1938.6367	586	1
2_MACS_peak_18182_lociStitched	chr19	7017243	7028569	2	11238	16665.0764	1746.4692	587	1
4_MACS_peak_31188_lociStitched	chr6	30408071	30418412	4	9855	16373.9394	1474.6266	588	1
2_MACS_peak_342_lociStitched	chr1	2458266	2469587	2	11024	15771.2851	915.8689	589	1
5_MACS_peak_27380_lociStitched	chr22	44752318	44767130	5	14067	15835.5092	996.8476	590	1
7_MACS_peak_31492_lociStitched	chr6	34100183	34114259	7	13048	16067.754	1233.0576	591	1
12_MACS_peak_26509_lociStitched	chr22	30863449	30881445	12	16001	16658.8972	1830.1932	592	1
6_MACS_peak_28227_lociStitched	chr22	50512528	50526186	6	12678	15941.6176	1152.7352	593	1
3_MACS_peak_19385_lociStitched	chr19	17634657	17646571	3	11794	16223.2938	1445.1682	594	1
5_MACS_peak_17194_lociStitched	chr19	545542	558217	5	12077	16262.025	1528.605	595	1
11_MACS_peak_25906_lociStitched	chr22	19975162	19990859	11	14283	15966.9884	1282.4449	596	1
8_MACS_peak_25821_lociStitched	chr22	18935258	18948257	8	12196	16027.767	1357.0956	597	1
3_MACS_peak_11732_lociStitched	chr16	1032037	1043078	3	10586	15318.2834	660.2518	598	1
5_MACS_peak_7197_lociStitched	chr11	1593766	1606907	5	12286	16016.2508	1364.0358	599	1
7_MACS_peak_11738_lociStitched	chr16	1064398	1076221	7	10537	15520.0521	873.7197	600	1
4_MACS_peak_19407_lociStitched	chr19	17703919	17716690	4	12671	15922.8828	1294.9794	601	1
1_MACS_peak_8039_lociStitched	chr11	64481274	64490271	1	8998	15352.4808	739.5534	602	1
3_MACS_peak_14379_lociStitched	chr17	26815122	26828759	3	12721	16203.4834	1592.8016	603	1
3_MACS_peak_22845_lociStitched	chr2	220307215	220318931	3	11493	15453.404	847.0668	604	1
6_MACS_peak_6387_lociStitched	chr10	102841713	102855390	6	13358	16089.6228	1512.6762	605	1
14_MACS_peak_3432_lociStitched	chr1	20679584	20696649	14	14350	15940.4165	1365.2	606	1
4_MACS_peak_3941_lociStitched	chr1	23167250	23181518	4	14212	15661.9836	1092.9288	607	1
1_MACS_peak_36107_lociStitched	chr9	133774746	133784827	1	10082	15425.9462	869.9903	608	1
4_MACS_peak_32688_lociStitched	chr7	100805827	100818181	4	11387	15869.9484	1349.0568	609	1
5_MACS_peak_31478_lociStitched	chr6	34068251	34080872	5	11838	15660.1368	1147.2489	610	1
1_MACS_peak_36189_lociStitched	chr9	134683128	134693516	1	10389	15282.8256	795.7208	611	1
6_MACS_peak_2658_lociStitched	chr1	17703778	17718039	6	13424	15746.9962	1277.7856	612	1
6_MACS_peak_11697_lociStitched	chr16	965049	978403	6	13076	15208.8706	742.4824	613	1
7_MACS_peak_17344_lociStitched	chr19	2715800	2729107	7	12042	15768.795	1305.4167	614	1
3_MACS_peak_9692_lociStitched	chr12	3411753	3423562	3	11425	15398.936	957.7099	615	1
7_MACS_peak_35230_lociStitched	chr8	144474576	144487564	7	11590	15677.8148	1239.0552	616	1
5_MACS_peak_15175_lociStitched	chr17	47594885	47607403	5	12072	15648.7518	1230.5194	617	1
6_MACS_peak_21222_lociStitched	chr19	47964658	47978679	6	13246	15587.1457	1172.1556	618	1
4_MACS_peak_9318_lociStitched	chr11	119210145	119222051	4	11412	15526.6146	1163.2162	619	1
10_MACS_peak_12345_lociStitched	chr16	29263158	29278508	10	14042	15392.98	1036.125	620	1
8_MACS_peak_37278_lociStitched	chr9	138348349	138365248	8	15528	15901.959	1553.0181	621	1
3_MACS_peak_9273_lociStitched	chr11	118019877	118031505	3	11076	15579.1944	1232.568	622	1
7_MACS_peak_15771_lociStitched	chr17	72417440	72431029	7	12586	15322.9564	991.997	623	1
5_MACS_peak_8096_lociStitched	chr11	66129820	66141752	5	11200	15136.9352	830.4672	624	1
7_MACS_peak_332_lociStitched	chr1	2416283	2429836	7	12386	15206.466	908.051	625	1
2_MACS_peak_37444_lociStitched	chr9	138947349	138958377	2	11021	15135.93	842.5392	626	1
6_MACS_peak_29128_lociStitched	chr4	1795754	1807838	6	10795	15061.4976	770.9592	627	1
1_MACS_peak_32873_lociStitched	chr7	102158382	102167477	1	9096	16980.365	2697.577	628	1
1_MACS_peak_24783_lociStitched	chr20	61713190	61724799	1	11610	15276.2831	994.8913	629	1
4_MACS_peak_17992_lociStitched	chr19	5875240	5888229	4	12570	16163.5116	1886.0028	630	1
5_MACS_peak_25177_lociStitched	chr21	43100452	43113649	5	12564	16138.6113	1864.7361	631	1
5_MACS_peak_17929_lociStitched	chr19	5540525	5552335	5	11390	15695.49	1427.829	632	1
9_MACS_peak_462_lociStitched	chr1	2789048	2803233	9	12559	15186.461	940.4655	633	1
1_MACS_peak_32875_lociStitched	chr7	102257361	102266408	1	9048	16976.6955	2774.7149	634	1
3_MACS_peak_17599_lociStitched	chr19	3452243	3464563	3	12005	15844.752	1664.432	635	1
5_MACS_peak_34300_lociStitched	chr8	22010916	22022067	5	10772	15193.2375	1020.3165	636	1
9_MACS_peak_19851_lociStitched	chr19	33699089	33713048	9	12794	15317.2107	1150.2216	637	1
2_MACS_peak_11939_lociStitched	chr16	2873347	2884187	2	10411	15210.688	1043.892	638	1
7_MACS_peak_11854_lociStitched	chr16	1962331	1975606	7	12153	15264.9225	1127.0475	639	1
2_MACS_peak_25113_lociStitched	chr21	38072105	38082066	2	9860	15275.1935	1142.5267	640	1
8_MACS_peak_32654_lociStitched	chr7	100703311	100717741	8	12557	15349.191	1239.537	641	1
5_MACS_peak_15800_lociStitched	chr17	72516581	72530203	5	12713	15511.3714	1405.7904	642	1
4_MACS_peak_37611_lociStitched	chr9	140120415	140130622	4	9501	14937.9445	835.9533	643	1
4_MACS_peak_5488_lociStitched	chr1	202177963	202189042	4	10267	15890.6097	1809.2007	644	1
5_MACS_peak_139_lociStitched	chr1	1383510	1396395	5	12176	15053.5455	983.1255	645	1
2_MACS_peak_16349_lociStitched	chr17	77037713	77047748	2	9595	15306.3855	1246.347	646	1
4_MACS_peak_30911_lociStitched	chr5	176888373	176900221	4	11220	15127.5264	1112.5272	647	1
1_MACS_peak_25174_lociStitched	chr21	43079550	43091128	1	11579	15580.5146	1566.5034	648	1
9_MACS_peak_16588_lociStitched	chr17	77716367	77729899	9	12468	15040.818	1027.0788	649	1
5_MACS_peak_7972_lociStitched	chr11	64321125	64333193	5	11550	15007.7648	1013.712	650	1
3_MACS_peak_1992_lociStitched	chr1	10710629	10720660	3	9702	14625.198	631.953	651	1
6_MACS_peak_11763_lociStitched	chr16	1126776	1140523	6	13353	14826.1395	850.9393	652	1
1_MACS_peak_11735_lociStitched	chr16	1044672	1054543	1	9872	14717.661	755.1315	653	1
5_MACS_peak_27247_lociStitched	chr22	44231123	44243714	5	12380	15081.4998	1126.8945	654	1
9_MACS_peak_150_lociStitched	chr1	1520092	1534296	9	12898	15289.1856	1343.6984	655	1
8_MACS_peak_24090_lociStitched	chr20	57187621	57202068	8	12832	15102.8938	1186.0987	656	1
8_MACS_peak_31338_lociStitched	chr6	33762696	33777787	8	13949	15109.1092	1196.7163	657	1
2_MACS_peak_25768_lociStitched	chr21	47495131	47505716	2	10569	15270.9795	1363.348	658	1
2_MACS_peak_18363_lociStitched	chr19	8204934	8214177	2	9082	14929.2936	1025.0487	659	1
2_MACS_peak_5288_lociStitched	chr1	156826022	156836171	2	10146	15641.6388	1745.628	660	1
8_MACS_peak_22212_lociStitched	chr19	56055726	56069968	8	13110	15130.7008	1251.8718	661	1
4_MACS_peak_7304_lociStitched	chr11	1921638	1932955	4	10796	14962.2057	1102.2758	662	1
9_MACS_peak_3284_lociStitched	chr1	19353597	19367017	9	12228	15110.92	1264.164	663	1
7_MACS_peak_13398_lociStitched	chr17	149110	159458	7	9015	14853.5192	1016.1736	664	1
1_MACS_peak_25657_lociStitched	chr21	46910317	46920107	1	9791	14877.863	1074.942	665	1
9_MACS_peak_22144_lociStitched	chr19	55873108	55885341	9	10865	14606.202	804.9314	666	1
3_MACS_peak_10395_lociStitched	chr13	113677284	113686795	3	9339	14542.319	771.3421	667	1
6_MACS_peak_51_lociStitched	chr1	955528	968502	6	11948	14882.4754	1115.764	668	1
5_MACS_peak_6541_lociStitched	chr10	126736759	126751021	5	13904	15321.6666	1564.5414	669	1
4_MACS_peak_19642_lociStitched	chr19	18705748	18717256	4	10821	14807.3436	1055.2836	670	1
6_MACS_peak_27921_lociStitched	chr22	46273188	46284817	6	10712	14594.395	850.0799	671	1
7_MACS_peak_28709_lociStitched	chr3	50421148	50434805	7	13141	14821.9421	1113.0455	672	1
5_MACS_peak_31802_lociStitched	chr7	1248236	1261788	5	12650	14775.7456	1078.7392	673	1
10_MACS_peak_15737_lociStitched	chr17	72361346	72375639	10	12968	15081.9736	1387.8503	674	1
5_MACS_peak_11421_lociStitched	chr15	78180382	78192608	5	11714	14791.0148	1106.453	675	1
3_MACS_peak_177_lociStitched	chr1	1867855	1879669	3	11455	14605.6482	930.9432	676	1
7_MACS_peak_18716_lociStitched	chr19	12944651	12955741	7	10250	14889.434	1246.516	677	1
3_MACS_peak_16603_lociStitched	chr17	77740200	77751593	3	11304	14792.6712	1155.2502	678	1
5_MACS_peak_17821_lociStitched	chr19	5275034	5287228	5	11888	15018.1304	1381.5802	679	1
7_MACS_peak_37451_lociStitched	chr9	138987657	138999493	7	10876	14676.64	1048.6696	680	1
4_MACS_peak_26078_lociStitched	chr22	21563568	21577070	4	13254	15771.6862	2167.071	681	1
12_MACS_peak_8437_lociStitched	chr11	69531654	69546379	12	13717	14682.2975	1085.2325	682	1
4_MACS_peak_20579_lociStitched	chr19	41695105	41708358	4	12759	14819.5046	1233.8543	683	1
9_MACS_peak_11703_lociStitched	chr16	978924	992500	9	12448	14603.7032	1022.2728	684	1
7_MACS_peak_21447_lociStitched	chr19	49051440	49064436	7	11889	14788.1484	1213.8264	685	1
3_MACS_peak_16841_lociStitched	chr17	79148817	79159592	3	10476	14531.165	957.8975	686	1
5_MACS_peak_16794_lociStitched	chr17	78478446	78491756	5	12760	14627.69	1058.145	687	1
3_MACS_peak_36097_lociStitched	chr9	133536320	133545042	3	8472	14149.7006	586.1184	688	1
2_MACS_peak_16211_lociStitched	chr17	76311042	76322883	2	11811	14861.6391	1327.3761	689	1
8_MACS_peak_10421_lociStitched	chr13	113740317	113752674	8	11501	14287.1634	769.8411	690	1
5_MACS_peak_7099_lociStitched	chr11	1150065	1160856	5	10104	14250.5946	744.579	691	1
2_MACS_peak_17142_lociStitched	chr19	365970	376582	2	10408	14604.2344	1111.0764	692	1
9_MACS_peak_2748_lociStitched	chr1	17964220	17979065	9	13362	14752.961	1264.794	693	1
2_MACS_peak_33338_lociStitched	chr7	155608037	155620123	2	11751	15032.5668	1560.3026	694	1
5_MACS_peak_586_lociStitched	chr1	3030968	3044681	5	13223	14331.4563	872.1468	695	1
6_MACS_peak_23126_lociStitched	chr20	3651239	3663734	6	11346	14577.9165	1125.7995	696	1
1_MACS_peak_5347_lociStitched	chr1	158145407	158153534	1	8128	15203.9916	1768.4352	697	1
7_MACS_peak_31913_lociStitched	chr7	1462390	1475587	7	11905	14483.7075	1072.9161	698	1
9_MACS_peak_2677_lociStitched	chr1	17840778	17855807	9	13664	14647.2634	1257.9273	699	1
4_MACS_peak_20869_lociStitched	chr19	45377275	45389473	4	11300	14380.2222	1009.9944	700	1
5_MACS_peak_15240_lociStitched	chr17	48262975	48275035	5	11823	14394.816	1046.808	701	1
11_MACS_peak_9667_lociStitched	chr12	3350793	3365270	11	13203	14393.0334	1049.5825	702	1
3_MACS_peak_33335_lociStitched	chr7	155597271	155607432	3	9960	14470.2801	1126.8549	703	1
3_MACS_peak_293_lociStitched	chr1	2144172	2156922	3	12473	14542.65	1203.6	704	1
5_MACS_peak_8016_lociStitched	chr11	64425823	64438632	5	11938	14399.8778	1082.3605	705	1
7_MACS_peak_17144_lociStitched	chr19	377935	392119	7	13064	15166.9512	1863.7776	706	1
4_MACS_peak_741_lociStitched	chr1	3344034	3356546	4	12328	14167.3376	864.5792	707	1
7_MACS_peak_22869_lociStitched	chr2	220493318	220506942	7	12805	14480.9496	1209.8112	708	1
4_MACS_peak_32580_lociStitched	chr7	100382067	100394247	4	11756	14265.216	1004.85	709	1
2_MACS_peak_13972_lociStitched	chr17	7341834	7353165	2	10934	14304.2544	1050.3837	710	1
7_MACS_peak_2630_lociStitched	chr1	17655762	17669223	7	12524	14458.4601	1215.5283	711	1
2_MACS_peak_5406_lociStitched	chr1	197879107	197889357	2	10032	15062.375	1836.8	712	1
4_MACS_peak_34291_lociStitched	chr8	21980413	21991073	4	10356	14172.47	960.466	713	1
9_MACS_peak_27691_lociStitched	chr22	45326415	45338849	9	11380	14052.9068	871.6234	714	1
4_MACS_peak_37458_lociStitched	chr9	139014115	139024488	4	10083	14024.296	844.3622	715	1
7_MACS_peak_35923_lociStitched	chr9	132915766	132928246	7	11682	14225.952	1057.056	716	1
4_MACS_peak_26977_lociStitched	chr22	40037045	40047920	4	10014	13842.7875	692.7375	717	1
7_MACS_peak_22779_lociStitched	chr2	219717732	219728953	7	10353	14188.9545	1080.5823	718	1
7_MACS_peak_7990_lociStitched	chr11	64364973	64378030	7	11918	13910.9278	817.3682	719	1
5_MACS_peak_16762_lociStitched	chr17	78397157	78408891	5	11039	14389.4042	1313.0346	720	1
6_MACS_peak_13927_lociStitched	chr17	7104536	7116729	6	11317	14403.5909	1327.8177	721	1
3_MACS_peak_19633_lociStitched	chr19	18521644	18530083	3	8136	13966.545	931.6656	722	1
6_MACS_peak_16415_lociStitched	chr17	77273481	77285244	6	11267	13822.7013	806.9418	723	1
3_MACS_peak_16265_lociStitched	chr17	76492787	76504888	3	12058	14089.1943	1096.3506	724	1
4_MACS_peak_17945_lociStitched	chr19	5738231	5750817	4	12038	14806.1704	1827.4872	725	1
2_MACS_peak_35244_lociStitched	chr8	144500900	144510442	2	9462	13886.4726	927.4824	726	1
3_MACS_peak_26998_lociStitched	chr22	40082860	40093958	3	10790	13994.578	1066.5178	727	1
4_MACS_peak_13535_lociStitched	chr17	870366	882194	4	11010	13955.8572	1036.1328	728	1
5_MACS_peak_7441_lociStitched	chr11	2329985	2342236	5	11158	13835.0543	937.2015	729	1
2_MACS_peak_3297_lociStitched	chr1	19376500	19386492	2	9890	13884.8832	987.2096	730	1
1_MACS_peak_19531_lociStitched	chr19	18059449	18066356	1	6908	13597.8109	736.9769	731	1
4_MACS_peak_5592_lociStitched	chr1	205490032	205501659	4	10672	14760.4765	1919.6177	732	1
5_MACS_peak_13587_lociStitched	chr17	1157419	1171046	5	12932	14229.3134	1402.2183	733	1
7_MACS_peak_24490_lociStitched	chr20	60270375	60284307	7	12656	13869.306	1050.4728	734	1
6_MACS_peak_36979_lociStitched	chr9	137770063	137782416	6	11449	13650.065	832.5922	735	1
4_MACS_peak_232_lociStitched	chr1	2013624	2025285	4	11204	13593.2277	777.7887	736	1
6_MACS_peak_7114_lociStitched	chr11	1250399	1262150	6	11229	13580.6307	827.2704	737	1
1_MACS_peak_33241_lociStitched	chr7	155169688	155180014	1	10327	14207.5434	1462.1616	738	1
6_MACS_peak_2723_lociStitched	chr1	17915986	17929467	6	12510	13799.1516	1062.3028	739	1
7_MACS_peak_14964_lociStitched	chr17	43897002	43909583	7	12102	13769.9045	1041.7068	740	1
7_MACS_peak_28381_lociStitched	chr3	13552267	13564025	7	10391	13726.2892	1007.6606	741	1
2_MACS_peak_16228_lociStitched	chr17	76357244	76367041	2	9675	13515.9412	811.1916	742	1
5_MACS_peak_32511_lociStitched	chr7	100212889	100225239	5	11258	13907.335	1207.83	743	1
6_MACS_peak_31122_lociStitched	chr6	2632206	2644695	6	12018	14386.0791	1687.2639	744	1
3_MACS_peak_18295_lociStitched	chr19	7949713	7959723	3	9927	13923.91	1226.225	745	1
6_MACS_peak_6445_lociStitched	chr10	114741920	114755126	6	12423	13993.0776	1303.4322	746	1
9_MACS_peak_3505_lociStitched	chr1	20799001	20811968	9	11329	13800.7781	1119.0521	747	1
7_MACS_peak_17546_lociStitched	chr19	3286925	3298251	7	10315	13764.4878	1089.5612	748	1
7_MACS_peak_28220_lociStitched	chr22	50498603	50511549	7	12180	13603.6568	948.9418	749	1
4_MACS_peak_27960_lociStitched	chr22	46390708	46402526	4	11177	13596.609	959.6216	750	1
3_MACS_peak_18648_lociStitched	chr19	11391816	11403477	3	11477	13990.8678	1355.0082	751	1
6_MACS_peak_35695_lociStitched	chr9	129428897	129441078	6	11541	13726.7689	1096.29	752	1
3_MACS_peak_35467_lociStitched	chr9	34622361	34632037	3	9532	13567.6872	947.2804	753	1
3_MACS_peak_17960_lociStitched	chr19	5769218	5779794	3	10120	14137.9968	1531.4048	754	1
7_MACS_peak_36013_lociStitched	chr9	133272260	133284350	7	11471	13517.829	927.303	755	1
6_MACS_peak_9571_lociStitched	chr12	1928123	1940907	6	11600	13712.1184	1122.4352	756	1
1_MACS_peak_25430_lociStitched	chr21	45761572	45769945	1	8374	13518.2085	966.2442	757	1
12_MACS_peak_36515_lociStitched	chr9	136146807	136161285	12	12385	13652.754	1145.2098	758	1
5_MACS_peak_3243_lociStitched	chr1	19135481	19148742	5	12348	13768.8963	1266.4255	759	1
4_MACS_peak_31946_lociStitched	chr7	1622566	1633461	4	10485	13458.5935	968.5655	760	1
3_MACS_peak_17816_lociStitched	chr19	5259410	5270252	3	10504	13848.4866	1359.5868	761	1
9_MACS_peak_2147_lociStitched	chr1	11435243	11449188	9	12767	13781.8435	1295.4905	762	1
4_MACS_peak_3637_lociStitched	chr1	21950686	21963398	4	12499	13853.5376	1375.4384	763	1
5_MACS_peak_16578_lociStitched	chr17	77686865	77698617	5	11366	13334.9944	859.0712	764	1
6_MACS_peak_5255_lociStitched	chr1	156368816	156381486	6	11582	14026.957	1557.143	765	1
3_MACS_peak_1989_lociStitched	chr1	10699938	10710021	3	9973	13325.6928	856.0467	766	1
2_MACS_peak_14394_lociStitched	chr17	26857757	26867420	2	9604	13728.2241	1264.8867	767	1
5_MACS_peak_14200_lociStitched	chr17	18982506	18995411	5	12415	13804.4785	1355.025	768	1
3_MACS_peak_22852_lociStitched	chr2	220328500	220340590	3	11485	13372.749	933.348	769	1
2_MACS_peak_25722_lociStitched	chr21	47390529	47397744	2	6933	13520.1885	1101.7305	770	1
6_MACS_peak_17791_lociStitched	chr19	5210366	5222442	6	11799	14019.0284	1612.146	771	1
7_MACS_peak_25054_lociStitched	chr20	62868016	62880605	7	11902	13470.23	1071.3239	772	1
7_MACS_peak_17156_lociStitched	chr19	413481	426153	7	11436	13614.7968	1226.6496	773	1
7_MACS_peak_5185_lociStitched	chr1	151680587	151692252	7	10665	13772.8655	1392.801	774	1
1_MACS_peak_12554_lociStitched	chr16	56665374	56674124	1	8751	13251	878.5	775	1
5_MACS_peak_7215_lociStitched	chr11	1624728	1635788	5	9901	13671.266	1310.61	776	1
4_MACS_peak_32211_lociStitched	chr7	5629393	5640161	4	9806	13498.7648	1146.792	777	1
1_MACS_peak_28_lociStitched	chr1	829580	839650	1	10071	13319.589	975.783	778	1
5_MACS_peak_32504_lociStitched	chr7	100196570	100208101	5	10839	13576.5994	1233.817	779	1
8_MACS_peak_3843_lociStitched	chr1	22990179	23004614	8	13107	13684.38	1343.8985	780	1
4_MACS_peak_280_lociStitched	chr1	2101314	2112518	4	10572	13386.5392	1053.176	781	1
4_MACS_peak_26608_lociStitched	chr22	37000519	37011704	4	10667	13159.1525	870.193	782	1
6_MACS_peak_16862_lociStitched	chr17	79322257	79334816	6	11635	13217.0916	929.366	783	1
2_MACS_peak_15063_lociStitched	chr17	46799471	46808122	2	8590	13486.909	1232.7675	784	1
1_MACS_peak_25777_lociStitched	chr21	47555933	47562645	1	6713	13043.4296	799.3992	785	1
3_MACS_peak_13989_lociStitched	chr17	7635982	7646046	3	9913	13178.808	935.952	786	1
2_MACS_peak_18424_lociStitched	chr19	8400686	8410127	2	9438	13654.5183	1428.4233	787	1
5_MACS_peak_17648_lociStitched	chr19	3786691	3797339	5	9859	13478.2384	1254.3344	788	1
4_MACS_peak_28734_lociStitched	chr3	50473100	50485881	4	12072	13275.6247	1056.9887	789	1
4_MACS_peak_20903_lociStitched	chr19	45738117	45749731	4	11372	13251.574	1035.9688	790	1
10_MACS_peak_15198_lociStitched	chr17	47937277	47950473	10	12026	13572.086	1378.982	791	1
9_MACS_peak_6873_lociStitched	chr10	135009697	135023513	9	12029	12989.8032	810.9992	792	1
3_MACS_peak_32039_lociStitched	chr7	2559856	2569172	3	8906	12875.6436	715.4688	793	1
4_MACS_peak_11461_lociStitched	chr15	79056229	79068170	4	11306	13201.9696	1060.3608	794	1
1_MACS_peak_5252_lociStitched	chr1	156355362	156363634	1	8273	13349.3536	1225.9104	795	1
2_MACS_peak_5285_lociStitched	chr1	156809924	156818853	2	8912	13355.9982	1259.8819	796	1
3_MACS_peak_24980_lociStitched	chr20	62670607	62679904	3	8890	12872.6262	778.1589	797	1
3_MACS_peak_5293_lociStitched	chr1	156842775	156852051	3	9217	13148.73	1056.5364	798	1
6_MACS_peak_14527_lociStitched	chr17	36698124	36708680	6	9886	12947.9896	862.4252	799	1
11_MACS_peak_37735_lociStitched	chr9	140935080	140947581	11	10700	13173.5538	1088.8371	800	1
2_MACS_peak_7658_lociStitched	chr11	46403530	46413021	2	9297	12995.0772	917.7797	801	1
3_MACS_peak_29169_lociStitched	chr4	3458340	3468728	3	10099	12883.1976	817.5356	802	1
6_MACS_peak_14152_lociStitched	chr17	16735042	16748096	6	12293	13568.3276	1529.9288	803	1
2_MACS_peak_7401_lociStitched	chr11	2227296	2236966	2	9409	12829.189	840.323	804	1
4_MACS_peak_25266_lociStitched	chr21	43831564	43841661	4	9649	13530.9897	1562.0059	805	1
1_MACS_peak_16041_lociStitched	chr17	74921770	74931454	1	9685	12911.6772	943.2216	806	1
2_MACS_peak_29165_lociStitched	chr4	3445174	3454496	2	9075	12600.5474	642.2858	807	1
1_MACS_peak_36139_lociStitched	chr9	133923363	133933316	1	9954	12849.323	910.6995	808	1
4_MACS_peak_31785_lociStitched	chr7	1018113	1027446	4	8951	12426.8895	501.1821	809	1
8_MACS_peak_37156_lociStitched	chr9	138129325	138141961	8	11832	12718.134	802.386	810	1
6_MACS_peak_7722_lociStitched	chr11	61314966	61325775	6	10334	12787.047	872.2863	811	1
1_MACS_peak_6397_lociStitched	chr10	102888610	102897256	1	8647	12688.8696	779.0046	812	1
2_MACS_peak_7374_lociStitched	chr11	2149788	2159240	2	9075	12481.366	578.4624	813	1
5_MACS_peak_14330_lociStitched	chr17	21313440	21324571	5	10607	13402.8371	1506.0243	814	1
6_MACS_peak_29317_lociStitched	chr4	3874083	3886432	6	11460	13198.6112	1305.2893	815	1
9_MACS_peak_10368_lociStitched	chr13	113606100	113618419	9	11416	13080.3142	1201.1025	816	1
5_MACS_peak_21160_lociStitched	chr19	47154412	47164449	5	9577	12844.3489	1009.7222	817	1
3_MACS_peak_5663_lociStitched	chr1	228192443	228203109	3	10317	13106.3808	1298.0522	818	1
1_MACS_peak_27136_lociStitched	chr22	42948293	42956724	1	8432	12808.3752	1000.7597	819	1
5_MACS_peak_1195_lociStitched	chr1	5807932	5818618	5	10332	12538.9524	737.334	820	1
3_MACS_peak_26679_lociStitched	chr22	37118188	37129662	3	10993	13019.5478	1221.981	821	1
7_MACS_peak_24983_lociStitched	chr20	62681299	62692409	7	9396	12946.483	1170.994	822	1
