#KMS11_H3K27ac_peaks Enhancers
#Created from /data/projects/IRF4_mm_trn_data/myeloma_public_data/rose/KMS11_H3K27ac_ROSE/KMS11_H3K27ac_peaks_6KB_STITCHED_ENHANCER_REGION_MAP.txt
#Ranked by KMS11_jia.bam
#Using cutoff of 16929.225 for Super-Enhancers
#Created on Jul 16 2024 
REGION_ID	CHROM	START	STOP	NUM_LOCI	CONSTITUENT_SIZE	KMS11_jia.bam	enhancerRank	isSuper
2_MACS_peak_1786_lociStitched	chr1	156448454	156479816	2	30992	225345.3786	1	1
2_MACS_peak_8249_lociStitched	chr14	106023223	106057942	2	34658	197134.482	2	1
4_MACS_peak_14324_lociStitched	chr2	37535738	37593688	4	54438	178138.3	3	1
4_MACS_peak_19194_lociStitched	chr3	141079286	141132445	4	49125	175637.336	4	1
6_MACS_peak_1715_lociStitched	chr1	154907544	154958197	6	36669	169515.3298	5	1
4_MACS_peak_22697_lociStitched	chr6	289817	340337	4	43704	166296.684	6	1
1_MACS_peak_20241_lociStitched	chr4	71523399	71556279	1	32881	152651.976	7	1
4_MACS_peak_8251_lociStitched	chr14	106144088	106176079	4	30532	144141.8487	8	1
4_MACS_peak_1574_lociStitched	chr1	149800608	149835678	4	31528	142426.284	9	1
6_MACS_peak_11085_lociStitched	chr17	37909357	37958427	6	39926	134113.217	10	1
2_MACS_peak_14906_lociStitched	chr2	89130691	89160504	2	29623	124961.1895	11	1
3_MACS_peak_16372_lociStitched	chr20	30277214	30312075	3	33654	116536.8369	12	1
1_MACS_peak_20469_lociStitched	chr4	90210361	90230191	1	19831	110982.561	13	1
8_MACS_peak_2314_lociStitched	chr1	203236440	203281478	8	31357	103862.1318	14	1
1_MACS_peak_16784_lociStitched	chr20	52192074	52216221	1	24148	103856.247	15	1
2_MACS_peak_1598_lociStitched	chr1	150532329	150553271	2	18126	101451.4248	16	1
3_MACS_peak_21585_lociStitched	chr5	55435960	55473481	3	34980	101438.0235	17	1
2_MACS_peak_11286_lociStitched	chr17	43297162	43315032	2	14022	95027.299	18	1
1_MACS_peak_26930_lociStitched	chr8	120914901	120950931	1	36031	94730.076	19	1
3_MACS_peak_22809_lociStitched	chr6	7893934	7921051	3	26013	92848.608	20	1
3_MACS_peak_25402_lociStitched	chr7	102062115	102093268	3	26709	91057.1037	21	1
1_MACS_peak_1792_lociStitched	chr1	156626830	156638747	1	11918	90999.4037	22	1
4_MACS_peak_26836_lociStitched	chr8	103793372	103828747	4	27401	89431.5375	23	1
2_MACS_peak_1799_lociStitched	chr1	156708869	156723196	2	13494	89307.3545	24	1
9_MACS_peak_17765_lociStitched	chr22	39822916	39871639	9	39437	88822.029	25	1
7_MACS_peak_5819_lociStitched	chr12	48191002	48227734	7	28306	87940.0812	26	1
2_MACS_peak_2387_lociStitched	chr1	206727293	206750506	2	20095	85948.4538	27	1
1_MACS_peak_23817_lociStitched	chr6	106531150	106556885	1	25736	85877.695	28	1
1_MACS_peak_5546_lociStitched	chr12	12865982	12880738	1	14757	85035.8768	29	1
5_MACS_peak_11509_lociStitched	chr17	56401711	56431001	5	20648	84686.177	30	1
5_MACS_peak_1955_lociStitched	chr1	167502308	167535359	5	25092	84151.1511	31	1
3_MACS_peak_14138_lociStitched	chr2	20397914	20426441	3	23126	82796.7648	32	1
2_MACS_peak_25178_lociStitched	chr7	81418075	81443129	2	22655	81235.0896	33	1
6_MACS_peak_12155_lociStitched	chr18	20800136	20848386	6	33534	78859.8	34	1
4_MACS_peak_29561_lociStitched	chrX	153232396	153255894	4	16550	78290.6364	35	1
2_MACS_peak_8348_lociStitched	chr15	31545353	31562412	2	16029	75226.7782	36	1
2_MACS_peak_28346_lociStitched	chr9	132244248	132261063	2	15734	74631.696	37	1
2_MACS_peak_1721_lociStitched	chr1	154966166	154979573	2	11549	74571.0747	38	1
1_MACS_peak_1763_lociStitched	chr1	155943492	155954487	1	10996	74287.7175	39	1
3_MACS_peak_10974_lociStitched	chr17	32688735	32721710	3	29726	73916.76	40	1
5_MACS_peak_24677_lociStitched	chr7	29677592	29726602	5	31556	73828.664	41	1
7_MACS_peak_9205_lociStitched	chr15	93346261	93389674	7	24667	73068.4203	42	1
1_MACS_peak_21218_lociStitched	chr5	1310410	1321755	1	11346	72470.7255	43	1
1_MACS_peak_17724_lociStitched	chr22	38782066	38798378	1	16313	72095.7776	44	1
5_MACS_peak_8084_lociStitched	chr14	95944624	95987294	5	29810	70516.442	45	1
3_MACS_peak_25880_lociStitched	chr7	150062712	150086725	3	22255	70312.4653	46	1
1_MACS_peak_24609_lociStitched	chr7	23504539	23519666	1	15128	68867.1802	47	1
5_MACS_peak_13550_lociStitched	chr19	45240478	45274734	5	21634	68275.6336	48	1
2_MACS_peak_15914_lociStitched	chr2	219741463	219763269	2	19012	67879.8974	49	1
6_MACS_peak_1724_lociStitched	chr1	155021944	155059552	6	23704	67393.536	50	1
1_MACS_peak_2144_lociStitched	chr1	184709295	184725442	1	16148	66824.3595	51	1
1_MACS_peak_17427_lociStitched	chr22	23265273	23286741	1	21469	66114.9996	52	1
1_MACS_peak_2322_lociStitched	chr1	203288136	203299829	1	11694	65525.2334	53	1
1_MACS_peak_21090_lociStitched	chr4	185200369	185211171	1	10803	65185.7492	54	1
5_MACS_peak_17217_lociStitched	chr21	44829754	44860250	5	22581	64587.4784	55	1
5_MACS_peak_28152_lociStitched	chr9	123630126	123667712	5	23789	63381.2718	56	1
5_MACS_peak_23717_lociStitched	chr6	90055962	90085915	5	21004	63140.924	57	1
1_MACS_peak_3015_lociStitched	chr10	15824877	15838265	1	13389	63102.9992	58	1
9_MACS_peak_17417_lociStitched	chr22	23189886	23247650	9	39813	61969.2192	59	1
5_MACS_peak_23494_lociStitched	chr6	52392254	52424802	5	27288	59920.868	60	1
4_MACS_peak_11544_lociStitched	chr17	57902417	57931578	4	25798	58686.5125	61	1
3_MACS_peak_10721_lociStitched	chr17	16872088	16895546	3	18296	58675.4954	62	1
1_MACS_peak_2432_lociStitched	chr1	209274225	209286359	1	12135	58288.0958	63	1
5_MACS_peak_16428_lociStitched	chr20	32250409	32275094	5	20284	58064.057	64	1
7_MACS_peak_5447_lociStitched	chr12	7045895	7081108	7	23547	58027.5027	65	1
4_MACS_peak_11116_lociStitched	chr17	38462394	38487512	4	23002	57831.6832	66	1
4_MACS_peak_23855_lociStitched	chr6	108897191	108933104	4	28970	56864.6442	67	1
4_MACS_peak_28364_lociStitched	chr9	132646047	132673963	4	22112	56314.9468	68	1
3_MACS_peak_12304_lociStitched	chr18	46439317	46462721	3	22380	56171.9404	69	1
3_MACS_peak_23028_lociStitched	chr6	27093841	27116244	3	20395	55463.1071	70	1
4_MACS_peak_11868_lociStitched	chr17	76711393	76746415	4	25009	55250.7072	71	1
7_MACS_peak_16346_lociStitched	chr20	25261081	25300763	7	22122	55114.3298	72	1
1_MACS_peak_20539_lociStitched	chr4	105405251	105418032	1	12782	55009.424	73	1
3_MACS_peak_5948_lociStitched	chr12	53582728	53605672	3	19759	54849.9264	74	1
3_MACS_peak_16447_lociStitched	chr20	32461208	32477563	3	14074	54751.6335	75	1
1_MACS_peak_2736_lociStitched	chr1	234733776	234749920	1	16145	54561.8768	76	1
3_MACS_peak_10750_lociStitched	chr17	17720928	17744817	3	22879	54502.7535	77	1
1_MACS_peak_5390_lociStitched	chr12	4377065	4388446	1	11382	54240.7079	78	1
4_MACS_peak_13413_lociStitched	chr19	39880732	39904388	4	16715	54184.068	79	1
5_MACS_peak_1710_lociStitched	chr1	154821614	154860726	5	23489	53794.6448	80	1
5_MACS_peak_8425_lociStitched	chr15	40329933	40363482	5	20110	53701.8843	81	1
2_MACS_peak_22839_lociStitched	chr6	11711752	11736502	2	19437	53613.45	82	1
3_MACS_peak_5968_lociStitched	chr12	53845159	53875376	3	26912	53453.873	83	1
5_MACS_peak_26990_lociStitched	chr8	126283123	126322755	5	26954	53380.3408	84	1
1_MACS_peak_15725_lociStitched	chr2	201980259	201995088	1	14830	52986.9828	85	1
7_MACS_peak_22568_lociStitched	chr5	173310334	173356891	7	38885	52949.2761	86	1
5_MACS_peak_2350_lociStitched	chr1	205196240	205233049	5	23269	52835.6386	87	1
5_MACS_peak_412_lociStitched	chr1	25869564	25899197	5	23847	52343.7312	88	1
8_MACS_peak_14974_lociStitched	chr2	99054912	99107532	8	35848	52109.586	89	1
3_MACS_peak_29556_lociStitched	chrX	153188834	153201890	3	9113	52043.8272	90	1
4_MACS_peak_12054_lociStitched	chr18	9061022	9087230	4	21223	51834.1824	91	1
3_MACS_peak_9579_lociStitched	chr16	12051415	12072053	3	17578	51830.2732	92	1
2_MACS_peak_11049_lociStitched	chr17	36852910	36863571	2	8772	51766.6177	93	1
1_MACS_peak_16555_lociStitched	chr20	37498265	37506450	1	8186	51763.577	94	1
2_MACS_peak_19129_lociStitched	chr3	133178628	133199962	2	17887	51291.2028	95	1
3_MACS_peak_17454_lociStitched	chr22	24176619	24192275	3	15213	50925.8368	96	1
3_MACS_peak_2098_lociStitched	chr1	182569797	182596518	3	20333	50556.132	97	1
2_MACS_peak_1644_lociStitched	chr1	152005994	152021973	2	10213	50461.682	98	1
2_MACS_peak_23987_lociStitched	chr6	128198529	128223560	2	19201	50279.7697	99	1
4_MACS_peak_10352_lociStitched	chr16	85626765	85650308	4	19274	50174.8416	100	1
1_MACS_peak_22846_lociStitched	chr6	11824030	11838068	1	14039	49999.1446	101	1
2_MACS_peak_25883_lociStitched	chr7	150100701	150113910	2	9744	49770.1911	102	1
5_MACS_peak_21098_lociStitched	chr4	185317522	185349774	5	19903	49693.8816	103	1
3_MACS_peak_21567_lociStitched	chr5	55271854	55292611	3	20081	49636.2141	104	1
1_MACS_peak_13202_lociStitched	chr19	19050004	19065135	1	15132	49603.9573	105	1
1_MACS_peak_2629_lociStitched	chr1	226838769	226852487	1	13719	49376.5692	106	1
2_MACS_peak_11200_lociStitched	chr17	40825648	40834953	2	9284	49334.1795	107	1
1_MACS_peak_2242_lociStitched	chr1	198886839	198907439	1	20601	49297.86	108	1
1_MACS_peak_26736_lociStitched	chr8	95951925	95963874	1	11950	48736.3863	109	1
4_MACS_peak_1904_lociStitched	chr1	161768677	161787481	4	14348	48632.7852	110	1
3_MACS_peak_20309_lociStitched	chr4	77116159	77136523	3	15651	48612.9408	111	1
3_MACS_peak_28285_lociStitched	chr9	130828748	130846761	3	16538	48512.6116	112	1
1_MACS_peak_21097_lociStitched	chr4	185301215	185308868	1	7654	48445.0206	113	1
3_MACS_peak_345_lociStitched	chr1	23849171	23866528	3	13660	48301.0596	114	1
2_MACS_peak_17215_lociStitched	chr21	44771290	44784135	2	12685	48285.6395	115	1
1_MACS_peak_1706_lociStitched	chr1	154755548	154766450	1	10903	48071.2788	116	1
5_MACS_peak_13489_lociStitched	chr19	42036485	42062680	5	18139	47973.523	117	1
6_MACS_peak_18386_lociStitched	chr3	46318109	46348395	6	29293	47894.2804	118	1
1_MACS_peak_3061_lociStitched	chr10	22595548	22615864	1	20317	47706.0312	119	1
4_MACS_peak_7902_lociStitched	chr14	77487473	77510541	4	22197	47508.546	120	1
1_MACS_peak_2116_lociStitched	chr1	183773394	183789741	1	16348	47466.7839	121	1
4_MACS_peak_21570_lociStitched	chr5	55306738	55334399	4	20695	46926.8865	122	1
5_MACS_peak_8917_lociStitched	chr15	75063562	75084191	5	18731	46908.2831	123	1
4_MACS_peak_8431_lociStitched	chr15	40380583	40408741	4	20930	46821.1224	124	1
2_MACS_peak_17524_lociStitched	chr22	29183331	29199555	2	15215	46778.6592	125	1
4_MACS_peak_14868_lociStitched	chr2	87058195	87084759	4	19206	46603.8816	126	1
3_MACS_peak_17667_lociStitched	chr22	37607587	37629208	3	18752	46597.5792	127	1
2_MACS_peak_4631_lociStitched	chr11	65183366	65200011	2	16520	46499.472	128	1
3_MACS_peak_16442_lociStitched	chr20	32398874	32435697	3	26171	46422.7561	129	1
2_MACS_peak_18652_lociStitched	chr3	69128098	69155852	2	23748	46110.4956	130	1
4_MACS_peak_7348_lociStitched	chr14	23017946	23040597	4	19865	46094.785	131	1
1_MACS_peak_1578_lociStitched	chr1	149855025	149861585	1	6561	46042.016	132	1
4_MACS_peak_18014_lociStitched	chr22	50962518	50984403	4	15703	45976.008	133	1
2_MACS_peak_16785_lociStitched	chr20	52224848	52241718	2	11808	45918.453	134	1
2_MACS_peak_1761_lociStitched	chr1	155903045	155918986	2	11645	45841.5337	135	1
1_MACS_peak_10296_lociStitched	chr16	81680011	81693406	1	13396	45706.419	136	1
3_MACS_peak_17526_lociStitched	chr22	29206657	29226425	3	18155	45468.3768	137	1
3_MACS_peak_2921_lociStitched	chr10	7510951	7536665	3	22334	45269.497	138	1
3_MACS_peak_21272_lociStitched	chr5	6475391	6497594	3	17624	45178.6644	139	1
3_MACS_peak_10376_lociStitched	chr16	87883734	87905455	3	20320	44827.7998	140	1
5_MACS_peak_1486_lociStitched	chr1	145138269	145161688	5	18532	44772.4442	141	1
2_MACS_peak_26787_lociStitched	chr8	101309479	101323760	2	12381	44762.3664	142	1
2_MACS_peak_5791_lociStitched	chr12	46118524	46133034	2	13294	44590.681	143	1
4_MACS_peak_17932_lociStitched	chr22	46751315	46770909	4	14475	44343.1814	144	1
2_MACS_peak_20603_lociStitched	chr4	113198823	113219701	2	16036	44323.994	145	1
3_MACS_peak_24730_lociStitched	chr7	34773399	34796668	3	18761	44020.2942	146	1
1_MACS_peak_14080_lociStitched	chr2	11883607	11895841	1	12235	43938.411	147	1
6_MACS_peak_9166_lociStitched	chr15	90721320	90746133	6	17648	43928.9352	148	1
3_MACS_peak_23238_lociStitched	chr6	34620961	34644505	3	15177	43813.0296	149	1
2_MACS_peak_11402_lociStitched	chr17	47814810	47828392	2	13088	43773.4278	150	1
1_MACS_peak_1962_lociStitched	chr1	167595863	167602718	1	6856	43618.365	151	1
1_MACS_peak_8015_lociStitched	chr14	91828383	91844980	1	16598	43567.125	152	1
4_MACS_peak_15033_lociStitched	chr2	107108159	107130305	4	17911	43536.8214	153	1
2_MACS_peak_16788_lociStitched	chr20	52267377	52278772	2	11330	43369.37	154	1
5_MACS_peak_9824_lociStitched	chr16	29815318	29837559	5	14615	43216.4871	155	1
1_MACS_peak_5351_lociStitched	chr12	1637748	1645532	1	7785	43187.1888	156	1
6_MACS_peak_10129_lociStitched	chr16	68270797	68299846	6	18630	43024.4739	157	1
1_MACS_peak_11096_lociStitched	chr17	38015592	38025092	1	9501	43023.6	158	1
1_MACS_peak_23194_lociStitched	chr6	32934866	32942788	1	7923	42934.0712	159	1
16_MACS_peak_29038_lociStitched	chrX	58213076	58278968	16	43158	42829.8	160	1
3_MACS_peak_17210_lociStitched	chr21	44725787	44747316	3	15446	42827.6397	161	1
1_MACS_peak_2272_lociStitched	chr1	200855561	200867930	1	12370	42652.0227	162	1
2_MACS_peak_13109_lociStitched	chr19	16694140	16707157	2	11698	42487.488	163	1
1_MACS_peak_9603_lociStitched	chr16	14394724	14405643	1	10920	42388.6499	164	1
4_MACS_peak_9686_lociStitched	chr16	21509819	21532589	4	16279	42206.472	165	1
1_MACS_peak_8256_lociStitched	chr14	106324809	106330536	1	5728	42189.6636	166	1
2_MACS_peak_21106_lociStitched	chr4	185391254	185399534	2	8225	41626.044	167	1
1_MACS_peak_11847_lociStitched	chr17	76246445	76256833	1	10389	41545.7672	168	1
7_MACS_peak_21574_lociStitched	chr5	55343498	55378251	7	23317	41436.0019	169	1
7_MACS_peak_13678_lociStitched	chr19	48875181	48904163	7	19492	41418.1762	170	1
4_MACS_peak_28118_lociStitched	chr9	117245704	117268491	4	18481	41374.3559	171	1
5_MACS_peak_22985_lociStitched	chr6	26183936	26207318	5	14744	41355.7434	172	1
4_MACS_peak_8801_lociStitched	chr15	68477546	68503514	4	18816	41252.7648	173	1
7_MACS_peak_11600_lociStitched	chr17	62150505	62186378	7	25703	41200.1405	174	1
2_MACS_peak_17475_lociStitched	chr22	24819653	24834654	2	13636	41095.2395	175	1
3_MACS_peak_24642_lociStitched	chr7	26000467	26011556	3	10944	41074.7649	176	1
4_MACS_peak_141_lociStitched	chr1	9465845	9489800	4	17373	40924.722	177	1
3_MACS_peak_21136_lociStitched	chr4	186262306	186285902	3	16203	40887.1488	178	1
2_MACS_peak_16626_lociStitched	chr20	43269761	43282227	2	12298	40842.3558	179	1
1_MACS_peak_11097_lociStitched	chr17	38076109	38086702	1	10594	40826.4813	180	1
5_MACS_peak_29334_lociStitched	chrX	118756003	118785520	5	19716	40727.5566	181	1
2_MACS_peak_13548_lociStitched	chr19	45216467	45232459	2	11014	40706.0368	182	1
10_MACS_peak_26048_lociStitched	chr8	11286053	11325787	10	21617	40703.5096	183	1
2_MACS_peak_16601_lociStitched	chr20	42567229	42586114	2	16814	40591.419	184	1
5_MACS_peak_1887_lociStitched	chr1	161409345	161442538	5	22310	40531.9723	185	1
4_MACS_peak_7943_lociStitched	chr14	81930636	81955817	4	20698	40440.686	186	1
6_MACS_peak_25385_lociStitched	chr7	101916153	101938953	6	15309	40353.72	187	1
1_MACS_peak_2027_lociStitched	chr1	174931988	174942553	1	10566	40294.91	188	1
1_MACS_peak_2117_lociStitched	chr1	183808725	183817789	1	9065	40185.244	189	1
4_MACS_peak_26793_lociStitched	chr8	101440488	101465577	4	15978	40180.0335	190	1
9_MACS_peak_8036_lociStitched	chr14	93213410	93253157	9	20806	40061.0013	191	1
2_MACS_peak_16065_lociStitched	chr2	238599831	238614704	2	14844	39971.1875	192	1
4_MACS_peak_14442_lociStitched	chr2	47526716	47550462	4	16880	39795.9214	193	1
2_MACS_peak_21421_lociStitched	chr5	32570565	32590341	2	19225	39783.3792	194	1
2_MACS_peak_16686_lociStitched	chr20	45978666	45990254	2	11186	39688.9	195	1
2_MACS_peak_16840_lociStitched	chr20	56044218	56058404	2	12536	39577.5214	196	1
2_MACS_peak_27155_lociStitched	chr8	144594425	144611480	2	14887	39511.3185	197	1
1_MACS_peak_1685_lociStitched	chr1	154296837	154302360	1	5524	39486.6885	198	1
4_MACS_peak_10391_lociStitched	chr16	88746114	88774211	4	13885	39226.2217	199	1
3_MACS_peak_11836_lociStitched	chr17	76113044	76129408	3	11185	39224.508	200	1
6_MACS_peak_19224_lociStitched	chr3	143532636	143571361	6	21985	39023.1825	201	1
2_MACS_peak_1953_lociStitched	chr1	167459717	167472173	2	10821	39014.6832	202	1
3_MACS_peak_10825_lociStitched	chr17	20204372	20224316	3	13707	38910.744	203	1
4_MACS_peak_14950_lociStitched	chr2	97190250	97212905	4	16830	38744.581	204	1
8_MACS_peak_12989_lociStitched	chr19	12885770	12918232	8	15402	38691.4578	205	1
1_MACS_peak_20593_lociStitched	chr4	111113199	111120897	1	7699	38664.7446	206	1
1_MACS_peak_19793_lociStitched	chr4	1856923	1876002	1	19080	38251.4871	207	1
4_MACS_peak_13875_lociStitched	chr19	56145678	56170640	4	13624	38246.7764	208	1
2_MACS_peak_20779_lociStitched	chr4	140121175	140137401	2	11476	38200.8718	209	1
1_MACS_peak_5382_lociStitched	chr12	4223734	4230961	1	7228	38014.7427	210	1
3_MACS_peak_17505_lociStitched	chr22	27003756	27018500	3	13278	37884.708	211	1
4_MACS_peak_2723_lociStitched	chr1	233791012	233813308	4	17431	37847.46	212	1
5_MACS_peak_19330_lociStitched	chr3	156799542	156824610	5	16826	37722.3264	213	1
2_MACS_peak_20314_lociStitched	chr4	77220445	77230383	2	9414	37669.989	214	1
2_MACS_peak_6080_lociStitched	chr12	58224965	58241411	2	16339	37534.7058	215	1
4_MACS_peak_28269_lociStitched	chr9	130529125	130549858	4	13132	37532.9499	216	1
2_MACS_peak_29582_lociStitched	chrX	153615502	153628769	2	7877	37492.542	217	1
6_MACS_peak_11413_lociStitched	chr17	48224635	48256336	6	15595	37258.1853	218	1
2_MACS_peak_16466_lociStitched	chr20	32988463	33006401	2	15007	37235.7004	219	1
3_MACS_peak_26831_lociStitched	chr8	103654112	103675953	3	14840	36913.4741	220	1
2_MACS_peak_16926_lociStitched	chr20	62357840	62371890	2	10771	36893.895	221	1
4_MACS_peak_22400_lociStitched	chr5	150512935	150538156	4	18705	36789.8727	222	1
3_MACS_peak_1772_lociStitched	chr1	156083427	156100782	3	13682	36723.18	223	1
5_MACS_peak_4637_lociStitched	chr11	65254211	65278504	5	18748	36718.8695	224	1
4_MACS_peak_23861_lociStitched	chr6	108982702	109013000	4	22499	36706.027	225	1
2_MACS_peak_23299_lociStitched	chr6	37059467	37074099	2	14402	36518.5456	226	1
1_MACS_peak_2615_lociStitched	chr1	226308680	226317265	1	8586	36478.5235	227	1
8_MACS_peak_22308_lociStitched	chr5	142538049	142577256	8	23954	36391.9374	228	1
1_MACS_peak_1500_lociStitched	chr1	145448103	145457906	1	9804	36386.7754	229	1
5_MACS_peak_29577_lociStitched	chrX	153595868	153608712	5	9068	36330.5384	230	1
5_MACS_peak_25953_lociStitched	chr7	157783569	157818235	5	18624	36288.3688	231	1
3_MACS_peak_28821_lociStitched	chrX	39953817	39969723	3	13017	36286.3578	232	1
3_MACS_peak_26472_lociStitched	chr8	61811548	61829837	3	14392	36230.509	233	1
5_MACS_peak_8353_lociStitched	chr15	31635730	31660698	5	16708	36166.148	234	1
2_MACS_peak_1558_lociStitched	chr1	149215248	149225920	2	5230	36070.2928	235	1
2_MACS_peak_16364_lociStitched	chr20	30146754	30162503	2	15228	36057.3355	236	1
3_MACS_peak_11685_lociStitched	chr17	70581949	70602183	3	15591	35901.1862	237	1
4_MACS_peak_12593_lociStitched	chr19	1015153	1041099	4	17273	35872.9396	238	1
4_MACS_peak_11841_lociStitched	chr17	76163942	76184540	4	14805	35774.6064	239	1
2_MACS_peak_20733_lociStitched	chr4	129723642	129734739	2	7169	35729.0109	240	1
2_MACS_peak_12062_lociStitched	chr18	9132755	9148302	2	12658	35711.459	241	1
4_MACS_peak_25845_lociStitched	chr7	148394630	148420794	4	14997	35617.0532	242	1
5_MACS_peak_8066_lociStitched	chr14	94422554	94448536	5	16403	35603.1346	243	1
1_MACS_peak_21420_lociStitched	chr5	32530352	32546826	1	16475	35595.3718	244	1
4_MACS_peak_1778_lociStitched	chr1	156181775	156202579	4	13499	35585.242	245	1
4_MACS_peak_11702_lociStitched	chr17	72732887	72757634	4	19918	35358.5136	246	1
3_MACS_peak_9569_lociStitched	chr16	11820704	11843410	3	18252	35325.9948	247	1
1_MACS_peak_27877_lociStitched	chr9	96027210	96034912	1	7703	35295.9554	248	1
7_MACS_peak_13820_lociStitched	chr19	54870643	54901013	7	19286	35186.682	249	1
6_MACS_peak_5741_lociStitched	chr12	33037162	33060499	6	20711	35138.5209	250	1
2_MACS_peak_17235_lociStitched	chr21	45552515	45567757	2	12238	35047.4548	251	1
2_MACS_peak_19446_lociStitched	chr3	171804657	171826747	2	17892	35023.695	252	1
2_MACS_peak_6458_lociStitched	chr12	109020501	109035833	2	12877	34998.3564	253	1
1_MACS_peak_10001_lociStitched	chr16	56963731	56981846	1	18116	34922.097	254	1
1_MACS_peak_16681_lociStitched	chr20	45522426	45530607	1	8182	34873.9668	255	1
4_MACS_peak_8180_lociStitched	chr14	103566510	103582272	4	11520	34857.663	256	1
4_MACS_peak_22142_lociStitched	chr5	131745413	131774322	4	20051	34809.3269	257	1
2_MACS_peak_10395_lociStitched	chr16	88846097	88857802	2	7585	34680.7445	258	1
3_MACS_peak_11745_lociStitched	chr17	73859855	73875884	3	9387	34651.4922	259	1
5_MACS_peak_5275_lociStitched	chr11	128585487	128610124	5	21369	34595.2754	260	1
4_MACS_peak_18378_lociStitched	chr3	46132357	46154148	4	17454	34582.317	261	1
5_MACS_peak_8532_lociStitched	chr15	45001994	45028532	5	15140	34571.0526	262	1
2_MACS_peak_26500_lociStitched	chr8	65480271	65497236	2	11590	34481.3625	263	1
4_MACS_peak_10510_lociStitched	chr17	2104505	2129021	4	15072	34413.1092	264	1
3_MACS_peak_21091_lociStitched	chr4	185234210	185255072	3	14318	34351.3692	265	1
1_MACS_peak_6037_lociStitched	chr12	57076467	57084612	1	8146	34289.6355	266	1
1_MACS_peak_20290_lociStitched	chr4	76023011	76030317	1	7307	34226.4182	267	1
2_MACS_peak_24831_lociStitched	chr7	44661899	44680754	2	16033	34189.7715	268	1
5_MACS_peak_1414_lociStitched	chr1	118171118	118209269	5	24013	34179.4809	269	1
7_MACS_peak_3943_lociStitched	chr10	125822328	125855485	7	23700	34108.6059	270	1
2_MACS_peak_21094_lociStitched	chr4	185262947	185277268	2	10003	34089.7084	271	1
5_MACS_peak_5478_lociStitched	chr12	9435799	9463875	5	17566	33983.1904	272	1
3_MACS_peak_15868_lociStitched	chr2	216764883	216785554	3	17433	33759.8772	273	1
1_MACS_peak_21821_lociStitched	chr5	81145857	81154883	1	9027	33746.4088	274	1
1_MACS_peak_22971_lociStitched	chr6	25402952	25415482	1	12531	33728.254	275	1
3_MACS_peak_4294_lociStitched	chr11	22677095	22697242	3	13085	33657.5782	276	1
2_MACS_peak_2607_lociStitched	chr1	226124104	226133728	2	7857	33558.888	277	1
3_MACS_peak_6664_lociStitched	chr12	122231116	122250499	3	11175	33534.5283	278	1
1_MACS_peak_26799_lociStitched	chr8	101503517	101515932	1	12416	33520.5	279	1
2_MACS_peak_2059_lociStitched	chr1	179048409	179058961	2	7715	33457.2264	280	1
4_MACS_peak_4600_lociStitched	chr11	64617767	64638400	4	15756	33413.0802	281	1
2_MACS_peak_27655_lociStitched	chr9	73024878	73036929	2	9501	33374.0394	282	1
7_MACS_peak_19550_lociStitched	chr3	183220083	183255086	7	20895	33263.3509	283	1
2_MACS_peak_1875_lociStitched	chr1	161144820	161157740	2	10335	33226.364	284	1
5_MACS_peak_9286_lociStitched	chr15	101660298	101690012	5	17155	33154.8812	285	1
3_MACS_peak_11936_lociStitched	chr17	79868342	79886801	3	8709	33113.6001	286	1
5_MACS_peak_24122_lociStitched	chr6	138246482	138266667	5	14446	33069.0855	287	1
1_MACS_peak_8815_lociStitched	chr15	69108593	69114935	1	6343	33008.8416	288	1
5_MACS_peak_28401_lociStitched	chr9	134595316	134615616	5	13420	33003.74	289	1
4_MACS_peak_12058_lociStitched	chr18	9101598	9122834	4	16263	32998.6204	290	1
2_MACS_peak_25877_lociStitched	chr7	150008777	150021772	2	9126	32989.107	291	1
4_MACS_peak_25065_lociStitched	chr7	74056863	74076795	4	12523	32955.5688	292	1
2_MACS_peak_20858_lociStitched	chr4	148645356	148657783	2	9170	32947.7051	293	1
2_MACS_peak_897_lociStitched	chr1	51425075	51449973	2	19599	32937.5642	294	1
1_MACS_peak_23822_lociStitched	chr6	106609757	106618144	1	8388	32892.1366	295	1
1_MACS_peak_24451_lociStitched	chr7	5458837	5469810	1	10974	32861.9404	296	1
2_MACS_peak_10744_lociStitched	chr17	17584108	17598951	2	8922	32854.9805	297	1
7_MACS_peak_11292_lociStitched	chr17	43502512	43531448	7	17002	32790.2752	298	1
3_MACS_peak_10287_lociStitched	chr16	81457682	81469179	3	9036	32784.8452	299	1
2_MACS_peak_28342_lociStitched	chr9	132168233	132180487	2	11224	32672.8402	300	1
3_MACS_peak_11145_lociStitched	chr17	39821016	39836626	3	10774	32667.047	301	1
1_MACS_peak_3145_lociStitched	chr10	30989339	30997249	1	7911	32639.824	302	1
3_MACS_peak_17228_lociStitched	chr21	45194988	45210512	3	11550	32524.3324	303	1
3_MACS_peak_28927_lociStitched	chrX	48790025	48805465	3	15428	32508.92	304	1
1_MACS_peak_20177_lociStitched	chr4	57621662	57630163	1	8502	32478.0705	305	1
1_MACS_peak_9291_lociStitched	chr15	101736309	101747245	1	10937	32468.984	306	1
2_MACS_peak_14385_lociStitched	chr2	43444422	43459123	2	10900	32465.6884	307	1
3_MACS_peak_29339_lociStitched	chrX	118810803	118828098	3	12716	32431.584	308	1
2_MACS_peak_458_lociStitched	chr1	27018521	27031010	2	11988	32406.4572	309	1
2_MACS_peak_28399_lociStitched	chr9	134543729	134555937	2	9509	32401.2528	310	1
3_MACS_peak_1854_lociStitched	chr1	160641344	160660511	3	13076	32371.1463	311	1
1_MACS_peak_26618_lociStitched	chr8	80631488	80640620	1	9133	32351.9364	312	1
1_MACS_peak_24118_lociStitched	chr6	138186903	138196007	1	9105	32265.4864	313	1
3_MACS_peak_11254_lociStitched	chr17	42286866	42300080	3	7517	32133.8052	314	1
2_MACS_peak_26740_lociStitched	chr8	96098844	96115114	2	13117	32129.996	315	1
2_MACS_peak_5694_lociStitched	chr12	31243340	31255692	2	11984	32116.4352	316	1
2_MACS_peak_8996_lociStitched	chr15	78831923	78846780	2	8995	32068.8345	317	1
3_MACS_peak_12660_lociStitched	chr19	2081743	2098110	3	12094	32010.5786	318	1
6_MACS_peak_24929_lociStitched	chr7	55614082	55643317	6	18377	31860.303	319	1
5_MACS_peak_5383_lociStitched	chr12	4248364	4274563	5	19236	31708.6497	320	1
2_MACS_peak_22556_lociStitched	chr5	173160129	173174525	2	13427	31666.8812	321	1
2_MACS_peak_25182_lociStitched	chr7	81501409	81520277	2	13105	31554.8432	322	1
1_MACS_peak_20529_lociStitched	chr4	103745399	103751294	1	5896	31528.818	323	1
1_MACS_peak_26998_lociStitched	chr8	126441107	126448747	1	7641	31512.708	324	1
1_MACS_peak_23854_lociStitched	chr6	108878412	108888800	1	10389	31494.3384	325	1
3_MACS_peak_23147_lociStitched	chr6	31696709	31709037	3	9128	31427.7704	326	1
5_MACS_peak_13015_lociStitched	chr19	13260435	13283906	5	13956	31364.2973	327	1
2_MACS_peak_20354_lociStitched	chr4	79686561	79699012	2	7965	31249.5198	328	1
4_MACS_peak_654_lociStitched	chr1	36614116	36628536	4	10774	31197.67	329	1
3_MACS_peak_26245_lociStitched	chr8	29622020	29637693	3	9997	31179.8662	330	1
2_MACS_peak_9212_lociStitched	chr15	93422955	93432237	2	9246	31103.0538	331	1
2_MACS_peak_22701_lociStitched	chr6	381154	400785	2	13644	31087.6516	332	1
4_MACS_peak_16402_lociStitched	chr20	31252926	31270604	4	11584	31084.9952	333	1
1_MACS_peak_20650_lociStitched	chr4	121668344	121675490	1	7147	31046.5116	334	1
4_MACS_peak_21159_lociStitched	chr4	189895720	189916569	4	13612	30983.6989	335	1
4_MACS_peak_3425_lociStitched	chr10	74075512	74097182	4	16181	30903.587	336	1
2_MACS_peak_13397_lociStitched	chr19	39338073	39348893	2	7854	30900.838	337	1
3_MACS_peak_9374_lociStitched	chr16	2091387	2106509	3	12255	30844.3434	338	1
4_MACS_peak_8741_lociStitched	chr15	65169245	65189695	4	10840	30824.285	339	1
2_MACS_peak_21547_lociStitched	chr5	53813485	53831652	2	14580	30807.5986	340	1
1_MACS_peak_17206_lociStitched	chr21	44580576	44588248	1	7673	30717.9208	341	1
7_MACS_peak_23000_lociStitched	chr6	26330618	26366584	7	19910	30567.5034	342	1
3_MACS_peak_287_lociStitched	chr1	17215167	17233528	3	8781	30552.704	343	1
3_MACS_peak_17494_lociStitched	chr22	26878890	26901174	3	14122	30540.222	344	1
1_MACS_peak_20342_lociStitched	chr4	78735325	78743487	1	8163	30531.5934	345	1
5_MACS_peak_26178_lociStitched	chr8	26148292	26181283	5	17785	30440.7957	346	1
1_MACS_peak_10345_lociStitched	chr16	85477778	85484684	1	6907	30411.9522	347	1
1_MACS_peak_2121_lociStitched	chr1	183876716	183885922	1	9207	30368.7528	348	1
2_MACS_peak_11908_lociStitched	chr17	78873092	78886107	2	9327	30349.6785	349	1
1_MACS_peak_21089_lociStitched	chr4	185183928	185191964	1	8037	30233.8428	350	1
2_MACS_peak_23054_lociStitched	chr6	27856788	27871235	2	8552	30110.4374	351	1
3_MACS_peak_912_lociStitched	chr1	52417214	52433065	3	14632	30026.5493	352	1
1_MACS_peak_28208_lociStitched	chr9	127046504	127056575	1	10072	30015.6084	353	1
2_MACS_peak_778_lociStitched	chr1	42126344	42141152	2	14738	29987.6808	354	1
2_MACS_peak_7285_lociStitched	chr13	114560250	114568028	2	6828	29975.6342	355	1
4_MACS_peak_23605_lociStitched	chr6	74218016	74234293	4	12580	29939.9138	356	1
4_MACS_peak_13673_lociStitched	chr19	48824456	48837822	4	9376	29927.8106	357	1
3_MACS_peak_23372_lociStitched	chr6	42737870	42752435	3	8456	29916.51	358	1
1_MACS_peak_24648_lociStitched	chr7	26237689	26244038	1	6350	29757.1281	359	1
1_MACS_peak_24422_lociStitched	chr7	2748266	2756977	1	8712	29674.0215	360	1
3_MACS_peak_14616_lociStitched	chr2	65159029	65175483	3	11261	29597.4552	361	1
3_MACS_peak_27786_lociStitched	chr9	92039469	92058358	3	15589	29512.1736	362	1
2_MACS_peak_14845_lociStitched	chr2	86261260	86276116	2	11627	29454.9912	363	1
2_MACS_peak_26751_lociStitched	chr8	97621805	97635358	2	11663	29442.5372	364	1
2_MACS_peak_11839_lociStitched	chr17	76136640	76152930	2	12920	29388.789	365	1
3_MACS_peak_16013_lociStitched	chr2	232570543	232579614	3	8683	29355.5702	366	1
1_MACS_peak_19484_lociStitched	chr3	176911604	176920765	1	9162	29336.2703	367	1
3_MACS_peak_26630_lociStitched	chr8	81047050	81062062	3	14277	29277.9036	368	1
3_MACS_peak_11068_lociStitched	chr17	37351454	37366896	3	9351	29234.7944	369	1
1_MACS_peak_24647_lociStitched	chr7	26191103	26198818	1	7716	29185.845	370	1
3_MACS_peak_24639_lociStitched	chr7	25986402	25994312	3	6782	29134.112	371	1
1_MACS_peak_2230_lociStitched	chr1	197740002	197748805	1	8804	29123.8452	372	1
2_MACS_peak_8351_lociStitched	chr15	31615155	31622512	2	7306	29080.7496	373	1
2_MACS_peak_13026_lociStitched	chr19	13948801	13959343	2	9501	29028.4512	374	1
3_MACS_peak_12428_lociStitched	chr18	56292295	56308223	3	14242	28937.9904	375	1
3_MACS_peak_5176_lociStitched	chr11	120195407	120216735	3	17187	28920.768	376	1
3_MACS_peak_9708_lociStitched	chr16	22199374	22218987	3	15110	28889.949	377	1
2_MACS_peak_24849_lociStitched	chr7	45439434	45452031	2	12558	28800.5211	378	1
4_MACS_peak_3502_lociStitched	chr10	81001240	81021711	4	15942	28745.3782	379	1
3_MACS_peak_5059_lociStitched	chr11	111232146	111251242	3	14421	28729.932	380	1
1_MACS_peak_25449_lociStitched	chr7	104650840	104659079	1	8240	28716.2106	381	1
2_MACS_peak_1654_lociStitched	chr1	153308849	153320027	2	7892	28692.8082	382	1
6_MACS_peak_9259_lociStitched	chr15	99673625	99708669	6	18729	28644.9656	383	1
1_MACS_peak_1499_lociStitched	chr1	145434280	145440401	1	6122	28627.3049	384	1
2_MACS_peak_6455_lociStitched	chr12	108953540	108970488	2	15188	28601.4448	385	1
1_MACS_peak_27170_lociStitched	chr8	145007437	145018735	1	11299	28513.8924	386	1
3_MACS_peak_13710_lociStitched	chr19	49362095	49381151	3	9287	28418.2128	387	1
1_MACS_peak_20651_lociStitched	chr4	121683211	121695957	1	12747	28405.7356	388	1
4_MACS_peak_9816_lociStitched	chr16	29603541	29625720	4	15886	28404.6453	389	1
5_MACS_peak_23156_lociStitched	chr6	31783449	31805297	5	13576	28382.7368	390	1
1_MACS_peak_13423_lociStitched	chr19	40166180	40173627	1	7448	28335.835	391	1
1_MACS_peak_21327_lociStitched	chr5	14210700	14220070	1	9371	28333.943	392	1
2_MACS_peak_2110_lociStitched	chr1	183438816	183449136	2	6551	28332.528	393	1
5_MACS_peak_28187_lociStitched	chr9	126079842	126103673	5	15957	28306.4618	394	1
1_MACS_peak_23698_lociStitched	chr6	88624800	88637972	1	13173	28247.354	395	1
2_MACS_peak_8341_lociStitched	chr15	31367529	31379160	2	10602	28230.7632	396	1
4_MACS_peak_1917_lociStitched	chr1	162542932	162561692	4	11384	28222.544	397	1
2_MACS_peak_23820_lociStitched	chr6	106585212	106596073	2	9808	28160.4008	398	1
2_MACS_peak_8551_lociStitched	chr15	46994771	47009213	2	12997	28131.5718	399	1
3_MACS_peak_9844_lociStitched	chr16	30193278	30206277	3	7714	28094.7387	400	1
2_MACS_peak_10150_lociStitched	chr16	68786125	68802239	2	15226	27965.847	401	1
2_MACS_peak_11785_lociStitched	chr17	74775725	74789025	2	13078	27871.48	402	1
5_MACS_peak_24765_lociStitched	chr7	38383839	38408355	5	16726	27862.434	403	1
7_MACS_peak_23831_lociStitched	chr6	107421645	107451999	7	16275	27828.5472	404	1
2_MACS_peak_26732_lociStitched	chr8	95896563	95909698	2	12548	27726.6715	405	1
2_MACS_peak_18120_lociStitched	chr3	13365008	13380163	2	14099	27656.3595	406	1
2_MACS_peak_11607_lociStitched	chr17	62195157	62210222	2	12890	27600.5865	407	1
4_MACS_peak_27208_lociStitched	chr8	145732795	145755105	4	11377	27552.85	408	1
4_MACS_peak_11799_lociStitched	chr17	75131071	75144609	4	12293	27471.3096	409	1
4_MACS_peak_19287_lociStitched	chr3	151985118	152003300	4	14723	27454.82	410	1
2_MACS_peak_11776_lociStitched	chr17	74486276	74498744	2	10635	27434.5872	411	1
2_MACS_peak_12135_lociStitched	chr18	19314656	19329173	2	11171	27361.6416	412	1
2_MACS_peak_20433_lociStitched	chr4	87854879	87870222	2	10237	27359.6376	413	1
1_MACS_peak_15988_lociStitched	chr2	231728988	231739985	1	10998	27351.7384	414	1
3_MACS_peak_13882_lociStitched	chr19	56339680	56356392	3	11648	27337.4896	415	1
4_MACS_peak_24053_lociStitched	chr6	134556723	134578275	4	11272	27215.8656	416	1
3_MACS_peak_1950_lociStitched	chr1	167416081	167426345	3	9246	27207.8112	417	1
2_MACS_peak_18384_lociStitched	chr3	46245442	46257100	2	9698	27153.8136	418	1
1_MACS_peak_13630_lociStitched	chr19	47216360	47222939	1	6580	27152.8488	419	1
2_MACS_peak_11783_lociStitched	chr17	74721479	74735359	2	8792	27149.28	420	1
2_MACS_peak_29575_lociStitched	chrX	153569092	153581448	2	9086	27146.132	421	1
1_MACS_peak_14292_lociStitched	chr2	33716658	33725529	1	8872	27134.6148	422	1
3_MACS_peak_16912_lociStitched	chr20	61516288	61532428	3	11902	27115.2	423	1
4_MACS_peak_28216_lociStitched	chr9	127614849	127635725	4	9482	27111.6612	424	1
5_MACS_peak_11059_lociStitched	chr17	37022950	37038656	5	12332	26987.6198	425	1
1_MACS_peak_13642_lociStitched	chr19	47613859	47617876	1	4018	26965.7193	426	1
1_MACS_peak_27103_lociStitched	chr8	134579096	134586109	1	7014	26946.7512	427	1
2_MACS_peak_15775_lociStitched	chr2	204568208	204583802	2	11041	26926.1598	428	1
5_MACS_peak_22046_lociStitched	chr5	118663386	118689989	5	15864	26839.7667	429	1
2_MACS_peak_16594_lociStitched	chr20	42306889	42318678	2	8578	26784.608	430	1
5_MACS_peak_19099_lociStitched	chr3	130557425	130574887	5	13842	26690.667	431	1
1_MACS_peak_21380_lociStitched	chr5	26875850	26887153	1	11304	26668.2982	432	1
5_MACS_peak_3415_lociStitched	chr10	74004317	74024759	5	14345	26662.5006	433	1
1_MACS_peak_19496_lociStitched	chr3	178229688	178241133	1	11446	26626.7925	434	1
6_MACS_peak_16436_lociStitched	chr20	32357602	32378293	6	17824	26581.7277	435	1
1_MACS_peak_12388_lociStitched	chr18	52980277	52992088	1	11812	26571.2067	436	1
1_MACS_peak_1753_lociStitched	chr1	155529915	155534884	1	4970	26550.8577	437	1
1_MACS_peak_5421_lociStitched	chr12	6640586	6646210	1	5625	26498.0384	438	1
2_MACS_peak_2072_lociStitched	chr1	179963982	179975822	2	9684	26429.248	439	1
3_MACS_peak_12657_lociStitched	chr19	2049261	2062887	3	8792	26426.2644	440	1
2_MACS_peak_11193_lociStitched	chr17	40728391	40740023	2	8342	26381.376	441	1
3_MACS_peak_20910_lociStitched	chr4	156579301	156598064	3	8836	26348.8809	442	1
3_MACS_peak_13759_lociStitched	chr19	50369672	50382254	3	7518	26334.126	443	1
1_MACS_peak_21184_lociStitched	chr5	217232	225466	1	8235	26331.5086	444	1
3_MACS_peak_2137_lociStitched	chr1	184524590	184541869	3	13916	26281.359	445	1
4_MACS_peak_13566_lociStitched	chr19	45503937	45521938	4	9241	26276.0597	446	1
3_MACS_peak_8345_lociStitched	chr15	31519400	31530799	3	10016	26275.8349	447	1
3_MACS_peak_26271_lociStitched	chr8	33409491	33425239	3	12371	26269.2388	448	1
5_MACS_peak_9720_lociStitched	chr16	23344371	23365515	5	13232	26224.9032	449	1
2_MACS_peak_16903_lociStitched	chr20	61272835	61285120	2	10550	26222.3325	450	1
4_MACS_peak_22614_lociStitched	chr5	176717070	176740644	4	12540	26219.0028	451	1
3_MACS_peak_13734_lociStitched	chr19	49954071	49963474	3	7290	26119.6534	452	1
3_MACS_peak_8072_lociStitched	chr14	94474271	94493433	3	11792	26117.806	453	1
6_MACS_peak_3808_lociStitched	chr10	111640186	111670668	6	18208	26107.833	454	1
3_MACS_peak_24069_lociStitched	chr6	135187262	135204196	3	10790	26069.893	455	1
1_MACS_peak_26806_lociStitched	chr8	101961832	101966623	1	4792	26040.5223	456	1
4_MACS_peak_17413_lociStitched	chr22	23152662	23168500	4	10728	26039.2558	457	1
2_MACS_peak_10565_lociStitched	chr17	4842167	4855259	2	8358	25962.7452	458	1
3_MACS_peak_676_lociStitched	chr1	37933294	37946378	3	9099	25861.8344	459	1
4_MACS_peak_17775_lociStitched	chr22	39910714	39929590	4	10693	25854.4572	460	1
1_MACS_peak_12307_lociStitched	chr18	46472358	46480196	1	7839	25808.9664	461	1
6_MACS_peak_13832_lociStitched	chr19	55164872	55193120	6	18000	25801.7232	462	1
3_MACS_peak_10593_lociStitched	chr17	6915034	6927181	3	8898	25790.5104	463	1
2_MACS_peak_22976_lociStitched	chr6	26020976	26034752	2	10945	25770.7632	464	1
1_MACS_peak_15361_lociStitched	chr2	158294763	158302780	1	8018	25765.0346	465	1
3_MACS_peak_6083_lociStitched	chr12	58281623	58299411	3	9780	25701.8812	466	1
4_MACS_peak_11848_lociStitched	chr17	76267931	76277889	4	9452	25686.661	467	1
2_MACS_peak_26186_lociStitched	chr8	26428127	26437512	2	8258	25657.6515	468	1
7_MACS_peak_13451_lociStitched	chr19	40909468	40941957	7	12771	25653.3144	469	1
2_MACS_peak_21792_lociStitched	chr5	78523035	78535329	2	10053	25630.5312	470	1
1_MACS_peak_8814_lociStitched	chr15	69081398	69092302	1	10905	25611.3152	471	1
1_MACS_peak_14692_lociStitched	chr2	70312549	70317389	1	4841	25574.56	472	1
2_MACS_peak_16115_lociStitched	chr2	241517262	241527662	2	9466	25545.52	473	1
3_MACS_peak_10020_lociStitched	chr16	57567820	57584000	3	12281	25520.714	474	1
6_MACS_peak_1443_lociStitched	chr1	120658840	120686658	6	14985	25520.2332	475	1
1_MACS_peak_25693_lociStitched	chr7	129588253	129593539	1	5287	25437.2892	476	1
3_MACS_peak_1796_lociStitched	chr1	156689327	156699431	3	9120	25408.5288	477	1
1_MACS_peak_1339_lociStitched	chr1	111172765	111182457	1	9693	25392.0708	478	1
1_MACS_peak_28926_lociStitched	chrX	48767969	48779467	1	11499	25370.337	479	1
3_MACS_peak_14144_lociStitched	chr2	20615188	20630109	3	11257	25331.3817	480	1
3_MACS_peak_15735_lociStitched	chr2	202116438	202128947	3	11864	25320.7178	481	1
2_MACS_peak_19931_lociStitched	chr4	12694100	12705412	2	10339	25274.4016	482	1
1_MACS_peak_3029_lociStitched	chr10	17268658	17275646	1	6989	25207.8124	483	1
2_MACS_peak_23424_lociStitched	chr6	44223591	44234275	2	8788	25200.3508	484	1
1_MACS_peak_10350_lociStitched	chr16	85586188	85592664	1	6477	25161.2028	485	1
3_MACS_peak_16010_lociStitched	chr2	232534738	232552815	3	8337	25105.3376	486	1
2_MACS_peak_6737_lociStitched	chr12	125397851	125412569	2	9862	25082.4156	487	1
2_MACS_peak_20400_lociStitched	chr4	84130801	84143991	2	11735	25053.086	488	1
3_MACS_peak_23050_lociStitched	chr6	27790568	27808538	3	9465	25044.789	489	1
2_MACS_peak_28308_lociStitched	chr9	131445289	131453390	2	7055	25023.989	490	1
4_MACS_peak_5179_lociStitched	chr11	120364836	120383258	4	12203	24950.7568	491	1
4_MACS_peak_1054_lociStitched	chr1	67221752	67246094	4	15118	24943.2474	492	1
3_MACS_peak_23309_lociStitched	chr6	37271881	37286553	3	10835	24936.5312	493	1
3_MACS_peak_399_lociStitched	chr1	25345256	25361236	3	13487	24901.634	494	1
2_MACS_peak_7303_lociStitched	chr13	115039685	115048905	2	7800	24897.688	495	1
4_MACS_peak_28274_lociStitched	chr9	130660952	130680382	4	10350	24889.83	496	1
3_MACS_peak_15956_lociStitched	chr2	227646131	227666584	3	12397	24872.8933	497	1
2_MACS_peak_16512_lociStitched	chr20	35088874	35101934	2	11066	24872.77	498	1
3_MACS_peak_5234_lociStitched	chr11	126056033	126069134	3	9553	24793.6425	499	1
1_MACS_peak_5862_lociStitched	chr12	49759441	49765779	1	6339	24783.4814	500	1
4_MACS_peak_28459_lociStitched	chr9	137282106	137300051	4	10409	24767.689	501	1
3_MACS_peak_27827_lociStitched	chr9	93912635	93929737	3	10488	24756.8552	502	1
2_MACS_peak_17820_lociStitched	chr22	41834702	41844778	2	5676	24744.6408	503	1
3_MACS_peak_11195_lociStitched	chr17	40759593	40771918	3	6421	24702.9975	504	1
3_MACS_peak_21915_lociStitched	chr5	95258909	95277971	3	13329	24671.9466	505	1
3_MACS_peak_4535_lociStitched	chr11	62306082	62325886	3	14563	24661.9212	506	1
2_MACS_peak_20785_lociStitched	chr4	140215864	140224668	2	7898	24638.8744	507	1
4_MACS_peak_12640_lociStitched	chr19	1847395	1865507	4	10002	24612.3968	508	1
2_MACS_peak_24190_lociStitched	chr6	144383457	144400255	2	10834	24600.671	509	1
1_MACS_peak_19273_lociStitched	chr3	150314336	150323914	1	9579	24536.9204	510	1
2_MACS_peak_10273_lociStitched	chr16	80612776	80626483	2	10172	24509.4867	511	1
2_MACS_peak_25944_lociStitched	chr7	156802055	156811062	2	8517	24483.7281	512	1
2_MACS_peak_27395_lociStitched	chr9	21986088	21996810	2	9312	24439.7268	513	1
5_MACS_peak_21302_lociStitched	chr5	10590632	10609208	5	14927	24356.8512	514	1
2_MACS_peak_15560_lociStitched	chr2	182168406	182179963	2	11402	24345.9762	515	1
2_MACS_peak_10583_lociStitched	chr17	6063488	6074746	2	10621	24319.5316	516	1
1_MACS_peak_16701_lociStitched	chr20	46386275	46393103	1	6829	24317.922	517	1
2_MACS_peak_11225_lociStitched	chr17	41436768	41447597	2	6067	24307.8563	518	1
3_MACS_peak_4838_lociStitched	chr11	72851299	72870266	3	13312	24292.9336	519	1
2_MACS_peak_10071_lociStitched	chr16	66549602	66559956	2	9164	24251.1388	520	1
3_MACS_peak_23601_lociStitched	chr6	74159734	74172959	3	6914	24216.2975	521	1
1_MACS_peak_14369_lociStitched	chr2	42327928	42334777	1	6850	24148.8891	522	1
1_MACS_peak_1494_lociStitched	chr1	145208127	145213813	1	5687	24095.5622	523	1
4_MACS_peak_2190_lociStitched	chr1	192498869	192521132	4	14266	24068.5293	524	1
1_MACS_peak_8613_lociStitched	chr15	52753840	52760958	1	7119	24055.281	525	1
1_MACS_peak_25598_lociStitched	chr7	121976070	121985719	1	9650	24031.7994	526	1
1_MACS_peak_20546_lociStitched	chr4	106552020	106560490	1	8471	23998.051	527	1
4_MACS_peak_15779_lociStitched	chr2	204717417	204741136	4	13413	23968.0495	528	1
1_MACS_peak_18109_lociStitched	chr3	13050267	13062111	1	11845	23940.2772	529	1
2_MACS_peak_396_lociStitched	chr1	25249629	25257716	2	8007	23905.9807	530	1
3_MACS_peak_19325_lociStitched	chr3	156528575	156545487	3	11370	23905.112	531	1
1_MACS_peak_1755_lociStitched	chr1	155656478	155660002	1	3525	23899.0632	532	1
3_MACS_peak_11817_lociStitched	chr17	75429193	75442224	3	11548	23849.3362	533	1
3_MACS_peak_9873_lociStitched	chr16	30661260	30673092	3	7369	23841.48	534	1
7_MACS_peak_4612_lociStitched	chr11	64835535	64864847	7	16754	23818.9312	535	1
3_MACS_peak_15386_lociStitched	chr2	160745538	160761976	3	11879	23797.2926	536	1
1_MACS_peak_27941_lociStitched	chr9	100744590	100748075	1	3486	23788.61	537	1
1_MACS_peak_1801_lociStitched	chr1	156735622	156740330	1	4709	23781.5204	538	1
3_MACS_peak_14072_lociStitched	chr2	11636958	11648737	3	10767	23746.464	539	1
5_MACS_peak_21409_lociStitched	chr5	32277092	32302001	5	18399	23715.8589	540	1
1_MACS_peak_1857_lociStitched	chr1	160676389	160685264	1	8876	23707.7875	541	1
2_MACS_peak_27902_lociStitched	chr9	98267350	98279673	2	8424	23684.806	542	1
1_MACS_peak_13751_lociStitched	chr19	50178217	50184643	1	6427	23681.0952	543	1
1_MACS_peak_11251_lociStitched	chr17	42244359	42250256	1	5898	23658.764	544	1
2_MACS_peak_29264_lociStitched	chrX	106915808	106931201	2	11319	23648.2659	545	1
1_MACS_peak_21109_lociStitched	chr4	185454323	185460932	1	6610	23619.9051	546	1
3_MACS_peak_6032_lociStitched	chr12	57021997	57031469	3	8466	23604.224	547	1
3_MACS_peak_11440_lociStitched	chr17	48994636	49010082	3	13071	23578.319	548	1
1_MACS_peak_28500_lociStitched	chr9	139792081	139798878	1	6798	23562.4802	549	1
4_MACS_peak_23046_lociStitched	chr6	27759142	27784210	4	14502	23533.8384	550	1
2_MACS_peak_27817_lociStitched	chr9	93677372	93690151	2	7941	23521.0274	551	1
7_MACS_peak_29030_lociStitched	chrX	58123360	58159720	7	26211	23514.012	552	1
1_MACS_peak_15480_lociStitched	chr2	174826621	174831752	1	5132	23513.8337	553	1
4_MACS_peak_28336_lociStitched	chr9	132081298	132099741	4	8540	23470.5618	554	1
2_MACS_peak_11360_lociStitched	chr17	46124109	46135330	2	10512	23460.8668	555	1
1_MACS_peak_18133_lociStitched	chr3	14159362	14168124	1	8763	23440.9786	556	1
6_MACS_peak_19005_lociStitched	chr3	124488391	124512635	6	15008	23380.9136	557	1
2_MACS_peak_21219_lociStitched	chr5	1340246	1346256	2	5930	23380.102	558	1
2_MACS_peak_23117_lociStitched	chr6	30683980	30690764	2	6758	23376.9856	559	1
3_MACS_peak_21225_lociStitched	chr5	1511039	1524963	3	8990	23371.434	560	1
2_MACS_peak_16766_lociStitched	chr20	50015874	50032638	2	10833	23313.6948	561	1
2_MACS_peak_15341_lociStitched	chr2	153913868	153929386	2	10802	23312.6914	562	1
1_MACS_peak_11435_lociStitched	chr17	48940969	48946203	1	5235	23280.832	563	1
3_MACS_peak_18286_lociStitched	chr3	39247198	39263467	3	10160	23277.6852	564	1
1_MACS_peak_15878_lociStitched	chr2	217080367	217089719	1	9353	23273.3872	565	1
1_MACS_peak_20296_lociStitched	chr4	76519873	76526436	1	6564	23256.6468	566	1
4_MACS_peak_29589_lociStitched	chrX	153706444	153724674	4	7901	23250.542	567	1
1_MACS_peak_28115_lociStitched	chr9	117144821	117151810	1	6990	23236.3283	568	1
2_MACS_peak_10551_lociStitched	chr17	4268015	4281248	2	10913	23233.1781	569	1
3_MACS_peak_6038_lociStitched	chr12	57099794	57120011	3	15083	23211.1377	570	1
1_MACS_peak_1593_lociStitched	chr1	150335484	150339864	1	4381	23198.232	571	1
1_MACS_peak_23408_lociStitched	chr6	43737186	43744873	1	7688	23183.2233	572	1
4_MACS_peak_16694_lociStitched	chr20	46114628	46136875	4	11491	23168.0258	573	1
4_MACS_peak_5468_lociStitched	chr12	8462965	8476108	4	11492	23148.7659	574	1
1_MACS_peak_20389_lociStitched	chr4	83292206	83297243	1	5038	23122.8522	575	1
2_MACS_peak_22397_lociStitched	chr5	150459586	150476104	2	11709	23065.7352	576	1
1_MACS_peak_20530_lociStitched	chr4	103787565	103793784	1	6220	23025.8475	577	1
3_MACS_peak_17435_lociStitched	chr22	23477563	23488463	3	9557	23021.89	578	1
2_MACS_peak_28157_lociStitched	chr9	123687792	123699743	2	11839	23021.2113	579	1
2_MACS_peak_5484_lociStitched	chr12	9573431	9584441	2	8594	22980.072	580	1
3_MACS_peak_6519_lociStitched	chr12	111866744	111884670	3	15520	22956.0356	581	1
4_MACS_peak_11873_lociStitched	chr17	76763951	76780707	4	12713	22947.342	582	1
2_MACS_peak_10884_lociStitched	chr17	27046032	27056381	2	7271	22944.7679	583	1
6_MACS_peak_22439_lociStitched	chr5	156333798	156361223	6	14297	22891.6475	584	1
3_MACS_peak_436_lociStitched	chr1	26436753	26453851	3	9304	22890.8024	585	1
3_MACS_peak_1872_lociStitched	chr1	161122811	161137350	3	6158	22874.2087	586	1
3_MACS_peak_1990_lociStitched	chr1	171219164	171229224	3	9021	22835.194	587	1
2_MACS_peak_13707_lociStitched	chr19	49313004	49322650	2	9184	22793.498	588	1
3_MACS_peak_13329_lociStitched	chr19	35695265	35708410	3	10929	22701.415	589	1
2_MACS_peak_5944_lociStitched	chr12	53490965	53503084	2	10032	22649.1991	590	1
2_MACS_peak_17498_lociStitched	chr22	26922458	26933476	2	10882	22629.8702	591	1
2_MACS_peak_4270_lociStitched	chr11	19449502	19464889	2	11865	22625.0448	592	1
3_MACS_peak_12338_lociStitched	chr18	47832977	47848844	3	12914	22583.5011	593	1
3_MACS_peak_8843_lociStitched	chr15	70768852	70787532	3	11644	22567.308	594	1
1_MACS_peak_22319_lociStitched	chr5	142774173	142785829	1	11657	22563.6848	595	1
3_MACS_peak_16835_lociStitched	chr20	55963891	55975523	3	8810	22541.6528	596	1
1_MACS_peak_26737_lociStitched	chr8	95969946	95977461	1	7516	22539.7395	597	1
1_MACS_peak_20832_lociStitched	chr4	144273049	144283578	1	10530	22528.9013	598	1
4_MACS_peak_27089_lociStitched	chr8	134214663	134232772	4	9354	22522.1633	599	1
1_MACS_peak_12151_lociStitched	chr18	20711740	20719220	1	7481	22511.808	600	1
2_MACS_peak_27468_lociStitched	chr9	33445132	33459903	2	10613	22511.004	601	1
3_MACS_peak_25391_lociStitched	chr7	101944979	101955201	3	9235	22427.068	602	1
4_MACS_peak_27779_lociStitched	chr9	91924712	91939042	4	8017	22390.625	603	1
3_MACS_peak_13006_lociStitched	chr19	13043317	13057869	3	7647	22380.976	604	1
2_MACS_peak_25222_lociStitched	chr7	90352042	90367579	2	9651	22362.4041	605	1
2_MACS_peak_5798_lociStitched	chr12	46776131	46785312	2	7985	22321.7653	606	1
1_MACS_peak_28674_lociStitched	chrX	15865204	15875440	1	10237	22318.5744	607	1
1_MACS_peak_16858_lociStitched	chr20	57463272	57470910	1	7639	22288.4478	608	1
2_MACS_peak_11726_lociStitched	chr17	73283985	73295099	2	8479	22285.7928	609	1
4_MACS_peak_7596_lociStitched	chr14	52075661	52099697	4	12817	22276.5648	610	1
2_MACS_peak_22360_lociStitched	chr5	148204855	148216211	2	11322	22266.8448	611	1
3_MACS_peak_28053_lociStitched	chr9	112674878	112683246	3	7846	22237.1232	612	1
4_MACS_peak_16616_lociStitched	chr20	43103859	43124810	4	12071	22218.5355	613	1
2_MACS_peak_24869_lociStitched	chr7	47514344	47522875	2	7852	22193.3965	614	1
2_MACS_peak_14086_lociStitched	chr2	13659951	13672832	2	7207	22181.082	615	1
2_MACS_peak_14016_lociStitched	chr2	8653733	8666923	2	10862	22171.071	616	1
2_MACS_peak_2875_lociStitched	chr10	3824089	3828596	2	4359	22151.905	617	1
1_MACS_peak_7294_lociStitched	chr13	114829063	114835163	1	6101	22136.29	618	1
2_MACS_peak_27101_lociStitched	chr8	134508385	134521144	2	11932	22130.4855	619	1
4_MACS_peak_4760_lociStitched	chr11	67761440	67778531	4	11875	22098.663	620	1
1_MACS_peak_26828_lociStitched	chr8	103540431	103550307	1	9877	22085.6988	621	1
2_MACS_peak_28329_lociStitched	chr9	131935892	131941195	2	5285	22038.2074	622	1
4_MACS_peak_29114_lociStitched	chrX	70315183	70339353	4	10179	22009.202	623	1
1_MACS_peak_21206_lociStitched	chr5	1004199	1011836	1	7638	22001.4333	624	1
2_MACS_peak_28498_lociStitched	chr9	139775161	139782458	2	6365	22000.455	625	1
1_MACS_peak_5492_lociStitched	chr12	9799247	9805087	1	5841	21999.864	626	1
1_MACS_peak_19946_lociStitched	chr4	15002450	15008836	1	6387	21978.6962	627	1
1_MACS_peak_27093_lociStitched	chr8	134244093	134249593	1	5501	21970.85	628	1
3_MACS_peak_17510_lociStitched	chr22	27052803	27070547	3	10241	21926.2608	629	1
1_MACS_peak_16843_lociStitched	chr20	56191282	56197722	1	6441	21925.624	630	1
1_MACS_peak_7576_lociStitched	chr14	50527157	50535658	1	8502	21887.5247	631	1
3_MACS_peak_20143_lociStitched	chr4	54553729	54572884	3	9208	21857.7705	632	1
3_MACS_peak_520_lociStitched	chr1	28831596	28846332	3	10146	21825.4896	633	1
3_MACS_peak_6014_lociStitched	chr12	56509150	56523907	3	9131	21822.6516	634	1
4_MACS_peak_579_lociStitched	chr1	32468824	32485724	4	9121	21790.86	635	1
1_MACS_peak_822_lociStitched	chr1	44295753	44303764	1	8012	21768.2903	636	1
1_MACS_peak_19936_lociStitched	chr4	13477037	13487167	1	10131	21749.11	637	1
2_MACS_peak_5881_lociStitched	chr12	50497148	50507198	2	6122	21724.08	638	1
3_MACS_peak_11972_lociStitched	chr17	80405969	80423844	3	8249	21705.6125	639	1
1_MACS_peak_5350_lociStitched	chr12	1530246	1536532	1	6287	21696.7576	640	1
3_MACS_peak_5733_lociStitched	chr12	32651564	32667193	3	10389	21696.1778	641	1
1_MACS_peak_13262_lociStitched	chr19	29120213	29126432	1	6220	21669.4836	642	1
1_MACS_peak_3565_lociStitched	chr10	89620145	89630508	1	10364	21644.1618	643	1
1_MACS_peak_11543_lociStitched	chr17	57860461	57866599	1	6139	21612.5118	644	1
3_MACS_peak_17641_lociStitched	chr22	36778323	36785101	3	6667	21575.0518	645	1
2_MACS_peak_28322_lociStitched	chr9	131782184	131790655	2	7561	21568.8602	646	1
2_MACS_peak_13695_lociStitched	chr19	49135609	49150676	2	9347	21568.4105	647	1
2_MACS_peak_10297_lociStitched	chr16	81740285	81753033	2	8225	21518.624	648	1
1_MACS_peak_16040_lociStitched	chr2	234873161	234878724	1	5564	21504.3328	649	1
1_MACS_peak_10258_lociStitched	chr16	79628701	79636875	1	8175	21473.098	650	1
1_MACS_peak_25002_lociStitched	chr7	70158323	70166606	1	8284	21462.0813	651	1
1_MACS_peak_1948_lociStitched	chr1	167188136	167192535	1	4400	21458.7619	652	1
1_MACS_peak_21607_lociStitched	chr5	56466841	56473520	1	6680	21432.911	653	1
2_MACS_peak_11967_lociStitched	chr17	80324727	80331274	2	6246	21405.4165	654	1
2_MACS_peak_2068_lociStitched	chr1	179846240	179853508	2	4594	21388.9972	655	1
1_MACS_peak_14844_lociStitched	chr2	86219654	86228519	1	8866	21340.7145	656	1
3_MACS_peak_7354_lociStitched	chr14	23066121	23084549	3	12939	21308.2964	657	1
1_MACS_peak_11646_lociStitched	chr17	65642514	65649244	1	6731	21271.511	658	1
2_MACS_peak_10184_lociStitched	chr16	70460705	70473949	2	10063	21214.2392	659	1
4_MACS_peak_136_lociStitched	chr1	9334982	9357241	4	11726	21203.9234	660	1
1_MACS_peak_27831_lociStitched	chr9	93952690	93957186	1	4497	21203.5856	661	1
2_MACS_peak_5710_lociStitched	chr12	31900692	31911016	2	8324	21203.4312	662	1
2_MACS_peak_12633_lociStitched	chr19	1647648	1653895	2	6208	21201.0686	663	1
1_MACS_peak_26570_lociStitched	chr8	72267383	72276268	1	8886	21181.84	664	1
1_MACS_peak_27144_lociStitched	chr8	142424082	142430448	1	6367	21173.316	665	1
1_MACS_peak_1938_lociStitched	chr1	165795983	165799557	1	3575	21135.9212	666	1
4_MACS_peak_403_lociStitched	chr1	25558157	25574997	4	9554	21134.2	667	1
2_MACS_peak_17482_lociStitched	chr22	24996901	25005862	2	7954	21129.1419	668	1
3_MACS_peak_1609_lociStitched	chr1	150945411	150955851	3	8778	21126.384	669	1
1_MACS_peak_5906_lociStitched	chr12	51711734	51722099	1	10366	21115.578	670	1
4_MACS_peak_543_lociStitched	chr1	31215204	31232661	4	11539	21109.0044	671	1
9_MACS_peak_17289_lociStitched	chr22	17082284	17110998	9	13410	21093.3044	672	1
2_MACS_peak_17757_lociStitched	chr22	39539767	39549573	2	9752	21066.2298	673	1
1_MACS_peak_2523_lociStitched	chr1	218336051	218344908	1	8858	21028.2894	674	1
3_MACS_peak_24413_lociStitched	chr7	2438576	2448189	3	8720	21026.5149	675	1
3_MACS_peak_19335_lociStitched	chr3	156845793	156861889	3	10010	21005.28	676	1
4_MACS_peak_5523_lociStitched	chr12	11902252	11916893	4	12039	20999.5863	677	1
2_MACS_peak_13579_lociStitched	chr19	45633607	45643586	2	7609	20985.837	678	1
5_MACS_peak_12614_lociStitched	chr19	1258508	1277213	5	9309	20973.9165	679	1
1_MACS_peak_16743_lociStitched	chr20	48499037	48506256	1	7220	20971.195	680	1
2_MACS_peak_9759_lociStitched	chr16	27209072	27218373	2	7604	20957.0132	681	1
3_MACS_peak_2176_lociStitched	chr1	187000232	187012507	3	8476	20954.6525	682	1
1_MACS_peak_1745_lociStitched	chr1	155277021	155280846	1	3826	20947.995	683	1
1_MACS_peak_29567_lociStitched	chrX	153283270	153286913	1	3644	20942.5141	684	1
3_MACS_peak_16583_lociStitched	chr20	40710064	40727328	3	10561	20922.2416	685	1
3_MACS_peak_4992_lociStitched	chr11	98960848	98971415	3	10404	20907.8662	686	1
3_MACS_peak_5149_lociStitched	chr11	118888026	118901686	3	10563	20883.408	687	1
2_MACS_peak_15889_lociStitched	chr2	219081117	219096144	2	10423	20852.9679	688	1
4_MACS_peak_9292_lociStitched	chr15	101782254	101806717	4	10582	20840.0297	689	1
1_MACS_peak_1683_lociStitched	chr1	154191124	154194992	1	3869	20838.85	690	1
3_MACS_peak_21550_lociStitched	chr5	54031463	54049912	3	7909	20830.7659	691	1
1_MACS_peak_20437_lociStitched	chr4	87924892	87930414	1	5523	20821.8054	692	1
2_MACS_peak_22981_lociStitched	chr6	26121584	26127646	2	6052	20820.5452	693	1
5_MACS_peak_20722_lociStitched	chr4	129473378	129497028	5	9883	20781.255	694	1
2_MACS_peak_1736_lociStitched	chr1	155157455	155165574	2	5466	20775.7091	695	1
1_MACS_peak_1849_lociStitched	chr1	160229614	160233922	1	4309	20755.5132	696	1
3_MACS_peak_1673_lociStitched	chr1	153929352	153940919	3	7034	20743.1011	697	1
1_MACS_peak_26917_lociStitched	chr8	119573641	119580350	1	6710	20697.9359	698	1
1_MACS_peak_4347_lociStitched	chr11	33672817	33680041	1	7225	20690.9808	699	1
2_MACS_peak_22239_lociStitched	chr5	138720073	138730237	2	9363	20671.5432	700	1
4_MACS_peak_18767_lociStitched	chr3	97689114	97710903	4	12189	20653.7931	701	1
5_MACS_peak_22563_lociStitched	chr5	173247157	173268345	5	11342	20641.3496	702	1
2_MACS_peak_28127_lociStitched	chr9	117372538	117380566	2	6929	20640.7908	703	1
2_MACS_peak_29285_lociStitched	chrX	109552216	109562624	2	10278	20640.1048	704	1
1_MACS_peak_20776_lociStitched	chr4	140096544	140100571	1	4028	20619.4481	705	1
4_MACS_peak_86_lociStitched	chr1	6660245	6675171	4	9223	20618.7764	706	1
1_MACS_peak_19150_lociStitched	chr3	135910224	135917503	1	7280	20611.9443	707	1
2_MACS_peak_25332_lociStitched	chr7	100025438	100034933	2	5639	20602.251	708	1
1_MACS_peak_19657_lociStitched	chr3	192606844	192619090	1	12247	20573.28	709	1
5_MACS_peak_9866_lociStitched	chr16	30562505	30584248	5	10637	20566.7037	710	1
5_MACS_peak_28063_lociStitched	chr9	112904316	112925165	5	13348	20546.6895	711	1
3_MACS_peak_11768_lociStitched	chr17	74257576	74269184	3	10247	20546.16	712	1
4_MACS_peak_27403_lociStitched	chr9	22100165	22118766	4	9943	20544.8045	713	1
3_MACS_peak_5961_lociStitched	chr12	53763401	53776339	3	8201	20510.6114	714	1
4_MACS_peak_24072_lociStitched	chr6	135322302	135343899	4	11290	20497.7127	715	1
1_MACS_peak_20272_lociStitched	chr4	74676970	74684501	1	7532	20484.32	716	1
1_MACS_peak_10360_lociStitched	chr16	85778843	85791521	1	12679	20482.5768	717	1
1_MACS_peak_22994_lociStitched	chr6	26269709	26275819	1	6111	20470.944	718	1
1_MACS_peak_7777_lociStitched	chr14	69257532	69264367	1	6836	20466.724	719	1
1_MACS_peak_221_lociStitched	chr1	14025753	14032454	1	6702	20450.7819	720	1
4_MACS_peak_23294_lociStitched	chr6	37015602	37031057	4	9983	20442.3285	721	1
2_MACS_peak_4476_lociStitched	chr11	58340134	58348239	2	8063	20417.3055	722	1
1_MACS_peak_2803_lociStitched	chr1	244996094	245000584	1	4491	20413.785	723	1
5_MACS_peak_16488_lociStitched	chr20	34189507	34208145	5	13111	20410.4738	724	1
4_MACS_peak_9134_lociStitched	chr15	89654476	89674449	4	14859	20410.4087	725	1
2_MACS_peak_1686_lociStitched	chr1	154369405	154380883	2	9632	20397.5538	726	1
2_MACS_peak_13765_lociStitched	chr19	50423480	50434039	2	8475	20389.429	727	1
1_MACS_peak_5987_lociStitched	chr12	54671872	54677655	1	5784	20321.462	728	1
2_MACS_peak_26248_lociStitched	chr8	29653719	29664529	2	8013	20303.342	729	1
1_MACS_peak_15492_lociStitched	chr2	175457245	175463601	1	6357	20259.1144	730	1
2_MACS_peak_1967_lociStitched	chr1	167903612	167907759	2	4133	20244.8246	731	1
1_MACS_peak_19277_lociStitched	chr3	150477545	150485729	1	8185	20239.8504	732	1
1_MACS_peak_2806_lociStitched	chr1	245132005	245136086	1	4082	20228.7008	733	1
2_MACS_peak_5261_lociStitched	chr11	128337460	128354719	2	12557	20227.548	734	1
4_MACS_peak_8832_lociStitched	chr15	70387356	70396489	4	8941	20216.8088	735	1
2_MACS_peak_19486_lociStitched	chr3	177068655	177079507	2	7865	20215.1056	736	1
2_MACS_peak_8859_lociStitched	chr15	72518058	72530738	2	9089	20204.312	737	1
1_MACS_peak_21183_lociStitched	chr5	188136	193640	1	5505	20202.432	738	1
2_MACS_peak_21223_lociStitched	chr5	1488618	1501648	2	7863	20193.894	739	1
1_MACS_peak_24928_lociStitched	chr7	55597558	55605033	1	7476	20172.7825	740	1
2_MACS_peak_16675_lociStitched	chr20	45027133	45037169	2	8364	20149.2772	741	1
1_MACS_peak_16495_lociStitched	chr20	34328221	34332915	1	4695	20142.4234	742	1
1_MACS_peak_8018_lociStitched	chr14	91879509	91885527	1	6019	20136.228	743	1
1_MACS_peak_24719_lociStitched	chr7	32929111	32933510	1	4400	20109.5886	744	1
2_MACS_peak_25604_lociStitched	chr7	122822833	122833484	2	8222	20086.7209	745	1
5_MACS_peak_15024_lociStitched	chr2	106402528	106430227	5	14394	20081.775	746	1
1_MACS_peak_2356_lociStitched	chr1	205252062	205258644	1	6583	20071.1508	747	1
4_MACS_peak_12315_lociStitched	chr18	47057181	47075592	4	11310	20062.4667	748	1
2_MACS_peak_10986_lociStitched	chr17	33406218	33417110	2	7557	20054.3504	749	1
4_MACS_peak_26207_lociStitched	chr8	27930364	27943681	4	10277	19999.4706	750	1
2_MACS_peak_13083_lociStitched	chr19	16180601	16191330	2	6478	19997.7831	751	1
2_MACS_peak_17924_lociStitched	chr22	46447634	46455222	2	6410	19994.38	752	1
2_MACS_peak_2981_lociStitched	chr10	13382105	13392037	2	5083	19993.116	753	1
2_MACS_peak_19092_lociStitched	chr3	129892241	129901463	2	8759	19974.852	754	1
5_MACS_peak_592_lociStitched	chr1	32713205	32740408	5	11010	19964.2817	755	1
1_MACS_peak_24267_lociStitched	chr6	157097763	157104384	1	6622	19962.9771	756	1
3_MACS_peak_28476_lociStitched	chr9	138998438	139011781	3	7087	19958.4594	757	1
2_MACS_peak_10397_lociStitched	chr16	88869321	88879340	2	5586	19946.8271	758	1
4_MACS_peak_1740_lociStitched	chr1	155213713	155233002	4	6986	19929.3948	759	1
2_MACS_peak_19787_lociStitched	chr4	1794963	1805396	2	10421	19914.5104	760	1
3_MACS_peak_11897_lociStitched	chr17	78226265	78238465	3	8857	19888.44	761	1
4_MACS_peak_27979_lociStitched	chr9	104187620	104212070	4	10872	19819.17	762	1
4_MACS_peak_4813_lociStitched	chr11	71415183	71431801	4	10243	19790.3762	763	1
1_MACS_peak_9214_lociStitched	chr15	93442722	93451261	1	8540	19781.4474	764	1
2_MACS_peak_10838_lociStitched	chr17	20936604	20948088	2	7096	19781.19	765	1
1_MACS_peak_6974_lociStitched	chr13	46269270	46277900	1	8631	19773.919	766	1
3_MACS_peak_24163_lociStitched	chr6	141472874	141486962	3	9330	19758.42	767	1
3_MACS_peak_1732_lociStitched	chr1	155099406	155113467	3	6575	19737.4257	768	1
2_MACS_peak_21235_lociStitched	chr5	1791563	1802564	2	6362	19736.8941	769	1
1_MACS_peak_2462_lociStitched	chr1	211430763	211435064	1	4302	19727.3967	770	1
2_MACS_peak_29352_lociStitched	chrX	119434421	119444436	2	8816	19713.526	771	1
1_MACS_peak_22983_lociStitched	chr6	26155461	26160959	1	5499	19711.9794	772	1
2_MACS_peak_20591_lociStitched	chr4	110973739	110982690	2	8624	19679.6686	773	1
2_MACS_peak_18402_lociStitched	chr3	46454176	46466385	2	10542	19663.8154	774	1
2_MACS_peak_11928_lociStitched	chr17	79668288	79681035	2	7014	19662.2475	775	1
5_MACS_peak_22966_lociStitched	chr6	25365938	25390522	5	15136	19652.4496	776	1
5_MACS_peak_10630_lociStitched	chr17	7737037	7761836	5	12728	19648.2477	777	1
1_MACS_peak_14048_lociStitched	chr2	10259821	10265449	1	5629	19643.4084	778	1
8_MACS_peak_764_lociStitched	chr1	41818804	41848503	8	13647	19625.0992	779	1
1_MACS_peak_25224_lociStitched	chr7	90557605	90564930	1	7326	19552.6225	780	1
1_MACS_peak_23441_lociStitched	chr6	45386538	45396465	1	9928	19550.2338	781	1
2_MACS_peak_15522_lociStitched	chr2	178126350	178138161	2	6452	19512.9531	782	1
2_MACS_peak_23108_lociStitched	chr6	30582116	30586963	2	4830	19476.7001	783	1
2_MACS_peak_12679_lociStitched	chr19	2468774	2480202	2	7725	19461.884	784	1
3_MACS_peak_19251_lociStitched	chr3	148705111	148723149	3	11254	19444.964	785	1
1_MACS_peak_27668_lociStitched	chr9	74976103	74981416	1	5314	19416.3585	786	1
1_MACS_peak_11290_lociStitched	chr17	43387737	43395914	1	8178	19403.2033	787	1
1_MACS_peak_19364_lociStitched	chr3	160116256	160123576	1	7321	19388.484	788	1
3_MACS_peak_21142_lociStitched	chr4	186391447	186403537	3	6735	19354.881	789	1
2_MACS_peak_17074_lociStitched	chr21	34600651	34613138	2	8071	19351.1039	790	1
1_MACS_peak_25861_lociStitched	chr7	148821898	148825894	1	3997	19345.8348	791	1
4_MACS_peak_2669_lociStitched	chr1	228763619	228784478	4	20671	19338.3789	792	1
2_MACS_peak_29438_lociStitched	chrX	131613466	131625466	2	9486	19322.4	793	1
1_MACS_peak_4499_lociStitched	chr11	60604206	60613347	1	9142	19305.792	794	1
1_MACS_peak_14904_lociStitched	chr2	89049420	89056811	1	7392	19300.8574	795	1
2_MACS_peak_29466_lociStitched	chrX	135207756	135215703	2	7802	19296.1107	796	1
1_MACS_peak_21889_lociStitched	chr5	90674579	90680917	1	6339	19284.6326	797	1
2_MACS_peak_26627_lociStitched	chr8	81003585	81017322	2	9612	19262.0214	798	1
2_MACS_peak_27783_lociStitched	chr9	91947566	91958665	2	9797	19237.8967	799	1
2_MACS_peak_25733_lociStitched	chr7	134670684	134682796	2	9094	19229.0112	800	1
6_MACS_peak_4717_lociStitched	chr11	66861644	66889228	6	11517	19223.2896	801	1
1_MACS_peak_18900_lociStitched	chr3	112176705	112185185	1	8481	19196.176	802	1
1_MACS_peak_27839_lociStitched	chr9	94569707	94576076	1	6370	19194.8922	803	1
3_MACS_peak_17986_lociStitched	chr22	50352955	50364850	3	8296	19169.982	804	1
4_MACS_peak_11443_lociStitched	chr17	49020349	49038586	4	9190	19154.3211	805	1
1_MACS_peak_11486_lociStitched	chr17	55431370	55437952	1	6583	19140.456	806	1
2_MACS_peak_15608_lociStitched	chr2	188726957	188735982	2	7257	19129.39	807	1
1_MACS_peak_13632_lociStitched	chr19	47286731	47292730	1	6000	19097.2166	808	1
2_MACS_peak_13872_lociStitched	chr19	56109931	56118241	2	5257	19079.76	809	1
2_MACS_peak_14391_lociStitched	chr2	43558051	43570926	2	9452	19074.3125	810	1
2_MACS_peak_1775_lociStitched	chr1	156115124	156129518	2	14392	19059.0954	811	1
2_MACS_peak_6017_lociStitched	chr12	56544528	56553817	2	5660	19043.3789	812	1
2_MACS_peak_27789_lociStitched	chr9	92110967	92118937	2	6314	19039.533	813	1
2_MACS_peak_6399_lociStitched	chr12	104318671	104326959	2	7499	19035.8784	814	1
1_MACS_peak_20390_lociStitched	chr4	83348982	83352811	1	3830	19029.7471	815	1
1_MACS_peak_13997_lociStitched	chr2	5834257	5842315	1	8059	19024.938	816	1
2_MACS_peak_17257_lociStitched	chr21	46521751	46534510	2	11022	19019.8413	817	1
1_MACS_peak_3060_lociStitched	chr10	22539194	22548030	1	8837	19008.0032	818	1
1_MACS_peak_2051_lociStitched	chr1	178573447	178577665	1	4219	18997.0284	819	1
2_MACS_peak_18880_lociStitched	chr3	111392593	111403979	2	9595	18980.462	820	1
1_MACS_peak_7986_lociStitched	chr14	90498923	90504561	1	5639	18962.8492	821	1
2_MACS_peak_16445_lociStitched	chr20	32445041	32452632	2	7427	18943.3405	822	1
2_MACS_peak_13475_lociStitched	chr19	41767820	41772045	2	4206	18943.21	823	1
4_MACS_peak_25122_lociStitched	chr7	75931087	75949253	4	8448	18941.6882	824	1
5_MACS_peak_13715_lociStitched	chr19	49457224	49483328	5	10584	18941.0624	825	1
2_MACS_peak_41_lociStitched	chr1	1668696	1678750	2	5547	18926.655	826	1
2_MACS_peak_23153_lociStitched	chr6	31755724	31764588	2	6407	18912.2304	827	1
4_MACS_peak_24924_lociStitched	chr7	55565014	55585598	4	14688	18891.9952	828	1
4_MACS_peak_22927_lociStitched	chr6	20200553	20219100	4	13013	18878.9913	829	1
2_MACS_peak_19136_lociStitched	chr3	133290593	133297689	2	6864	18873.2312	830	1
5_MACS_peak_23207_lociStitched	chr6	33376922	33399521	5	10832	18854.3457	831	1
2_MACS_peak_1790_lociStitched	chr1	156560384	156572257	2	6569	18853.1367	832	1
2_MACS_peak_5939_lociStitched	chr12	53392565	53402027	2	5866	18846.4116	833	1
2_MACS_peak_1964_lociStitched	chr1	167682545	167692332	2	6349	18845.8472	834	1
2_MACS_peak_15984_lociStitched	chr2	231524815	231536954	2	8202	18821.5195	835	1
2_MACS_peak_22146_lociStitched	chr5	131790892	131804037	2	10620	18815.753	836	1
1_MACS_peak_1767_lociStitched	chr1	156022275	156025623	1	3349	18799.6896	837	1
1_MACS_peak_260_lociStitched	chr1	16338404	16344295	1	5892	18798.7701	838	1
2_MACS_peak_23304_lociStitched	chr6	37135935	37141174	2	5026	18795.4364	839	1
4_MACS_peak_16991_lociStitched	chr21	19147202	19167086	4	11786	18794.3568	840	1
1_MACS_peak_3232_lociStitched	chr10	45467916	45476953	1	9038	18794.2489	841	1
1_MACS_peak_2273_lociStitched	chr1	200985645	200992995	1	7351	18790.275	842	1
1_MACS_peak_19826_lociStitched	chr4	3238102	3243032	1	4931	18785.272	843	1
7_MACS_peak_10089_lociStitched	chr16	67191627	67218331	7	11857	18775.5824	844	1
2_MACS_peak_15493_lociStitched	chr2	175470043	175482136	2	9113	18750.1965	845	1
2_MACS_peak_29378_lociStitched	chrX	123092857	123097771	2	4842	18729.2196	846	1
2_MACS_peak_25163_lociStitched	chr7	78114280	78128261	2	13533	18666.0331	847	1
1_MACS_peak_17504_lociStitched	chr22	26984451	26993306	1	8856	18650.401	848	1
4_MACS_peak_2168_lociStitched	chr1	186720442	186742523	4	13360	18647.4045	849	1
3_MACS_peak_5971_lociStitched	chr12	53881453	53896232	3	6387	18640.7527	850	1
1_MACS_peak_11300_lociStitched	chr17	43660344	43664534	1	4191	18625.388	851	1
1_MACS_peak_25003_lociStitched	chr7	70226533	70231900	1	5368	18600.9486	852	1
4_MACS_peak_28487_lociStitched	chr9	139580784	139598669	4	10792	18591.4575	853	1
1_MACS_peak_22593_lociStitched	chr5	175618899	175627458	1	8560	18586.7244	854	1
3_MACS_peak_19782_lociStitched	chr4	1712694	1725273	3	7395	18584.2146	855	1
1_MACS_peak_1859_lociStitched	chr1	160708108	160714523	1	6416	18583.6135	856	1
3_MACS_peak_13739_lociStitched	chr19	49989937	50000920	3	5878	18575.5479	857	1
2_MACS_peak_2010_lociStitched	chr1	173831577	173840341	2	8126	18575.298	858	1
2_MACS_peak_16113_lociStitched	chr2	241499026	241509722	2	9033	18570.3952	859	1
3_MACS_peak_18783_lociStitched	chr3	98480203	98495581	3	12450	18547.4058	860	1
2_MACS_peak_13358_lociStitched	chr19	36626754	36632894	2	5008	18544.642	861	1
3_MACS_peak_10475_lociStitched	chr17	1293779	1304500	3	7378	18543.0416	862	1
1_MACS_peak_9836_lociStitched	chr16	30074598	30078793	1	4196	18527.2175	863	1
1_MACS_peak_11112_lociStitched	chr17	38277191	38281290	1	4100	18511.4939	864	1
2_MACS_peak_20494_lociStitched	chr4	99578365	99586387	2	6498	18510.765	865	1
1_MACS_peak_8439_lociStitched	chr15	40615279	40623156	1	7878	18486.5313	866	1
1_MACS_peak_11064_lociStitched	chr17	37052157	37056553	1	4397	18471.5524	867	1
2_MACS_peak_11492_lociStitched	chr17	55552001	55565781	2	10078	18463.822	868	1
2_MACS_peak_22625_lociStitched	chr5	176852394	176860168	2	7551	18457.8082	869	1
2_MACS_peak_5258_lociStitched	chr11	128274302	128286663	2	9982	18457.4452	870	1
2_MACS_peak_13646_lociStitched	chr19	47728427	47735024	2	6414	18439.9344	871	1
1_MACS_peak_10896_lociStitched	chr17	27275501	27280245	1	4745	18438.5048	872	1
1_MACS_peak_14291_lociStitched	chr2	33699506	33706019	1	6514	18437.0004	873	1
1_MACS_peak_24151_lociStitched	chr6	139690381	139697871	1	7491	18432.89	874	1
4_MACS_peak_1600_lociStitched	chr1	150582842	150603125	4	10287	18388.5678	875	1
2_MACS_peak_2400_lociStitched	chr1	206955367	206968861	2	11032	18368.0328	876	1
3_MACS_peak_15641_lociStitched	chr2	191877702	191886791	3	7637	18338.8753	877	1
2_MACS_peak_20394_lociStitched	chr4	83810733	83823244	2	6584	18316.104	878	1
7_MACS_peak_4584_lociStitched	chr11	63992993	64019631	7	13283	18305.6336	879	1
1_MACS_peak_104_lociStitched	chr1	7461883	7471145	1	9263	18293.3762	880	1
4_MACS_peak_11794_lociStitched	chr17	75078973	75093343	4	11365	18290.136	881	1
1_MACS_peak_20520_lociStitched	chr4	103421322	103425433	1	4112	18284.0836	882	1
1_MACS_peak_2804_lociStitched	chr1	245024031	245028674	1	4644	18280.4196	883	1
1_MACS_peak_3120_lociStitched	chr10	28820507	28824018	1	3512	18268.7863	884	1
1_MACS_peak_2050_lociStitched	chr1	178546490	178552354	1	5865	18264.0144	885	1
1_MACS_peak_28126_lociStitched	chr9	117349074	117356173	1	7100	18245.8498	886	1
3_MACS_peak_8452_lociStitched	chr15	41023109	41038894	3	8004	18233.2535	887	1
3_MACS_peak_23175_lociStitched	chr6	32156550	32164738	3	7030	18226.488	888	1
3_MACS_peak_8905_lociStitched	chr15	74831763	74846189	3	10637	18218.5954	889	1
4_MACS_peak_8227_lociStitched	chr14	105526592	105542954	4	9776	18217.4508	890	1
3_MACS_peak_9761_lociStitched	chr16	27236033	27246513	3	7410	18201.664	891	1
4_MACS_peak_15731_lociStitched	chr2	202083784	202101788	4	12128	18167.8364	892	1
2_MACS_peak_5310_lociStitched	chr11	132216001	132231447	2	10554	18164.496	893	1
1_MACS_peak_6393_lociStitched	chr12	102870413	102879545	1	9133	18159.8952	894	1
1_MACS_peak_28827_lociStitched	chrX	40032199	40037103	1	4905	18150.1944	895	1
1_MACS_peak_5716_lociStitched	chr12	32047334	32051833	1	4500	18147.1664	896	1
2_MACS_peak_10379_lociStitched	chr16	87983853	87991385	2	5343	18143.8348	897	1
2_MACS_peak_20523_lociStitched	chr4	103532621	103543251	2	9398	18112.457	898	1
2_MACS_peak_4345_lociStitched	chr11	33639722	33646467	2	6701	18109.6505	899	1
2_MACS_peak_13575_lociStitched	chr19	45577399	45584222	2	6044	18086.4084	900	1
3_MACS_peak_8245_lociStitched	chr14	105947176	105958568	3	7192	18084.8	901	1
1_MACS_peak_25248_lociStitched	chr7	92436893	92445539	1	8647	18060.6294	902	1
1_MACS_peak_18793_lociStitched	chr3	99340172	99346931	1	6760	18046.53	903	1
1_MACS_peak_10468_lociStitched	chr17	977004	985082	1	8079	18025.2492	904	1
2_MACS_peak_11949_lociStitched	chr17	80054267	80065292	2	5729	18024.7725	905	1
1_MACS_peak_14397_lociStitched	chr2	43647344	43658127	1	10784	18004.3751	906	1
1_MACS_peak_2141_lociStitched	chr1	184615154	184620318	1	5165	17989.8268	907	1
4_MACS_peak_780_lociStitched	chr1	42149246	42167530	4	10353	17971.3436	908	1
1_MACS_peak_21110_lociStitched	chr4	185565636	185571784	1	6149	17966.3004	909	1
5_MACS_peak_24712_lociStitched	chr7	32766659	32786714	5	11249	17965.269	910	1
1_MACS_peak_2029_lociStitched	chr1	174967386	174970849	1	3464	17962.2347	911	1
2_MACS_peak_25297_lociStitched	chr7	98971541	98980028	2	6546	17961.8868	912	1
1_MACS_peak_20505_lociStitched	chr4	100866792	100872697	1	5906	17952.381	913	1
1_MACS_peak_3231_lociStitched	chr10	45453879	45461475	1	7597	17950.1076	914	1
1_MACS_peak_12442_lociStitched	chr18	56751227	56756727	1	5501	17943.75	915	1
1_MACS_peak_5794_lociStitched	chr12	46382231	46387355	1	5125	17934	916	1
1_MACS_peak_16606_lociStitched	chr20	42695563	42700553	1	4991	17928.571	917	1
2_MACS_peak_3177_lociStitched	chr10	35064744	35072422	2	5377	17902.7926	918	1
1_MACS_peak_2433_lociStitched	chr1	209304118	209309473	1	5356	17874.99	919	1
4_MACS_peak_20041_lociStitched	chr4	38307325	38322272	4	10641	17864.6544	920	1
2_MACS_peak_13956_lociStitched	chr19	59065440	59071895	2	5553	17856.4665	921	1
1_MACS_peak_13863_lociStitched	chr19	55894210	55899028	1	4819	17852.1354	922	1
4_MACS_peak_28349_lociStitched	chr9	132340395	132356154	4	9257	17848.6434	923	1
1_MACS_peak_2603_lociStitched	chr1	226066441	226071619	1	5179	17833.5498	924	1
3_MACS_peak_13855_lociStitched	chr19	55786220	55796575	3	8147	17825.097	925	1
4_MACS_peak_11520_lociStitched	chr17	56694636	56710133	4	12611	17790.556	926	1
3_MACS_peak_28648_lociStitched	chrX	13670502	13688457	3	12310	17761.086	927	1
3_MACS_peak_18893_lociStitched	chr3	112011769	112023269	3	8652	17757.15	928	1
4_MACS_peak_26585_lociStitched	chr8	74649622	74662739	4	8287	17749.9244	929	1
1_MACS_peak_17708_lociStitched	chr22	38571823	38578636	1	6814	17748.5463	930	1
1_MACS_peak_22851_lociStitched	chr6	12008155	12014262	1	6108	17736.5601	931	1
2_MACS_peak_20648_lociStitched	chr4	121638684	121651387	2	7578	17732.1177	932	1
4_MACS_peak_22670_lociStitched	chr5	180228797	180248973	4	9400	17724.616	933	1
2_MACS_peak_8624_lociStitched	chr15	52967288	52976555	2	8333	17716.6506	934	1
3_MACS_peak_14752_lociStitched	chr2	74424920	74441005	3	9739	17714.4105	935	1
1_MACS_peak_26757_lociStitched	chr8	98655225	98659174	1	3950	17701.3925	936	1
1_MACS_peak_9727_lociStitched	chr16	23412516	23419426	1	6911	17695.819	937	1
2_MACS_peak_23609_lociStitched	chr6	74286678	74297054	2	7343	17675.516	938	1
1_MACS_peak_28246_lociStitched	chr9	129765626	129771169	1	5544	17663.3238	939	1
1_MACS_peak_28345_lociStitched	chr9	132219734	132223914	1	4181	17639.182	940	1
4_MACS_peak_25244_lociStitched	chr7	92407069	92428333	4	14659	17629.9824	941	1
1_MACS_peak_11879_lociStitched	chr17	76884258	76889292	1	5035	17629.068	942	1
5_MACS_peak_15663_lociStitched	chr2	197024023	197048110	5	11440	17605.1883	943	1
4_MACS_peak_9912_lociStitched	chr16	31880039	31890667	4	8094	17594.654	944	1
1_MACS_peak_20684_lociStitched	chr4	124317487	124322255	1	4769	17592.9664	945	1
2_MACS_peak_10754_lociStitched	chr17	17794484	17806840	2	10143	17571.4676	946	1
1_MACS_peak_24833_lociStitched	chr7	44787425	44793097	1	5673	17570.1544	947	1
1_MACS_peak_1493_lociStitched	chr1	145194122	145198241	1	4120	17549.8233	948	1
2_MACS_peak_2651_lociStitched	chr1	228268698	228279371	2	7785	17549.6139	949	1
2_MACS_peak_3051_lociStitched	chr10	21814202	21824398	2	5632	17545.2768	950	1
3_MACS_peak_21103_lociStitched	chr4	185368487	185383913	3	11413	17540.9046	951	1
2_MACS_peak_23963_lociStitched	chr6	124088037	124094370	2	6215	17529.1107	952	1
1_MACS_peak_6006_lociStitched	chr12	56319362	56325060	1	5699	17524.199	953	1
1_MACS_peak_19439_lociStitched	chr3	170072039	170076727	1	4689	17516.2432	954	1
3_MACS_peak_19064_lociStitched	chr3	128900678	128915636	3	7841	17509.8348	955	1
4_MACS_peak_24321_lociStitched	chr6	160389118	160405241	4	11606	17506.3534	956	1
2_MACS_peak_26875_lociStitched	chr8	107669085	107682844	2	10371	17498.6962	957	1
4_MACS_peak_22589_lociStitched	chr5	175587968	175605644	4	9073	17493.9372	958	1
1_MACS_peak_12198_lociStitched	chr18	23874567	23882870	1	8304	17490.2695	959	1
3_MACS_peak_22932_lociStitched	chr6	20400968	20410885	3	6225	17486.6461	960	1
2_MACS_peak_4083_lociStitched	chr11	2792848	2801245	2	7940	17474.157	961	1
1_MACS_peak_26927_lociStitched	chr8	120885865	120890359	1	4495	17472.672	962	1
2_MACS_peak_18010_lociStitched	chr22	50906654	50921093	2	8985	17471.19	963	1
4_MACS_peak_22559_lociStitched	chr5	173209073	173222865	4	10997	17456.5344	964	1
1_MACS_peak_11253_lociStitched	chr17	42275215	42278864	1	3650	17451.3425	965	1
2_MACS_peak_17508_lociStitched	chr22	27036974	27045710	2	8706	17402.9856	966	1
1_MACS_peak_14826_lociStitched	chr2	85764489	85768228	1	3740	17393.4541	967	1
2_MACS_peak_4648_lociStitched	chr11	65336299	65345861	2	9158	17378.935	968	1
1_MACS_peak_11540_lociStitched	chr17	57694451	57699594	1	5144	17375.6255	969	1
2_MACS_peak_29342_lociStitched	chrX	118887369	118897857	2	7487	17372.3232	970	1
1_MACS_peak_20170_lociStitched	chr4	57299538	57304599	1	5062	17357.7117	971	1
1_MACS_peak_5856_lociStitched	chr12	49523096	49527791	1	4696	17337.696	972	1
2_MACS_peak_25655_lociStitched	chr7	128162857	128173710	2	5444	17327.8998	973	1
1_MACS_peak_12729_lociStitched	chr19	3983770	3990862	1	7093	17320.7916	974	1
2_MACS_peak_11498_lociStitched	chr17	55676219	55684959	2	7251	17314.814	975	1
1_MACS_peak_102_lociStitched	chr1	6977215	6984304	1	7090	17311.338	976	1
3_MACS_peak_9863_lociStitched	chr16	30537188	30547594	3	5105	17302.0562	977	1
2_MACS_peak_10415_lociStitched	chr16	89508199	89522172	2	10102	17299.9713	978	1
3_MACS_peak_13587_lociStitched	chr19	45921683	45932709	3	8739	17288.768	979	1
4_MACS_peak_5529_lociStitched	chr12	11973422	11990601	4	11389	17283.7919	980	1
1_MACS_peak_11202_lociStitched	chr17	40855386	40862620	1	7235	17262.4942	981	1
3_MACS_peak_6134_lociStitched	chr12	67827082	67847335	3	10992	17251.5054	982	1
3_MACS_peak_21406_lociStitched	chr5	32206300	32219605	3	7184	17251.263	983	1
3_MACS_peak_5543_lociStitched	chr12	12844101	12857893	3	8272	17240	984	1
3_MACS_peak_1838_lociStitched	chr1	159879369	159896129	3	8306	17232.632	985	1
5_MACS_peak_12877_lociStitched	chr19	9928722	9946827	5	9000	17226.9075	986	1
1_MACS_peak_17728_lociStitched	chr22	38899882	38903701	1	3820	17221.7805	987	1
1_MACS_peak_951_lociStitched	chr1	54870772	54876238	1	5467	17206.968	988	1
4_MACS_peak_846_lociStitched	chr1	45264679	45286389	4	9420	17203.004	989	1
2_MACS_peak_20264_lociStitched	chr4	73931898	73939131	2	6720	17197.1808	990	1
3_MACS_peak_23706_lociStitched	chr6	89463464	89476343	3	9019	17196.0408	991	1
2_MACS_peak_11666_lociStitched	chr17	66452313	66459435	2	6979	17183.2494	992	1
3_MACS_peak_16121_lociStitched	chr2	242245519	242257140	3	8153	17151.4339	993	1
1_MACS_peak_7815_lociStitched	chr14	72941466	72948543	1	7078	17136.9555	994	1
2_MACS_peak_22726_lociStitched	chr6	3022414	3032215	2	6861	17136.0684	995	1
1_MACS_peak_613_lociStitched	chr1	33281700	33285944	1	4245	17132.1792	996	1
2_MACS_peak_254_lociStitched	chr1	16160038	16163546	2	3464	17128.1608	997	1
2_MACS_peak_20978_lociStitched	chr4	166960580	166968689	2	7741	17117.2881	998	1
3_MACS_peak_462_lociStitched	chr1	27152519	27167512	3	9458	17101.0158	999	1
1_MACS_peak_1827_lociStitched	chr1	157774600	157778916	1	4317	17087.044	1000	1
1_MACS_peak_2614_lociStitched	chr1	226297073	226301270	1	4198	17071.7172	1001	1
1_MACS_peak_9160_lociStitched	chr15	90612704	90620529	1	7826	17023.2875	1002	1
1_MACS_peak_12443_lociStitched	chr18	56806499	56812968	1	6470	17021.2328	1003	1
1_MACS_peak_10902_lociStitched	chr17	27618391	27622374	1	3984	17007.0117	1004	1
1_MACS_peak_25706_lociStitched	chr7	130790069	130796601	1	6533	17000.8364	1005	1
2_MACS_peak_5692_lociStitched	chr12	31225465	31234555	2	7096	16997.391	1006	1
1_MACS_peak_18205_lociStitched	chr3	23846851	23854641	1	7791	16955.714	1007	1
3_MACS_peak_16999_lociStitched	chr21	19645086	19659109	3	9378	16955.2093	1008	1
2_MACS_peak_13853_lociStitched	chr19	55764386	55772019	2	6933	16951.3664	1009	1
