#H929_H3K27ac_peaks Enhancers
#Created from /data/projects/IRF4_mm_trn_data/myeloma_public_data/rose/H929_H3K27ac_ROSE/H929_H3K27ac_peaks_6KB_STITCHED_ENHANCER_REGION_MAP.txt
#Ranked by H929_jia.bam
#Using cutoff of 17919.36 for Super-Enhancers
#Created on Jul 16 2024 
REGION_ID	CHROM	START	STOP	NUM_LOCI	CONSTITUENT_SIZE	H929_jia.bam	enhancerRank	isSuperStretch
9_MACS_peak_23199_lociStitched	chr3	141078882	141164546	9	75843	298890.2624	1	1
5_MACS_peak_18062_lociStitched	chr2	99053010	99135819	5	68661	238788.0324	2	1
5_MACS_peak_2246_lociStitched	chr1	162529903	162584181	5	52647	262781.5092	3	1
8_MACS_peak_14172_lociStitched	chr17	62133099	62210706	8	67025	204998.8905	4	1
3_MACS_peak_22657_lociStitched	chr3	98448030	98511346	3	60515	225303.6544	5	1
1_MACS_peak_27479_lociStitched	chr6	7878325	7921702	1	43378	278632.1595	6	1
5_MACS_peak_1679_lociStitched	chr1	118147672	118218918	5	64532	177245.7988	7	1
4_MACS_peak_2081_lociStitched	chr1	156441145	156480251	4	35006	275204.5644	8	1
8_MACS_peak_28200_lociStitched	chr6	45381213	45445766	8	55447	214541.8955	9	1
5_MACS_peak_10021_lociStitched	chr14	91812631	91885839	5	65703	160794.0512	10	1
1_MACS_peak_17987_lociStitched	chr2	89129615	89171449	1	41835	227426.3576	11	1
9_MACS_peak_2751_lociStitched	chr1	203236322	203298469	9	43431	184899.7544	12	1
7_MACS_peak_2010_lociStitched	chr1	154907463	154957603	7	37000	203829.128	13	1
5_MACS_peak_27371_lociStitched	chr6	290981	337956	5	38688	173906.1475	14	1
2_MACS_peak_24478_lociStitched	chr4	71513338	71558576	2	43456	151212.5388	15	1
3_MACS_peak_8694_lociStitched	chr13	41537963	41594703	3	53499	85234.828	16	1
6_MACS_peak_2198_lociStitched	chr1	161122617	161164068	6	32727	186376.1313	17	1
4_MACS_peak_1629_lociStitched	chr1	115210314	115260546	4	46331	128819.964	18	1
1_MACS_peak_2091_lociStitched	chr1	156624248	156648750	1	24503	201325.5834	19	1
3_MACS_peak_1860_lociStitched	chr1	149801037	149835801	3	31407	181436.7924	20	1
2_MACS_peak_17979_lociStitched	chr2	88889862	88928714	2	38837	150434.944	21	1
6_MACS_peak_4852_lociStitched	chr10	125812510	125868074	6	42787	131847.8156	22	1
5_MACS_peak_32349_lociStitched	chr8	98634581	98675116	5	39382	143611.4515	23	1
7_MACS_peak_16291_lociStitched	chr19	39137374	39186991	7	40920	134199.0999	24	1
2_MACS_peak_1883_lociStitched	chr1	150531292	150554189	2	22844	189088.0054	25	1
4_MACS_peak_2179_lociStitched	chr1	160673361	160719132	4	34905	156944.1819	26	1
6_MACS_peak_26644_lociStitched	chr5	131789423	131842687	6	40514	131913.6224	27	1
6_MACS_peak_14322_lociStitched	chr17	72732198	72782200	6	41178	122044.8816	28	1
5_MACS_peak_2105_lociStitched	chr1	157132958	157169896	5	29729	165711.2556	29	1
4_MACS_peak_28752_lociStitched	chr6	109186250	109228564	4	36532	142881.6838	30	1
4_MACS_peak_21161_lociStitched	chr22	29183513	29227412	4	39303	130634.6442	31	1
4_MACS_peak_8329_lociStitched	chr12	123344730	123387339	4	35516	142071.1887	32	1
4_MACS_peak_1989_lociStitched	chr1	154370039	154400837	4	27375	167482.6038	33	1
10_MACS_peak_2825_lociStitched	chr1	206849029	206916787	10	45891	82285.3152	34	1
5_MACS_peak_28564_lociStitched	chr6	90048565	90086102	5	34719	138725.4909	35	1
3_MACS_peak_2054_lociStitched	chr1	155929545	155960053	3	25628	166613.3404	36	1
6_MACS_peak_32152_lociStitched	chr8	81032226	81084673	6	38567	117906.1007	37	1
1_MACS_peak_17153_lociStitched	chr2	20403114	20425865	1	22752	166926.3621	38	1
2_MACS_peak_30350_lociStitched	chr7	83926607	83969447	2	42782	82882.548	39	1
4_MACS_peak_27237_lociStitched	chr5	173309853	173356880	4	42493	79701.3596	40	1
4_MACS_peak_7434_lociStitched	chr12	53573067	53616734	4	35808	118992.575	41	1
7_MACS_peak_15017_lociStitched	chr18	46439206	46480207	7	33314	124356.033	42	1
2_MACS_peak_28694_lociStitched	chr6	106530977	106560378	2	29135	137088.0427	43	1
7_MACS_peak_27287_lociStitched	chr5	176829437	176883742	7	31558	125949.5865	44	1
7_MACS_peak_11855_lociStitched	chr16	11794059	11838081	7	35617	106863.405	45	1
12_MACS_peak_4682_lociStitched	chr10	112146713	112189340	12	32719	118413.5433	46	1
3_MACS_peak_2957_lociStitched	chr1	215712931	215750246	3	34762	102004.284	47	1
2_MACS_peak_22568_lociStitched	chr3	79561600	79601183	2	39545	66087.7768	48	1
4_MACS_peak_5808_lociStitched	chr11	65183158	65225559	4	26810	131616.9441	49	1
6_MACS_peak_25681_lociStitched	chr5	26859132	26906694	6	35115	93630.5532	50	1
5_MACS_peak_32698_lociStitched	chr8	126285522	126328488	5	33979	98374.9536	51	1
5_MACS_peak_34021_lociStitched	chr9	117124692	117161523	5	33339	97966.7769	52	1
5_MACS_peak_32619_lociStitched	chr8	120906918	120950402	5	35561	84676.3932	53	1
3_MACS_peak_31582_lociStitched	chr8	27218260	27255143	3	30078	112246.0339	54	1
2_MACS_peak_32070_lociStitched	chr8	71498585	71530574	2	26603	124635.5418	55	1
2_MACS_peak_25693_lociStitched	chr5	27446155	27477269	2	29058	110532.485	56	1
7_MACS_peak_26511_lociStitched	chr5	118642399	118693729	7	33341	89042.151	57	1
2_MACS_peak_21060_lociStitched	chr22	23219750	23249185	2	27996	110604.956	58	1
6_MACS_peak_21355_lociStitched	chr22	38634809	38673649	6	31161	96497.98	59	1
2_MACS_peak_2551_lociStitched	chr1	184703830	184725893	2	21716	129004.5673	60	1
2_MACS_peak_14953_lociStitched	chr18	42283361	42314470	2	30705	91787.1045	61	1
5_MACS_peak_10259_lociStitched	chr14	106023104	106057873	5	31561	86199.3048	62	1
5_MACS_peak_17961_lociStitched	chr2	87753892	87800895	5	32470	78429.2058	63	1
2_MACS_peak_20312_lociStitched	chr20	52188014	52215876	2	27483	92635.5776	64	1
6_MACS_peak_2004_lociStitched	chr1	154820564	154864610	6	28283	87136.2018	65	1
2_MACS_peak_24665_lociStitched	chr4	90205066	90230214	2	25101	100466.26	66	1
2_MACS_peak_20569_lociStitched	chr21	19151675	19176353	2	23138	104264.55	67	1
2_MACS_peak_25729_lociStitched	chr5	32568504	32598537	2	29299	75914.4141	68	1
3_MACS_peak_29722_lociStitched	chr7	29694572	29726535	3	30336	67796.7193	69	1
2_MACS_peak_3682_lociStitched	chr10	22257572	22295169	2	31688	56478.2134	70	1
7_MACS_peak_27729_lociStitched	chr6	26330627	26371037	7	29075	74863.566	71	1
6_MACS_peak_26638_lociStitched	chr5	131744212	131774794	6	24592	96119.226	72	1
9_MACS_peak_24166_lociStitched	chr4	24162029	24209389	9	29627	67568.512	73	1
5_MACS_peak_10265_lociStitched	chr14	106143450	106176313	5	29726	66278.0984	74	1
8_MACS_peak_30584_lociStitched	chr7	101920960	101954800	8	26282	84951.936	75	1
3_MACS_peak_6403_lociStitched	chr11	111229413	111251951	3	22043	99827.5634	76	1
12_MACS_peak_26617_lociStitched	chr5	131400399	131453714	12	30393	55751.4955	77	1
3_MACS_peak_15816_lociStitched	chr19	13260004	13284701	3	20036	104974.5985	78	1
2_MACS_peak_987_lociStitched	chr1	51423645	51451459	2	23103	94378.4648	79	1
3_MACS_peak_16397_lociStitched	chr19	42035589	42062857	3	24737	85613.3396	80	1
2_MACS_peak_23504_lociStitched	chr3	171800213	171827163	2	26660	74489.8	81	1
2_MACS_peak_6573_lociStitched	chr11	120364419	120385248	2	19757	102374.535	82	1
3_MACS_peak_13265_lociStitched	chr17	16872254	16896035	3	21700	95923.0416	83	1
3_MACS_peak_17379_lociStitched	chr2	38808301	38840229	3	26300	75937.5552	84	1
2_MACS_peak_6703_lociStitched	chr11	128584776	128607466	2	22459	92380.066	85	1
4_MACS_peak_21810_lociStitched	chr3	15828346	15861008	4	28457	54672.9218	86	1
2_MACS_peak_10368_lociStitched	chr15	23657951	23685038	2	22772	86486.0823	87	1
5_MACS_peak_22803_lociStitched	chr3	112155054	112187762	5	26897	65317.876	88	1
8_MACS_peak_29832_lociStitched	chr7	38370492	38410286	8	27921	56547.274	89	1
1_MACS_peak_26261_lociStitched	chr5	88162855	88187150	1	24296	77090.4645	90	1
5_MACS_peak_6917_lociStitched	chr12	7045703	7081219	5	25429	70620.0144	91	1
11_MACS_peak_34125_lociStitched	chr9	126074046	126117184	11	26504	64077.1852	92	1
5_MACS_peak_19907_lociStitched	chr20	32423888	32452651	5	27117	58561.468	93	1
6_MACS_peak_787_lociStitched	chr1	40029678	40072921	6	26039	64782.3383	94	1
3_MACS_peak_10588_lociStitched	chr15	40385733	40409301	3	22518	82268.8176	95	1
5_MACS_peak_31671_lociStitched	chr8	33400561	33428406	5	24248	73594.335	96	1
9_MACS_peak_11462_lociStitched	chr15	93341832	93389285	9	24155	71858.0779	97	1
1_MACS_peak_18864_lociStitched	chr2	182235837	182264523	1	28687	35570.64	98	1
2_MACS_peak_21063_lociStitched	chr22	23265911	23286220	2	20154	87675.9839	99	1
6_MACS_peak_4657_lociStitched	chr10	111640287	111683989	6	25765	60243.207	100	1
1_MACS_peak_18990_lociStitched	chr2	197021758	197044811	1	23054	74714.773	101	1
6_MACS_peak_30965_lociStitched	chr7	137659798	137694362	6	25400	61465.1612	102	1
3_MACS_peak_6476_lociStitched	chr11	115078653	115102373	3	18833	90762.208	103	1
3_MACS_peak_34829_lociStitched	chrX	45608859	45641991	3	27485	44764.6452	104	1
4_MACS_peak_11004_lociStitched	chr15	68478516	68503955	4	22003	77876.4107	105	1
3_MACS_peak_14080_lociStitched	chr17	56405617	56430964	3	18017	92100.8592	106	1
2_MACS_peak_9939_lociStitched	chr14	81930542	81957700	2	24629	63910.9214	107	1
1_MACS_peak_2066_lociStitched	chr1	156114184	156130530	1	16347	95861.117	108	1
2_MACS_peak_18861_lociStitched	chr2	182165054	182186081	2	20548	80394.6318	109	1
5_MACS_peak_15694_lociStitched	chr19	10511720	10547505	5	24355	60591.162	110	1
2_MACS_peak_7311_lociStitched	chr12	48195680	48215131	2	18628	86162.0947	111	1
6_MACS_peak_4152_lociStitched	chr10	74003801	74037852	6	22269	71398.1368	112	1
1_MACS_peak_2093_lociStitched	chr1	156708900	156723451	1	14552	97183.2188	113	1
7_MACS_peak_28876_lociStitched	chr6	119762712	119798646	7	26686	36329.274	114	1
1_MACS_peak_2017_lociStitched	chr1	154969641	154980094	1	10454	101842.5337	115	1
4_MACS_peak_2866_lociStitched	chr1	209275728	209308767	4	22337	64753.1361	116	1
5_MACS_peak_5267_lociStitched	chr11	17161834	17192630	5	24170	53545.0052	117	1
5_MACS_peak_25558_lociStitched	chr5	6708218	6739056	5	24193	52202.5664	118	1
4_MACS_peak_10484_lociStitched	chr15	31635208	31661230	4	22552	62416.3692	119	1
3_MACS_peak_5822_lociStitched	chr11	65335760	65357917	3	17481	83897.4805	120	1
6_MACS_peak_27789_lociStitched	chr6	27773254	27808644	6	24087	51064.231	121	1
6_MACS_peak_2492_lociStitched	chr1	182568033	182602700	6	23806	52693.84	122	1
6_MACS_peak_20054_lociStitched	chr20	37498038	37523844	6	20035	72889.047	123	1
2_MACS_peak_2704_lociStitched	chr1	200976905	200996905	2	19543	74288	124	1
1_MACS_peak_3690_lociStitched	chr10	22595371	22617010	1	21640	64629.2013	125	1
3_MACS_peak_33973_lociStitched	chr9	112902821	112925228	3	21903	62533.4556	126	1
6_MACS_peak_14442_lociStitched	chr17	76108278	76141392	6	22144	60933.0714	127	1
3_MACS_peak_19343_lociStitched	chr2	227635282	227667052	3	21341	64467.684	128	1
5_MACS_peak_23915_lociStitched	chr4	2786931	2815094	5	22482	57196.2367	129	1
4_MACS_peak_2062_lociStitched	chr1	156066059	156100802	4	22220	58739.9901	130	1
2_MACS_peak_12879_lociStitched	chr16	87883451	87905893	2	21943	60301.654	131	1
4_MACS_peak_6961_lociStitched	chr12	9872107	9897378	4	23175	51413.8495	132	1
3_MACS_peak_16609_lociStitched	chr19	48876813	48902135	3	19983	66956.4324	133	1
4_MACS_peak_27765_lociStitched	chr6	27088242	27116344	4	21379	59500.3646	134	1
3_MACS_peak_16403_lociStitched	chr19	42363029	42389599	3	20363	64644.81	135	1
8_MACS_peak_16406_lociStitched	chr19	42431690	42464189	8	21076	60964.8741	136	1
2_MACS_peak_23894_lociStitched	chr4	1901158	1928142	2	24979	28959.2288	137	1
2_MACS_peak_28460_lociStitched	chr6	79773936	79794871	2	19825	66512.5885	138	1
1_MACS_peak_7544_lociStitched	chr12	57105148	57120281	1	15134	82184.2964	139	1
3_MACS_peak_22798_lociStitched	chr3	112002667	112025827	3	19248	67270.536	140	1
2_MACS_peak_6570_lociStitched	chr11	120195212	120218978	2	18980	67752.1128	141	1
5_MACS_peak_8372_lociStitched	chr12	125382708	125413699	5	19764	63878.6492	142	1
6_MACS_peak_23106_lociStitched	chr3	133180365	133211752	6	18460	68954.1003	143	1
1_MACS_peak_19070_lociStitched	chr2	201979249	201994849	1	15601	79020.24	144	1
3_MACS_peak_16321_lociStitched	chr19	39880515	39904540	3	18802	66472.37	145	1
4_MACS_peak_26257_lociStitched	chr5	88100545	88127380	4	22982	40595.988	146	1
2_MACS_peak_9323_lociStitched	chr14	23018151	23040230	2	20573	56683.4167	147	1
6_MACS_peak_11546_lociStitched	chr15	101660621	101692323	6	19726	61143.6474	148	1
4_MACS_peak_8294_lociStitched	chr12	122227049	122251740	4	18207	67878.0281	149	1
1_MACS_peak_6614_lociStitched	chr11	122925752	122942607	1	16856	71638.8065	150	1
2_MACS_peak_2052_lociStitched	chr1	155899779	155920480	2	18259	65988.5777	151	1
2_MACS_peak_8645_lociStitched	chr13	35730664	35754947	2	22187	43243.1664	152	1
5_MACS_peak_2211_lociStitched	chr1	161409357	161442030	5	22386	41265.999	153	1
3_MACS_peak_5814_lociStitched	chr11	65254110	65278935	3	20709	51807.2925	154	1
2_MACS_peak_20494_lociStitched	chr20	62357407	62372457	2	14836	76931.085	155	1
1_MACS_peak_20135_lociStitched	chr20	43269222	43282603	1	13382	80841.3115	156	1
4_MACS_peak_5776_lociStitched	chr11	64611732	64635228	4	19076	59529.4656	157	1
7_MACS_peak_25460_lociStitched	chr4	190991213	191014057	7	21694	43047.2336	158	1
4_MACS_peak_1973_lociStitched	chr1	153928228	153951884	4	15592	73357.256	159	1
8_MACS_peak_15788_lociStitched	chr19	12885698	12918444	8	18671	61002.5234	160	1
5_MACS_peak_19794_lociStitched	chr20	25261452	25293004	5	20548	50663.0464	161	1
2_MACS_peak_31784_lociStitched	chr8	42738786	42757604	2	18574	61164.1454	162	1
6_MACS_peak_13843_lociStitched	chr17	43504778	43531949	6	19851	54211.5792	163	1
7_MACS_peak_14915_lociStitched	chr18	34998665	35031415	7	21621	41923.275	164	1
7_MACS_peak_2111_lociStitched	chr1	157455878	157496280	7	20420	47484.4706	165	1
6_MACS_peak_16661_lociStitched	chr19	49945554	49978433	6	19683	51495.0898	166	1
7_MACS_peak_18747_lociStitched	chr2	173443423	173473095	7	21656	37184.9504	167	1
3_MACS_peak_15413_lociStitched	chr19	2081586	2097874	3	15022	71444.0544	168	1
4_MACS_peak_6220_lociStitched	chr11	93253551	93277491	4	21047	41224.68	169	1
3_MACS_peak_30597_lociStitched	chr7	102063868	102087243	3	16205	66733.2875	170	1
3_MACS_peak_4161_lociStitched	chr10	74075271	74097689	3	17962	59253.0158	171	1
4_MACS_peak_14398_lociStitched	chr17	74474563	74503258	4	18144	58351.2825	172	1
3_MACS_peak_27376_lociStitched	chr6	388004	412809	3	18028	58874.6675	173	1
9_MACS_peak_28211_lociStitched	chr6	45506022	45530435	9	22025	27689.2246	174	1
6_MACS_peak_34079_lociStitched	chr9	123630121	123667134	6	19018	51644.2389	175	1
3_MACS_peak_10070_lociStitched	chr14	94421496	94447142	3	20541	41233.6388	176	1
3_MACS_peak_21942_lociStitched	chr3	31473437	31504054	3	21882	27451.2022	177	1
2_MACS_peak_3526_lociStitched	chr10	11203886	11224830	2	16183	63841.5008	178	1
1_MACS_peak_26379_lociStitched	chr5	100223360	100241612	1	18253	53567.7948	179	1
1_MACS_peak_24292_lociStitched	chr4	40191734	40210642	1	18909	48837.4732	180	1
5_MACS_peak_5855_lociStitched	chr11	65902145	65936958	5	19731	43140.2696	181	1
4_MACS_peak_24033_lociStitched	chr4	10093088	10120228	4	18109	52838.866	182	1
1_MACS_peak_13835_lociStitched	chr17	43296399	43309147	1	12749	73038.3912	183	1
2_MACS_peak_21679_lociStitched	chr3	5222741	5242392	2	19053	45926.3521	184	1
8_MACS_peak_10580_lociStitched	chr15	40328095	40362984	8	18410	49800.5586	185	1
5_MACS_peak_27874_lociStitched	chr6	30683392	30712962	5	18943	46389.416	186	1
6_MACS_peak_22121_lociStitched	chr3	46317590	46341863	6	21036	28399.41	187	1
2_MACS_peak_3251_lociStitched	chr1	234729412	234749134	2	16537	58349.5092	188	1
2_MACS_peak_35168_lociStitched	chrX	81333360	81359550	2	20918	27358.074	189	1
1_MACS_peak_12903_lociStitched	chr16	89032202	89046263	1	14062	66422.7579	190	1
6_MACS_peak_13008_lociStitched	chr17	2140071	2172158	6	17879	49407.5626	191	1
5_MACS_peak_22301_lociStitched	chr3	52718440	52745771	5	18740	44052.1058	192	1
3_MACS_peak_30430_lociStitched	chr7	92436890	92466931	3	18293	46677.7058	193	1
5_MACS_peak_17384_lociStitched	chr2	38870718	38896551	5	18340	44784.0888	194	1
3_MACS_peak_1885_lociStitched	chr1	150580797	150603482	3	15501	59033.1755	195	1
2_MACS_peak_1986_lociStitched	chr1	154296395	154308364	2	9607	76042.6477	196	1
7_MACS_peak_29761_lociStitched	chr7	32766500	32798525	7	20342	27522.285	197	1
1_MACS_peak_29630_lociStitched	chr7	23502361	23518688	1	16328	55062.8075	198	1
7_MACS_peak_3136_lociStitched	chr1	228659384	228693958	7	16474	54364.1576	199	1
2_MACS_peak_20687_lociStitched	chr21	34599509	34617303	2	16398	54693.4178	200	1
5_MACS_peak_22112_lociStitched	chr3	46129539	46153831	5	18988	39073.682	201	1
6_MACS_peak_27915_lociStitched	chr6	31773395	31806616	6	19050	38403.476	202	1
3_MACS_peak_13144_lociStitched	chr17	7736622	7762869	3	17662	47360.0868	203	1
6_MACS_peak_13549_lociStitched	chr17	32688752	32719097	6	20105	27155.7405	204	1
1_MACS_peak_21108_lociStitched	chr22	24819312	24833582	1	14271	61572.196	205	1
2_MACS_peak_6666_lociStitched	chr11	126172954	126189685	2	14495	60449.103	206	1
3_MACS_peak_20180_lociStitched	chr20	45171951	45192246	3	18439	39209.94	207	1
6_MACS_peak_34894_lociStitched	chrX	48790623	48816964	6	19029	34419.7847	208	1
1_MACS_peak_25728_lociStitched	chr5	32529864	32544536	1	14673	58707.0736	209	1
5_MACS_peak_2385_lociStitched	chr1	174165627	174196455	5	18624	36876.4536	210	1
2_MACS_peak_13697_lociStitched	chr17	38466936	38484604	2	17614	43558.6872	211	1
3_MACS_peak_10313_lociStitched	chr15	21975928	22002064	3	18977	32894.7696	212	1
3_MACS_peak_33270_lociStitched	chr9	33444437	33462874	3	14885	56822.834	213	1
1_MACS_peak_535_lociStitched	chr1	27018306	27033704	1	15399	54487.3628	214	1
4_MACS_peak_12172_lociStitched	chr16	29815039	29837710	4	16784	47683.9143	215	1
3_MACS_peak_3474_lociStitched	chr10	5929705	5950179	3	16828	46635.6772	216	1
2_MACS_peak_27194_lociStitched	chr5	171599905	171616308	2	15095	55035.3456	217	1
4_MACS_peak_6540_lociStitched	chr11	118954903	118980525	4	15033	55194.9124	218	1
2_MACS_peak_18859_lociStitched	chr2	182128538	182147051	2	18346	35980.0155	219	1
4_MACS_peak_3716_lociStitched	chr10	24735154	24756561	4	18303	35963.76	220	1
1_MACS_peak_25680_lociStitched	chr5	26750146	26769589	1	19444	24214.3122	221	1
5_MACS_peak_35028_lociStitched	chrX	64905295	64927044	5	19182	26794.768	222	1
3_MACS_peak_2176_lociStitched	chr1	160633864	160656721	3	18063	36194.0595	223	1
6_MACS_peak_10362_lociStitched	chr15	23603456	23631966	6	16421	46585.34	224	1
5_MACS_peak_21534_lociStitched	chr22	45622006	45647749	5	17432	40089.5739	225	1
2_MACS_peak_20462_lociStitched	chr20	61272674	61291033	2	16122	47610.3947	226	1
4_MACS_peak_1530_lociStitched	chr1	110331260	110350602	4	15605	50153.806	227	1
4_MACS_peak_11118_lociStitched	chr15	75063110	75083753	4	15808	49124.1471	228	1
3_MACS_peak_1555_lociStitched	chr1	111170742	111191081	3	13312	59436.6597	229	1
4_MACS_peak_7683_lociStitched	chr12	69195273	69216459	4	17773	37092.4488	230	1
3_MACS_peak_10305_lociStitched	chr15	20969690	20995406	3	18440	31216.6524	231	1
5_MACS_peak_3500_lociStitched	chr10	7510926	7535653	5	17961	34622.7454	232	1
6_MACS_peak_22707_lociStitched	chr3	101393699	101427079	6	18194	32128.25	233	1
1_MACS_peak_4265_lociStitched	chr10	81000776	81011208	1	10433	66884.768	234	1
6_MACS_peak_28036_lociStitched	chr6	36081143	36116280	6	15691	48035.7927	235	1
4_MACS_peak_18776_lociStitched	chr2	175442756	175468323	4	16918	40516.0249	236	1
1_MACS_peak_23317_lociStitched	chr3	151985367	152002782	1	17416	36984.2355	237	1
2_MACS_peak_11867_lociStitched	chr16	12055510	12072507	2	14166	54206.8324	238	1
4_MACS_peak_13983_lociStitched	chr17	48223371	48249184	4	15261	49367.3625	239	1
3_MACS_peak_1396_lociStitched	chr1	93408722	93428770	3	18130	30657.4016	240	1
4_MACS_peak_5849_lociStitched	chr11	65811966	65839746	4	16359	43411.806	241	1
1_MACS_peak_7823_lociStitched	chr12	89737514	89749223	1	11710	62476.8822	242	1
3_MACS_peak_22406_lociStitched	chr3	61545604	61563159	3	15754	46325.8895	243	1
4_MACS_peak_21631_lociStitched	chr22	50962220	50984713	4	15217	48827.8044	244	1
2_MACS_peak_21092_lociStitched	chr22	24176492	24192289	2	14549	51780.9863	245	1
4_MACS_peak_25710_lociStitched	chr5	32153587	32175873	4	16434	41556.7042	246	1
7_MACS_peak_20735_lociStitched	chr21	36577795	36608850	7	18184	27949.5	247	1
5_MACS_peak_34494_lociStitched	chr9	141090494	141121955	5	18165	27647.9268	248	1
4_MACS_peak_27242_lociStitched	chr5	173483980	173508784	4	16808	38533.014	249	1
2_MACS_peak_34296_lociStitched	chr9	132244341	132261098	2	13015	56300.1686	250	1
1_MACS_peak_2316_lociStitched	chr1	167595854	167603740	1	7887	69380.2394	251	1
3_MACS_peak_34574_lociStitched	chrX	10064966	10091932	3	16781	37226.563	252	1
2_MACS_peak_15040_lociStitched	chr18	47832786	47849222	2	14310	50611.3748	253	1
2_MACS_peak_31493_lociStitched	chr8	22296702	22315412	2	13255	54825.913	254	1
3_MACS_peak_35672_lociStitched	chrX	153232131	153253061	3	13707	53053.364	255	1
2_MACS_peak_6749_lociStitched	chr11	132214548	132232622	2	14247	50795.1696	256	1
2_MACS_peak_2286_lociStitched	chr1	165720960	165740266	2	13318	54452.573	257	1
5_MACS_peak_18195_lociStitched	chr2	112219215	112242290	5	17776	28421.4775	258	1
5_MACS_peak_10088_lociStitched	chr14	95965655	95991866	5	17091	33094.0086	259	1
6_MACS_peak_5752_lociStitched	chr11	63992473	64020494	6	16261	38666.1779	260	1
2_MACS_peak_19072_lociStitched	chr2	202040755	202061639	2	15562	41928.8068	261	1
2_MACS_peak_10813_lociStitched	chr15	55567938	55583472	2	15397	42699.8592	262	1
3_MACS_peak_11362_lociStitched	chr15	89158368	89185049	3	16558	35144.2132	263	1
3_MACS_peak_23319_lociStitched	chr3	152037821	152055509	3	16097	37305.7608	264	1
3_MACS_peak_13072_lociStitched	chr17	4836965	4855625	3	13834	49217.616	265	1
1_MACS_peak_13498_lociStitched	chr17	29634456	29649500	1	15045	43319.198	266	1
6_MACS_peak_15407_lociStitched	chr19	2031843	2062880	6	15011	43262.4743	267	1
6_MACS_peak_4974_lociStitched	chr10	135477833	135495958	6	16676	32364	268	1
1_MACS_peak_6993_lociStitched	chr12	12865963	12880702	1	14740	44441.0328	269	1
5_MACS_peak_21414_lociStitched	chr22	39823152	39847600	5	15753	38398.0288	270	1
2_MACS_peak_11884_lociStitched	chr16	14394763	14408710	2	11940	55398.8787	271	1
5_MACS_peak_7539_lociStitched	chr12	57071245	57095015	5	13649	48875.874	272	1
2_MACS_peak_8333_lociStitched	chr12	123409247	123423417	2	13936	47425.573	273	1
5_MACS_peak_23367_lociStitched	chr3	156381000	156405461	5	17170	26072.9799	274	1
2_MACS_peak_32512_lociStitched	chr8	107668561	107683286	2	14335	45385.395	275	1
2_MACS_peak_17493_lociStitched	chr2	46788557	46805197	2	16478	32131.84	276	1
6_MACS_peak_12573_lociStitched	chr16	67998507	68028402	6	16790	29377.8165	277	1
3_MACS_peak_20195_lociStitched	chr20	45976853	45990285	3	12712	52199.4384	278	1
4_MACS_peak_491_lociStitched	chr1	25869408	25889701	4	15246	39729.6354	279	1
4_MACS_peak_31596_lociStitched	chr8	27929718	27951783	4	14014	45297.2385	281	1
1_MACS_peak_14391_lociStitched	chr17	74257428	74269412	1	11985	53516.9488	282	1
6_MACS_peak_13745_lociStitched	chr17	40705928	40740290	6	15539	36337.815	283	1
3_MACS_peak_1892_lociStitched	chr1	150846491	150863914	3	14126	44317.1428	284	1
2_MACS_peak_799_lociStitched	chr1	40239261	40257023	2	12998	49246.9212	285	1
4_MACS_peak_27869_lociStitched	chr6	30639901	30660127	4	14039	44559.9006	286	1
5_MACS_peak_22902_lociStitched	chr3	121526461	121557997	5	15893	33361.9344	287	1
3_MACS_peak_16604_lociStitched	chr19	48822905	48838328	3	14520	41762.3994	288	1
4_MACS_peak_4694_lociStitched	chr10	112201541	112226806	4	14420	41816.1015	289	1
4_MACS_peak_6805_lociStitched	chr12	1097713	1117661	4	15031	38172.4928	290	1
1_MACS_peak_16017_lociStitched	chr19	19049227	19062774	1	13548	45615.4584	291	1
4_MACS_peak_5085_lociStitched	chr11	3874122	3893304	4	14741	39278.9814	292	1
5_MACS_peak_5894_lociStitched	chr11	66862129	66889924	5	14419	41028.1995	293	1
1_MACS_peak_32460_lociStitched	chr8	103817563	103828978	1	11416	53478.1335	294	1
1_MACS_peak_22737_lociStitched	chr3	104228133	104243190	1	15058	36773.7111	295	1
4_MACS_peak_1961_lociStitched	chr1	153747480	153770455	4	12869	47932.7425	296	1
4_MACS_peak_10017_lociStitched	chr14	91782037	91802384	4	16062	29271.1942	297	1
2_MACS_peak_19521_lociStitched	chr2	241498215	241510712	2	12057	50892.7828	298	1
7_MACS_peak_5255_lociStitched	chr11	16957028	16995563	7	16151	28165.2315	299	1
2_MACS_peak_415_lociStitched	chr1	23849062	23866764	2	13290	45711.8746	300	1
6_MACS_peak_23845_lociStitched	chr3	197863333	197895129	6	16573	23316.0068	301	1
4_MACS_peak_27713_lociStitched	chr6	26183983	26207457	4	14503	39269.6546	302	1
2_MACS_peak_6021_lociStitched	chr11	72850484	72869475	2	13029	46598.2167	303	1
1_MACS_peak_7396_lociStitched	chr12	51711781	51724503	1	12723	47595.5464	304	1
1_MACS_peak_19685_lociStitched	chr20	9486447	9500537	1	14091	40949.767	305	1
3_MACS_peak_25372_lociStitched	chr4	185328378	185350020	3	15070	35001.6066	306	1
8_MACS_peak_20867_lociStitched	chr21	45552272	45577944	8	15966	27918.3	307	1
3_MACS_peak_444_lociStitched	chr1	24511870	24531650	3	14320	39229.674	308	1
3_MACS_peak_14407_lociStitched	chr17	74774652	74790491	3	14322	38398.4877	309	1
2_MACS_peak_4698_lociStitched	chr10	112252651	112272801	2	14185	39115.18	310	1
4_MACS_peak_12548_lociStitched	chr16	67259883	67283999	4	14705	35858.0804	311	1
3_MACS_peak_13293_lociStitched	chr17	17722338	17744801	3	15240	32171.5086	312	1
4_MACS_peak_29316_lociStitched	chr6	160389236	160410827	4	16285	22739.6412	313	1
2_MACS_peak_27340_lociStitched	chr5	180226617	180244586	2	14107	39199.3735	314	1
4_MACS_peak_15429_lociStitched	chr19	2454762	2480523	4	12551	46547.5509	315	1
7_MACS_peak_27063_lociStitched	chr5	156333603	156361722	7	15756	27475.0749	316	1
1_MACS_peak_17444_lociStitched	chr2	43444405	43456937	1	12533	46451.1112	317	1
2_MACS_peak_11554_lociStitched	chr15	101735300	101751191	2	11631	49800.8049	318	1
5_MACS_peak_18118_lociStitched	chr2	106404220	106430230	5	14203	37891.368	319	1
1_MACS_peak_13756_lociStitched	chr17	40824961	40834781	1	9821	55245.356	320	1
2_MACS_peak_20113_lociStitched	chr20	42569395	42586198	2	14048	38510.7957	321	1
2_MACS_peak_34781_lociStitched	chrX	39952990	39969694	2	14391	36438.1056	322	1
4_MACS_peak_19075_lociStitched	chr2	202084395	202102226	4	14980	31789.1068	323	1
3_MACS_peak_34227_lociStitched	chr9	130531969	130551314	3	12994	43201.254	324	1
1_MACS_peak_20381_lociStitched	chr20	55963937	55975750	1	11814	47871.0012	325	1
1_MACS_peak_9689_lociStitched	chr14	63936413	63951994	1	15582	25711.7662	326	1
3_MACS_peak_12191_lociStitched	chr16	30193186	30212734	3	12238	45853.7436	327	1
3_MACS_peak_19079_lociStitched	chr2	202116380	202133334	3	14282	35462.6818	328	1
3_MACS_peak_2069_lociStitched	chr1	156181841	156198984	3	9477	54974.1724	329	1
2_MACS_peak_20314_lociStitched	chr20	52224973	52241571	2	11307	49301.0394	330	1
2_MACS_peak_19244_lociStitched	chr2	219080861	219096867	2	13203	41167.432	331	1
1_MACS_peak_27949_lociStitched	chr6	32934343	32944528	1	10186	52655.4315	332	1
2_MACS_peak_20386_lociStitched	chr20	56047343	56058462	2	10652	50888.3273	333	1
5_MACS_peak_14774_lociStitched	chr18	14924550	14950725	5	15896	20133.81	334	1
3_MACS_peak_13913_lociStitched	chr17	46123687	46138315	3	13385	39325.9152	335	1
2_MACS_peak_19930_lociStitched	chr20	32988409	33006300	2	13658	37839.465	336	1
4_MACS_peak_17572_lociStitched	chr2	54784422	54808368	4	14814	30286.9008	337	1
2_MACS_peak_26441_lociStitched	chr5	109023767	109037631	2	13426	38971.704	338	1
6_MACS_peak_12030_lociStitched	chr16	22195001	22219614	6	15119	27630.5538	339	1
3_MACS_peak_20142_lociStitched	chr20	43586908	43608642	3	13064	40746.9032	340	1
1_MACS_peak_3091_lociStitched	chr1	226839165	226852732	1	13568	37843.7898	341	1
3_MACS_peak_28318_lociStitched	chr6	56621254	56638598	3	15295	25525.1648	342	1
2_MACS_peak_25906_lociStitched	chr5	53813285	53828393	2	13257	39209.7924	343	1
2_MACS_peak_6536_lociStitched	chr11	118886527	118901749	2	13362	38172.2094	344	1
3_MACS_peak_34168_lociStitched	chr9	127615015	127637384	3	12413	42261.7517	345	1
1_MACS_peak_8046_lociStitched	chr12	109020354	109031867	1	11514	46002.4941	346	1
1_MACS_peak_28700_lociStitched	chr6	106609830	106619320	1	9491	52656.214	347	1
2_MACS_peak_12520_lociStitched	chr16	66549120	66561479	2	11647	45410.6737	348	1
4_MACS_peak_17511_lociStitched	chr2	47713004	47737410	4	14950	26168.1132	349	1
4_MACS_peak_12874_lociStitched	chr16	87795063	87815338	4	13609	35742.7975	350	1
4_MACS_peak_32703_lociStitched	chr8	126339352	126355626	4	13348	36974.528	351	1
4_MACS_peak_17016_lociStitched	chr2	8651000	8666862	4	14787	27155.744	352	1
4_MACS_peak_9256_lociStitched	chr13	114863781	114877933	4	12594	40750.684	353	1
3_MACS_peak_18865_lociStitched	chr2	182319607	182338299	3	13781	34096.0772	354	1
2_MACS_peak_20291_lociStitched	chr20	50015832	50033864	2	12556	40665.7664	355	1
1_MACS_peak_25494_lociStitched	chr5	1310909	1320417	1	9509	51911.7784	356	1
3_MACS_peak_7536_lociStitched	chr12	57022008	57040853	3	13132	37693.769	357	1
4_MACS_peak_12783_lociStitched	chr16	81841151	81857557	4	14143	30895.7792	358	1
4_MACS_peak_3029_lociStitched	chr1	223899545	223923154	4	13488	35045.1996	359	1
3_MACS_peak_2072_lociStitched	chr1	156209060	156231437	3	12845	38401.1697	360	1
5_MACS_peak_27229_lociStitched	chr5	173205015	173226394	5	14118	30366.7316	361	1
1_MACS_peak_20317_lociStitched	chr20	52267562	52278985	1	11424	44532.5655	362	1
3_MACS_peak_14245_lociStitched	chr17	66448705	66459744	3	10798	46559.1903	363	1
6_MACS_peak_10606_lociStitched	chr15	40834078	40863005	6	15111	20208.4022	364	1
2_MACS_peak_25715_lociStitched	chr5	32205235	32219731	2	11858	42077.5392	365	1
1_MACS_peak_20034_lociStitched	chr20	36906753	36917912	1	11160	44832.3984	366	1
1_MACS_peak_18671_lociStitched	chr2	166047116	166060922	1	13807	31133.9106	367	1
1_MACS_peak_2143_lociStitched	chr1	158977966	158987395	1	9430	50287.6857	368	1
6_MACS_peak_12448_lociStitched	chr16	57823826	57851095	6	13975	29074.2078	370	1
4_MACS_peak_23055_lociStitched	chr3	129026692	129048580	4	14334	25762.176	371	1
1_MACS_peak_26895_lociStitched	chr5	142774073	142786167	1	12095	39575.1962	372	1
1_MACS_peak_4583_lociStitched	chr10	104401072	104411633	1	10562	45831.5717	373	1
3_MACS_peak_6460_lociStitched	chr11	114029464	114046708	3	13896	28762.992	374	1
4_MACS_peak_11887_lociStitched	chr16	14486442	14508493	4	13484	31199.9599	375	1
5_MACS_peak_12413_lociStitched	chr16	56885566	56905804	5	12882	34694.0034	376	1
1_MACS_peak_17936_lociStitched	chr2	86220182	86229246	1	9065	49815.744	377	1
3_MACS_peak_27700_lociStitched	chr6	26020382	26035532	3	13061	33264.855	378	1
4_MACS_peak_28696_lociStitched	chr6	106576971	106595943	4	11429	41431.0536	379	1
3_MACS_peak_76_lociStitched	chr1	2470749	2489202	3	12378	36647.658	381	1
3_MACS_peak_19961_lociStitched	chr20	34192758	34208231	3	13505	29694.2343	382	1
3_MACS_peak_30636_lociStitched	chr7	104571617	104587331	3	12181	37460.6046	383	1
2_MACS_peak_17507_lociStitched	chr2	47534046	47550878	2	12063	37959.5264	384	1
1_MACS_peak_16558_lociStitched	chr19	47215270	47223592	1	8323	51129.5358	385	1
4_MACS_peak_12197_lociStitched	chr16	30344764	30368073	4	13099	31814.4541	387	1
3_MACS_peak_32912_lociStitched	chr8	145009350	145028231	3	13682	27653.1126	388	1
3_MACS_peak_16673_lociStitched	chr19	50165632	50184776	3	12633	34464.9432	389	1
1_MACS_peak_26763_lociStitched	chr5	138720237	138730669	1	10433	44341.216	390	1
6_MACS_peak_34154_lociStitched	chr9	126959468	126986257	6	13845	26004.0823	391	1
3_MACS_peak_537_lociStitched	chr1	27058416	27075148	3	14297	21579.2604	392	1
4_MACS_peak_15396_lociStitched	chr19	1847067	1865779	4	11772	38413.8648	393	1
2_MACS_peak_16641_lociStitched	chr19	49457349	49472288	2	10053	45299.5297	394	1
1_MACS_peak_9255_lociStitched	chr13	114827878	114836242	1	8365	50332.8792	395	1
3_MACS_peak_33743_lociStitched	chr9	94180181	94195888	3	13666	26543.2593	396	1
3_MACS_peak_12421_lociStitched	chr16	56964565	56979684	3	13154	30156.3574	397	1
2_MACS_peak_21363_lociStitched	chr22	38782765	38797487	2	14358	19752.5074	398	1
2_MACS_peak_35619_lociStitched	chrX	150036445	150050356	2	13824	24956.334	399	1
4_MACS_peak_25151_lociStitched	chr4	153554201	153573028	4	13987	22942.5822	400	1
3_MACS_peak_7557_lociStitched	chr12	57621753	57638273	3	11025	40787.88	401	1
4_MACS_peak_19871_lociStitched	chr20	31254593	31270248	4	11554	38226.379	402	1
3_MACS_peak_584_lociStitched	chr1	28558651	28577946	3	12418	33498.0495	403	1
3_MACS_peak_17966_lociStitched	chr2	87808809	87822951	3	13610	25264.683	404	1
1_MACS_peak_20571_lociStitched	chr21	19182743	19194842	1	12100	35097.9891	405	1
1_MACS_peak_18584_lociStitched	chr2	158289297	158302041	1	12745	31206.2328	406	1
3_MACS_peak_19408_lociStitched	chr2	232569587	232583011	3	10893	40501.5504	407	1
1_MACS_peak_34893_lociStitched	chrX	48767962	48781077	1	13116	28161.8395	408	1
5_MACS_peak_15419_lociStitched	chr19	2253865	2274444	5	11568	37182.1372	409	1
2_MACS_peak_17078_lociStitched	chr2	11883249	11895436	2	11644	36643.8716	410	1
4_MACS_peak_5021_lociStitched	chr11	788976	812222	4	12739	30324.407	411	1
1_MACS_peak_13672_lociStitched	chr17	37924733	37937774	1	13042	28227.2445	412	1
5_MACS_peak_14382_lociStitched	chr17	74168719	74190676	5	13993	19734.9516	413	1
2_MACS_peak_27910_lociStitched	chr6	31696457	31709330	2	10821	40117.4172	414	1
2_MACS_peak_7561_lociStitched	chr12	57845685	57856875	2	11016	39267.948	415	1
1_MACS_peak_13678_lociStitched	chr17	38015854	38025212	1	9359	45320.794	417	1
2_MACS_peak_32859_lociStitched	chr8	142125923	142141838	2	10874	39642.6735	418	1
2_MACS_peak_13055_lociStitched	chr17	4267887	4281897	2	11866	34838.667	419	1
5_MACS_peak_8789_lociStitched	chr13	49134130	49162084	5	13531	23484.1554	420	1
3_MACS_peak_35666_lociStitched	chrX	153188268	153202542	3	10857	39517.569	421	1
1_MACS_peak_2820_lociStitched	chr1	206729585	206739669	1	10085	42267.086	422	1
2_MACS_peak_13376_lociStitched	chr17	20935460	20948278	2	12451	30852.926	423	1
2_MACS_peak_23118_lociStitched	chr3	133290036	133305403	2	12227	32024.828	424	1
1_MACS_peak_16343_lociStitched	chr19	40645274	40655381	1	10108	41700.4713	425	1
1_MACS_peak_32603_lociStitched	chr8	119572819	119582196	1	9378	44242.5614	426	1
2_MACS_peak_26332_lociStitched	chr5	95251665	95268288	2	11687	34359.741	427	1
1_MACS_peak_16687_lociStitched	chr19	50423759	50434953	1	11195	36700.6484	428	1
3_MACS_peak_8428_lociStitched	chr12	131576296	131590216	3	10114	41150.304	429	1
1_MACS_peak_15389_lociStitched	chr19	1646622	1653976	1	7355	49377.6976	430	1
4_MACS_peak_11413_lociStitched	chr15	90721017	90736588	4	11381	35394.4401	431	1
2_MACS_peak_20829_lociStitched	chr21	43933247	43949695	2	10533	39185.7152	432	1
3_MACS_peak_18191_lociStitched	chr2	112184542	112199078	3	13405	21600.496	433	1
1_MACS_peak_35662_lociStitched	chrX	152981374	152993558	1	12185	30792.6232	434	1
5_MACS_peak_23623_lociStitched	chr3	183220774	183246743	5	13001	25026.3253	435	1
5_MACS_peak_21619_lociStitched	chr22	50741012	50756551	5	12056	31317.3006	436	1
4_MACS_peak_2443_lociStitched	chr1	179048297	179061721	4	11276	35522.5888	437	1
3_MACS_peak_32149_lociStitched	chr8	80996341	81018137	3	11962	31828.6988	438	1
5_MACS_peak_7848_lociStitched	chr12	92578092	92605412	5	12254	29970.04	439	1
1_MACS_peak_34309_lociStitched	chr9	132646065	132655819	1	9755	41817.3488	440	1
4_MACS_peak_34386_lociStitched	chr9	137282269	137300004	4	11049	36456.066	441	1
2_MACS_peak_2769_lociStitched	chr1	203721064	203738385	2	11455	34279.9911	442	1
2_MACS_peak_16457_lociStitched	chr19	44256886	44272473	2	11185	35586.6797	443	1
1_MACS_peak_4344_lociStitched	chr10	89619845	89631094	1	11250	35165.4989	444	1
4_MACS_peak_16846_lociStitched	chr19	56145639	56170418	4	13456	19647.2691	445	1
2_MACS_peak_28223_lociStitched	chr6	45671642	45684986	2	12373	28505.4528	446	1
3_MACS_peak_11335_lociStitched	chr15	86231598	86251644	3	12598	26755.3962	447	1
3_MACS_peak_2153_lociStitched	chr1	159878921	159896599	3	11715	32138.604	449	1
4_MACS_peak_31374_lociStitched	chr8	11717569	11740331	4	12384	27680.8682	450	1
2_MACS_peak_8044_lociStitched	chr12	108953242	108970574	2	12916	23112.222	451	1
2_MACS_peak_30037_lociStitched	chr7	55574288	55588871	2	13088	21483.6756	452	1
2_MACS_peak_14405_lociStitched	chr17	74720673	74735953	2	11361	33282.896	453	1
4_MACS_peak_21420_lociStitched	chr22	39911215	39929543	4	12324	27328.8808	454	1
5_MACS_peak_5176_lociStitched	chr11	10323879	10344968	5	13073	21202.8806	455	1
3_MACS_peak_23779_lociStitched	chr3	195258300	195273937	3	12700	24382.7741	456	1
3_MACS_peak_18154_lociStitched	chr2	109828846	109843799	3	12576	25360.288	457	1
4_MACS_peak_8873_lociStitched	chr13	53424015	53447112	4	11978	29166.8916	458	1
3_MACS_peak_9842_lociStitched	chr14	74223135	74241907	3	13153	19780.0564	459	1
6_MACS_peak_13585_lociStitched	chr17	34409157	34431729	6	12364	26467.9272	460	1
3_MACS_peak_4678_lociStitched	chr10	112103880	112119839	3	10033	38860.165	461	1
1_MACS_peak_11556_lociStitched	chr15	101782165	101793918	1	11754	30221.6642	463	1
1_MACS_peak_6865_lociStitched	chr12	4377835	4388088	1	10254	37744.3689	464	1
1_MACS_peak_8239_lociStitched	chr12	120628210	120640531	1	12322	26355.8511	465	1
1_MACS_peak_28060_lociStitched	chr6	36718343	36727318	1	8976	42334.1775	466	1
1_MACS_peak_24164_lociStitched	chr4	24115844	24125545	1	9702	39653.8076	467	1
4_MACS_peak_14418_lociStitched	chr17	75130795	75144409	4	11995	28123.8012	468	1
2_MACS_peak_17073_lociStitched	chr2	11637129	11648970	2	11785	29364.4959	469	1
5_MACS_peak_12581_lociStitched	chr16	68270682	68300035	5	12532	23993.1422	470	1
2_MACS_peak_32710_lociStitched	chr8	126438701	126450305	2	10256	37150.206	471	1
5_MACS_peak_2032_lociStitched	chr1	155210097	155233089	5	11367	31717.464	472	1
1_MACS_peak_6475_lociStitched	chr11	115057591	115066709	1	9119	41349.2182	473	1
4_MACS_peak_29591_lociStitched	chr7	22474085	22489121	4	12983	18966.4104	474	1
4_MACS_peak_5912_lociStitched	chr11	67187482	67212956	4	11364	30887.225	475	1
3_MACS_peak_27710_lociStitched	chr6	26155173	26174669	3	11712	28781.9448	476	1
5_MACS_peak_32947_lociStitched	chr8	145732057	145755146	5	12157	25455.6225	477	1
2_MACS_peak_28874_lociStitched	chr6	119661715	119674217	2	12200	25046.5068	478	1
1_MACS_peak_1633_lociStitched	chr1	115291472	115301630	1	10159	36483.4728	479	1
3_MACS_peak_15006_lociStitched	chr18	46300959	46318271	3	10397	35349.3728	480	1
1_MACS_peak_27138_lociStitched	chr5	162736731	162747829	1	11099	31857.9188	481	1
3_MACS_peak_18351_lociStitched	chr2	127413032	127424820	3	10626	34122.7236	482	1
2_MACS_peak_28016_lociStitched	chr6	35264723	35280160	2	11259	30735.067	483	1
3_MACS_peak_20684_lociStitched	chr21	34574199	34591797	3	11622	28547.4756	484	1
4_MACS_peak_27637_lociStitched	chr6	20400923	20417341	4	11645	28312.841	485	1
4_MACS_peak_15367_lociStitched	chr19	1258309	1277338	4	11023	31763.2068	486	1
4_MACS_peak_6485_lociStitched	chr11	115629877	115650409	4	12638	20353.3716	487	1
1_MACS_peak_29665_lociStitched	chr7	26002255	26011722	1	9468	38702.9894	488	1
2_MACS_peak_7980_lociStitched	chr12	104318560	104330477	2	11833	26356.8289	489	1
3_MACS_peak_31554_lociStitched	chr8	26148180	26170682	3	11656	27510.9452	490	1
1_MACS_peak_7273_lociStitched	chr12	46117547	46127902	1	10356	34632.2975	491	1
1_MACS_peak_23853_lociStitched	chr4	47823	60139	1	12317	22475.4684	492	1
3_MACS_peak_21771_lociStitched	chr3	13366605	13378297	3	11451	28611.4932	493	1
4_MACS_peak_27943_lociStitched	chr6	32804884	32823723	4	10568	33314.8876	494	1
3_MACS_peak_21315_lociStitched	chr22	37610891	37629014	3	12043	24268.5093	495	1
1_MACS_peak_3691_lociStitched	chr10	22624452	22635229	1	10778	32187.6659	496	1
3_MACS_peak_18941_lociStitched	chr2	191321840	191335479	3	11527	27812.6488	497	1
3_MACS_peak_1897_lociStitched	chr1	150944010	150955453	3	10385	34020.039	498	1
3_MACS_peak_20731_lociStitched	chr21	36414498	36431166	3	12200	22731.8184	499	1
1_MACS_peak_28737_lociStitched	chr6	108878188	108888697	1	10510	33230.5089	500	1
1_MACS_peak_1342_lociStitched	chr1	87791639	87803642	1	12004	24085.2198	501	1
2_MACS_peak_4136_lociStitched	chr10	73484221	73497032	2	8986	39144.0105	502	1
2_MACS_peak_890_lociStitched	chr1	44296001	44305769	2	9700	36391.6608	503	1
5_MACS_peak_17239_lociStitched	chr2	27292747	27310989	5	12433	19334.6958	505	1
2_MACS_peak_32386_lociStitched	chr8	101309495	101323752	2	11364	27551.6525	506	1
3_MACS_peak_22969_lociStitched	chr3	124858067	124874722	3	11915	23570.156	507	1
1_MACS_peak_23303_lociStitched	chr3	150314973	150325881	1	10909	30092.9904	508	1
4_MACS_peak_26249_lociStitched	chr5	87954832	87976718	4	12033	22288.7024	509	1
3_MACS_peak_27905_lociStitched	chr6	31618957	31634985	3	10996	29336.0484	511	1
5_MACS_peak_14457_lociStitched	chr17	76337092	76357311	5	11894	23239.7186	512	1
5_MACS_peak_20892_lociStitched	chr21	46512549	46533384	5	11830	23676.894	513	1
3_MACS_peak_1900_lociStitched	chr1	150967720	150982980	3	11070	28649.124	514	1
2_MACS_peak_13803_lociStitched	chr17	42287012	42300121	2	9386	36533.4721	515	1
4_MACS_peak_13951_lociStitched	chr17	47433854	47455523	4	11861	22592.0994	516	1
2_MACS_peak_17363_lociStitched	chr2	37872038	37884723	2	11729	23564.9245	517	1
1_MACS_peak_23003_lociStitched	chr3	126626567	126637924	1	11358	26165.3923	518	1
5_MACS_peak_11094_lociStitched	chr15	74273785	74290192	5	12114	20103.4971	519	1
2_MACS_peak_16097_lociStitched	chr19	23940037	23951563	2	10650	30357.1788	520	1
1_MACS_peak_1774_lociStitched	chr1	145434373	145442808	1	8436	39685.8315	521	1
2_MACS_peak_12632_lociStitched	chr16	70461269	70474364	2	11479	25168.59	522	1
2_MACS_peak_32455_lociStitched	chr8	103661201	103675390	2	10568	30642.5644	523	1
3_MACS_peak_22511_lociStitched	chr3	72211336	72228689	3	10563	30560.3683	524	1
2_MACS_peak_20408_lociStitched	chr20	57460782	57471328	2	9531	35218.367	525	1
1_MACS_peak_11142_lociStitched	chr15	75334006	75341410	1	7405	42301.2732	526	1
4_MACS_peak_15579_lociStitched	chr19	6765919	6783371	4	11005	27471.1932	527	1
1_MACS_peak_30641_lociStitched	chr7	104650031	104659260	1	9230	36210.9044	528	1
5_MACS_peak_17392_lociStitched	chr2	38927809	38953565	5	11857	21220.3684	529	1
2_MACS_peak_10481_lociStitched	chr15	31546899	31561073	2	9418	35374.0518	530	1
4_MACS_peak_20205_lociStitched	chr20	46114386	46132928	4	11201	26068.1978	531	1
1_MACS_peak_26506_lociStitched	chr5	118405168	118415572	1	10405	30665.79	532	1
2_MACS_peak_27280_lociStitched	chr5	176726429	176740750	2	11684	22323.5748	533	1
1_MACS_peak_32376_lociStitched	chr8	100870922	100881881	1	10960	27236.4027	534	1
4_MACS_peak_14285_lociStitched	chr17	70583788	70602251	4	11796	21021.9718	535	1
3_MACS_peak_15728_lociStitched	chr19	11198578	11210984	3	10681	28796.8072	536	1
1_MACS_peak_10943_lociStitched	chr15	65182584	65190267	1	7684	41001.0978	537	1
5_MACS_peak_722_lociStitched	chr1	36848691	36868070	5	10878	27558.8759	538	1
5_MACS_peak_21384_lociStitched	chr22	39409278	39426582	5	11274	24929.8728	539	1
2_MACS_peak_20467_lociStitched	chr20	61424571	61439854	2	9426	34836.0702	540	1
1_MACS_peak_30055_lociStitched	chr7	56164115	56175085	1	10971	26788.74	541	1
1_MACS_peak_10272_lociStitched	chr14	106385262	106397195	1	11934	19121.4392	542	1
3_MACS_peak_2535_lociStitched	chr1	184451086	184465982	3	11444	23215.416	544	1
2_MACS_peak_33971_lociStitched	chr9	112862241	112874163	2	11495	22680.4128	545	1
1_MACS_peak_14952_lociStitched	chr18	42258282	42266807	1	8526	37901.2975	546	1
3_MACS_peak_32982_lociStitched	chr9	613534	629993	3	9797	32634.9052	547	1
3_MACS_peak_24549_lociStitched	chr4	77609187	77624790	3	11500	22234.275	548	1
3_MACS_peak_21626_lociStitched	chr22	50906602	50921679	3	10943	26160.1027	549	1
6_MACS_peak_31349_lociStitched	chr8	11271222	11298658	6	11251	23981.8076	550	1
3_MACS_peak_8783_lociStitched	chr13	49060747	49071683	3	10885	26377.632	551	1
1_MACS_peak_13436_lociStitched	chr17	27045829	27056643	1	10815	26606.7656	553	1
1_MACS_peak_31616_lociStitched	chr8	29083339	29091950	1	8612	36994.5782	555	1
2_MACS_peak_27796_lociStitched	chr6	27857127	27871817	2	10894	25977.796	556	1
1_MACS_peak_28421_lociStitched	chr6	74223996	74234498	1	10503	28315.4924	557	1
2_MACS_peak_6579_lociStitched	chr11	120571564	120582697	2	8837	35946.2304	558	1
2_MACS_peak_8252_lociStitched	chr12	120965903	120979411	2	10508	27977.7696	559	1
2_MACS_peak_17515_lociStitched	chr2	47744550	47755356	2	10646	27093.8838	560	1
2_MACS_peak_8423_lociStitched	chr12	131354552	131365703	2	10987	24858.9243	561	1
5_MACS_peak_14589_lociStitched	chr17	80654835	80675757	5	11469	21202.3548	562	1
2_MACS_peak_23500_lociStitched	chr3	171752898	171765169	2	11021	24567.7691	563	1
1_MACS_peak_27481_lociStitched	chr6	7958385	7968037	1	9653	32189.42	564	1
2_MACS_peak_3177_lociStitched	chr1	230238595	230249364	2	10568	27314.4916	565	1
3_MACS_peak_26153_lociStitched	chr5	76005399	76018541	3	10987	24550.5702	566	1
1_MACS_peak_34264_lociStitched	chr9	131445219	131454100	1	8882	35251.3533	567	1
3_MACS_peak_29662_lociStitched	chr7	25979844	25994224	3	9064	34516.314	568	1
5_MACS_peak_27969_lociStitched	chr6	33537838	33565546	5	11068	23590.5912	570	1
4_MACS_peak_10477_lociStitched	chr15	31518178	31538240	4	10678	26112.6992	571	1
3_MACS_peak_31624_lociStitched	chr8	29197241	29214049	3	10200	28847.5704	572	1
2_MACS_peak_7825_lociStitched	chr12	89854835	89870494	2	11406	20546.1739	574	1
1_MACS_peak_16562_lociStitched	chr19	47285221	47292626	1	7406	39778.179	575	1
2_MACS_peak_6053_lociStitched	chr11	74659112	74669465	2	10351	27743.9694	576	1
1_MACS_peak_25806_lociStitched	chr5	39071507	39080992	1	9486	32133.283	577	1
1_MACS_peak_2703_lociStitched	chr1	200853021	200863158	1	10138	28640.0661	578	1
3_MACS_peak_745_lociStitched	chr1	38140540	38159458	3	11172	21524.9004	580	1
1_MACS_peak_8797_lociStitched	chr13	49548842	49558467	1	9626	31022.3375	581	1
1_MACS_peak_28562_lociStitched	chr6	89975768	89984461	1	8694	34931.0819	582	1
2_MACS_peak_33806_lociStitched	chr9	98267208	98279759	2	9363	32017.601	583	1
4_MACS_peak_917_lociStitched	chr1	45264717	45286598	4	11347	19423.7637	584	1
1_MACS_peak_6741_lociStitched	chr11	130695551	130705961	1	10411	26323.767	585	1
2_MACS_peak_17752_lociStitched	chr2	70310659	70323230	2	8091	36811.6593	586	1
6_MACS_peak_13107_lociStitched	chr17	6914645	6940338	6	10836	23388.3379	587	1
3_MACS_peak_27965_lociStitched	chr6	33377167	33396547	3	11024	21951.726	588	1
2_MACS_peak_3490_lociStitched	chr10	6961624	6973562	2	9187	32523.8872	589	1
1_MACS_peak_1984_lociStitched	chr1	154189810	154197431	1	7622	38265.041	590	1
2_MACS_peak_18745_lociStitched	chr2	173414571	173428254	2	10021	28316.9685	591	1
1_MACS_peak_2102_lociStitched	chr1	157100872	157109458	1	8587	34783.6032	592	1
3_MACS_peak_13751_lociStitched	chr17	40758675	40773056	3	9690	29916.7943	593	1
2_MACS_peak_7845_lociStitched	chr12	92530789	92541847	2	10853	22843.6164	594	1
5_MACS_peak_16353_lociStitched	chr19	40916840	40940630	5	10665	24173.019	595	1
1_MACS_peak_1775_lociStitched	chr1	145449215	145458075	1	8861	33535.1	596	1
1_MACS_peak_34784_lociStitched	chrX	40028060	40037185	1	9126	32410.175	597	1
3_MACS_peak_32885_lociStitched	chr8	144099093	144110476	3	9417	31052.824	598	1
2_MACS_peak_6027_lociStitched	chr11	72979596	72992061	2	9103	32411.493	599	1
5_MACS_peak_15838_lociStitched	chr19	13943896	13961882	5	11129	20281.0136	600	1
2_MACS_peak_22119_lociStitched	chr3	46245786	46257611	2	10234	26583.7825	602	1
1_MACS_peak_30000_lociStitched	chr7	50343019	50353340	1	10322	26012.0163	603	1
1_MACS_peak_8787_lociStitched	chr13	49100162	49108385	1	8224	35743.7364	604	1
4_MACS_peak_22717_lociStitched	chr3	101495636	101513261	4	11021	21001.95	605	1
2_MACS_peak_3121_lociStitched	chr1	228268519	228279144	2	10612	24007.1875	606	1
1_MACS_peak_10483_lociStitched	chr15	31615602	31624011	1	8410	34952.0085	607	1
3_MACS_peak_35610_lociStitched	chrX	149736218	149747303	3	10687	23230.8345	608	1
4_MACS_peak_21069_lociStitched	chr22	23470126	23485006	4	9725	29059.152	609	1
2_MACS_peak_26745_lociStitched	chr5	137898322	137912304	2	10205	26252.6032	610	1
1_MACS_peak_11408_lociStitched	chr15	90637499	90646721	1	9223	31370.4774	611	1
3_MACS_peak_5648_lociStitched	chr11	60671808	60684881	3	10955	20984.7796	612	1
5_MACS_peak_33326_lociStitched	chr9	35825923	35849959	5	11234	18267.36	613	1
1_MACS_peak_5437_lociStitched	chr11	35159968	35169401	1	9434	30096.9298	614	1
1_MACS_peak_16459_lociStitched	chr19	44280968	44289925	1	8958	32188.7709	615	1
3_MACS_peak_20104_lociStitched	chr20	42306952	42320982	3	9060	31616.605	616	1
3_MACS_peak_5900_lociStitched	chr11	67029868	67047150	3	9494	29557.4046	617	1
3_MACS_peak_32397_lociStitched	chr8	101500748	101513209	3	10977	19973.7369	619	1
2_MACS_peak_6147_lociStitched	chr11	82771565	82785073	2	9670	28492.4244	620	1
1_MACS_peak_25679_lociStitched	chr5	26718555	26729561	1	11007	19478.4188	622	1
3_MACS_peak_14569_lociStitched	chr17	80307480	80321548	3	10945	20013.1368	623	1
2_MACS_peak_5837_lociStitched	chr11	65654648	65668504	2	9785	27627.4784	625	1
2_MACS_peak_33501_lociStitched	chr9	70486750	70498369	2	9856	27086.2128	626	1
4_MACS_peak_14619_lociStitched	chr18	791131	813808	4	10896	19894.5321	628	1
4_MACS_peak_2540_lociStitched	chr1	184524996	184538491	4	10594	21851.104	630	1
2_MACS_peak_13297_lociStitched	chr17	17793999	17805533	2	9936	26193.714	631	1
3_MACS_peak_18090_lociStitched	chr2	102436459	102448743	3	10733	20735.392	632	1
3_MACS_peak_8861_lociStitched	chr13	53022018	53036273	3	10591	21726.0455	633	1
3_MACS_peak_27225_lociStitched	chr5	173163295	173177972	3	9755	27092.2743	634	1
3_MACS_peak_1000_lociStitched	chr1	52032198	52045128	3	9980	25746.216	635	1
1_MACS_peak_6225_lociStitched	chr11	93466114	93476300	1	10187	24337.4098	636	1
1_MACS_peak_8640_lociStitched	chr13	35514897	35525598	1	10702	20456.0316	637	1
1_MACS_peak_16484_lociStitched	chr19	45249869	45259198	1	9330	28939.4909	638	1
4_MACS_peak_6604_lociStitched	chr11	122587186	122603474	4	10271	23254.3776	639	1
1_MACS_peak_11795_lociStitched	chr16	9183936	9194342	1	10407	22210.5664	640	1
2_MACS_peak_4664_lociStitched	chr10	111826867	111838648	2	10373	22447.5174	641	1
4_MACS_peak_14691_lociStitched	chr18	9060844	9074465	4	10672	20033.7668	643	1
5_MACS_peak_13135_lociStitched	chr17	7474540	7490757	5	10490	21474.5514	644	1
2_MACS_peak_32347_lociStitched	chr8	98606797	98616131	2	9114	29627.0494	645	1
3_MACS_peak_1866_lociStitched	chr1	149897513	149912679	3	9690	26454.0538	648	1
3_MACS_peak_19894_lociStitched	chr20	32250392	32263192	3	9407	27959.04	649	1
1_MACS_peak_19851_lociStitched	chr20	30790147	30797609	1	7463	35785.5134	652	1
2_MACS_peak_13968_lociStitched	chr17	47815875	47827568	2	10178	23041.0565	654	1
2_MACS_peak_33642_lociStitched	chr9	86313021	86324179	2	10706	18913.9258	655	1
3_MACS_peak_16726_lociStitched	chr19	52096882	52111756	3	10254	22437.429	656	1
1_MACS_peak_20390_lociStitched	chr20	56190973	56198429	1	7457	35644.1536	657	1
4_MACS_peak_2340_lociStitched	chr1	169873378	169889125	4	10260	22248.9363	658	1
4_MACS_peak_34907_lociStitched	chrX	49011973	49030664	4	10738	18347.0856	659	1
1_MACS_peak_27914_lociStitched	chr6	31756118	31764731	1	8614	30995.6031	660	1
3_MACS_peak_4965_lociStitched	chr10	135201186	135215911	3	9670	25665.675	661	1
4_MACS_peak_27282_lociStitched	chr5	176776736	176797166	4	10341	21175.695	663	1
3_MACS_peak_1562_lociStitched	chr1	111325386	111338169	3	9566	26182.1406	664	1
3_MACS_peak_18243_lociStitched	chr2	114187298	114199115	3	9854	24423.3756	665	1
3_MACS_peak_15364_lociStitched	chr19	1237078	1251006	3	10543	19387.776	666	1
5_MACS_peak_12292_lociStitched	chr16	46645373	46667776	5	10422	20270.2344	668	1
4_MACS_peak_28523_lociStitched	chr6	86378223	86396338	4	10644	18312.4535	671	1
2_MACS_peak_2144_lociStitched	chr1	159035377	159048675	2	8386	31633.2824	672	1
1_MACS_peak_3076_lociStitched	chr1	226308520	226317334	1	8815	29743.7244	673	1
4_MACS_peak_2793_lociStitched	chr1	205242649	205264237	4	9228	27632.64	674	1
3_MACS_peak_16636_lociStitched	chr19	49361915	49381207	3	8284	31858.8088	675	1
3_MACS_peak_19826_lociStitched	chr20	30147202	30162243	3	10568	18574.1309	676	1
3_MACS_peak_29811_lociStitched	chr7	37240558	37254043	3	10479	19199.943	678	1
2_MACS_peak_23557_lociStitched	chr3	178229738	178240767	2	10139	21797.7156	680	1
5_MACS_peak_5007_lociStitched	chr11	554014	579698	5	10564	18389.744	681	1
3_MACS_peak_1778_lociStitched	chr1	145500561	145517763	3	8667	30007.1688	683	1
2_MACS_peak_25648_lociStitched	chr5	19280688	19291438	2	10412	19410.2	684	1
1_MACS_peak_1743_lociStitched	chr1	143911486	143920044	1	8559	30332.9752	685	1
2_MACS_peak_35368_lociStitched	chrX	118815177	118828041	2	9960	22735.8336	686	1
1_MACS_peak_27356_lociStitched	chr5	180667017	180676427	1	9411	26099.576	687	1
4_MACS_peak_19124_lociStitched	chr2	204568581	204584020	4	10378	19226.1867	689	1
2_MACS_peak_1384_lociStitched	chr1	92947290	92961592	2	9615	24618.0326	690	1
2_MACS_peak_33171_lociStitched	chr9	21986111	21997129	2	9837	23164.2432	691	1
3_MACS_peak_2192_lociStitched	chr1	161029128	161041371	3	9114	27344.7405	692	1
3_MACS_peak_17490_lociStitched	chr2	46761688	46777616	3	10348	19277.6584	693	1
1_MACS_peak_2381_lociStitched	chr1	173831430	173839764	1	8335	30811.6314	694	1
2_MACS_peak_2001_lociStitched	chr1	154755839	154766283	2	9526	24757.502	695	1
2_MACS_peak_32392_lociStitched	chr8	101440363	101452017	2	10028	21413.0596	696	1
4_MACS_peak_13167_lociStitched	chr17	8088631	8104227	4	10103	20815.9812	697	1
1_MACS_peak_12733_lociStitched	chr16	79628497	79637116	1	8620	29361.4854	698	1
3_MACS_peak_1981_lociStitched	chr1	154166134	154183764	3	9987	21538.571	700	1
2_MACS_peak_13047_lociStitched	chr17	3813825	3822396	2	8362	30433.9068	701	1
4_MACS_peak_32430_lociStitched	chr8	102913879	102925783	4	9809	22749.7344	702	1
1_MACS_peak_25719_lociStitched	chr5	32275839	32285600	1	9762	23019.3663	703	1
1_MACS_peak_28052_lociStitched	chr6	36559122	36568794	1	9673	23519.4024	705	1
2_MACS_peak_34280_lociStitched	chr9	131935799	131949173	2	7900	32172.4944	706	1
2_MACS_peak_14449_lociStitched	chr17	76163902	76173444	2	8972	27393.1736	707	1
1_MACS_peak_20321_lociStitched	chr20	52350935	52359138	1	8204	30899.0604	708	1
2_MACS_peak_17826_lociStitched	chr2	74424970	74435070	2	9973	21323.12	709	1
2_MACS_peak_5438_lociStitched	chr11	35183770	35196461	2	9068	26637.1399	713	1
4_MACS_peak_21955_lociStitched	chr3	32461422	32476231	4	9989	20840.7057	714	1
2_MACS_peak_5714_lociStitched	chr11	62597804	62610798	2	8987	26914.4722	715	1
1_MACS_peak_2815_lociStitched	chr1	206131564	206140124	1	8561	28960.192	716	1
3_MACS_peak_9371_lociStitched	chr14	24604485	24618100	3	9968	20768.321	717	1
4_MACS_peak_20502_lociStitched	chr20	62599410	62613586	4	9703	22597.9616	718	1
2_MACS_peak_14525_lociStitched	chr17	79360404	79374355	2	9621	23118.2021	719	1
3_MACS_peak_23673_lociStitched	chr3	185646323	185661689	3	10197	18755.7396	720	1
2_MACS_peak_25062_lociStitched	chr4	144273113	144283224	2	10053	19795.3158	721	1
1_MACS_peak_3688_lociStitched	chr10	22538807	22548392	1	9586	23050.9665	722	1
2_MACS_peak_18629_lociStitched	chr2	161549938	161564194	2	9564	23151.744	723	1
3_MACS_peak_22372_lociStitched	chr3	57568200	57585719	3	10174	18538.6058	724	1
1_MACS_peak_29677_lociStitched	chr7	26236123	26245257	1	9135	25508.5218	725	1
2_MACS_peak_31564_lociStitched	chr8	26428255	26438001	2	8593	28075.3022	726	1
2_MACS_peak_13116_lociStitched	chr17	7136370	7147338	2	9217	24738.324	727	1
2_MACS_peak_25554_lociStitched	chr5	6478837	6488540	2	9212	24760.1154	728	1
3_MACS_peak_2319_lociStitched	chr1	167674847	167693023	3	8993	25924.4288	729	1
3_MACS_peak_15353_lociStitched	chr19	1066221	1078082	3	7651	31893.0429	730	1
2_MACS_peak_33505_lociStitched	chr9	70848879	70860226	2	9248	24240.5961	732	1
1_MACS_peak_25371_lociStitched	chr4	185301079	185308446	1	7368	32728.6342	733	1
1_MACS_peak_33675_lociStitched	chr9	88961732	88970445	1	8714	27104.4004	734	1
2_MACS_peak_25913_lociStitched	chr5	54031145	54042103	2	9248	24194.1682	736	1
2_MACS_peak_19383_lociStitched	chr2	231729000	231739409	2	9730	21000.1575	737	1
3_MACS_peak_11032_lociStitched	chr15	70385673	70396316	3	9108	24909.9415	738	1
4_MACS_peak_31362_lociStitched	chr8	11414828	11430752	4	9836	20155.0068	739	1
2_MACS_peak_25363_lociStitched	chr4	185201124	185210090	2	8211	29291.0254	740	1
1_MACS_peak_8816_lociStitched	chr13	50648475	50658414	1	9940	19199.1663	741	1
2_MACS_peak_24308_lociStitched	chr4	40622649	40634454	2	9637	21404.826	742	1
3_MACS_peak_8233_lociStitched	chr12	120547209	120560790	3	9553	21976.7742	743	1
3_MACS_peak_22385_lociStitched	chr3	58404128	58420458	3	9761	20464.756	744	1
3_MACS_peak_6437_lociStitched	chr11	112868629	112886520	3	9954	18953.7254	745	1
1_MACS_peak_2671_lociStitched	chr1	197739999	197748602	1	8604	27305.922	746	1
2_MACS_peak_33150_lociStitched	chr9	20416396	20429532	2	9860	19626.4976	747	1
3_MACS_peak_33699_lociStitched	chr9	91924347	91936046	3	9870	19532.6504	748	1
4_MACS_peak_13955_lociStitched	chr17	47463375	47475963	4	8813	26147.7936	749	1
3_MACS_peak_19933_lociStitched	chr20	33101839	33111749	3	9037	24888.965	750	1
2_MACS_peak_25578_lociStitched	chr5	7868126	7879534	2	9670	20851.5424	752	1
2_MACS_peak_12898_lociStitched	chr16	88846166	88857651	2	7635	31310.407	753	1
3_MACS_peak_27952_lociStitched	chr6	33166718	33177312	3	9623	21093.7134	754	1
2_MACS_peak_15439_lociStitched	chr19	2609627	2623551	2	8228	28837.9964	755	1
2_MACS_peak_33480_lociStitched	chr9	69259270	69270565	2	9226	23685.615	756	1
5_MACS_peak_7573_lociStitched	chr12	58134020	58150380	5	9988	18092.524	758	1
4_MACS_peak_23818_lociStitched	chr3	197019364	197037848	4	9533	21524.618	759	1
2_MACS_peak_3066_lociStitched	chr1	226123660	226133714	2	7483	31667.0838	760	1
1_MACS_peak_29254_lociStitched	chr6	157097690	157105861	1	8172	28898.3757	761	1
2_MACS_peak_30216_lociStitched	chr7	74063101	74076881	2	8863	25408.942	762	1
3_MACS_peak_14369_lociStitched	chr17	73859689	73875761	3	8672	26391.8312	763	1
2_MACS_peak_2025_lociStitched	chr1	155106136	155113572	2	7323	32064.032	764	1
1_MACS_peak_14065_lociStitched	chr17	55430607	55438293	1	7687	30668.6772	765	1
1_MACS_peak_4562_lociStitched	chr10	103872774	103881666	1	8893	25092.3348	766	1
1_MACS_peak_16574_lociStitched	chr19	47728516	47736494	1	7979	29442.0112	767	1
3_MACS_peak_7670_lociStitched	chr12	68752243	68770503	3	8931	24829.948	768	1
3_MACS_peak_11785_lociStitched	chr16	9037733	9058784	3	9782	19110.0978	769	1
2_MACS_peak_27566_lociStitched	chr6	15244723	15257600	2	9765	19169.9899	770	1
1_MACS_peak_28197_lociStitched	chr6	45162228	45171881	1	9654	20018.3914	771	1
4_MACS_peak_2879_lociStitched	chr1	209920511	209932790	4	9506	21054.8013	772	1
2_MACS_peak_27693_lociStitched	chr6	25403145	25415417	2	9576	20517.5568	773	1
1_MACS_peak_18948_lociStitched	chr2	191744222	191752867	1	8646	26047.385	775	1
3_MACS_peak_28130_lociStitched	chr6	42737679	42752609	3	8551	26494.778	776	1
2_MACS_peak_32972_lociStitched	chr9	175599	187058	2	9158	23029.1523	777	1
1_MACS_peak_12638_lociStitched	chr16	70554287	70563709	1	9423	21247.5522	778	1
2_MACS_peak_12900_lociStitched	chr16	88867658	88879854	2	8578	26220.1804	779	1
1_MACS_peak_27122_lociStitched	chr5	160168836	160178347	1	9512	20536.1512	781	1
2_MACS_peak_2399_lociStitched	chr1	174957051	174971542	2	8669	25665.0101	782	1
3_MACS_peak_14641_lociStitched	chr18	3245739	3263490	3	9321	21789.3525	783	1
1_MACS_peak_5042_lociStitched	chr11	1870538	1877704	1	7167	32033.4532	784	1
2_MACS_peak_1582_lociStitched	chr1	112134682	112147907	2	9770	18476.6475	785	1
2_MACS_peak_31635_lociStitched	chr8	29486963	29500809	2	9791	18251.7972	786	1
3_MACS_peak_2087_lociStitched	chr1	156560079	156579169	3	9245	22085.221	787	1
2_MACS_peak_20690_lociStitched	chr21	34696065	34705915	2	8984	23609.465	788	1
3_MACS_peak_7517_lociStitched	chr12	56509031	56524003	3	9637	19185.1208	789	1
1_MACS_peak_2185_lociStitched	chr1	160763943	160771528	1	7586	30267.9425	790	1
4_MACS_peak_711_lociStitched	chr1	36613928	36627294	4	9198	22172.8574	792	1
1_MACS_peak_17937_lociStitched	chr2	86261171	86268226	1	7056	32129.881	793	1
3_MACS_peak_19912_lociStitched	chr20	32460670	32473988	3	8349	26874.3922	794	1
1_MACS_peak_2702_lociStitched	chr1	200833766	200841891	1	8126	27912.625	795	1
2_MACS_peak_18500_lociStitched	chr2	148044781	148058274	2	9687	18552.875	797	1
3_MACS_peak_34429_lociStitched	chr9	139292918	139306372	3	9593	19217.6936	799	1
2_MACS_peak_1720_lociStitched	chr1	120832140	120840644	2	8461	26170.2096	800	1
5_MACS_peak_5839_lociStitched	chr11	65676092	65697131	5	9258	21529.2087	801	1
2_MACS_peak_30985_lociStitched	chr7	139466180	139478612	2	9270	21268.6656	802	1
3_MACS_peak_19966_lociStitched	chr20	34323450	34333059	3	7720	29290.1538	804	1
1_MACS_peak_31732_lociStitched	chr8	38236744	38245176	1	8433	26026.2112	806	1
1_MACS_peak_23142_lociStitched	chr3	135909126	135917400	1	8275	26773.8366	807	1
4_MACS_peak_8277_lociStitched	chr12	121725743	121738825	4	9490	19233.1564	809	1
3_MACS_peak_22314_lociStitched	chr3	53134771	53148355	3	9213	21197.832	811	1
3_MACS_peak_21672_lociStitched	chr3	5018591	5029408	3	9601	18325.0797	812	1
3_MACS_peak_21599_lociStitched	chr22	50352694	50364880	3	9261	20778.3486	813	1
2_MACS_peak_29426_lociStitched	chr7	2438173	2448101	2	9281	20607.5496	814	1
4_MACS_peak_19404_lociStitched	chr2	232534682	232552854	4	9054	22089.8832	815	1
5_MACS_peak_15716_lociStitched	chr19	10974780	10990981	5	9400	19510.8643	816	1
4_MACS_peak_29164_lociStitched	chr6	148778268	148795374	4	9008	22046.2128	819	1
1_MACS_peak_8305_lociStitched	chr12	122515405	122522657	1	7253	30427.2164	820	1
1_MACS_peak_15078_lociStitched	chr18	49917364	49924743	1	7380	29921.845	821	1
2_MACS_peak_16301_lociStitched	chr19	39338198	39348938	2	7979	27423.516	822	1
3_MACS_peak_15803_lociStitched	chr19	13042925	13058416	3	8902	22554.896	823	1
2_MACS_peak_15350_lociStitched	chr19	1018228	1029843	2	8017	27130.317	825	1
4_MACS_peak_30649_lociStitched	chr7	104938035	104952336	4	9444	18588.4398	827	1
4_MACS_peak_5688_lociStitched	chr11	62312044	62328638	4	9291	19662.2306	829	1
1_MACS_peak_11471_lociStitched	chr15	93423610	93431898	1	8289	25573.4528	831	1
2_MACS_peak_32309_lociStitched	chr8	95953473	95963566	2	9372	18838.5845	832	1
2_MACS_peak_26794_lociStitched	chr5	139718284	139727667	2	9277	19541.9741	833	1
2_MACS_peak_5945_lociStitched	chr11	68032252	68041694	2	7850	27476.22	836	1
1_MACS_peak_3628_lociStitched	chr10	17268315	17275644	1	7330	29610.6258	837	1
2_MACS_peak_23480_lociStitched	chr3	169887543	169900321	2	9178	20052.5154	838	1
3_MACS_peak_27717_lociStitched	chr6	26214661	26225317	3	9314	19009.2384	839	1
2_MACS_peak_28767_lociStitched	chr6	109774597	109783863	2	8662	23298.4304	840	1
2_MACS_peak_14577_lociStitched	chr17	80405776	80417975	2	8132	25966.7914	841	1
2_MACS_peak_15444_lociStitched	chr19	2696391	2703560	2	7160	30066.786	843	1
3_MACS_peak_33967_lociStitched	chr9	112809784	112828920	3	9152	19937.7984	844	1
4_MACS_peak_30283_lociStitched	chr7	76008237	76027607	4	9180	19356.441	850	1
2_MACS_peak_32850_lociStitched	chr8	141597859	141609326	2	9044	20200.2672	851	1
1_MACS_peak_14633_lociStitched	chr18	2635489	2643843	1	8355	24331.025	852	1
1_MACS_peak_6527_lociStitched	chr11	118559970	118568696	1	8727	22164.9126	853	1
4_MACS_peak_7446_lociStitched	chr12	53763886	53777645	4	9043	20074.381	854	1
1_MACS_peak_16983_lociStitched	chr2	5834629	5842845	1	8217	24939.668	855	1
1_MACS_peak_34124_lociStitched	chr9	126027411	126036082	1	8672	22406.7311	856	1
3_MACS_peak_10793_lociStitched	chr15	52965863	52977017	3	8931	20764.2864	857	1
2_MACS_peak_28465_lociStitched	chr6	80245627	80256605	2	9109	19359.703	860	1
1_MACS_peak_32000_lociStitched	chr8	66857650	66866246	1	8597	22690.8612	861	1
2_MACS_peak_19854_lociStitched	chr20	30918700	30926750	2	7972	25993.45	862	1
1_MACS_peak_30644_lociStitched	chr7	104765636	104773343	1	7708	27201.0858	863	1
3_MACS_peak_1809_lociStitched	chr1	147070508	147084355	3	8840	21046.0553	864	1
1_MACS_peak_17949_lociStitched	chr2	86842975	86851705	1	8731	21631.194	866	1
1_MACS_peak_13838_lociStitched	chr17	43387533	43395718	1	8186	24707.241	867	1
2_MACS_peak_32717_lociStitched	chr8	126647768	126661206	2	9140	18798.4182	868	1
3_MACS_peak_5716_lociStitched	chr11	62618404	62629372	3	9241	17988.6168	869	1
2_MACS_peak_16508_lociStitched	chr19	45921516	45932761	2	9143	18594.732	870	1
2_MACS_peak_595_lociStitched	chr1	28826945	28837940	2	8526	22628.8095	872	1
3_MACS_peak_1903_lociStitched	chr1	151019650	151032927	3	8644	21731.7936	874	1
1_MACS_peak_3610_lociStitched	chr10	15826749	15834794	1	8046	25042.476	875	1
3_MACS_peak_20005_lociStitched	chr20	35698603	35710901	3	7880	25840.5576	876	1
1_MACS_peak_34327_lociStitched	chr9	134126600	134133762	1	7163	28871.4544	878	1
3_MACS_peak_5529_lociStitched	chr11	46136991	46149452	3	8627	21731.984	879	1
1_MACS_peak_14222_lociStitched	chr17	65641820	65649828	1	8009	25020.1952	882	1
1_MACS_peak_25147_lociStitched	chr4	153451331	153460053	1	8723	20978.1544	883	1
2_MACS_peak_14698_lociStitched	chr18	9135127	9148214	2	8658	21304.3273	884	1
2_MACS_peak_28560_lociStitched	chr6	89948586	89957328	2	8408	22764.168	886	1
3_MACS_peak_18586_lociStitched	chr2	158324326	158338024	3	8433	22608.549	887	1
2_MACS_peak_30870_lociStitched	chr7	128572420	128582395	2	7210	28369.8975	889	1
2_MACS_peak_16624_lociStitched	chr19	49135778	49150260	2	8605	21376.8802	891	1
1_MACS_peak_15599_lociStitched	chr19	7399437	7406961	1	7525	26968.2732	892	1
2_MACS_peak_26335_lociStitched	chr5	95285116	95298415	2	8879	19367.3337	894	1
2_MACS_peak_27266_lociStitched	chr5	175962178	175971634	2	8158	23768.6016	895	1
2_MACS_peak_9290_lociStitched	chr14	20955470	20968311	2	8917	18986.7026	896	1
2_MACS_peak_15059_lociStitched	chr18	48718583	48725588	2	6991	28850.793	897	1
1_MACS_peak_33152_lociStitched	chr9	20436847	20444637	1	7791	25389.168	900	1
2_MACS_peak_2270_lociStitched	chr1	164685471	164695473	2	8929	18663.732	901	1
2_MACS_peak_34425_lociStitched	chr9	139130131	139138421	2	8004	24203.484	903	1
3_MACS_peak_35697_lociStitched	chrX	153706312	153720150	3	8796	19407.795	904	1
3_MACS_peak_11596_lociStitched	chr16	684795	700620	3	8895	18682.995	905	1
2_MACS_peak_10817_lociStitched	chr15	55692952	55701750	2	8757	19608.1026	907	1
3_MACS_peak_23886_lociStitched	chr4	1711820	1725230	3	8840	18961.74	908	1
1_MACS_peak_21765_lociStitched	chr3	13050489	13059007	1	8519	21078.6428	910	1
4_MACS_peak_1534_lociStitched	chr1	110356839	110369765	4	8345	22103.46	912	1
2_MACS_peak_26377_lociStitched	chr5	100182329	100194181	2	8599	20469.5892	914	1
2_MACS_peak_14184_lociStitched	chr17	62490198	62504944	2	8772	19265.649	915	1
5_MACS_peak_13160_lociStitched	chr17	8053373	8067059	5	8830	18820.9872	916	1
1_MACS_peak_34789_lociStitched	chrX	40171321	40180047	1	8727	19510.4634	919	1
3_MACS_peak_31111_lociStitched	chr7	150100203	150113287	3	7538	26093.4212	920	1
2_MACS_peak_33535_lociStitched	chr9	73026576	73036688	2	7736	25131.3536	921	1
2_MACS_peak_15625_lociStitched	chr19	7980316	7991605	2	7811	24730.8123	923	1
3_MACS_peak_21596_lociStitched	chr22	50322785	50331366	3	7768	24891.7648	924	1
3_MACS_peak_35689_lociStitched	chrX	153616053	153629018	3	8009	23562.591	928	1
1_MACS_peak_34033_lociStitched	chr9	117349043	117356657	1	7615	25498.5246	930	1
3_MACS_peak_3898_lociStitched	chr10	37773734	37786119	3	8311	21823.6085	931	1
2_MACS_peak_8151_lociStitched	chr12	113414329	113427323	2	7826	24432.6182	932	1
2_MACS_peak_22960_lociStitched	chr3	124501695	124511679	2	8728	19101.3888	933	1
1_MACS_peak_15418_lociStitched	chr19	2234685	2242199	1	7515	25836.1376	935	1
3_MACS_peak_33720_lociStitched	chr9	93312763	93323368	3	8346	21506.94	936	1
3_MACS_peak_27959_lociStitched	chr6	33279557	33292217	3	8411	20845.956	941	1
4_MACS_peak_16216_lociStitched	chr19	36230671	36240541	4	8189	21962.724	945	1
2_MACS_peak_26504_lociStitched	chr5	118357685	118370204	2	7570	25140.6558	947	1
1_MACS_peak_32814_lociStitched	chr8	134579223	134586595	1	7373	25984.0884	949	1
1_MACS_peak_26291_lociStitched	chr5	90673603	90681081	1	7479	25485.7718	950	1
2_MACS_peak_11153_lociStitched	chr15	75491285	75502878	2	7632	24725.5504	951	1
3_MACS_peak_33604_lociStitched	chr9	82179650	82189280	3	8525	19656.756	952	1
2_MACS_peak_11065_lociStitched	chr15	72518102	72530512	2	8620	18941.383	954	1
2_MACS_peak_15913_lociStitched	chr19	16221569	16231888	2	8558	19205.7228	959	1
1_MACS_peak_23306_lociStitched	chr3	150476777	150485042	1	8266	21008.8035	962	1
4_MACS_peak_16683_lociStitched	chr19	50369595	50382361	4	8089	22013.6904	963	1
2_MACS_peak_28157_lociStitched	chr6	43593571	43604883	2	8071	22019.9392	965	1
1_MACS_peak_29066_lociStitched	chr6	139690357	139698092	1	7736	23741.809	969	1
1_MACS_peak_6608_lociStitched	chr11	122613303	122621430	1	8128	21586.9374	970	1
2_MACS_peak_2284_lociStitched	chr1	165697820	165711283	2	8032	22106.246	974	1
1_MACS_peak_7355_lociStitched	chr12	49758970	49765961	1	6992	26913.2527	980	1
2_MACS_peak_25500_lociStitched	chr5	1487623	1500392	2	8080	21585.9945	983	1
2_MACS_peak_2057_lociStitched	chr1	155980972	155991467	2	7998	22053.1435	984	1
2_MACS_peak_4358_lociStitched	chr10	90143999	90152811	2	8298	20178.5988	985	1
2_MACS_peak_1776_lociStitched	chr1	145469233	145480395	2	8139	21151.99	986	1
1_MACS_peak_5148_lociStitched	chr11	8703110	8711542	1	8433	19277.2384	987	1
2_MACS_peak_34240_lociStitched	chr9	130828448	130836677	2	8224	20560.9794	990	1
1_MACS_peak_19230_lociStitched	chr2	216973050	216980800	1	7751	23232.175	991	1
1_MACS_peak_22901_lociStitched	chr3	121510404	121518387	1	7984	21910.1418	993	1
2_MACS_peak_15026_lociStitched	chr18	47012107	47020668	2	8469	18826.4951	994	1
2_MACS_peak_27652_lociStitched	chr6	21586795	21597692	2	7407	24793.9441	995	1
2_MACS_peak_19523_lociStitched	chr2	241517571	241528207	2	7905	22262.2116	996	1
2_MACS_peak_5806_lociStitched	chr11	65148252	65157699	2	8213	20397.9624	997	1
2_MACS_peak_11793_lociStitched	chr16	9164868	9174051	2	8525	18117.1407	999	1
1_MACS_peak_380_lociStitched	chr1	21615653	21623774	1	8122	20721.5436	1004	1
2_MACS_peak_1998_lociStitched	chr1	154574434	154582640	2	8169	20396.013	1005	1
1_MACS_peak_20285_lociStitched	chr20	49567915	49576088	1	8174	20348.3181	1006	1
2_MACS_peak_25411_lociStitched	chr4	186391567	186404557	2	8379	18964.101	1007	1
1_MACS_peak_4837_lociStitched	chr10	125155794	125163652	1	7859	22018.116	1010	1
1_MACS_peak_22101_lociStitched	chr3	45634121	45642188	1	8068	20785.4322	1012	1
2_MACS_peak_3095_lociStitched	chr1	226919086	226928585	2	7660	23017.0269	1013	1
2_MACS_peak_19467_lociStitched	chr2	236402168	236412304	2	8264	19402.3312	1015	1
1_MACS_peak_21373_lociStitched	chr22	39145854	39153770	1	7917	21521.2292	1016	1
2_MACS_peak_23053_lociStitched	chr3	128994700	129003536	2	8247	19491.3324	1018	1
1_MACS_peak_22791_lociStitched	chr3	111804420	111812586	1	8167	19873.5942	1020	1
2_MACS_peak_331_lociStitched	chr1	17221283	17233185	2	7006	25853.5244	1021	1
3_MACS_peak_35466_lociStitched	chrX	129298190	129310940	3	8264	19202.775	1023	1
1_MACS_peak_24634_lociStitched	chr4	87854874	87862871	1	7998	20789.0012	1026	1
3_MACS_peak_34034_lociStitched	chr9	117372422	117382334	3	7805	21865.872	1027	1
2_MACS_peak_15779_lociStitched	chr19	12713727	12726317	2	7864	21504.979	1028	1
3_MACS_peak_11737_lociStitched	chr16	4555189	4568229	3	7844	21592.936	1029	1
1_MACS_peak_14957_lociStitched	chr18	42336058	42343071	1	7014	25645.1384	1030	1
3_MACS_peak_7581_lociStitched	chr12	58225048	58241319	3	8094	20049.1262	1032	1
1_MACS_peak_12772_lociStitched	chr16	81684551	81692230	1	7680	22375.8381	1033	1
2_MACS_peak_31437_lociStitched	chr8	17779312	17787104	2	7718	22102.7872	1036	1
1_MACS_peak_2854_lociStitched	chr1	207992783	208000307	1	7525	23100.9372	1037	1
1_MACS_peak_25472_lociStitched	chr5	217093	225094	1	8002	20314.539	1040	1
2_MACS_peak_27860_lociStitched	chr6	30474539	30485231	2	7492	23079.7512	1044	1
3_MACS_peak_29941_lociStitched	chr7	45065060	45077016	3	8087	19678.3804	1045	1
1_MACS_peak_12890_lociStitched	chr16	88617426	88624755	1	7330	23754.7548	1048	1
2_MACS_peak_21555_lociStitched	chr22	46447487	46455376	2	7427	23071.3805	1050	1
3_MACS_peak_19254_lociStitched	chr2	219259800	219272580	3	7733	21325.986	1053	1
2_MACS_peak_6441_lociStitched	chr11	113050406	113062524	2	8233	18121.2572	1054	1
2_MACS_peak_29601_lociStitched	chr7	22600270	22610435	2	7445	22557.1515	1058	1
1_MACS_peak_31789_lociStitched	chr8	42944361	42951682	1	7322	23004.7783	1060	1
2_MACS_peak_1748_lociStitched	chr1	143991626	144002385	2	8046	18854.0716	1061	1
2_MACS_peak_14530_lociStitched	chr17	79476205	79487126	2	7897	19787.7599	1062	1
1_MACS_peak_11472_lociStitched	chr15	93442777	93450588	1	7812	20195.3405	1066	1
2_MACS_peak_21872_lociStitched	chr3	23846848	23855007	2	8041	18668.6079	1067	1
3_MACS_peak_12375_lociStitched	chr16	53123597	53135023	3	7957	18984.299	1076	1
3_MACS_peak_15741_lociStitched	chr19	11484219	11493736	3	7870	19519.367	1077	1
1_MACS_peak_32810_lociStitched	chr8	134508367	134516053	1	7687	20546.9838	1078	1
2_MACS_peak_11627_lociStitched	chr16	1820373	1833916	2	7684	20460.7644	1082	1
3_MACS_peak_10325_lociStitched	chr15	22540020	22553788	3	7791	19799.7608	1084	1
1_MACS_peak_28693_lociStitched	chr6	106439510	106447230	1	7721	20149.972	1085	1
4_MACS_peak_5700_lociStitched	chr11	62431574	62449026	4	7930	18657.9332	1092	1
2_MACS_peak_25552_lociStitched	chr5	6445544	6454349	2	7725	19811.25	1098	1
2_MACS_peak_2174_lociStitched	chr1	160591140	160603389	2	7677	20009.9664	1102	1
1_MACS_peak_32730_lociStitched	chr8	128745809	128753504	1	7696	19862.334	1103	1
1_MACS_peak_18255_lociStitched	chr2	114642952	114650342	1	7391	21554.413	1104	1
1_MACS_peak_13311_lociStitched	chr17	18085068	18092105	1	7038	23167.2114	1106	1
1_MACS_peak_30904_lociStitched	chr7	130788981	130796236	1	7256	22083.4945	1107	1
1_MACS_peak_29856_lociStitched	chr7	39987357	39994461	1	7105	22625.5296	1113	1
1_MACS_peak_7144_lociStitched	chr12	31737600	31744661	1	7062	22749.8359	1115	1
1_MACS_peak_26156_lociStitched	chr5	76031200	76038764	1	7565	20049.8948	1116	1
1_MACS_peak_6150_lociStitched	chr11	82866498	82874061	1	7564	19874.0514	1119	1
1_MACS_peak_23318_lociStitched	chr3	152015013	152022869	1	7857	17993.3824	1121	1
2_MACS_peak_28280_lociStitched	chr6	52393003	52404080	2	7438	20541.1888	1122	1
2_MACS_peak_27506_lociStitched	chr6	10403479	10414979	2	7269	21413	1123	1
1_MACS_peak_4714_lociStitched	chr10	112677475	112685247	1	7773	18227.6716	1129	1
2_MACS_peak_12221_lociStitched	chr16	30661240	30672474	2	7104	21806.3174	1134	1
1_MACS_peak_33041_lociStitched	chr9	5625980	5633174	1	7195	21225.897	1138	1
1_MACS_peak_16613_lociStitched	chr19	48946374	48953949	1	7576	19042.035	1139	1
2_MACS_peak_14491_lociStitched	chr17	77809608	77818972	2	7253	20847.0732	1142	1
2_MACS_peak_23540_lociStitched	chr3	176912489	176920424	2	7064	21699.051	1146	1
3_MACS_peak_6016_lociStitched	chr11	72523321	72540441	3	7650	18212.256	1151	1
1_MACS_peak_23412_lociStitched	chr3	160116107	160123590	1	7484	19161.7181	1157	1
2_MACS_peak_22713_lociStitched	chr3	101438436	101446079	2	7113	21172.6386	1161	1
2_MACS_peak_16667_lociStitched	chr19	49989759	50001663	2	7527	18815.4624	1162	1
2_MACS_peak_4547_lociStitched	chr10	102818878	102828020	2	7037	21512.0402	1164	1
2_MACS_peak_17270_lociStitched	chr2	28612350	28619728	2	7193	20649.5464	1167	1
3_MACS_peak_20489_lociStitched	chr20	62256834	62274449	3	7349	19651.294	1170	1
3_MACS_peak_12201_lociStitched	chr16	30378510	30390983	3	7510	18679.5648	1171	1
2_MACS_peak_26695_lociStitched	chr5	133978074	133987156	2	7549	18406.4894	1175	1
1_MACS_peak_16019_lociStitched	chr19	19173390	19180951	1	7562	18254.5223	1180	1
3_MACS_peak_12235_lociStitched	chr16	30952777	30970581	3	7260	19803.3892	1186	1
1_MACS_peak_11160_lociStitched	chr15	75741882	75749130	1	7249	19820.3808	1188	1
2_MACS_peak_25513_lociStitched	chr5	1791583	1802640	2	7332	19013.6172	1195	1
1_MACS_peak_3354_lociStitched	chr1	245022833	245030066	1	7234	19343.9352	1204	1
2_MACS_peak_12655_lociStitched	chr16	71840847	71853019	2	7131	19926.7812	1206	1
4_MACS_peak_2217_lociStitched	chr1	161493436	161511119	4	7236	19044.591	1218	1
2_MACS_peak_19536_lociStitched	chr2	242248314	242258092	2	7069	19837.6064	1225	1
3_MACS_peak_32731_lociStitched	chr8	128800640	128812547	3	7282	18345.1149	1236	1
2_MACS_peak_8133_lociStitched	chr12	112446844	112454026	2	7130	18999.981	1245	1
2_MACS_peak_1566_lociStitched	chr1	111413310	111423329	2	7113	18905.853	1255	1
2_MACS_peak_23474_lociStitched	chr3	169755062	169765332	2	7061	18151.198	1291	1
