#U266 Enhancers
#Created from /data/projects/IRF4_mm_trn_data/myeloma_public_data/rose/U266.H3K27ac_ROSE/U266_0KB_STITCHED_ENHANCER_REGION_MAP.txt
#Ranked by U266.jin.bam
#Using cutoff of 17655.7392 for Super-Enhancers
#Created on Jul 16 2024 
REGION_ID	CHROM	START	STOP	NUM_LOCI	CONSTITUENT_SIZE	U266.jin.bam	enhancerRank	isSuper
3_MACS_peak_16715_lociStitched	chr2	37567299	37607793	3	40107	231864.5946	1	1
4_MACS_peak_29448_lociStitched	chr7	132184026	132224590	4	40192	173536.8484	2	1
3_MACS_peak_1574_lociStitched	chr1	118190947	118220181	3	29084	170685.6324	3	1
4_MACS_peak_17615_lociStitched	chr2	112180811	112215209	4	34021	145988.5518	4	1
3_MACS_peak_9989_lociStitched	chr15	60858836	60885598	3	26618	144461.276	5	1
3_MACS_peak_9449_lociStitched	chr14	106025035	106058286	3	33183	142350.8561	6	1
1_MACS_peak_13286_lociStitched	chr17	56404824	56423955	1	19132	141433.5699	7	1
1_MACS_peak_1973_lociStitched	chr1	156455347	156479623	1	24277	139511.7444	8	1
2_MACS_peak_17324_lociStitched	chr2	87793330	87826565	2	32889	137240.609	9	1
2_MACS_peak_22782_lociStitched	chr3	192595911	192619134	2	23161	136964.6094	10	1
6_MACS_peak_1568_lociStitched	chr1	118147873	118190056	6	41011	131771.2554	11	1
3_MACS_peak_20341_lociStitched	chr22	23265960	23287945	3	21722	126723.7385	12	1
2_MACS_peak_5393_lociStitched	chr11	65253849	65278517	2	24661	122804.7044	13	1
7_MACS_peak_9178_lociStitched	chr14	91826629	91858856	7	31226	122762.3111	14	1
1_MACS_peak_22716_lociStitched	chr3	186702745	186722926	1	20182	122115.231	15	1
6_MACS_peak_3041_lociStitched	chr1	233787018	233814119	6	26325	121645.5486	16	1
1_MACS_peak_1879_lociStitched	chr1	154373632	154395058	1	21427	119529.2262	17	1
1_MACS_peak_17322_lociStitched	chr2	87764977	87790640	1	25664	117634.0594	18	1
3_MACS_peak_9984_lociStitched	chr15	60825007	60853071	3	27765	111402.8544	19	1
2_MACS_peak_17619_lociStitched	chr2	112216719	112242135	2	25392	110707.0128	20	1
2_MACS_peak_22551_lociStitched	chr3	171809589	171828706	2	18823	109001.3106	21	1
2_MACS_peak_26187_lociStitched	chr6	7892227	7919342	2	27020	107337.439	22	1
1_MACS_peak_5384_lociStitched	chr11	65183643	65204430	1	20788	107156.985	23	1
4_MACS_peak_8421_lociStitched	chr14	23016992	23040369	4	23226	106987.1782	24	1
6_MACS_peak_12692_lociStitched	chr17	32688737	32719584	6	29985	106514.691	25	1
2_MACS_peak_22303_lociStitched	chr3	141085045	141112727	2	27379	103525.1436	26	1
1_MACS_peak_16461_lociStitched	chr2	20404077	20426320	1	22244	96281.0498	27	1
3_MACS_peak_3061_lociStitched	chr1	234733422	234749520	3	15841	91472.0556	28	1
1_MACS_peak_2275_lociStitched	chr1	178541563	178552901	1	11339	90961.3726	29	1
2_MACS_peak_18367_lociStitched	chr2	201979436	201996018	2	16447	89043.6818	30	1
2_MACS_peak_16404_lociStitched	chr2	11883191	11898295	2	15041	88790.3744	31	1
3_MACS_peak_14017_lociStitched	chr18	20804997	20825367	3	20292	88513.761	32	1
2_MACS_peak_28313_lociStitched	chr7	25985077	25995309	2	10162	87997.2464	33	1
5_MACS_peak_30895_lociStitched	chr8	126292172	126322741	5	29961	87433.4538	34	1
3_MACS_peak_19139_lociStitched	chr20	30284861	30312201	3	26979	87129.846	35	1
1_MACS_peak_28318_lociStitched	chr7	26001698	26011468	1	9771	86146.975	36	1
1_MACS_peak_29177_lociStitched	chr7	104648770	104659183	1	10414	84264.0786	37	1
4_MACS_peak_14405_lociStitched	chr18	72192582	72212505	4	19564	83278.14	38	1
1_MACS_peak_16714_lociStitched	chr2	37529810	37553331	1	23522	83118.5098	39	1
3_MACS_peak_11911_lociStitched	chr16	81839687	81858684	3	18966	83037.7867	40	1
1_MACS_peak_7611_lociStitched	chr12	125395640	125409247	1	13608	82602.6542	41	1
2_MACS_peak_28655_lociStitched	chr7	55574139	55593043	2	18546	81440.3224	42	1
1_MACS_peak_20071_lociStitched	chr21	44724516	44735878	1	11363	81192.852	43	1
5_MACS_peak_1790_lociStitched	chr1	150532312	150553319	5	20522	78700.6248	44	1
2_MACS_peak_13042_lociStitched	chr17	43296467	43309240	2	12748	78095.3993	45	1
2_MACS_peak_3450_lociStitched	chr10	15824892	15838366	2	13318	77918.7946	46	1
3_MACS_peak_15524_lociStitched	chr19	39887871	39904195	3	16150	77867.1124	47	1
2_MACS_peak_23935_lociStitched	chr4	144273419	144285051	2	11500	76938.7008	48	1
3_MACS_peak_20668_lociStitched	chr22	38653489	38673829	3	20244	76765.194	49	1
2_MACS_peak_9455_lociStitched	chr14	106156362	106176078	2	19690	75269.7732	50	1
1_MACS_peak_14369_lociStitched	chr18	60821209	60831412	1	10204	73633.0104	51	1
2_MACS_peak_4359_lociStitched	chr10	112164239	112178079	2	13559	72868.984	52	1
1_MACS_peak_24358_lociStitched	chr5	6478714	6490556	1	11843	70225.4284	53	1
2_MACS_peak_1900_lociStitched	chr1	154907748	154918692	2	10940	69932.16	54	1
1_MACS_peak_10612_lociStitched	chr15	93344758	93355580	1	10823	69630.9124	55	1
3_MACS_peak_7277_lociStitched	chr12	109018819	109032782	3	13506	68865.516	56	1
5_MACS_peak_17640_lociStitched	chr2	112455512	112469360	5	13614	67982.6016	57	1
1_MACS_peak_17460_lociStitched	chr2	99093918	99110061	1	16144	67669.8417	58	1
2_MACS_peak_29168_lociStitched	chr7	104576348	104587759	2	10927	66870.7422	59	1
2_MACS_peak_5348_lociStitched	chr11	64623979	64635612	2	11424	65014.5104	60	1
1_MACS_peak_9293_lociStitched	chr14	98633036	98646531	1	13496	63526.363	61	1
3_MACS_peak_20408_lociStitched	chr22	24819849	24833170	3	13287	63498.5428	62	1
3_MACS_peak_24318_lociStitched	chr5	1311497	1322424	3	10779	62931.8711	63	1
3_MACS_peak_4347_lociStitched	chr10	112112715	112123228	3	10068	62673.2495	64	1
1_MACS_peak_30797_lociStitched	chr8	118450225	118458675	1	8451	62280.725	65	1
3_MACS_peak_2973_lociStitched	chr1	230255892	230270754	3	14462	62163.2874	66	1
3_MACS_peak_19972_lociStitched	chr21	37905257	37917818	3	12315	60891.9597	67	1
2_MACS_peak_26076_lociStitched	chr6	319869	334068	2	13711	60094.4277	68	1
4_MACS_peak_26219_lociStitched	chr6	11823283	11838074	4	14037	58672.9388	69	1
4_MACS_peak_14109_lociStitched	chr18	35009359	35026975	4	17583	58587.2928	70	1
4_MACS_peak_20335_lociStitched	chr22	23229466	23249580	4	19490	58139.517	71	1
1_MACS_peak_23900_lociStitched	chr4	140126857	140136704	1	9848	57855.0638	72	1
7_MACS_peak_21130_lociStitched	chr3	13330066	13351294	7	20428	57788.9844	73	1
4_MACS_peak_5909_lociStitched	chr11	115051338	115073229	4	21448	57277.8015	74	1
1_MACS_peak_23268_lociStitched	chr4	40193755	40210228	1	16474	57115.1856	75	1
1_MACS_peak_25347_lociStitched	chr5	131754933	131766398	1	11466	56494.934	76	1
1_MACS_peak_7569_lociStitched	chr12	123370501	123387130	1	16630	56423.8599	77	1
2_MACS_peak_10060_lociStitched	chr15	65182349	65190496	2	7887	56402.4957	78	1
1_MACS_peak_19481_lociStitched	chr20	45976582	45990443	1	13862	56210.5133	79	1
2_MACS_peak_13210_lociStitched	chr17	48979200	48987885	2	8371	56123.3385	80	1
3_MACS_peak_25907_lociStitched	chr5	173309634	173333006	3	22906	56027.3584	81	1
4_MACS_peak_11049_lociStitched	chr16	14489603	14503007	4	12942	55879.9356	82	1
2_MACS_peak_971_lociStitched	chr1	51432418	51447954	2	15517	55869.0096	83	1
2_MACS_peak_7273_lociStitched	chr12	108952659	108967081	2	14301	55611.232	84	1
2_MACS_peak_32378_lociStitched	chr9	132646061	132657833	2	11755	54859.8744	85	1
4_MACS_peak_20075_lociStitched	chr21	44770194	44777979	4	7557	54687.2895	86	1
2_MACS_peak_9090_lociStitched	chr14	81935530	81953943	2	18289	54174.7286	87	1
2_MACS_peak_5391_lociStitched	chr11	65236120	65247639	2	11474	54115.1101	88	1
1_MACS_peak_26071_lociStitched	chr6	290392	300127	1	9736	53879.331	89	1
2_MACS_peak_14708_lociStitched	chr19	6586006	6594761	2	8419	53796.8485	90	1
1_MACS_peak_4365_lociStitched	chr10	112214796	112226371	1	11576	53446.405	91	1
1_MACS_peak_13962_lociStitched	chr18	10946306	10958535	1	12230	53438.2842	92	1
3_MACS_peak_2526_lociStitched	chr1	203264688	203278694	3	14004	53068.734	93	1
2_MACS_peak_22190_lociStitched	chr3	129023572	129036397	2	12754	53000.595	94	1
2_MACS_peak_22806_lociStitched	chr3	194205693	194212791	2	7091	52772.2104	95	1
4_MACS_peak_19574_lociStitched	chr20	52190856	52211945	4	20459	52650.7974	96	1
1_MACS_peak_22305_lociStitched	chr3	141119978	141134811	1	14834	52486.5705	97	1
3_MACS_peak_13917_lociStitched	chr18	9015736	9025611	3	9170	52465.875	98	1
1_MACS_peak_14949_lociStitched	chr19	12898765	12906053	1	7289	52198.8424	99	1
5_MACS_peak_14242_lociStitched	chr18	49916486	49928989	5	12043	52087.498	100	1
3_MACS_peak_17732_lociStitched	chr2	127412930	127426248	3	13069	50852.1194	101	1
2_MACS_peak_26623_lociStitched	chr6	32934891	32941287	2	6393	49801.8144	102	1
1_MACS_peak_17261_lociStitched	chr2	86260589	86268996	1	8408	49593.7337	103	1
1_MACS_peak_13648_lociStitched	chr17	75135544	75145599	1	10056	48736.585	104	1
3_MACS_peak_28247_lociStitched	chr7	22481027	22492733	3	11499	48334.074	105	1
2_MACS_peak_2524_lociStitched	chr1	203254800	203262915	2	8030	48183.624	106	1
1_MACS_peak_16778_lociStitched	chr2	39714648	39725240	1	10593	48133.2256	107	1
1_MACS_peak_20068_lociStitched	chr21	44579914	44587962	1	8049	47772.928	108	1
5_MACS_peak_6930_lociStitched	chr12	68748567	68762326	5	13130	47567.6148	109	1
4_MACS_peak_17858_lociStitched	chr2	137132624	137143745	4	10959	47545.6113	110	1
1_MACS_peak_16301_lociStitched	chr2	5835093	5842537	1	7445	47492.72	111	1
2_MACS_peak_28658_lociStitched	chr7	55596432	55605691	2	9208	47294.0461	112	1
4_MACS_peak_30712_lociStitched	chr8	103815622	103828678	4	12455	47150.4384	113	1
3_MACS_peak_18712_lociStitched	chr2	232570229	232577578	3	7150	47002.7342	114	1
2_MACS_peak_8551_lociStitched	chr14	33501576	33514440	2	12844	46983.1872	115	1
4_MACS_peak_19596_lociStitched	chr20	52542460	52554045	4	11469	46723.4635	116	1
2_MACS_peak_19926_lociStitched	chr21	36413910	36424877	2	10942	46309.2542	117	1
1_MACS_peak_10622_lociStitched	chr15	93443014	93451987	1	8974	46126.6038	118	1
2_MACS_peak_1980_lociStitched	chr1	156627322	156635973	2	8652	45939.4053	119	1
4_MACS_peak_18382_lociStitched	chr2	202115695	202128798	4	13052	45819.8807	120	1
1_MACS_peak_25902_lociStitched	chr5	173212371	173223483	1	11113	45810.3312	121	1
3_MACS_peak_19370_lociStitched	chr20	42376636	42384953	3	7889	45582.1502	122	1
2_MACS_peak_22825_lociStitched	chr3	195263612	195273408	2	9797	45484.7872	123	1
1_MACS_peak_9885_lociStitched	chr15	52424052	52433093	1	9042	45137.1925	124	1
5_MACS_peak_7435_lociStitched	chr12	117534943	117551690	5	15927	45005.8878	125	1
2_MACS_peak_9948_lociStitched	chr15	58620872	58627401	2	6439	44865.9822	126	1
2_MACS_peak_21788_lociStitched	chr3	72025874	72036533	2	10626	44248.7067	127	1
1_MACS_peak_8658_lociStitched	chr14	50526417	50534845	1	8429	44242.786	128	1
1_MACS_peak_9391_lociStitched	chr14	103780319	103788898	1	8580	44136.3813	129	1
1_MACS_peak_23896_lociStitched	chr4	140095642	140100596	1	4955	44126.7642	130	1
3_MACS_peak_27889_lociStitched	chr6	159064247	159076487	3	11328	44117.856	131	1
1_MACS_peak_13471_lociStitched	chr17	66229877	66236613	1	6737	43828.4576	132	1
1_MACS_peak_28221_lociStitched	chr7	20255823	20262551	1	6729	43745.456	133	1
1_MACS_peak_18428_lociStitched	chr2	204568418	204577369	1	8952	43428.4618	134	1
6_MACS_peak_12869_lociStitched	chr17	38251798	38268883	6	16189	43423.236	135	1
2_MACS_peak_14704_lociStitched	chr19	6572112	6582097	2	9986	43266.0035	136	1
1_MACS_peak_6803_lociStitched	chr12	56726233	56734104	1	7872	43259.016	137	1
1_MACS_peak_2885_lociStitched	chr1	226839220	226852898	1	13679	42760.1636	138	1
3_MACS_peak_13680_lociStitched	chr17	76265995	76276418	3	10393	42578.9973	139	1
2_MACS_peak_13422_lociStitched	chr17	62979489	62986789	2	7274	42391.1	140	1
4_MACS_peak_28615_lociStitched	chr7	47708172	47716741	4	8195	42273.4477	141	1
1_MACS_peak_16470_lociStitched	chr2	20703265	20711995	1	8731	41629.005	142	1
5_MACS_peak_21413_lociStitched	chr3	45604427	45617805	5	12910	41499.8938	143	1
2_MACS_peak_17106_lociStitched	chr2	70310892	70317000	2	6074	41214.9516	144	1
1_MACS_peak_11997_lociStitched	chr16	87805872	87814755	1	8884	41011.9227	145	1
1_MACS_peak_1896_lociStitched	chr1	154828237	154835496	1	7260	40990.1212	146	1
1_MACS_peak_22794_lociStitched	chr3	193815334	193822651	1	7318	40978.8585	147	1
1_MACS_peak_19363_lociStitched	chr20	42306915	42313839	1	6925	40894.5288	148	1
5_MACS_peak_12734_lociStitched	chr17	34411615	34423724	5	11698	40861.8205	149	1
1_MACS_peak_3040_lociStitched	chr1	233774105	233786375	1	12271	40773.21	150	1
1_MACS_peak_12843_lociStitched	chr17	37909388	37916635	1	7248	40739.7352	151	1
3_MACS_peak_13689_lociStitched	chr17	76348185	76357402	3	9034	40111.4623	152	1
1_MACS_peak_25898_lociStitched	chr5	173167846	173174536	1	6691	40091.163	153	1
1_MACS_peak_6339_lociStitched	chr12	12866502	12880261	1	13760	39956.136	154	1
1_MACS_peak_24549_lociStitched	chr5	32530790	32544625	1	13836	39826.8145	155	1
2_MACS_peak_8540_lociStitched	chr14	33403066	33413486	2	10395	39793.98	156	1
1_MACS_peak_29453_lociStitched	chr7	132227736	132236127	1	8392	39782.5701	157	1
3_MACS_peak_17955_lociStitched	chr2	158292208	158302332	3	9702	39754.9232	158	1
3_MACS_peak_1947_lociStitched	chr1	155908015	155918872	3	10573	39748.5627	159	1
2_MACS_peak_2294_lociStitched	chr1	179845980	179853916	2	7549	39656.192	160	1
2_MACS_peak_33049_lociStitched	chrX	48768130	48783853	2	15658	39483.5976	161	1
4_MACS_peak_15701_lociStitched	chr19	45249876	45260224	4	10177	39265.486	162	1
2_MACS_peak_19321_lociStitched	chr20	37498261	37507340	2	8780	39253.0565	163	1
1_MACS_peak_2277_lociStitched	chr1	178571927	178578208	1	6282	39252.4814	164	1
2_MACS_peak_25339_lociStitched	chr5	131434583	131441961	2	7080	39186.0336	165	1
3_MACS_peak_8660_lociStitched	chr14	50546047	50555128	3	8822	39153.6396	166	1
3_MACS_peak_32204_lociStitched	chr9	126097606	126103808	3	6050	38968.4064	167	1
1_MACS_peak_26572_lociStitched	chr6	31701464	31709149	1	7686	38929.9045	168	1
1_MACS_peak_9804_lociStitched	chr15	45016565	45023347	1	6783	38880.5278	169	1
2_MACS_peak_32120_lociStitched	chr9	117255954	117268783	2	12578	38862.8897	170	1
1_MACS_peak_10501_lociStitched	chr15	89177278	89185160	1	7883	38858.26	171	1
3_MACS_peak_10174_lociStitched	chr15	70486682	70494071	3	6855	38702.1042	172	1
2_MACS_peak_17629_lociStitched	chr2	112285286	112294513	2	9162	38551.3287	173	1
1_MACS_peak_19470_lociStitched	chr20	45522627	45531450	1	8824	38133.006	174	1
1_MACS_peak_9113_lociStitched	chr14	89891266	89903695	1	12430	38127.2004	175	1
1_MACS_peak_1766_lociStitched	chr1	149855399	149861420	1	6022	38058.741	176	1
1_MACS_peak_9352_lociStitched	chr14	102339694	102346731	1	7038	38023.0221	177	1
1_MACS_peak_28602_lociStitched	chr7	47512532	47522752	1	10221	37965.256	178	1
1_MACS_peak_22730_lociStitched	chr3	186780305	186786334	1	6030	37828.9605	179	1
6_MACS_peak_21029_lociStitched	chr3	5018420	5031583	6	12154	37798.8708	180	1
1_MACS_peak_146_lociStitched	chr1	9220603	9226508	1	5906	37613.669	181	1
1_MACS_peak_22784_lociStitched	chr3	192630181	192636879	1	6699	37545.639	182	1
2_MACS_peak_22590_lociStitched	chr3	176911846	176921047	2	9187	37466.472	183	1
1_MACS_peak_28628_lociStitched	chr7	48123954	48129779	1	5826	37374.365	184	1
2_MACS_peak_29412_lociStitched	chr7	130789600	130797596	2	7930	37262.9592	185	1
3_MACS_peak_12806_lociStitched	chr17	36856026	36862574	3	6467	37107.516	186	1
4_MACS_peak_10166_lociStitched	chr15	70388077	70396535	4	7978	37020.666	187	1
1_MACS_peak_15107_lociStitched	chr19	16694044	16701126	1	7083	37015.4894	188	1
6_MACS_peak_17351_lociStitched	chr2	89130798	89148463	6	16895	36992.2765	189	1
1_MACS_peak_28329_lociStitched	chr7	26237914	26242824	1	4911	36877.046	190	1
1_MACS_peak_10146_lociStitched	chr15	69108306	69114622	1	6317	36855.1232	191	1
5_MACS_peak_9392_lociStitched	chr14	103796962	103806485	5	8865	36615.935	192	1
1_MACS_peak_240_lociStitched	chr1	14025796	14032414	1	6619	36614.7468	193	1
4_MACS_peak_32292_lociStitched	chr9	130672261	130680312	4	7849	36553.1502	194	1
6_MACS_peak_18288_lociStitched	chr2	197030198	197044677	6	13309	36405.9976	195	1
1_MACS_peak_21449_lociStitched	chr3	46389915	46402804	1	12890	36395.9582	196	1
5_MACS_peak_3702_lociStitched	chr10	50276304	50289535	5	12141	36377.3114	197	1
1_MACS_peak_10285_lociStitched	chr15	75334326	75341090	1	6765	36267.8916	198	1
3_MACS_peak_3396_lociStitched	chr10	12444774	12455591	3	10667	36257.5023	199	1
2_MACS_peak_20079_lociStitched	chr21	44778658	44785975	2	6869	36199.3941	200	1
1_MACS_peak_22534_lociStitched	chr3	169771347	169776987	1	5641	36116.868	201	1
2_MACS_peak_3865_lociStitched	chr10	74076116	74083322	2	7053	36093.4128	202	1
3_MACS_peak_9233_lociStitched	chr14	94420668	94431137	3	10327	36068.8457	203	1
3_MACS_peak_19162_lociStitched	chr20	31251939	31262988	3	10757	35912.5647	204	1
1_MACS_peak_14983_lociStitched	chr19	13260484	13267253	1	6770	35894.6532	205	1
2_MACS_peak_11766_lociStitched	chr16	70768605	70774864	2	5941	35876.588	206	1
4_MACS_peak_15955_lociStitched	chr19	50396282	50405109	4	8425	35751.1154	207	1
2_MACS_peak_21139_lociStitched	chr3	13362202	13377247	2	14580	35670.1905	208	1
5_MACS_peak_15212_lociStitched	chr19	19048965	19062553	5	12927	35642.6828	209	1
7_MACS_peak_8192_lociStitched	chr13	99127642	99142644	7	13760	35641.7516	210	1
4_MACS_peak_20870_lociStitched	chr22	45102713	45118009	4	14743	35607.5584	211	1
2_MACS_peak_3867_lociStitched	chr10	74087625	74097229	2	9112	35593.3844	212	1
1_MACS_peak_24858_lociStitched	chr5	71032803	71040870	1	8068	35411.7099	213	1
2_MACS_peak_19938_lociStitched	chr21	36597838	36605179	2	7258	35076.7662	214	1
9_MACS_peak_33051_lociStitched	chrX	48791239	48805748	9	12803	35027.6278	215	1
1_MACS_peak_354_lociStitched	chr1	22105099	22110848	1	5750	34892.9806	216	1
1_MACS_peak_14828_lociStitched	chr19	10328486	10334666	1	6181	34892.898	217	1
2_MACS_peak_1910_lociStitched	chr1	154970991	154979439	2	8370	34871.6544	218	1
1_MACS_peak_10195_lociStitched	chr15	70794092	70802672	1	8581	34818.498	219	1
4_MACS_peak_13566_lociStitched	chr17	73451732	73458806	4	6650	34801.9578	220	1
1_MACS_peak_7094_lociStitched	chr12	94597862	94604588	1	6727	34779.4734	221	1
2_MACS_peak_24888_lociStitched	chr5	74159273	74168658	2	8915	34679.452	222	1
1_MACS_peak_10046_lociStitched	chr15	64938170	64945884	1	7715	34547.9204	223	1
1_MACS_peak_24656_lociStitched	chr5	53813455	53823370	1	9916	34542.8685	224	1
1_MACS_peak_29512_lociStitched	chr7	139042853	139046752	1	3900	34497.9621	225	1
7_MACS_peak_2835_lociStitched	chr1	224919611	224936139	7	15671	34459.2272	226	1
1_MACS_peak_12844_lociStitched	chr17	37922930	37935365	1	12436	34401.4275	227	1
2_MACS_peak_17749_lociStitched	chr2	128584934	128591036	2	5902	34392.0924	228	1
2_MACS_peak_4864_lociStitched	chr11	14780623	14792135	2	11450	34351.808	229	1
1_MACS_peak_18105_lociStitched	chr2	175456411	175463553	1	7143	34298.7408	230	1
1_MACS_peak_22442_lociStitched	chr3	156805009	156811935	1	6927	34239.3736	231	1
2_MACS_peak_24200_lociStitched	chr4	185263688	185276625	2	12589	34205.428	232	1
2_MACS_peak_13270_lociStitched	chr17	55552480	55559494	2	6697	34190.4444	233	1
1_MACS_peak_27836_lociStitched	chr6	156711655	156719954	1	8300	34108.89	234	1
2_MACS_peak_3324_lociStitched	chr10	7511054	7521686	2	10151	34026.6528	235	1
1_MACS_peak_29433_lociStitched	chr7	132082976	132091758	1	8783	33983.7054	236	1
3_MACS_peak_6412_lociStitched	chr12	26265907	26280233	3	14272	33966.946	237	1
2_MACS_peak_5915_lociStitched	chr11	115086760	115097207	2	10165	33857.6823	238	1
3_MACS_peak_32309_lociStitched	chr9	130828569	130837751	3	9027	33798.0238	239	1
1_MACS_peak_22651_lociStitched	chr3	183228469	183238208	1	9740	33766.0869	240	1
1_MACS_peak_26021_lociStitched	chr5	179244634	179250204	1	5571	33764.783	241	1
1_MACS_peak_22387_lociStitched	chr3	150477603	150485854	1	8252	33584.8704	242	1
1_MACS_peak_6587_lociStitched	chr12	48200756	48209142	1	8387	33562.4492	243	1
2_MACS_peak_7532_lociStitched	chr12	122237093	122242978	2	5821	33562.155	244	1
1_MACS_peak_24290_lociStitched	chr5	9953	11829	1	1877	33532.1868	245	1
2_MACS_peak_13316_lociStitched	chr17	57694041	57698729	2	4688	33479.8208	246	1
2_MACS_peak_13922_lociStitched	chr18	9060933	9070720	2	9604	33451.966	247	1
1_MACS_peak_11547_lociStitched	chr16	56964526	56975576	1	11051	33448.35	248	1
3_MACS_peak_25038_lociStitched	chr5	90673649	90680806	3	7029	33443.2296	249	1
1_MACS_peak_9892_lociStitched	chr15	52669667	52676919	1	7253	33372.9788	250	1
1_MACS_peak_31769_lociStitched	chr9	94571209	94577900	1	6692	33317.8345	251	1
1_MACS_peak_28223_lociStitched	chr7	20367950	20372908	1	4959	33315.7768	252	1
1_MACS_peak_13320_lociStitched	chr17	57860824	57866535	1	5712	33083.823	253	1
4_MACS_peak_4379_lociStitched	chr10	112599098	112606525	4	7301	33034.5533	254	1
2_MACS_peak_25079_lociStitched	chr5	95258426	95268295	2	9645	33018.7133	255	1
1_MACS_peak_15094_lociStitched	chr19	16475201	16484437	1	9237	32876.4656	256	1
2_MACS_peak_4366_lociStitched	chr10	112255846	112264677	2	8539	32768.3086	257	1
4_MACS_peak_15806_lociStitched	chr19	47728485	47738099	4	9044	32766.4348	258	1
2_MACS_peak_13611_lociStitched	chr17	74257629	74265874	2	7900	32704.617	259	1
1_MACS_peak_1457_lociStitched	chr1	111172886	111181261	1	8376	32686.7875	260	1
3_MACS_peak_19391_lociStitched	chr20	42694687	42702089	3	6849	32671.6878	261	1
5_MACS_peak_22500_lociStitched	chr3	164343287	164359484	5	15345	32562.4488	262	1
1_MACS_peak_16329_lociStitched	chr2	8679818	8687482	1	7665	32512.9872	263	1
1_MACS_peak_3163_lociStitched	chr1	244995991	245000326	1	4336	32501.6625	264	1
1_MACS_peak_22594_lociStitched	chr3	177074681	177079790	1	5110	32472.804	265	1
2_MACS_peak_26979_lociStitched	chr6	56619849	56634773	2	14598	32465.6696	266	1
1_MACS_peak_5181_lociStitched	chr11	58340416	58347896	1	7481	32455.72	267	1
4_MACS_peak_25595_lociStitched	chr5	146470281	146482672	4	11897	32418.5733	268	1
2_MACS_peak_20026_lociStitched	chr21	43480399	43486955	2	6449	32392.5404	269	1
1_MACS_peak_32228_lociStitched	chr9	127629778	127636405	1	6628	32347.0497	270	1
4_MACS_peak_3258_lociStitched	chr10	3822033	3829207	4	7035	32342.5442	271	1
2_MACS_peak_13081_lociStitched	chr17	44667067	44670220	2	3082	32283.2517	272	1
1_MACS_peak_3164_lociStitched	chr1	245024613	245028874	1	4262	32273.6662	273	1
1_MACS_peak_16697_lociStitched	chr2	33699867	33706338	1	6472	32264.406	274	1
1_MACS_peak_16699_lociStitched	chr2	33716526	33724760	1	8235	32140.5956	275	1
1_MACS_peak_27826_lociStitched	chr6	155668948	155675441	1	6494	32059.1875	276	1
2_MACS_peak_1665_lociStitched	chr1	144928235	144938263	2	10011	32027.4264	277	1
1_MACS_peak_10645_lociStitched	chr15	99493012	99499261	1	6250	31920.5169	278	1
3_MACS_peak_23952_lociStitched	chr4	146098128	146104657	3	5960	31910.4875	279	1
1_MACS_peak_13207_lociStitched	chr17	48941914	48946343	1	4430	31879.0562	280	1
1_MACS_peak_14863_lociStitched	chr19	10763087	10766889	1	3803	31814.7558	281	1
1_MACS_peak_14102_lociStitched	chr18	34966032	34975012	1	8981	31787.404	282	1
4_MACS_peak_30910_lociStitched	chr8	126441020	126449652	4	8508	31780.4344	283	1
1_MACS_peak_18435_lociStitched	chr2	204661179	204669587	1	8409	31695.6376	284	1
2_MACS_peak_32117_lociStitched	chr9	117209006	117216759	2	7703	31637.6671	285	1
2_MACS_peak_13075_lociStitched	chr17	44449246	44452583	2	3277	31603.0585	286	1
2_MACS_peak_15615_lociStitched	chr19	42446733	42454162	2	7356	31573.25	287	1
1_MACS_peak_20470_lociStitched	chr22	29212558	29221740	1	9183	31560.3704	288	1
2_MACS_peak_16604_lociStitched	chr2	28612162	28617408	2	5189	31535.8044	289	1
2_MACS_peak_24990_lociStitched	chr5	87967456	87972956	2	5493	31502.9	290	1
3_MACS_peak_14300_lociStitched	chr18	55764822	55774956	3	9903	31381.9578	291	1
5_MACS_peak_5856_lociStitched	chr11	111237058	111250931	5	13447	31294.7134	292	1
1_MACS_peak_9075_lociStitched	chr14	81421173	81428061	1	6889	31271.52	293	1
3_MACS_peak_22187_lociStitched	chr3	128995503	129003736	3	7867	31259.0544	294	1
1_MACS_peak_32418_lociStitched	chr9	134548606	134555764	1	7159	31249.6806	295	1
3_MACS_peak_443_lociStitched	chr1	24881970	24887579	3	5488	31211.2805	296	1
2_MACS_peak_11028_lociStitched	chr16	12055910	12066362	2	10440	31035.1236	297	1
1_MACS_peak_9801_lociStitched	chr15	45001724	45007940	1	6217	31031.5152	298	1
1_MACS_peak_29205_lociStitched	chr7	105922399	105927358	1	4960	31022.5122	299	1
1_MACS_peak_22449_lociStitched	chr3	156876173	156880004	1	3832	31016.1591	300	1
4_MACS_peak_24526_lociStitched	chr5	32206011	32213605	4	7287	30945.55	301	1
1_MACS_peak_29175_lociStitched	chr7	104620985	104625629	1	4645	30867.7392	302	1
2_MACS_peak_20055_lociStitched	chr21	43943090	43951184	2	7954	30848.6622	303	1
2_MACS_peak_15068_lociStitched	chr19	16186062	16191654	2	5583	30826.4592	304	1
1_MACS_peak_27150_lociStitched	chr6	90059612	90068674	1	9063	30762.7714	305	1
1_MACS_peak_28571_lociStitched	chr7	44835060	44838994	1	3935	30742.6364	306	1
1_MACS_peak_3944_lociStitched	chr10	79590661	79598238	1	7578	30714.1272	307	1
2_MACS_peak_20038_lociStitched	chr21	43651763	43660066	2	8276	30692.0395	308	1
2_MACS_peak_9853_lociStitched	chr15	51168705	51178365	2	9351	30673.398	309	1
3_MACS_peak_26397_lociStitched	chr6	26357064	26367759	3	10644	30664.704	310	1
1_MACS_peak_32137_lociStitched	chr9	117456092	117463021	1	6930	30664.2895	311	1
1_MACS_peak_20467_lociStitched	chr22	29190349	29199080	1	8732	30638.8252	312	1
1_MACS_peak_8532_lociStitched	chr14	32669258	32676558	1	7301	30632.99	313	1
1_MACS_peak_14403_lociStitched	chr18	72162520	72168998	1	6479	30570.9776	314	1
1_MACS_peak_15623_lociStitched	chr19	42616649	42622597	1	5949	30368.7036	315	1
1_MACS_peak_22897_lociStitched	chr3	197459851	197465102	1	5252	30347.6294	316	1
2_MACS_peak_22898_lociStitched	chr3	197473670	197479292	2	5590	30345.8694	317	1
1_MACS_peak_15496_lociStitched	chr19	39171666	39178582	1	6917	30342.5668	318	1
4_MACS_peak_4521_lociStitched	chr10	128117698	128129925	4	11422	30299.7287	319	1
1_MACS_peak_13162_lociStitched	chr17	47814539	47820994	1	6456	30266.8495	320	1
1_MACS_peak_889_lociStitched	chr1	44296544	44303564	1	7021	30154.41	321	1
1_MACS_peak_16584_lociStitched	chr2	27543463	27547136	1	3674	30147.984	322	1
2_MACS_peak_17839_lociStitched	chr2	136888398	136896176	2	7675	30096.971	323	1
1_MACS_peak_422_lociStitched	chr1	24512474	24520479	1	8006	30089.9945	324	1
1_MACS_peak_9454_lociStitched	chr14	106145967	106155645	1	9679	30055.9968	325	1
2_MACS_peak_14625_lociStitched	chr19	3983645	3990434	2	6782	30041.325	326	1
1_MACS_peak_3093_lociStitched	chr1	235181119	235187632	1	6514	30002.7858	327	1
1_MACS_peak_19899_lociStitched	chr21	35318793	35323077	1	4285	29983.2876	328	1
2_MACS_peak_22382_lociStitched	chr3	150315025	150323117	2	8079	29956.584	329	1
3_MACS_peak_6481_lociStitched	chr12	32047002	32053477	3	5926	29780.4675	330	1
2_MACS_peak_24353_lociStitched	chr5	6448684	6457377	2	8607	29725.7135	331	1
4_MACS_peak_27280_lociStitched	chr6	106544427	106558455	4	13380	29667.8172	332	1
1_MACS_peak_13447_lociStitched	chr17	65642445	65649160	1	6716	29603.0775	333	1
5_MACS_peak_30581_lociStitched	chr8	95953720	95963336	5	8934	29584.5856	334	1
1_MACS_peak_22430_lociStitched	chr3	156132679	156137778	1	5100	29506.3833	335	1
3_MACS_peak_31930_lociStitched	chr9	102580553	102586714	3	5870	29433.5614	336	1
2_MACS_peak_8652_lociStitched	chr14	50464756	50470855	2	6097	29393.5206	337	1
3_MACS_peak_25483_lociStitched	chr5	139012236	139020313	3	7576	29317.8946	338	1
1_MACS_peak_17944_lociStitched	chr2	157187900	157192565	1	4666	29301.3315	339	1
2_MACS_peak_25654_lociStitched	chr5	150457034	150467272	2	10211	29286.8228	340	1
2_MACS_peak_21768_lociStitched	chr3	71466688	71476204	2	9504	29258.8452	341	1
2_MACS_peak_15580_lociStitched	chr19	41767309	41772190	2	4842	29218.6422	342	1
2_MACS_peak_14304_lociStitched	chr18	55779657	55789293	2	9338	29139.264	343	1
3_MACS_peak_33645_lociStitched	chrX	153234608	153239636	3	4821	29059.8288	344	1
1_MACS_peak_2051_lociStitched	chr1	160676502	160685143	1	8642	29023.3908	345	1
1_MACS_peak_18735_lociStitched	chr2	233943993	233952870	1	8878	28991.3943	346	1
3_MACS_peak_14847_lociStitched	chr19	10521817	10528257	3	6141	28977.424	347	1
2_MACS_peak_30816_lociStitched	chr8	119573636	119579674	2	5995	28933.4922	348	1
1_MACS_peak_10514_lociStitched	chr15	89654396	89661099	1	6704	28861.7774	349	1
1_MACS_peak_23238_lociStitched	chr4	38129301	38136775	1	7475	28845.903	350	1
2_MACS_peak_6935_lociStitched	chr12	68764886	68771110	2	6086	28783.5104	351	1
5_MACS_peak_26225_lociStitched	chr6	12007672	12014010	5	6055	28780.2242	352	1
1_MACS_peak_4809_lociStitched	chr11	10323829	10332817	1	8989	28769.6892	353	1
2_MACS_peak_1761_lociStitched	chr1	149810839	149816767	2	5792	28763.2488	354	1
1_MACS_peak_16754_lociStitched	chr2	38946478	38953283	1	6806	28748.403	355	1
1_MACS_peak_28565_lociStitched	chr7	44675581	44680688	1	5108	28731.4713	356	1
2_MACS_peak_25163_lociStitched	chr5	109023928	109034566	2	10623	28727.919	357	1
1_MACS_peak_309_lociStitched	chr1	17229340	17233221	1	3882	28684.8591	358	1
2_MACS_peak_4487_lociStitched	chr10	125863033	125869105	2	5600	28677.4488	359	1
3_MACS_peak_10619_lociStitched	chr15	93424184	93430041	3	5750	28640.73	360	1
4_MACS_peak_26909_lociStitched	chr6	52034685	52048609	4	13422	28407.7448	361	1
1_MACS_peak_14015_lociStitched	chr18	20770777	20779059	1	8283	28387.3832	362	1
1_MACS_peak_391_lociStitched	chr1	23916397	23921740	1	5344	28351.0266	363	1
3_MACS_peak_31043_lociStitched	chr8	134508839	134518583	3	9481	28342.3728	364	1
1_MACS_peak_23741_lociStitched	chr4	113205441	113211957	1	6517	28280.0916	365	1
4_MACS_peak_20830_lociStitched	chr22	43058103	43068072	4	9457	28260.1212	366	1
1_MACS_peak_2343_lociStitched	chr1	184459247	184465832	1	6586	28198.287	367	1
2_MACS_peak_16743_lociStitched	chr2	38821851	38831616	2	9639	28120.2705	368	1
7_MACS_peak_18018_lociStitched	chr2	165608502	165619274	7	10322	28079.3724	369	1
1_MACS_peak_14672_lociStitched	chr19	5717403	5721229	1	3827	28056.058	370	1
2_MACS_peak_16381_lociStitched	chr2	10259752	10265545	2	5574	28046.8095	371	1
1_MACS_peak_23933_lociStitched	chr4	144256659	144261520	1	4862	28027.5538	372	1
3_MACS_peak_22250_lociStitched	chr3	133189831	133199984	3	9582	28016.1882	373	1
1_MACS_peak_31061_lociStitched	chr8	134695969	134703303	1	7335	28010.7462	374	1
1_MACS_peak_17624_lociStitched	chr2	112248972	112253794	1	4823	27993.6388	375	1
1_MACS_peak_17836_lociStitched	chr2	136870989	136877505	1	6517	27984.9168	376	1
1_MACS_peak_10222_lociStitched	chr15	73074132	73079912	1	5781	27896.014	377	1
4_MACS_peak_2925_lociStitched	chr1	228643939	228654103	4	9804	27869.688	378	1
2_MACS_peak_16818_lociStitched	chr2	43452194	43456618	2	4338	27861.4672	379	1
2_MACS_peak_10304_lociStitched	chr15	75742549	75749020	2	6387	27829.8297	380	1
1_MACS_peak_11546_lociStitched	chr16	56948271	56953502	1	5232	27754.1167	381	1
1_MACS_peak_17253_lociStitched	chr2	86220369	86229014	1	8646	27704.6315	382	1
1_MACS_peak_22758_lociStitched	chr3	190651506	190658370	1	6865	27699.672	383	1
1_MACS_peak_29234_lociStitched	chr7	108208059	108211753	1	3695	27637.3998	384	1
2_MACS_peak_15527_lociStitched	chr19	39919358	39927604	2	8153	27615.0294	385	1
2_MACS_peak_9174_lociStitched	chr14	91811917	91818913	2	6831	27602.718	386	1
1_MACS_peak_19889_lociStitched	chr21	34913128	34916764	1	3637	27554.6988	387	1
10_MACS_peak_23571_lociStitched	chr4	90207972	90226719	10	17533	27548.7165	388	1
1_MACS_peak_3032_lociStitched	chr1	233748219	233753911	1	5693	27540.742	389	1
2_MACS_peak_1763_lociStitched	chr1	149819919	149825958	2	5945	27508.2489	390	1
1_MACS_peak_17455_lociStitched	chr2	99074942	99083955	1	9014	27493.2552	391	1
2_MACS_peak_27039_lociStitched	chr6	74228793	74234370	2	5521	27352.3965	392	1
1_MACS_peak_13259_lociStitched	chr17	55431756	55437876	1	6121	27347.22	393	1
1_MACS_peak_15800_lociStitched	chr19	47614098	47617806	1	3709	27304.2288	394	1
1_MACS_peak_13830_lociStitched	chr17	80451030	80457919	1	6890	27301.107	395	1
3_MACS_peak_31410_lociStitched	chr9	33288208	33293627	3	5253	27262.4471	396	1
1_MACS_peak_23647_lociStitched	chr4	103746071	103750892	1	4822	27172.1202	397	1
1_MACS_peak_14937_lociStitched	chr19	12720708	12726270	1	5563	27149.7906	398	1
3_MACS_peak_3035_lociStitched	chr1	233758206	233766822	3	8106	27134.3688	399	1
3_MACS_peak_4532_lociStitched	chr10	128154799	128166510	3	11703	27117.9916	400	1
1_MACS_peak_13163_lociStitched	chr17	47821575	47827922	1	6348	27085.1878	401	1
2_MACS_peak_10472_lociStitched	chr15	85519027	85526061	2	6920	27059.798	402	1
1_MACS_peak_16608_lociStitched	chr2	28765714	28770653	1	4940	27003.9825	403	1
1_MACS_peak_32119_lociStitched	chr9	117245486	117251791	1	6306	26986.0305	404	1
1_MACS_peak_22224_lociStitched	chr3	130566196	130574507	1	8312	26957.5596	405	1
2_MACS_peak_13481_lociStitched	chr17	66452223	66459367	2	6812	26936.452	406	1
3_MACS_peak_2596_lociStitched	chr1	206269429	206276193	3	6594	26924.102	407	1
1_MACS_peak_13704_lociStitched	chr17	76741096	76749005	1	7910	26898.509	408	1
1_MACS_peak_1874_lociStitched	chr1	154191423	154195095	1	3673	26894.8296	409	1
3_MACS_peak_4356_lociStitched	chr10	112150789	112161725	3	10348	26856.6288	410	1
1_MACS_peak_104_lociStitched	chr1	6660346	6665490	1	5145	26839.3344	411	1
1_MACS_peak_1659_lociStitched	chr1	144532303	144536791	1	4489	26804.58	412	1
3_MACS_peak_27381_lociStitched	chr6	113962967	113973805	3	10764	26779.6142	413	1
1_MACS_peak_18583_lociStitched	chr2	219756521	219763138	1	6618	26761.1331	414	1
2_MACS_peak_3134_lociStitched	chr1	241801825	241808057	2	6115	26673.5832	415	1
1_MACS_peak_27696_lociStitched	chr6	143264769	143269792	1	5024	26657.061	416	1
3_MACS_peak_27576_lociStitched	chr6	135190161	135195929	3	5609	26594.5176	417	1
2_MACS_peak_28327_lociStitched	chr7	26191138	26199837	2	8691	26520.6413	418	1
3_MACS_peak_8968_lociStitched	chr14	74224508	74231886	3	7230	26481.1176	419	1
2_MACS_peak_21420_lociStitched	chr3	45651259	45660477	2	9218	26423.397	420	1
1_MACS_peak_378_lociStitched	chr1	23850345	23858845	1	8501	26422.25	421	1
1_MACS_peak_16523_lociStitched	chr2	25193370	25196138	1	2769	26374.3344	422	1
1_MACS_peak_3670_lociStitched	chr10	45913505	45918602	1	5098	26280.132	423	1
1_MACS_peak_16624_lociStitched	chr2	28973132	28976934	1	3803	26240.2634	424	1
2_MACS_peak_28603_lociStitched	chr7	47533565	47539320	2	5370	26227.2615	425	1
2_MACS_peak_2601_lociStitched	chr1	206286930	206294935	2	7899	26225.981	426	1
3_MACS_peak_6134_lociStitched	chr12	282753	290789	3	7780	26177.27	427	1
1_MACS_peak_268_lociStitched	chr1	16159215	16163468	1	4254	26159.3524	428	1
2_MACS_peak_9386_lociStitched	chr14	103574022	103581654	2	7450	26125.0992	429	1
1_MACS_peak_20688_lociStitched	chr22	38899929	38903674	1	3746	26117.2555	430	1
1_MACS_peak_9846_lociStitched	chr15	50644993	50648696	1	3704	26102.8173	431	1
1_MACS_peak_13712_lociStitched	chr17	76884058	76889176	1	5119	26058.297	432	1
5_MACS_peak_5557_lociStitched	chr11	69453116	69467770	5	14262	26032.831	433	1
2_MACS_peak_14462_lociStitched	chr19	659008	664073	2	4844	26015.3595	434	1
2_MACS_peak_25270_lociStitched	chr5	124077337	124085725	2	8382	26006.1552	435	1
5_MACS_peak_6813_lociStitched	chr12	57076495	57084250	5	7584	25966.842	436	1
2_MACS_peak_30332_lociStitched	chr8	65970374	65976187	2	5788	25863.7809	437	1
3_MACS_peak_13221_lociStitched	chr17	49195950	49200378	3	4344	25815.6828	438	1
2_MACS_peak_582_lociStitched	chr1	28198279	28203958	2	5647	25784.3637	439	1
1_MACS_peak_2283_lociStitched	chr1	179048989	179053675	1	4687	25666.6278	440	1
1_MACS_peak_1991_lociStitched	chr1	156762539	156768459	1	5921	25566.112	441	1
1_MACS_peak_20318_lociStitched	chr22	23145090	23155464	1	10375	25562.5734	442	1
1_MACS_peak_30741_lociStitched	chr8	105596419	105602645	1	6227	25558.3526	443	1
1_MACS_peak_21521_lociStitched	chr3	49054935	49060643	1	5709	25547.8664	444	1
1_MACS_peak_13124_lociStitched	chr17	46123702	46127836	1	4135	25528.6902	445	1
2_MACS_peak_3646_lociStitched	chr10	43899520	43906188	2	6646	25474.4272	446	1
2_MACS_peak_22654_lociStitched	chr3	183249557	183256794	2	7110	25461.2134	447	1
3_MACS_peak_20083_lociStitched	chr21	44844738	44852109	3	6980	25441.7436	448	1
3_MACS_peak_19697_lociStitched	chr20	61277740	61285080	3	7160	25432.366	449	1
1_MACS_peak_32053_lociStitched	chr9	114792140	114801099	1	8960	25409.5158	450	1
1_MACS_peak_30168_lociStitched	chr8	38238977	38244872	1	5896	25408.629	451	1
2_MACS_peak_32023_lociStitched	chr9	112908633	112916251	2	7603	25356.513	452	1
2_MACS_peak_3699_lociStitched	chr10	50250298	50257630	2	7315	25323.2616	453	1
1_MACS_peak_25160_lociStitched	chr5	108743379	108750140	1	6762	25259.7721	454	1
1_MACS_peak_4246_lociStitched	chr10	104152920	104157007	1	4088	25258.4774	455	1
3_MACS_peak_15502_lociStitched	chr19	39338693	39344167	3	5309	25215.981	456	1
2_MACS_peak_50_lociStitched	chr1	1837280	1841484	2	4155	25213.9104	457	1
1_MACS_peak_16325_lociStitched	chr2	8651718	8657371	1	5654	25210.6841	458	1
1_MACS_peak_28375_lociStitched	chr7	29718774	29726468	1	7695	25202.4664	459	1
1_MACS_peak_16718_lociStitched	chr2	37614576	37619847	1	5272	25196.4342	460	1
2_MACS_peak_26411_lociStitched	chr6	26532317	26539859	2	7451	25160.112	461	1
2_MACS_peak_10499_lociStitched	chr15	89163721	89168779	2	4994	25095.267	462	1
2_MACS_peak_2554_lociStitched	chr1	204530967	204537679	2	6589	25075.3608	463	1
4_MACS_peak_12399_lociStitched	chr17	16888267	16895374	4	6919	25018.7721	464	1
1_MACS_peak_28294_lociStitched	chr7	25018231	25022688	1	4458	25007.3356	465	1
1_MACS_peak_24730_lociStitched	chr5	56468469	56474480	1	6012	25006.3611	466	1
4_MACS_peak_32898_lociStitched	chrX	39712468	39721037	4	8070	25006.0558	467	1
3_MACS_peak_6963_lociStitched	chr12	69200342	69205858	3	5273	24991.8928	468	1
3_MACS_peak_30296_lociStitched	chr8	61822662	61829923	3	6792	24990.1837	469	1
1_MACS_peak_1779_lociStitched	chr1	150205696	150209713	1	4018	24943.5615	470	1
1_MACS_peak_1747_lociStitched	chr1	149222030	149225928	1	3899	24845.4622	471	1
1_MACS_peak_16601_lociStitched	chr2	28112331	28115457	1	3127	24822.9408	472	1
3_MACS_peak_23147_lociStitched	chr4	15002011	15008452	3	6414	24819.1053	473	1
2_MACS_peak_28415_lociStitched	chr7	32766621	32774497	2	7863	24803.0992	474	1
1_MACS_peak_8271_lociStitched	chr13	110694601	110699916	1	5316	24799.79	475	1
2_MACS_peak_9810_lociStitched	chr15	45489672	45496365	2	6348	24761.4228	476	1
1_MACS_peak_31506_lociStitched	chr9	37526978	37533128	1	6151	24737.145	477	1
1_MACS_peak_14258_lociStitched	chr18	51794675	51799653	1	4979	24676.4438	478	1
1_MACS_peak_13581_lociStitched	chr17	73778550	73782775	1	4226	24655.8325	479	1
2_MACS_peak_17691_lociStitched	chr2	114642473	114649810	2	7168	24650.8526	480	1
2_MACS_peak_29397_lociStitched	chr7	130584694	130591785	2	7061	24617.8247	481	1
2_MACS_peak_6952_lociStitched	chr12	68872739	68878370	2	5421	24616.4796	482	1
1_MACS_peak_2471_lociStitched	chr1	200834088	200840858	1	6771	24597.441	483	1
4_MACS_peak_3084_lociStitched	chr1	235144335	235153219	4	8300	24596.2424	484	1
2_MACS_peak_22893_lociStitched	chr3	197437515	197442723	2	4786	24589.572	485	1
1_MACS_peak_14858_lociStitched	chr19	10612065	10614652	1	2588	24584.5197	486	1
2_MACS_peak_14013_lociStitched	chr18	20711815	20719087	2	7203	24566.2704	487	1
1_MACS_peak_13212_lociStitched	chr17	48992033	48997856	1	5824	24561.414	488	1
1_MACS_peak_16479_lociStitched	chr2	20774166	20780310	1	6145	24513.9456	489	1
4_MACS_peak_3512_lociStitched	chr10	23727223	23739156	4	11502	24509.1887	490	1
1_MACS_peak_22967_lociStitched	chr4	2412455	2416730	1	4276	24456.42	491	1
2_MACS_peak_31663_lociStitched	chr9	86319098	86324306	2	5129	24456.2472	492	1
3_MACS_peak_23244_lociStitched	chr4	38307179	38316775	3	9128	24451.5676	493	1
3_MACS_peak_20608_lociStitched	chr22	37557403	37563479	3	6008	24447.3936	494	1
3_MACS_peak_22488_lociStitched	chr3	164168249	164180342	3	11997	24445.9995	495	1
1_MACS_peak_27005_lociStitched	chr6	64280968	64284480	1	3513	24414.0192	496	1
1_MACS_peak_26458_lociStitched	chr6	27803584	27808115	1	4532	24400.3412	497	1
1_MACS_peak_10082_lociStitched	chr15	66082758	66086697	1	3940	24375.7137	498	1
1_MACS_peak_13556_lociStitched	chr17	73289446	73295038	1	5593	24374.4096	499	1
1_MACS_peak_10152_lociStitched	chr15	69758380	69762754	1	4375	24337.3734	500	1
2_MACS_peak_9011_lociStitched	chr14	75741066	75746921	2	5366	24334.551	501	1
1_MACS_peak_18575_lociStitched	chr2	219431985	219436381	1	4397	24334.4976	502	1
2_MACS_peak_28899_lociStitched	chr7	87549123	87557909	2	8730	24330.1912	503	1
4_MACS_peak_7132_lociStitched	chr12	96587091	96594485	4	6871	24304.078	504	1
2_MACS_peak_5991_lociStitched	chr11	119185718	119193529	2	7731	24269.5581	505	1
1_MACS_peak_1950_lociStitched	chr1	155945560	155954592	1	9033	24250.92	506	1
2_MACS_peak_24359_lociStitched	chr5	6492398	6498564	2	6108	24238.546	507	1
2_MACS_peak_19668_lociStitched	chr20	58674811	58682865	2	7883	24237.7076	508	1
1_MACS_peak_3852_lociStitched	chr10	74018425	74024492	1	6068	24201.263	509	1
1_MACS_peak_15582_lociStitched	chr19	41801648	41806435	1	4788	24191.1045	510	1
3_MACS_peak_30641_lociStitched	chr8	101316372	101323759	3	7215	24185.038	511	1
2_MACS_peak_3211_lociStitched	chr10	554582	562302	2	7684	24183.672	512	1
3_MACS_peak_26424_lociStitched	chr6	27094223	27102847	3	8365	24176.5216	513	1
3_MACS_peak_25327_lociStitched	chr5	130709388	130719013	3	9325	24158.75	514	1
1_MACS_peak_25346_lociStitched	chr5	131745333	131751738	1	6406	24094.9695	515	1
1_MACS_peak_9894_lociStitched	chr15	52754660	52759452	1	4793	24061.1112	516	1
1_MACS_peak_26789_lociStitched	chr6	42748625	42752373	1	3749	24055.0388	517	1
3_MACS_peak_15001_lociStitched	chr19	13952366	13959210	3	6291	24053.9224	518	1
9_MACS_peak_24463_lociStitched	chr5	24263954	24280809	9	15655	24050.3995	519	1
3_MACS_peak_17360_lociStitched	chr2	89442053	89453914	3	11604	23931.9397	520	1
3_MACS_peak_17310_lociStitched	chr2	87550573	87558053	3	7120	23916.552	521	1
1_MACS_peak_18632_lociStitched	chr2	227653812	227660906	1	7095	23911.0364	522	1
3_MACS_peak_19935_lociStitched	chr21	36587913	36596454	3	8244	23897.718	523	1
1_MACS_peak_25873_lociStitched	chr5	172260150	172266002	1	5853	23861.53	524	1
2_MACS_peak_10210_lociStitched	chr15	72518181	72525017	2	6750	23852.8548	525	1
1_MACS_peak_20739_lociStitched	chr22	39840799	39845908	1	5110	23798.2329	526	1
1_MACS_peak_13343_lociStitched	chr17	58676079	58679878	1	3800	23777.5611	527	1
2_MACS_peak_14557_lociStitched	chr19	2254935	2262083	2	6885	23698.4792	528	1
8_MACS_peak_33602_lociStitched	chrX	151080239	151089486	8	8711	23620.5368	529	1
1_MACS_peak_9106_lociStitched	chr14	89768721	89773223	1	4503	23611.6394	530	1
1_MACS_peak_16324_lociStitched	chr2	8626551	8630758	1	4208	23551.2067	531	1
1_MACS_peak_1490_lociStitched	chr1	113160333	113163671	1	3339	23544.2492	532	1
1_MACS_peak_29380_lociStitched	chr7	129588329	129592942	1	4614	23534.6034	533	1
1_MACS_peak_21145_lociStitched	chr3	13459248	13463762	1	4515	23489.5018	534	1
1_MACS_peak_29203_lociStitched	chr7	105816580	105822008	1	5429	23478.2712	535	1
3_MACS_peak_28662_lociStitched	chr7	55634451	55641636	3	6733	23477.706	536	1
2_MACS_peak_7209_lociStitched	chr12	104321102	104325657	2	4321	23476.47	537	1
1_MACS_peak_29745_lociStitched	chr8	2037196	2042024	1	4829	23475.1844	538	1
1_MACS_peak_27931_lociStitched	chr6	160397902	160405357	1	7456	23469.831	539	1
1_MACS_peak_24703_lociStitched	chr5	55436882	55441565	1	4684	23435.6052	540	1
1_MACS_peak_17321_lociStitched	chr2	87754064	87758031	1	3968	23417.5977	541	1
1_MACS_peak_3122_lociStitched	chr1	240074388	240079024	1	4637	23368.6852	542	1
2_MACS_peak_15895_lociStitched	chr19	49465148	49470723	2	5564	23359.8075	543	1
2_MACS_peak_26525_lociStitched	chr6	30581261	30586558	2	5254	23327.4583	544	1
1_MACS_peak_18847_lociStitched	chr2	242253442	242257220	1	3779	23286.4586	545	1
3_MACS_peak_17970_lociStitched	chr2	159840217	159849014	3	8690	23222.3206	546	1
2_MACS_peak_32555_lociStitched	chr9	139792312	139798674	2	6323	23150.6818	547	1
3_MACS_peak_6560_lociStitched	chr12	46119655	46126442	3	6573	23127.3812	548	1
2_MACS_peak_2116_lociStitched	chr1	162120921	162127799	2	6485	23115.5824	549	1
1_MACS_peak_11899_lociStitched	chr16	81748126	81753947	1	5822	23085.5039	550	1
1_MACS_peak_3351_lociStitched	chr10	11217772	11225850	1	8079	23001.2972	551	1
3_MACS_peak_14220_lociStitched	chr18	47832973	47842667	3	8944	22981.5658	552	1
2_MACS_peak_22431_lociStitched	chr3	156199180	156204685	2	5259	22969.062	553	1
2_MACS_peak_25455_lociStitched	chr5	137877431	137880886	2	3453	22936.363	554	1
1_MACS_peak_9825_lociStitched	chr15	45878146	45881268	1	3123	22921.4118	555	1
2_MACS_peak_26453_lociStitched	chr6	27774856	27783301	2	8357	22913.8185	556	1
1_MACS_peak_19630_lociStitched	chr20	56192287	56197373	1	5087	22913.4472	557	1
1_MACS_peak_2023_lociStitched	chr1	159044757	159048636	1	3880	22912.4772	558	1
2_MACS_peak_18137_lociStitched	chr2	178075792	178079421	2	3594	22887.3772	559	1
1_MACS_peak_22832_lociStitched	chr3	195356621	195363175	1	6555	22878.0478	560	1
1_MACS_peak_20778_lociStitched	chr22	41839818	41845186	1	5369	22856.4072	561	1
4_MACS_peak_7269_lociStitched	chr12	108933972	108944315	4	10129	22845.6184	562	1
2_MACS_peak_26239_lociStitched	chr6	13271828	13279193	2	7073	22841.0745	563	1
1_MACS_peak_8881_lociStitched	chr14	69258461	69264247	1	5787	22837.9206	564	1
3_MACS_peak_9082_lociStitched	chr14	81684773	81688535	3	3656	22835.34	565	1
2_MACS_peak_3969_lociStitched	chr10	81001310	81011145	2	9397	22788.6785	566	1
1_MACS_peak_18092_lociStitched	chr2	174826683	174831318	1	4636	22779.6345	567	1
2_MACS_peak_5290_lociStitched	chr11	62647471	62651980	2	4231	22733.9271	568	1
1_MACS_peak_32260_lociStitched	chr9	129765682	129771160	1	5479	22723.8396	569	1
2_MACS_peak_26870_lociStitched	chr6	45674097	45680582	2	6026	22720.846	570	1
1_MACS_peak_16391_lociStitched	chr2	10948851	10953634	1	4784	22709.684	571	1
1_MACS_peak_4388_lociStitched	chr10	112630597	112636166	1	5570	22692.5612	572	1
1_MACS_peak_29511_lociStitched	chr7	139024512	139027409	1	2898	22675.1087	573	1
1_MACS_peak_3166_lociStitched	chr1	245132762	245135535	1	2774	22670.9388	574	1
1_MACS_peak_534_lociStitched	chr1	27018615	27025644	1	7030	22658.6844	575	1
4_MACS_peak_26534_lociStitched	chr6	30683931	30690331	4	6168	22648.32	576	1
1_MACS_peak_5628_lociStitched	chr11	72958230	72962026	1	3797	22648.0748	577	1
1_MACS_peak_23910_lociStitched	chr4	140475595	140479378	1	3784	22646.1729	578	1
1_MACS_peak_30644_lociStitched	chr8	101336622	101343321	1	6700	22635.921	579	1
3_MACS_peak_30328_lociStitched	chr8	65941859	65948389	3	6225	22632.327	580	1
1_MACS_peak_18980_lociStitched	chr20	5172265	5179010	1	6746	22607.891	581	1
2_MACS_peak_19198_lociStitched	chr20	32468677	32473605	2	4929	22595.3728	582	1
4_MACS_peak_32775_lociStitched	chrX	19759822	19770438	4	10509	22474.072	583	1
3_MACS_peak_17245_lociStitched	chr2	86112325	86120928	3	8504	22472.7566	584	1
1_MACS_peak_9190_lociStitched	chr14	91879173	91885677	1	6505	22467.4176	585	1
2_MACS_peak_21418_lociStitched	chr3	45634286	45642357	2	8054	22451.9078	586	1
1_MACS_peak_18139_lociStitched	chr2	178127709	178131067	1	3359	22382.749	587	1
1_MACS_peak_17234_lociStitched	chr2	85764277	85767823	1	3547	22379.5152	588	1
1_MACS_peak_140_lociStitched	chr1	9136031	9143033	1	7003	22348.2834	589	1
2_MACS_peak_1987_lociStitched	chr1	156715825	156722526	2	6650	22347.835	590	1
1_MACS_peak_23784_lociStitched	chr4	121668639	121673864	1	5226	22346.8025	591	1
1_MACS_peak_3252_lociStitched	chr10	3663791	3670461	1	6671	22342.499	592	1
1_MACS_peak_31668_lociStitched	chr9	86593745	86596990	1	3246	22339.229	593	1
2_MACS_peak_13175_lociStitched	chr17	48227445	48233883	2	6358	22326.984	594	1
1_MACS_peak_29111_lociStitched	chr7	101945861	101952635	1	6775	22323.717	595	1
1_MACS_peak_6758_lociStitched	chr12	54672167	54675929	1	3763	22313.1744	596	1
1_MACS_peak_11191_lociStitched	chr16	23344558	23350141	1	5584	22310.7846	597	1
1_MACS_peak_26390_lociStitched	chr6	26282389	26287163	1	4775	22297.9218	598	1
2_MACS_peak_22464_lociStitched	chr3	160116312	160122984	2	6437	22272.4704	599	1
1_MACS_peak_3860_lociStitched	chr10	74054617	74059473	1	4857	22265.2456	600	1
1_MACS_peak_31908_lociStitched	chr9	100744482	100748248	1	3767	22261.2026	601	1
1_MACS_peak_19039_lociStitched	chr20	17945799	17951269	1	5471	22222.422	602	1
3_MACS_peak_25844_lociStitched	chr5	169728945	169738213	3	8804	22158.8612	603	1
1_MACS_peak_1785_lociStitched	chr1	150335368	150339144	1	3777	22156.0576	604	1
1_MACS_peak_2733_lociStitched	chr1	212779354	212783464	1	4111	22143.036	605	1
1_MACS_peak_2629_lociStitched	chr1	206887251	206895069	1	7819	22130.4126	606	1
1_MACS_peak_2619_lociStitched	chr1	206727673	206734532	1	6860	22100.3839	607	1
1_MACS_peak_24293_lociStitched	chr5	188892	193714	1	4823	22062.5788	608	1
2_MACS_peak_10115_lociStitched	chr15	67811901	67815751	2	3817	22047.41	609	1
2_MACS_peak_17344_lociStitched	chr2	88922623	88928975	2	6216	22041.44	610	1
1_MACS_peak_24630_lociStitched	chr5	42990620	42995866	1	5247	22025.331	611	1
1_MACS_peak_18596_lociStitched	chr2	220141864	220145816	1	3953	22020.544	612	1
1_MACS_peak_7465_lociStitched	chr12	120553660	120560724	1	7065	21995.8832	613	1
1_MACS_peak_4954_lociStitched	chr11	23588806	23600139	1	11334	21973.5537	614	1
1_MACS_peak_13281_lociStitched	chr17	56083081	56085882	1	2802	21932.6703	615	1
3_MACS_peak_24537_lociStitched	chr5	32276122	32285003	3	8685	21888.1126	616	1
3_MACS_peak_12952_lociStitched	chr17	40826879	40833975	3	6652	21820.2	617	1
1_MACS_peak_10216_lociStitched	chr15	72765259	72768382	1	3124	21816.0288	618	1
1_MACS_peak_33665_lociStitched	chrX	153625328	153628974	1	3647	21789.5898	619	1
1_MACS_peak_6875_lociStitched	chr12	62995438	62998558	1	3121	21780.408	620	1
1_MACS_peak_9285_lociStitched	chr14	98167397	98174514	1	7118	21772.3264	621	1
1_MACS_peak_3507_lociStitched	chr10	22969803	22975145	1	5343	21760.1028	622	1
1_MACS_peak_27448_lociStitched	chr6	119667174	119672404	1	5231	21756.277	623	1
1_MACS_peak_16317_lociStitched	chr2	8516395	8521859	1	5465	21736.3384	624	1
5_MACS_peak_31779_lociStitched	chr9	94705173	94715164	5	9314	21732.4232	625	1
1_MACS_peak_9332_lociStitched	chr14	100870928	100877075	1	6148	21731.4891	626	1
1_MACS_peak_9878_lociStitched	chr15	52310462	52314901	1	4440	21668.9785	627	1
1_MACS_peak_26590_lociStitched	chr6	31937871	31941446	1	3576	21641.2625	628	1
2_MACS_peak_24192_lociStitched	chr4	185200769	185207205	2	6412	21623.0292	629	1
1_MACS_peak_2037_lociStitched	chr1	160230547	160233991	1	3445	21617.2992	630	1
1_MACS_peak_17358_lociStitched	chr2	89151470	89159140	1	7671	21592.584	631	1
2_MACS_peak_9344_lociStitched	chr14	102288774	102293958	2	4924	21591.8784	632	1
1_MACS_peak_13813_lociStitched	chr17	80254033	80257338	1	3306	21572.7265	633	1
2_MACS_peak_20378_lociStitched	chr22	24183479	24191870	2	7997	21571.5828	634	1
1_MACS_peak_18635_lociStitched	chr2	227699301	227704787	1	5487	21569.8548	635	1
2_MACS_peak_31283_lociStitched	chr9	6679980	6683737	2	3701	21546.395	636	1
1_MACS_peak_2931_lociStitched	chr1	228673178	228679430	1	6253	21541.266	637	1
1_MACS_peak_9658_lociStitched	chr15	39914839	39919940	1	5102	21531.8311	638	1
3_MACS_peak_16463_lociStitched	chr2	20548242	20552648	3	4311	21510.9732	639	1
6_MACS_peak_20614_lociStitched	chr22	37610115	37620730	6	9652	21510.236	640	1
2_MACS_peak_6845_lociStitched	chr12	57912755	57917759	2	4756	21509.694	641	1
3_MACS_peak_26427_lociStitched	chr6	27106204	27115740	3	9156	21493.1904	642	1
1_MACS_peak_2652_lociStitched	chr1	207995188	208000689	1	5502	21463.8018	643	1
3_MACS_peak_21409_lociStitched	chr3	45582554	45589517	3	6843	21449.5215	644	1
1_MACS_peak_1680_lociStitched	chr1	145208210	145212408	1	4199	21431.6296	645	1
3_MACS_peak_24401_lociStitched	chr5	10695298	10702379	3	6633	21429.2303	646	1
2_MACS_peak_17292_lociStitched	chr2	87353862	87362131	2	7912	21396.0375	647	1
2_MACS_peak_28261_lociStitched	chr7	22760222	22768125	2	7414	21395.0016	648	1
3_MACS_peak_18555_lociStitched	chr2	216973218	216980345	3	6698	21347.5031	649	1
1_MACS_peak_32951_lociStitched	chrX	41189362	41195722	1	6361	21337.8	650	1
1_MACS_peak_29121_lociStitched	chr7	102064113	102068533	1	4421	21321.196	651	1
3_MACS_peak_15888_lociStitched	chr19	49375033	49381135	3	5929	21319.1676	652	1
2_MACS_peak_31742_lociStitched	chr9	93701708	93708402	2	6692	21304.3244	653	1
5_MACS_peak_13557_lociStitched	chr17	73308976	73320114	5	10139	21303.6526	654	1
3_MACS_peak_29107_lociStitched	chr7	101926518	101936091	3	9367	21298.0104	655	1
1_MACS_peak_30151_lociStitched	chr8	37736263	37741428	1	5166	21294.7785	656	1
2_MACS_peak_22528_lociStitched	chr3	169489323	169492305	2	2980	21270.9042	657	1
1_MACS_peak_2254_lociStitched	chr1	174967115	174970917	1	3803	21269.9088	658	1
2_MACS_peak_2173_lociStitched	chr1	167188652	167192731	2	4001	21266.6823	659	1
3_MACS_peak_6944_lociStitched	chr12	68838956	68847035	3	7915	21256.6569	660	1
1_MACS_peak_3328_lociStitched	chr10	7529309	7536238	1	6930	21254.0146	661	1
2_MACS_peak_33662_lociStitched	chrX	153605536	153609253	2	3249	21214.0341	662	1
2_MACS_peak_25905_lociStitched	chr5	173246376	173252429	2	6027	21207.8961	663	1
1_MACS_peak_32207_lociStitched	chr9	126439162	126443623	1	4462	21197.3337	664	1
1_MACS_peak_14195_lociStitched	chr18	46308304	46314894	1	6591	21180.919	665	1
1_MACS_peak_9855_lociStitched	chr15	51198632	51201757	1	3126	21177.1875	666	1
2_MACS_peak_10982_lociStitched	chr16	11057258	11062528	2	5250	21164.32	667	1
2_MACS_peak_13817_lociStitched	chr17	80307217	80312040	2	4599	21161.3948	668	1
2_MACS_peak_29220_lociStitched	chr7	106807444	106811409	2	3917	21145.7415	669	1
2_MACS_peak_27290_lociStitched	chr6	106610364	106618979	2	8182	21139.487	670	1
1_MACS_peak_31966_lociStitched	chr9	107751549	107756593	1	5045	21138.8996	671	1
3_MACS_peak_26874_lociStitched	chr6	45703256	45710738	3	7178	21126.9234	672	1
1_MACS_peak_2035_lociStitched	chr1	160173175	160176420	1	3246	21126.897	673	1
2_MACS_peak_44_lociStitched	chr1	1708431	1713296	2	4805	21124.803	674	1
4_MACS_peak_32301_lociStitched	chr9	130737575	130747451	4	9596	21118.8384	675	1
1_MACS_peak_15952_lociStitched	chr19	50378787	50382385	1	3599	21092.9152	676	1
2_MACS_peak_25063_lociStitched	chr5	95060107	95068449	2	7906	21049.3686	677	1
1_MACS_peak_20018_lociStitched	chr21	43428916	43432148	1	3233	21048.0768	678	1
1_MACS_peak_1907_lociStitched	chr1	154944965	154949507	1	4543	21037.6356	679	1
1_MACS_peak_3270_lociStitched	chr10	3915053	3920097	1	5045	21019.8612	680	1
2_MACS_peak_21242_lociStitched	chr3	23954485	23959989	2	5467	21017.5744	681	1
1_MACS_peak_20476_lociStitched	chr22	29662463	29666175	1	3713	21014.3744	682	1
1_MACS_peak_3836_lociStitched	chr10	73485202	73489328	1	4127	20993.5006	683	1
2_MACS_peak_30675_lociStitched	chr8	101961787	101966366	2	4484	20977.3148	684	1
2_MACS_peak_18183_lociStitched	chr2	182168555	182174673	2	6076	20976.7866	685	1
5_MACS_peak_1327_lociStitched	chr1	93421307	93429216	5	7409	20965.9681	686	1
1_MACS_peak_28435_lociStitched	chr7	33972683	33977787	1	5105	20933.0352	687	1
1_MACS_peak_10059_lociStitched	chr15	65173132	65177863	1	4732	20921.9013	688	1
3_MACS_peak_13389_lociStitched	chr17	62164525	62173654	3	8450	20901.7584	689	1
1_MACS_peak_10162_lociStitched	chr15	70270712	70274794	1	4083	20891.676	690	1
3_MACS_peak_21690_lociStitched	chr3	61554533	61563871	3	8630	20878.8342	691	1
2_MACS_peak_28576_lociStitched	chr7	44923683	44926983	2	3265	20878.11	692	1
2_MACS_peak_20793_lociStitched	chr22	42227004	42231197	2	4161	20873.1733	693	1
2_MACS_peak_6186_lociStitched	chr12	4224272	4230086	2	5789	20824.5852	694	1
1_MACS_peak_5584_lociStitched	chr11	70823266	70828083	1	4818	20801.7328	695	1
4_MACS_peak_1205_lociStitched	chr1	75042892	75053086	4	9626	20789.6436	696	1
4_MACS_peak_25858_lociStitched	chr5	171600436	171607957	4	6749	20776.0104	697	1
2_MACS_peak_26034_lociStitched	chr5	179510943	179518717	2	7713	20763.5766	698	1
1_MACS_peak_18353_lociStitched	chr2	201726356	201730103	1	3748	20731.0269	699	1
1_MACS_peak_16497_lociStitched	chr2	24148418	24151400	1	2983	20695.3782	700	1
1_MACS_peak_14140_lociStitched	chr18	42299451	42307650	1	8200	20695.0959	701	1
3_MACS_peak_22271_lociStitched	chr3	136466619	136473377	3	6632	20681.5074	702	1
2_MACS_peak_3101_lociStitched	chr1	235489803	235494476	2	4628	20678.025	703	1
1_MACS_peak_1940_lociStitched	chr1	155657142	155659690	1	2549	20640.8384	704	1
1_MACS_peak_10613_lociStitched	chr15	93361055	93364619	1	3565	20605.266	705	1
1_MACS_peak_29226_lociStitched	chr7	107382861	107385597	1	2737	20604.5424	706	1
1_MACS_peak_25441_lociStitched	chr5	137088450	137091600	1	3151	20603.835	707	1
1_MACS_peak_22377_lociStitched	chr3	150262467	150265827	1	3361	20600.832	708	1
3_MACS_peak_25683_lociStitched	chr5	151149451	151154690	3	4886	20579.8398	709	1
2_MACS_peak_22047_lociStitched	chr3	119811801	119815595	2	3787	20570.3092	710	1
1_MACS_peak_22881_lociStitched	chr3	197119783	197123119	1	3337	20556.432	711	1
2_MACS_peak_22888_lociStitched	chr3	197380640	197387186	2	6518	20551.167	712	1
2_MACS_peak_14367_lociStitched	chr18	60803973	60810933	2	6562	20547.312	713	1
1_MACS_peak_3147_lociStitched	chr1	243749657	243754631	1	4975	20546.5992	714	1
2_MACS_peak_3800_lociStitched	chr10	70846374	70851480	2	4881	20535.8214	715	1
2_MACS_peak_23861_lociStitched	chr4	129730417	129734861	2	4377	20517.948	716	1
1_MACS_peak_29569_lociStitched	chr7	142504645	142509113	1	4469	20506.7796	717	1
3_MACS_peak_454_lociStitched	chr1	25069930	25077363	3	7029	20500.214	718	1
1_MACS_peak_14893_lociStitched	chr19	11490621	11494621	1	4001	20498.8	719	1
4_MACS_peak_26371_lociStitched	chr6	26121225	26127941	4	6321	20496.5604	720	1
1_MACS_peak_19413_lociStitched	chr20	43269969	43277351	1	7383	20468.8096	721	1
3_MACS_peak_4376_lociStitched	chr10	112576305	112585244	3	8762	20412.2065	722	1
2_MACS_peak_2529_lociStitched	chr1	203289259	203297888	2	8559	20408.4479	723	1
1_MACS_peak_10194_lociStitched	chr15	70782431	70787847	1	5417	20406.9464	724	1
1_MACS_peak_25401_lociStitched	chr5	133560451	133563626	1	3176	20406.36	725	1
2_MACS_peak_5491_lociStitched	chr11	67054019	67057648	2	3511	20388.0849	726	1
1_MACS_peak_9520_lociStitched	chr15	23658954	23663914	1	4961	20387.088	727	1
3_MACS_peak_27125_lociStitched	chr6	87860974	87866546	3	5360	20381.2616	728	1
3_MACS_peak_16728_lociStitched	chr2	37877504	37884648	3	6900	20363.2576	729	1
1_MACS_peak_26016_lociStitched	chr5	179124165	179127807	1	3643	20341.2984	730	1
2_MACS_peak_13476_lociStitched	chr17	66286100	66290101	2	3953	20335.8827	731	1
2_MACS_peak_2660_lociStitched	chr1	209275202	209283879	2	8531	20315.4601	732	1
2_MACS_peak_4603_lociStitched	chr11	267516	272398	2	4534	20309.12	733	1
2_MACS_peak_26990_lociStitched	chr6	56816882	56821640	2	4614	20295.249	734	1
1_MACS_peak_2279_lociStitched	chr1	178693505	178698452	1	4948	20276.7636	735	1
1_MACS_peak_9709_lociStitched	chr15	41407219	41409743	1	2525	20270.7488	736	1
1_MACS_peak_27179_lociStitched	chr6	90992781	90997227	1	4447	20238.192	737	1
1_MACS_peak_135_lociStitched	chr1	8936214	8940072	1	3859	20219.778	738	1
1_MACS_peak_2060_lociStitched	chr1	160763967	160768701	1	4735	20202.8184	739	1
1_MACS_peak_26932_lociStitched	chr6	52398137	52403696	1	5560	20198.0706	740	1
3_MACS_peak_14717_lociStitched	chr19	6735623	6740465	3	4719	20170.3194	741	1
3_MACS_peak_1902_lociStitched	chr1	154923388	154930116	3	6585	20165.8344	742	1
1_MACS_peak_23907_lociStitched	chr4	140220395	140224455	1	4061	20159.93	743	1
1_MACS_peak_11329_lociStitched	chr16	30074583	30078580	1	3998	20156.0716	744	1
2_MACS_peak_13047_lociStitched	chr17	43388190	43395523	2	7081	20145.9509	745	1
1_MACS_peak_2050_lociStitched	chr1	160641293	160646317	1	5025	20134.1824	746	1
1_MACS_peak_13652_lociStitched	chr17	75203379	75209787	1	6409	20105.7408	747	1
3_MACS_peak_28169_lociStitched	chr7	8007176	8016875	3	9607	20104.0872	748	1
3_MACS_peak_14572_lociStitched	chr19	2594863	2601523	3	6228	20099.214	749	1
1_MACS_peak_17650_lociStitched	chr2	112586699	112593856	1	7158	20099.0031	750	1
1_MACS_peak_20822_lociStitched	chr22	42931939	42936524	1	4586	20064.4185	751	1
1_MACS_peak_13708_lociStitched	chr17	76835274	76838324	1	3051	20059.24	752	1
1_MACS_peak_1938_lociStitched	chr1	155531046	155534221	1	3176	20039.33	753	1
1_MACS_peak_8635_lociStitched	chr14	50098257	50102916	1	4660	20026.2456	754	1
1_MACS_peak_17631_lociStitched	chr2	112302685	112310195	1	7511	20026.166	755	1
2_MACS_peak_6464_lociStitched	chr12	31475768	31479880	2	3901	20020.0944	756	1
3_MACS_peak_26718_lociStitched	chr6	36643551	36651636	3	7961	20001.4815	757	1
1_MACS_peak_1971_lociStitched	chr1	156425724	156428445	1	2722	19987.6497	758	1
1_MACS_peak_22376_lociStitched	chr3	150125048	150128838	1	3791	19967.615	759	1
3_MACS_peak_22796_lociStitched	chr3	193851344	193856316	3	4853	19967.552	760	1
1_MACS_peak_5407_lociStitched	chr11	65353469	65358482	1	5014	19967.2803	761	1
2_MACS_peak_20658_lociStitched	chr22	38572125	38578548	2	6407	19966.5378	762	1
3_MACS_peak_9295_lociStitched	chr14	98663057	98672416	3	8867	19964.6188	763	1
1_MACS_peak_28401_lociStitched	chr7	30633178	30637105	1	3928	19964.0826	764	1
1_MACS_peak_2476_lociStitched	chr1	200986804	200992725	1	5922	19952.5858	765	1
3_MACS_peak_14581_lociStitched	chr19	2696850	2703403	3	6348	19930.9495	766	1
1_MACS_peak_24055_lociStitched	chr4	154835846	154839381	1	3536	19930.6835	767	1
2_MACS_peak_9864_lociStitched	chr15	51639108	51644551	2	5242	19927.9116	768	1
4_MACS_peak_17090_lociStitched	chr2	69870177	69876596	4	6319	19924.576	769	1
1_MACS_peak_16794_lociStitched	chr2	42328090	42330979	1	2890	19921.6773	770	1
1_MACS_peak_16480_lociStitched	chr2	20793246	20797748	1	4503	19915.0472	771	1
2_MACS_peak_28573_lociStitched	chr7	44885542	44889270	2	3670	19912.3664	772	1
1_MACS_peak_26346_lociStitched	chr6	24718886	24722574	1	3689	19890.1216	773	1
2_MACS_peak_32918_lociStitched	chrX	40032156	40037123	2	4890	19882.901	774	1
2_MACS_peak_3191_lociStitched	chr1	247373156	247380808	2	7580	19873.7744	775	1
1_MACS_peak_16399_lociStitched	chr2	11637228	11641885	1	4658	19869.5562	776	1
1_MACS_peak_32230_lociStitched	chr9	127702069	127705165	1	3097	19865.1744	777	1
1_MACS_peak_25303_lociStitched	chr5	126111691	126116069	1	4379	19864.7372	778	1
1_MACS_peak_20087_lociStitched	chr21	44855735	44862126	1	6392	19855.5588	779	1
1_MACS_peak_147_lociStitched	chr1	9238631	9243636	1	5006	19855.3355	780	1
4_MACS_peak_14146_lociStitched	chr18	42336237	42342697	4	6285	19838.66	781	1
1_MACS_peak_31976_lociStitched	chr9	108005832	108010335	1	4504	19827.1593	782	1
2_MACS_peak_18250_lociStitched	chr2	191744309	191749855	2	5516	19821.9586	783	1
1_MACS_peak_16813_lociStitched	chr2	43357095	43363587	1	6493	19812.9348	784	1
4_MACS_peak_27613_lociStitched	chr6	137108190	137115305	4	6710	19804.6025	785	1
1_MACS_peak_20744_lociStitched	chr22	39914816	39919058	1	4243	19776.204	786	1
1_MACS_peak_14559_lociStitched	chr19	2268796	2271888	1	3093	19772.4124	787	1
1_MACS_peak_13735_lociStitched	chr17	77965591	77968906	1	3316	19749.444	788	1
3_MACS_peak_25457_lociStitched	chr5	137908904	137912349	3	3441	19748.4625	789	1
1_MACS_peak_11840_lociStitched	chr16	75141795	75146143	1	4349	19744.268	790	1
3_MACS_peak_32922_lociStitched	chrX	40169230	40179360	3	9806	19741.344	791	1
1_MACS_peak_301_lociStitched	chr1	16991484	16994637	1	3154	19739.3565	792	1
2_MACS_peak_11837_lociStitched	chr16	75129647	75134492	2	4605	19731.747	793	1
1_MACS_peak_934_lociStitched	chr1	46151082	46155131	1	4050	19727.1329	794	1
1_MACS_peak_30846_lociStitched	chr8	124046560	124052368	1	5809	19669.9536	795	1
1_MACS_peak_9673_lociStitched	chr15	40387603	40392844	1	5242	19666.3284	796	1
2_MACS_peak_1943_lociStitched	chr1	155826093	155831593	2	5203	19643.25	797	1
1_MACS_peak_28402_lociStitched	chr7	30668675	30675990	1	7316	19642.238	798	1
1_MACS_peak_19925_lociStitched	chr21	36397442	36401989	1	4548	19633.0366	799	1
1_MACS_peak_1815_lociStitched	chr1	151041877	151044383	1	2507	19625.9896	800	1
2_MACS_peak_26072_lociStitched	chr6	303686	309883	2	6138	19623.4202	801	1
1_MACS_peak_32159_lociStitched	chr9	123637246	123641216	1	3971	19613.785	802	1
2_MACS_peak_27378_lociStitched	chr6	113949263	113954724	2	5328	19576.5928	803	1
1_MACS_peak_10142_lociStitched	chr15	68519625	68523733	1	4109	19533.9508	804	1
2_MACS_peak_13183_lociStitched	chr17	48274050	48278417	2	4055	19520.0533	805	1
1_MACS_peak_22702_lociStitched	chr3	185653384	185656552	1	3169	19512.6624	806	1
1_MACS_peak_5234_lociStitched	chr11	61558646	61561759	1	3114	19486.4461	807	1
2_MACS_peak_16065_lociStitched	chr19	54039431	54043846	2	4297	19448.958	808	1
3_MACS_peak_24189_lociStitched	chr4	185184291	185191727	3	7113	19441.422	809	1
4_MACS_peak_27949_lociStitched	chr6	164122906	164131896	4	8242	19439.077	810	1
1_MACS_peak_20215_lociStitched	chr22	18538141	18542321	1	4181	19437.418	811	1
1_MACS_peak_3798_lociStitched	chr10	70714742	70718204	1	3463	19434.6294	812	1
1_MACS_peak_16185_lociStitched	chr19	57790094	57795549	1	5456	19423.073	813	1
1_MACS_peak_9968_lociStitched	chr15	59224106	59227207	1	3102	19419.3923	814	1
2_MACS_peak_14587_lociStitched	chr19	2781979	2786763	2	4593	19413.472	815	1
2_MACS_peak_24552_lociStitched	chr5	32582495	32587607	2	5112	19405.6632	816	1
1_MACS_peak_29481_lociStitched	chr7	134831256	134835507	1	4252	19399.4385	817	1
2_MACS_peak_8643_lociStitched	chr14	50358414	50364186	2	5618	19398.5376	818	1
1_MACS_peak_23990_lociStitched	chr4	148651324	148654531	1	3208	19381.8252	819	1
1_MACS_peak_20356_lociStitched	chr22	23477722	23483112	1	5391	19376.511	820	1
2_MACS_peak_597_lociStitched	chr1	28570509	28577284	2	6680	19364.9825	821	1
1_MACS_peak_13326_lociStitched	chr17	57921032	57926976	1	5945	19356.636	822	1
1_MACS_peak_29066_lociStitched	chr7	100025574	100028751	1	3178	19350.4716	823	1
1_MACS_peak_10585_lociStitched	chr15	91497608	91500737	1	3130	19348.7973	824	1
1_MACS_peak_21422_lociStitched	chr3	45694666	45701591	1	6926	19347.7575	825	1
1_MACS_peak_15963_lociStitched	chr19	50430566	50433689	1	3124	19344.4866	826	1
1_MACS_peak_10095_lociStitched	chr15	66795906	66798734	1	2829	19343.8028	827	1
1_MACS_peak_32081_lociStitched	chr9	116036883	116039584	1	2702	19314.851	828	1
3_MACS_peak_15086_lociStitched	chr19	16434680	16440241	3	5493	19308.9042	829	1
1_MACS_peak_30915_lociStitched	chr8	126616635	126622187	1	5553	19307.08	830	1
2_MACS_peak_24035_lociStitched	chr4	154033332	154039013	2	5674	19298.9251	831	1
1_MACS_peak_16972_lociStitched	chr2	61762871	61766955	1	4085	19297.7168	832	1
2_MACS_peak_28424_lociStitched	chr7	32929057	32932937	2	3828	19290.972	833	1
2_MACS_peak_31351_lociStitched	chr9	21990790	21996782	2	5932	19288.8472	834	1
4_MACS_peak_24271_lociStitched	chr4	186506959	186514719	4	7061	19264.976	835	1
1_MACS_peak_22537_lociStitched	chr3	169973281	169977354	1	4074	19233.1133	836	1
3_MACS_peak_27905_lociStitched	chr6	159288219	159292635	3	4279	19188.8448	837	1
1_MACS_peak_25099_lociStitched	chr5	98262637	98266239	1	3603	19182.8112	838	1
1_MACS_peak_16874_lociStitched	chr2	47629537	47636347	1	6811	19172.193	839	1
2_MACS_peak_26299_lociStitched	chr6	16759389	16764513	2	5098	19168.884	840	1
1_MACS_peak_3378_lociStitched	chr10	12083090	12087053	1	3964	19167.8421	841	1
1_MACS_peak_9953_lociStitched	chr15	58646415	58651047	1	4633	19158.8784	842	1
2_MACS_peak_29060_lociStitched	chr7	99961963	99967743	2	5738	19158.388	843	1
3_MACS_peak_15635_lociStitched	chr19	42771686	42776422	3	4686	19157.5936	844	1
2_MACS_peak_5286_lociStitched	chr11	62605954	62610618	2	4341	19147.5856	845	1
3_MACS_peak_15181_lociStitched	chr19	18389681	18394052	3	4050	19139.2977	846	1
2_MACS_peak_3104_lociStitched	chr1	235666240	235669387	2	3131	19126.5219	847	1
1_MACS_peak_32516_lociStitched	chr9	139095702	139101355	1	5654	19117.8807	848	1
3_MACS_peak_27388_lociStitched	chr6	114175628	114180927	3	5078	19110.8435	849	1
2_MACS_peak_19400_lociStitched	chr20	42836970	42841113	2	4026	19108.3446	850	1
2_MACS_peak_17603_lociStitched	chr2	111971938	111978758	2	6777	19104.866	851	1
2_MACS_peak_31620_lociStitched	chr9	74976593	74981650	2	4916	19096.7491	852	1
3_MACS_peak_33484_lociStitched	chrX	129304541	129310942	3	5755	19083.9414	853	1
2_MACS_peak_28450_lociStitched	chr7	35683836	35688662	2	4638	19076.6954	854	1
1_MACS_peak_4032_lociStitched	chr10	89620814	89625643	1	4830	19067.3065	855	1
1_MACS_peak_6527_lociStitched	chr12	40009711	40016498	1	6788	19061.2895	856	1
1_MACS_peak_28502_lociStitched	chr7	39987700	39991886	1	4187	19055.5092	857	1
3_MACS_peak_21069_lociStitched	chr3	9436675	9441881	3	5080	19045.6304	858	1
1_MACS_peak_9193_lociStitched	chr14	91974923	91977858	1	2936	19044.3345	859	1
2_MACS_peak_14521_lociStitched	chr19	1647846	1653731	2	5800	19037.975	860	1
1_MACS_peak_31687_lociStitched	chr9	88896091	88899954	1	3864	19026.0476	861	1
2_MACS_peak_9919_lociStitched	chr15	55695071	55701190	2	6025	19023.971	862	1
1_MACS_peak_29408_lociStitched	chr7	130642307	130647614	1	5308	19020.8187	863	1
1_MACS_peak_305_lociStitched	chr1	17065812	17068711	1	2900	19012.2218	864	1
2_MACS_peak_17331_lociStitched	chr2	88002948	88010475	2	7489	19008.6858	865	1
1_MACS_peak_3789_lociStitched	chr10	70090534	70093543	1	3010	19003.3395	866	1
5_MACS_peak_16068_lociStitched	chr19	54055319	54060765	5	4699	19003.2724	867	1
1_MACS_peak_11763_lociStitched	chr16	70555689	70559526	1	3838	18986.6271	868	1
1_MACS_peak_11275_lociStitched	chr16	28833413	28837513	1	4101	18964.14	869	1
2_MACS_peak_3057_lociStitched	chr1	234656837	234661416	2	4398	18951.1073	870	1
2_MACS_peak_7493_lociStitched	chr12	121284273	121290099	2	5790	18924.0132	871	1
1_MACS_peak_17959_lociStitched	chr2	158324033	158328606	1	4574	18909.8123	872	1
3_MACS_peak_27542_lociStitched	chr6	134495196	134500294	3	4957	18901.8546	873	1
3_MACS_peak_14743_lociStitched	chr19	7400938	7406719	3	5700	18901.5576	874	1
1_MACS_peak_23908_lociStitched	chr4	140372899	140376263	1	3365	18901.3068	875	1
1_MACS_peak_3753_lociStitched	chr10	60025394	60029889	1	4496	18885.7425	876	1
4_MACS_peak_29207_lociStitched	chr7	105983568	105991170	4	6936	18849.9192	877	1
2_MACS_peak_22652_lociStitched	chr3	183241761	183247174	2	5403	18849.6899	878	1
1_MACS_peak_14556_lociStitched	chr19	2235003	2238256	1	3254	18842.6772	879	1
2_MACS_peak_15090_lociStitched	chr19	16448831	16454789	2	5644	18832.0464	880	1
1_MACS_peak_22396_lociStitched	chr3	151985687	151989781	1	4095	18816.024	881	1
1_MACS_peak_17307_lociStitched	chr2	87536736	87543726	1	6991	18806.595	882	1
1_MACS_peak_5473_lociStitched	chr11	66793919	66799617	1	5699	18800.551	883	1
3_MACS_peak_31653_lociStitched	chr9	82182431	82188887	3	6037	18794.7072	884	1
1_MACS_peak_32368_lociStitched	chr9	132249864	132253397	1	3534	18780.3681	885	1
1_MACS_peak_31055_lociStitched	chr8	134579306	134585815	1	6510	18740.0619	886	1
2_MACS_peak_27140_lociStitched	chr6	89789089	89793128	2	4039	18739.7483	887	1
2_MACS_peak_450_lociStitched	chr1	24967722	24971075	2	3146	18731.8698	888	1
1_MACS_peak_10109_lociStitched	chr15	67425308	67428860	1	3553	18723.6576	889	1
2_MACS_peak_30885_lociStitched	chr8	126161287	126168298	2	6731	18718.6689	890	1
2_MACS_peak_33640_lociStitched	chrX	153189400	153194807	2	5257	18703.8944	891	1
1_MACS_peak_3729_lociStitched	chr10	52381421	52386013	1	4593	18640.3056	892	1
1_MACS_peak_16162_lociStitched	chr19	56328109	56334318	1	6210	18632.5881	893	1
1_MACS_peak_14563_lociStitched	chr19	2426142	2428457	1	2316	18610.0535	894	1
1_MACS_peak_28166_lociStitched	chr7	7958308	7964533	1	6226	18607.77	895	1
2_MACS_peak_4257_lociStitched	chr10	104401195	104406816	2	5604	18604.9479	896	1
1_MACS_peak_13862_lociStitched	chr18	709996	713247	1	3252	18587.2674	897	1
1_MACS_peak_32181_lociStitched	chr9	125025972	125028644	1	2673	18574.9424	898	1
1_MACS_peak_32093_lociStitched	chr9	116171554	116174462	1	2909	18569.034	899	1
5_MACS_peak_27321_lociStitched	chr6	108878436	108887094	5	8575	18563.6178	900	1
3_MACS_peak_23448_lociStitched	chr4	77117099	77123877	3	6679	18546.6414	901	1
3_MACS_peak_5385_lociStitched	chr11	65204978	65216943	3	11282	18537.3745	902	1
1_MACS_peak_9711_lociStitched	chr15	41574727	41577457	1	2731	18535.608	903	1
1_MACS_peak_29533_lociStitched	chr7	139908920	139915443	1	6524	18518.797	904	1
1_MACS_peak_30743_lociStitched	chr8	105632421	105637940	1	5520	18516.245	905	1
1_MACS_peak_9744_lociStitched	chr15	42564525	42568716	1	4192	18512.0661	906	1
2_MACS_peak_363_lociStitched	chr1	22349792	22353619	2	3717	18493.2121	907	1
3_MACS_peak_32128_lociStitched	chr9	117348974	117355514	3	6397	18468.96	908	1
2_MACS_peak_24202_lociStitched	chr4	185301707	185308760	2	6687	18456.2904	909	1
1_MACS_peak_8588_lociStitched	chr14	35871379	35875395	1	4017	18448.2992	910	1
2_MACS_peak_14666_lociStitched	chr19	5621638	5624632	2	2972	18434.3574	911	1
2_MACS_peak_13629_lociStitched	chr17	74730264	74734612	2	4222	18420.302	912	1
1_MACS_peak_5786_lociStitched	chr11	95521750	95525100	1	3351	18418.97	913	1
1_MACS_peak_3412_lociStitched	chr10	13340929	13345012	1	4084	18418.8213	914	1
3_MACS_peak_20404_lociStitched	chr22	24794648	24800134	3	4648	18417.0506	915	1
1_MACS_peak_25380_lociStitched	chr5	132385914	132389016	1	3103	18398.5824	916	1
1_MACS_peak_10119_lociStitched	chr15	67853653	67858848	1	5196	18393.417	917	1
3_MACS_peak_10232_lociStitched	chr15	73545280	73552796	3	7226	18392.4036	918	1
2_MACS_peak_19920_lociStitched	chr21	36259722	36262997	2	3265	18391.4175	919	1
1_MACS_peak_9831_lociStitched	chr15	48622527	48625473	1	2947	18374.202	920	1
2_MACS_peak_13338_lociStitched	chr17	58514023	58518180	2	4112	18371.4458	921	1
1_MACS_peak_32114_lociStitched	chr9	117145368	117149792	1	4425	18365.7936	922	1
1_MACS_peak_22184_lociStitched	chr3	128900997	128904022	1	3026	18361.4475	923	1
4_MACS_peak_28799_lociStitched	chr7	74071085	74077479	4	5845	18360.371	924	1
1_MACS_peak_13420_lociStitched	chr17	62969887	62973214	1	3328	18350.4012	925	1
1_MACS_peak_13828_lociStitched	chr17	80405882	80409801	1	3920	18342.0957	926	1
2_MACS_peak_22863_lociStitched	chr3	196252514	196256610	2	3693	18338.6112	927	1
3_MACS_peak_33449_lociStitched	chrX	123092863	123097638	3	4527	18314.99	928	1
2_MACS_peak_25277_lociStitched	chr5	124268153	124273749	2	5322	18314.5888	929	1
1_MACS_peak_16616_lociStitched	chr2	28834862	28839148	1	4287	18306.3632	930	1
1_MACS_peak_19518_lociStitched	chr20	48290833	48296574	1	5742	18297.7152	931	1
1_MACS_peak_999_lociStitched	chr1	52342268	52345771	1	3504	18295.1181	932	1
1_MACS_peak_19122_lociStitched	chr20	29610907	29613237	1	2331	18292.131	933	1
1_MACS_peak_21882_lociStitched	chr3	98487851	98492237	1	4387	18282.6024	934	1
1_MACS_peak_10829_lociStitched	chr16	2800709	2804007	1	3299	18279.8246	935	1
1_MACS_peak_13628_lociStitched	chr17	74720811	74724568	1	3758	18259.3957	936	1
4_MACS_peak_28908_lociStitched	chr7	90337560	90345635	4	7801	18258.3825	937	1
1_MACS_peak_5347_lociStitched	chr11	64617959	64621502	1	3544	18235.821	938	1
1_MACS_peak_28379_lociStitched	chr7	30026546	30030147	1	3602	18233.6635	939	1
2_MACS_peak_5420_lociStitched	chr11	65624133	65629092	2	4938	18223.3332	940	1
4_MACS_peak_25708_lociStitched	chr5	154133687	154139117	4	5227	18212.22	941	1
2_MACS_peak_10670_lociStitched	chr15	101458285	101464199	2	5915	18199.7436	942	1
2_MACS_peak_16516_lociStitched	chr2	25093263	25097577	2	4184	18187.3926	943	1
1_MACS_peak_11909_lociStitched	chr16	81829430	81833400	1	3971	18184.982	944	1
1_MACS_peak_19595_lociStitched	chr20	52530991	52535365	1	4375	18170.9082	945	1
1_MACS_peak_29685_lociStitched	chr7	154995869	154999421	1	3553	18148.5888	946	1
2_MACS_peak_19870_lociStitched	chr21	34607104	34613063	2	5477	18124.2985	947	1
1_MACS_peak_31243_lociStitched	chr9	3524978	3529136	1	4159	18118.485	948	1
1_MACS_peak_14912_lociStitched	chr19	12034099	12037169	1	3071	18096.422	949	1
3_MACS_peak_21782_lociStitched	chr3	71826573	71835027	3	8436	18074.652	950	1
2_MACS_peak_18708_lociStitched	chr2	232534948	232540482	2	5183	18066.2964	951	1
1_MACS_peak_17082_lociStitched	chr2	69133827	69137198	1	3372	18061.818	952	1
1_MACS_peak_10118_lociStitched	chr15	67833070	67836151	1	3082	18011.8341	953	1
1_MACS_peak_384_lociStitched	chr1	23880328	23886682	1	6355	18005.3298	954	1
1_MACS_peak_1123_lociStitched	chr1	62901054	62904305	1	3252	17963.7256	955	1
2_MACS_peak_9521_lociStitched	chr15	23664941	23670903	2	5913	17958.1402	956	1
6_MACS_peak_4526_lociStitched	chr10	128143780	128153903	6	9380	17951.1159	957	1
1_MACS_peak_19466_lociStitched	chr20	45177828	45184573	1	6746	17949.794	958	1
1_MACS_peak_32554_lociStitched	chr9	139775619	139782252	1	6634	17947.5714	959	1
3_MACS_peak_28443_lociStitched	chr7	35061178	35067029	3	5488	17937.9958	960	1
1_MACS_peak_22673_lociStitched	chr3	183965716	183968497	1	2782	17937.7281	961	1
1_MACS_peak_27116_lociStitched	chr6	86351180	86354668	1	3489	17937.04	962	1
1_MACS_peak_20704_lociStitched	chr22	39348705	39352377	1	3673	17921.196	963	1
2_MACS_peak_9169_lociStitched	chr14	91788248	91792589	2	4253	17919.2139	964	1
1_MACS_peak_1234_lociStitched	chr1	78442483	78446430	1	3948	17915.0383	965	1
1_MACS_peak_18695_lociStitched	chr2	232327953	232330518	1	2566	17911.6515	966	1
2_MACS_peak_28498_lociStitched	chr7	39660865	39664325	2	3257	17894.774	967	1
2_MACS_peak_29524_lociStitched	chr7	139613847	139618728	2	4509	17891.7936	968	1
2_MACS_peak_19255_lociStitched	chr20	34328655	34331654	2	2875	17880.038	969	1
2_MACS_peak_2191_lociStitched	chr1	167904182	167907433	2	3233	17879.5247	970	1
4_MACS_peak_7348_lociStitched	chr12	111105365	111112797	4	7044	17876.1896	971	1
1_MACS_peak_13787_lociStitched	chr17	79827870	79830878	1	3009	17873.536	972	1
3_MACS_peak_21024_lociStitched	chr3	4870076	4877603	3	7317	17817.1617	973	1
2_MACS_peak_8345_lociStitched	chr13	115043667	115048540	2	4392	17817.1499	974	1
3_MACS_peak_5620_lociStitched	chr11	72861506	72867461	3	5578	17802.4725	975	1
1_MACS_peak_26048_lociStitched	chr5	180256872	180260807	1	3936	17796.431	976	1
2_MACS_peak_19986_lociStitched	chr21	38737680	38741650	2	3868	17753.046	977	1
2_MACS_peak_30789_lociStitched	chr8	118341303	118346624	2	5314	17749.7918	978	1
1_MACS_peak_16758_lociStitched	chr2	38976539	38979303	1	2765	17729.4016	979	1
4_MACS_peak_13928_lociStitched	chr18	9135168	9142537	4	7189	17723.9188	980	1
1_MACS_peak_21412_lociStitched	chr3	45592607	45597980	1	5374	17712.0945	981	1
3_MACS_peak_14830_lociStitched	chr19	10352443	10358165	3	5673	17704.4402	982	1
3_MACS_peak_24090_lociStitched	chr4	159996018	160001708	3	5052	17697.607	983	1
2_MACS_peak_26381_lociStitched	chr6	26194948	26201038	2	6008	17695.104	984	1
1_MACS_peak_14710_lociStitched	chr19	6599773	6604203	1	4431	17682.788	985	1
2_MACS_peak_30951_lociStitched	chr8	128806204	128809647	2	3417	17659.147	986	1
