#07_0EWT_0229Kronos_MM1S-KB-6hr-1_H3K18Ac_hs-dm_i14_peaks Enhancers
#Created from /data/projects/IRF4_mm_trn_data/p300_internal_ChIP/rose/07_0EWT_0229Kronos_MM1S-KB-6hr-1_H3K18Ac_hs-dm_i14_ROSE/07_0EWT_0229Kronos_MM1S-KB-6hr-1_H3K18Ac_hs-dm_i14_peaks_6KB_STITCHED_ENHANCER_REGION_MAP.txt
#Ranked by X07_0EWT_0229Kronos_MM1S.KB.6hr.1_H3K18Ac_hs.dm_i14.bam
#Using cutoff of 15499.1134 for Super-Enhancers
#Created on Jul 18 2024 
REGION_ID	CHROM	START	STOP	NUM_LOCI	CONSTITUENT_SIZE	X07_0EWT_0229Kronos_MM1S.KB.6hr.1_H3K18Ac_hs.dm_i14.bam	X41_0EXT_0229Kronos_MM1S.KB.6hr.1_Input_hs_i85.bam	enhancerRank	isSuperStretch
4_MACS_peak_21165_lociStitched	chr3	141079009	141134018	4	48132	323084.3597	11771.926	1	1
6_MACS_peak_2529_lociStitched	chr1	203236281	203298436	6	47593	322901.4405	16701.0485	2	1
5_MACS_peak_1521_lociStitched	chr1	118141852	118219378	5	62916	178992.0288	8264.2716	3	1
13_MACS_peak_10827_lociStitched	chr16	11754680	11843224	13	61572	187465.3568	15291.5488	4	1
7_MACS_peak_26495_lociStitched	chr6	108878208	108954465	7	67229	119830.2498	11087.7678	5	1
4_MACS_peak_15519_lociStitched	chr2	37528316	37594316	4	54620	165145.2	12025.2	6	1
7_MACS_peak_9258_lociStitched	chr14	91812797	91885978	7	56820	132318.5661	6696.0615	7	1
6_MACS_peak_19185_lociStitched	chr22	23189180	23247707	6	48084	192618.2097	7292.4642	8	1
2_MACS_peak_9418_lociStitched	chr14	106023247	106056562	2	32380	222900.6705	5303.748	9	1
3_MACS_peak_16276_lociStitched	chr2	99060395	99108347	3	45425	156285.1584	9921.2688	10	1
3_MACS_peak_25305_lociStitched	chr6	7880508	7921803	3	35289	194528.3565	8527.4175	11	1
4_MACS_peak_25183_lociStitched	chr6	289699	338047	4	37379	178882.7652	15669.5868	12	1
3_MACS_peak_19192_lociStitched	chr22	23265614	23298684	3	26423	194101.058	6048.503	13	1
2_MACS_peak_12241_lociStitched	chr17	32688336	32727149	2	35790	137972.4524	7510.3155	14	1
5_MACS_peak_12299_lociStitched	chr17	34597769	34642156	5	38717	116928.6741	9068.2641	15	1
7_MACS_peak_18125_lociStitched	chr20	32398516	32452703	7	39056	112671.0291	9574.8429	16	1
3_MACS_peak_18078_lociStitched	chr20	30271528	30312268	3	37560	116817.876	8571.696	17	1
2_MACS_peak_9424_lociStitched	chr14	106145001	106173956	2	28913	150198.2715	3312.452	18	1
8_MACS_peak_26035_lociStitched	chr6	52392524	52443116	8	38375	94951.0656	9379.7568	19	1
7_MACS_peak_13617_lociStitched	chr18	46439499	46483127	7	37585	72426.8428	7386.2204	20	1
5_MACS_peak_12850_lociStitched	chr17	62149810	62187321	5	35829	77478.9705	6673.2069	21	1
1_MACS_peak_22678_lociStitched	chr4	90204750	90230461	1	25712	137944.6572	5461.0164	22	1
4_MACS_peak_29929_lociStitched	chr8	120912485	120950021	4	33425	87612.7776	6272.2656	23	1
5_MACS_peak_4555_lociStitched	chr10	125821885	125854832	5	30599	103677.6196	5518.6225	24	1
7_MACS_peak_9562_lociStitched	chr15	31616554	31660437	7	32828	86774.2442	6810.6416	25	1
4_MACS_peak_11992_lociStitched	chr17	16858917	16895713	4	28085	116941.3676	6328.912	26	1
7_MACS_peak_26837_lociStitched	chr6	138245845	138297860	7	33275	66683.23	8421.2285	27	1
3_MACS_peak_12295_lociStitched	chr17	34509411	34540539	3	27757	109853.8248	7227.9216	28	1
5_MACS_peak_4438_lociStitched	chr10	112596767	112633098	5	26410	112342.7182	6099.9749	29	1
4_MACS_peak_28233_lociStitched	chr7	102063661	102093348	4	23225	117786.1412	4954.7603	30	1
4_MACS_peak_28795_lociStitched	chr7	150052768	150084893	4	25317	109774.3375	7523.675	31	1
6_MACS_peak_14737_lociStitched	chr19	42022266	42070357	6	30161	75002.7236	8488.0615	32	1
1_MACS_peak_26453_lociStitched	chr6	106530349	106556497	1	26149	101012.3388	5033.49	33	1
4_MACS_peak_21645_lociStitched	chr3	183227728	183261017	4	28283	87416.914	8635.1666	34	1
2_MACS_peak_4956_lociStitched	chr11	22676367	22704023	2	23904	103950.6072	4184.3528	35	1
3_MACS_peak_22434_lociStitched	chr4	71524681	71555270	3	23954	104651.0868	5230.719	36	1
2_MACS_peak_21466_lociStitched	chr3	171801339	171827279	2	24477	102719.806	6866.318	37	1
4_MACS_peak_20220_lociStitched	chr3	46317570	46347563	4	28686	59980.0014	5083.8135	38	1
7_MACS_peak_11435_lociStitched	chr16	68269820	68320847	7	28516	58716.7689	8337.8118	39	1
3_MACS_peak_24556_lociStitched	chr5	131744863	131774596	3	23229	96114.8958	5527.3647	40	1
3_MACS_peak_2604_lociStitched	chr1	206282010	206311355	3	22282	101703.901	7036.931	41	1
1_MACS_peak_3300_lociStitched	chr10	11202413	11223822	1	21410	104111.967	5288.023	42	1
2_MACS_peak_1728_lociStitched	chr1	150532148	150553405	2	18774	115115.1578	5790.4068	43	1
4_MACS_peak_14028_lociStitched	chr19	2594383	2628892	4	21526	104158.5147	7409.0823	44	1
2_MACS_peak_15300_lociStitched	chr2	20397345	20426447	2	23449	91103.811	4976.442	45	1
5_MACS_peak_27769_lociStitched	chr7	55614339	55643265	5	28059	50739.0966	4761.2196	46	1
1_MACS_peak_5406_lociStitched	chr11	65183116	65200465	1	17350	114992.6418	4250.505	47	1
3_MACS_peak_10119_lociStitched	chr15	68568561	68599502	3	27133	56247.6439	5247.5936	48	1
4_MACS_peak_25059_lociStitched	chr5	173309349	173343961	4	28031	43991.852	5209.106	49	1
1_MACS_peak_6202_lociStitched	chr11	128585266	128610165	1	24900	67909.5326	4902.6131	50	1
2_MACS_peak_17616_lociStitched	chr2	232687093	232714671	2	27419	31229.3272	3229.3838	51	1
1_MACS_peak_5594_lociStitched	chr11	72850757	72870663	1	19907	94557.4812	4030.965	52	1
3_MACS_peak_12764_lociStitched	chr17	56404904	56431256	3	18812	100717.344	5304.6576	53	1
5_MACS_peak_29168_lociStitched	chr8	27216314	27253229	5	25736	53478.7605	6260.784	54	1
2_MACS_peak_495_lociStitched	chr1	31214061	31236557	2	21584	83606.384	4672.4192	55	1
3_MACS_peak_341_lociStitched	chr1	24512116	24534076	3	18853	96222.132	4350.276	56	1
3_MACS_peak_1838_lociStitched	chr1	154907861	154935778	3	20389	92184.7257	8062.4296	57	1
3_MACS_peak_15889_lociStitched	chr2	65156529	65178981	3	19236	94525.1652	4771.05	58	1
4_MACS_peak_19430_lociStitched	chr22	37610218	37642316	4	23638	67964.3052	5328.268	59	1
1_MACS_peak_12399_lociStitched	chr17	38464936	38484880	1	19945	88325.9928	3360.564	60	1
5_MACS_peak_19012_lociStitched	chr21	45552537	45581097	5	20343	88473.168	6188.952	61	1
4_MACS_peak_12288_lociStitched	chr17	34408767	34432810	4	23883	62769.0601	4375.826	62	1
4_MACS_peak_23370_lociStitched	chr4	185317376	185350088	4	22376	74112.3072	5374.5816	63	1
6_MACS_peak_6389_lociStitched	chr12	7045667	7080971	6	22998	68638.0368	5920.4808	64	1
4_MACS_peak_27022_lociStitched	chr6	157976430	158007505	4	23341	61916.9375	2430.065	65	1
2_MACS_peak_18933_lociStitched	chr21	41324282	41345229	2	20091	86720.58	5948.948	66	1
2_MACS_peak_13329_lociStitched	chr18	9054262	9074781	2	17865	95054.2675	3861.6758	67	1
7_MACS_peak_17334_lociStitched	chr2	204537475	204574890	7	23790	59658.2175	6278.237	68	1
1_MACS_peak_6510_lociStitched	chr12	12865992	12882032	1	16041	100277.268	3203.188	69	1
2_MACS_peak_26309_lociStitched	chr6	88612346	88640704	2	22769	64786.6868	4769.8156	70	1
5_MACS_peak_30003_lociStitched	chr8	126284918	126322830	5	24619	45839.3992	5857.404	71	1
4_MACS_peak_26333_lociStitched	chr6	90056938	90083674	4	21643	71008.1424	4700.1888	72	1
5_MACS_peak_3304_lociStitched	chr10	11279014	11313122	5	24231	46925.7864	5774.4844	73	1
4_MACS_peak_19775_lociStitched	chr3	5222214	5256338	4	24402	43245.3452	5835.204	74	1
2_MACS_peak_14004_lociStitched	chr19	2081459	2098438	2	15440	98787.2178	4677.7145	75	1
3_MACS_peak_10847_lociStitched	chr16	12052167	12072385	3	15193	98633.513	3922.292	76	1
3_MACS_peak_4414_lociStitched	chr10	112103637	112129258	3	16108	95176.8908	4719.3882	77	1
2_MACS_peak_17286_lociStitched	chr2	201979821	201998037	2	16538	92460.7728	3949.2288	78	1
3_MACS_peak_4808_lociStitched	chr11	10323554	10345262	3	19675	77295.6756	3959.5392	79	1
2_MACS_peak_9560_lociStitched	chr15	31546070	31562273	2	14535	98431.6047	3175.788	80	1
3_MACS_peak_17217_lociStitched	chr2	197023851	197049379	3	23309	48347.4792	4778.8416	81	1
1_MACS_peak_25517_lociStitched	chr6	25402499	25415815	1	13317	100856.7156	2825.6552	82	1
1_MACS_peak_6985_lociStitched	chr12	53587230	53604466	1	17237	86826.35	3891.8888	83	1
1_MACS_peak_22251_lociStitched	chr4	40190939	40209724	1	18786	79148.719	4057.56	84	1
2_MACS_peak_13332_lociStitched	chr18	9095105	9123246	2	22673	50755.1076	5093.521	85	1
1_MACS_peak_31157_lociStitched	chr9	112903453	112925610	1	22158	55042.4194	4723.8724	86	1
5_MACS_peak_12604_lociStitched	chr17	46527848	46562184	5	23808	35122.2944	5153.8336	87	1
5_MACS_peak_7435_lociStitched	chr12	92930745	92964722	5	22048	55212.625	5123.7316	88	1
2_MACS_peak_21090_lociStitched	chr3	133178683	133201117	2	19444	71797.7736	4082.988	89	1
3_MACS_peak_28907_lociStitched	chr8	2027301	2050997	3	17313	82888.608	3753.4464	90	1
2_MACS_peak_18479_lociStitched	chr20	52194083	52216196	2	21777	52317.1467	3734.8857	91	1
5_MACS_peak_10588_lociStitched	chr15	101661121	101692582	5	21438	56161.0311	4722.2961	92	1
2_MACS_peak_7650_lociStitched	chr12	109020010	109036076	2	14050	92837.381	3254.9716	93	1
2_MACS_peak_9685_lociStitched	chr15	40386804	40409271	2	18220	75064.4937	4349.6112	94	1
4_MACS_peak_24187_lociStitched	chr5	88595420	88618408	4	17728	76648.8884	3661.9884	95	1
3_MACS_peak_1910_lociStitched	chr1	156450423	156476319	3	21339	54205.5072	6802.8792	96	1
4_MACS_peak_14376_lociStitched	chr19	16243931	16273095	4	21443	49155.922	4747.8992	97	1
3_MACS_peak_19519_lociStitched	chr22	39823073	39846473	3	16480	81284.58	3844.62	98	1
2_MACS_peak_1897_lociStitched	chr1	156115340	156136786	2	18761	69765.9826	5726.082	99	1
2_MACS_peak_4932_lociStitched	chr11	19449526	19467264	2	16936	77658.7378	3790.6106	100	1
4_MACS_peak_1699_lociStitched	chr1	149802809	149834086	4	17927	75859.2358	7493.9692	101	1
2_MACS_peak_1818_lociStitched	chr1	154374114	154394644	2	18224	71528.573	5235.15	102	1
4_MACS_peak_10985_lociStitched	chr16	23342646	23365764	4	16357	79784.8416	3809.8464	103	1
4_MACS_peak_18242_lociStitched	chr20	37486770	37511924	4	14328	88323.2402	4110.1636	104	1
4_MACS_peak_19850_lociStitched	chr3	13035290	13061759	4	18718	67077.7398	4878.2367	105	1
5_MACS_peak_5946_lociStitched	chr11	111230576	111251972	5	19762	57227.8812	4221.4308	106	1
1_MACS_peak_13334_lociStitched	chr18	9133080	9154423	1	21344	39190.0166	4313.4203	107	1
5_MACS_peak_18502_lociStitched	chr20	52530628	52567148	5	20697	47757.204	5594.864	108	1
5_MACS_peak_6999_lociStitched	chr12	53845680	53870486	5	22250	22913.3022	4296.3992	109	1
5_MACS_peak_12976_lociStitched	chr17	72733001	72757066	5	21158	37810.928	3756.5465	110	1
5_MACS_peak_6872_lociStitched	chr12	48195987	48220665	5	18536	60905.304	4037.3208	111	1
3_MACS_peak_14674_lociStitched	chr19	39880726	39904261	3	18363	61977.069	4372.803	112	1
1_MACS_peak_17088_lociStitched	chr2	182168193	182180596	1	12404	87195.5706	2399.9805	113	1
2_MACS_peak_23662_lociStitched	chr5	32570628	32592454	2	18844	57533.336	3961.419	114	1
3_MACS_peak_25514_lociStitched	chr6	25365707	25390553	3	20333	44263.149	4328.1732	115	1
1_MACS_peak_23362_lociStitched	chr4	185200607	185211151	1	10545	91899.3952	2628.6192	116	1
4_MACS_peak_9201_lociStitched	chr14	81930592	81956054	4	18997	51351.7616	2276.3028	117	1
3_MACS_peak_13070_lociStitched	chr17	75128941	75146983	3	16924	66573.1758	3417.1548	118	1
1_MACS_peak_13798_lociStitched	chr18	60821512	60832154	1	10643	90013.2286	2306.1214	119	1
4_MACS_peak_3279_lociStitched	chr10	7511198	7536737	4	18345	56793.6282	3835.9578	120	1
4_MACS_peak_2305_lociStitched	chr1	183856254	183886019	4	17337	65947.334	6405.428	121	1
5_MACS_peak_15851_lociStitched	chr2	64430158	64456583	5	19456	47525.3625	4516.0325	122	1
4_MACS_peak_9702_lociStitched	chr15	40833641	40862686	4	18669	54183.4475	4708.1945	123	1
4_MACS_peak_3646_lociStitched	chr10	45913496	45934797	4	16522	67121.5811	3357.0376	124	1
4_MACS_peak_20209_lociStitched	chr3	46127043	46153735	4	19678	44866.5828	4724.484	125	1
3_MACS_peak_10202_lociStitched	chr15	75063043	75083666	3	19357	45603.6399	4058.6064	126	1
5_MACS_peak_2266_lociStitched	chr1	181095342	181129682	5	19450	47320.52	7582.272	127	1
4_MACS_peak_16200_lociStitched	chr2	88898358	88928469	4	20355	32020.0374	4989.3927	128	1
6_MACS_peak_10438_lociStitched	chr15	89646447	89676849	6	17995	55416.7656	4338.3654	129	1
1_MACS_peak_27987_lociStitched	chr7	78113396	78128498	1	15103	70817.8086	2786.319	130	1
2_MACS_peak_19217_lociStitched	chr22	24178910	24192306	2	12874	79361.9228	2455.4868	131	1
3_MACS_peak_20019_lociStitched	chr3	30681062	30703837	3	19561	38865.5375	3737.3775	132	1
6_MACS_peak_9316_lociStitched	chr14	95945649	95986208	6	20306	27515.2256	3228.4964	133	1
4_MACS_peak_22464_lociStitched	chr4	74453763	74475727	4	17969	52146.9288	3325.3496	134	1
4_MACS_peak_19279_lociStitched	chr22	29206756	29225883	4	17461	54643.9263	3257.3281	135	1
1_MACS_peak_24179_lociStitched	chr5	88110861	88130462	1	19602	32731.7099	3118.5191	136	1
3_MACS_peak_2382_lociStitched	chr1	192498240	192521320	3	17827	53010.144	5453.804	137	1
4_MACS_peak_9490_lociStitched	chr15	23659220	23683050	4	18739	42741.488	3576.883	138	1
4_MACS_peak_24898_lociStitched	chr5	156339029	156370070	4	18202	47579.6448	4317.8031	139	1
4_MACS_peak_21504_lociStitched	chr3	175050501	175074629	4	17898	50823.2192	5004.1472	140	1
4_MACS_peak_17838_lociStitched	chr20	5567084	5592513	4	19534	30207.1091	4251.7288	141	1
4_MACS_peak_1883_lociStitched	chr1	155939001	155962377	4	17271	53844.2784	5453.6208	142	1
5_MACS_peak_16205_lociStitched	chr2	89039408	89066728	5	16712	56566.06	4256.456	143	1
5_MACS_peak_9449_lociStitched	chr15	20969477	20997230	5	19141	33084.3513	3913.173	144	1
2_MACS_peak_13123_lociStitched	chr17	76711161	76733836	2	18829	37459.1	4258.365	145	1
4_MACS_peak_15685_lociStitched	chr2	47526765	47550853	4	17339	50897.944	3981.7464	146	1
6_MACS_peak_9460_lociStitched	chr15	21975634	22002688	6	18990	32367.4056	3985.0542	147	1
3_MACS_peak_17483_lociStitched	chr2	219741278	219763487	3	18417	39072.2937	3546.7773	148	1
3_MACS_peak_21541_lociStitched	chr3	177055561	177080136	3	15701	62292.71	5526.9175	149	1
1_MACS_peak_23845_lociStitched	chr5	55436839	55454134	1	17296	48457.131	2888.265	150	1
1_MACS_peak_27767_lociStitched	chr7	55568992	55586363	1	17372	47297.7588	3083.3525	151	1
2_MACS_peak_11378_lociStitched	chr16	66549013	66560960	2	11819	75895.7069	2573.3838	152	1
5_MACS_peak_24836_lociStitched	chr5	150512777	150544893	5	18673	34267.772	5170.676	153	1
2_MACS_peak_7647_lociStitched	chr12	108953272	108971261	2	17065	49064.9975	3592.4033	154	1
4_MACS_peak_16253_lociStitched	chr2	97190358	97212970	4	16648	52446.2728	3959.3612	155	1
2_MACS_peak_20682_lociStitched	chr3	98479611	98496771	2	16956	48125.22	3155.724	156	1
2_MACS_peak_2672_lociStitched	chr1	209271815	209285276	2	12006	74310.1044	3058.3392	157	1
3_MACS_peak_9946_lociStitched	chr15	56644681	56666288	3	15476	58421.0066	3446.3165	158	1
5_MACS_peak_21326_lociStitched	chr3	156795172	156824568	5	17066	50243.6432	6861.0264	159	1
5_MACS_peak_9679_lociStitched	chr15	40329861	40358594	5	17495	43754.6124	4904.7231	160	1
1_MACS_peak_21560_lociStitched	chr3	178228404	178241641	1	13238	68808.5734	3153.0534	161	1
1_MACS_peak_24180_lociStitched	chr5	88171036	88187178	1	16143	52624.5342	3244.542	162	1
6_MACS_peak_24347_lociStitched	chr5	109247808	109282504	6	18229	33623.8936	5155.8256	163	1
2_MACS_peak_21727_lociStitched	chr3	186703047	186720620	2	14462	63224.1394	5048.7229	164	1
4_MACS_peak_1990_lociStitched	chr1	160633534	160656020	4	14789	61339.5594	5706.9468	165	1
3_MACS_peak_4420_lociStitched	chr10	112167837	112186735	3	17445	37932.0656	3023.68	166	1
1_MACS_peak_23488_lociStitched	chr5	1311271	1320483	1	9213	78601.39	1679.3476	167	1
6_MACS_peak_15873_lociStitched	chr2	64862693	64895960	6	17646	37787.9853	5535.6288	168	1
3_MACS_peak_18132_lociStitched	chr20	32459243	32473839	3	13107	66007.4908	2523.6484	169	1
2_MACS_peak_10325_lociStitched	chr15	81575603	81596908	2	16172	49474.471	4050.0805	170	1
4_MACS_peak_15246_lociStitched	chr2	13680535	13702700	4	17334	38079.47	3304.8015	171	1
4_MACS_peak_11299_lociStitched	chr16	56961043	56985972	4	16520	44555.6017	4362.575	172	1
4_MACS_peak_18856_lociStitched	chr21	36235866	36263113	4	14852	57521.1417	5588.3597	173	1
1_MACS_peak_27768_lociStitched	chr7	55594724	55605709	1	10986	70968.5925	2460.64	174	1
3_MACS_peak_24191_lociStitched	chr5	88633977	88652764	3	13701	60065.7964	3020.9496	175	1
5_MACS_peak_27572_lociStitched	chr7	38383561	38408569	5	17577	29904.5664	4776.528	176	1
2_MACS_peak_22220_lociStitched	chr4	38306934	38322710	2	14280	56377.1136	3128.3808	177	1
3_MACS_peak_24431_lociStitched	chr5	118657728	118678862	3	16174	43024.5972	3751.285	178	1
2_MACS_peak_12197_lociStitched	chr17	29634543	29651190	2	16080	43200.6297	3229.518	179	1
5_MACS_peak_1290_lociStitched	chr1	93408708	93428841	5	17623	22583.1861	1962.9675	180	1
1_MACS_peak_4424_lociStitched	chr10	112214797	112226406	1	11610	67214.9491	2504.0613	181	1
4_MACS_peak_20215_lociStitched	chr3	46245532	46263708	4	14305	54896.9728	3329.8432	182	1
1_MACS_peak_16457_lociStitched	chr2	112455383	112467940	1	12558	62980.8892	2570.4179	183	1
3_MACS_peak_18986_lociStitched	chr21	44724548	44747510	3	14823	51992.8566	4128.5676	184	1
1_MACS_peak_23369_lociStitched	chr4	185300193	185308304	1	8112	76618.1282	1855.7968	185	1
3_MACS_peak_2016_lociStitched	chr1	161144392	161163564	3	13606	59910.5828	4898.446	186	1
2_MACS_peak_18690_lociStitched	chr21	19151601	19169250	2	15569	45426.7611	3123.873	187	1
4_MACS_peak_13457_lociStitched	chr18	23745536	23772121	4	15832	43633.9605	3626.194	188	1
1_MACS_peak_26519_lociStitched	chr6	109213687	109228744	1	15058	47422.0215	2525.0589	189	1
5_MACS_peak_10968_lociStitched	chr16	22194878	22219191	5	17032	29635.1157	4240.1872	190	1
6_MACS_peak_20229_lociStitched	chr3	46419650	46449417	6	17425	22712.221	4348.9587	191	1
3_MACS_peak_25071_lociStitched	chr5	173696009	173710351	3	14046	52966.4402	2529.9288	192	1
1_MACS_peak_25356_lociStitched	chr6	11826730	11838613	1	11884	63616.8288	2439.5799	193	1
2_MACS_peak_23528_lociStitched	chr5	6475485	6487778	2	11377	65227.8873	2070.1412	194	1
2_MACS_peak_31146_lociStitched	chr9	112668363	112684472	2	14050	52534.6708	2783.6352	195	1
5_MACS_peak_25711_lociStitched	chr6	31773733	31805186	5	16537	33764.7955	5057.6424	196	1
1_MACS_peak_22528_lociStitched	chr4	77608517	77625198	1	16682	29792.266	3211.0925	197	1
4_MACS_peak_2560_lociStitched	chr1	204474653	204494431	4	15053	47380.1768	5001.8562	198	1
4_MACS_peak_31668_lociStitched	chrX	10065008	10091261	4	15908	37232.0046	2268.2592	199	1
3_MACS_peak_25155_lociStitched	chr5	180227888	180249497	3	15568	41100.318	3178.6839	200	1
3_MACS_peak_1995_lociStitched	chr1	160694417	160715646	3	14792	49336.196	5326.3561	201	1
6_MACS_peak_9169_lociStitched	chr14	77487938	77510079	6	16490	30198.1099	1970.549	202	1
5_MACS_peak_18297_lociStitched	chr20	42564619	42588426	5	16339	33482.1648	3616.2833	203	1
1_MACS_peak_18959_lociStitched	chr21	43479645	43487121	1	7477	75570.3984	2318.3076	204	1
4_MACS_peak_5731_lociStitched	chr11	82764056	82790604	4	15238	44640.462	4850.3196	205	1
3_MACS_peak_1118_lociStitched	chr1	75595706	75612596	3	16179	32405.154	2141.652	206	1
2_MACS_peak_15227_lociStitched	chr2	11883423	11898265	2	14473	46727.0686	2773.9698	207	1
5_MACS_peak_31467_lociStitched	chr9	134126946	134153428	5	15838	36071.1322	4057.0424	208	1
2_MACS_peak_32004_lociStitched	chrX	48790379	48805143	2	13437	51972.2328	1765.7744	209	1
1_MACS_peak_17299_lociStitched	chr2	202115789	202128903	1	13115	54453.2622	2620.1772	210	1
3_MACS_peak_18363_lociStitched	chr20	45172206	45192018	3	16022	32075.628	2948.0256	211	1
1_MACS_peak_11298_lociStitched	chr16	56942971	56954999	1	12029	58237.1704	2169.8512	212	1
3_MACS_peak_4033_lociStitched	chr10	81001094	81020781	3	15726	33294.6544	3161.7322	213	1
4_MACS_peak_30912_lociStitched	chr9	93670850	93690425	4	14155	46243.98	2789.4375	214	1
3_MACS_peak_20513_lociStitched	chr3	69128509	69145922	3	15503	35418.042	3451.2566	215	1
2_MACS_peak_5999_lociStitched	chr11	115089703	115102601	2	11525	59929.2672	2329.3788	216	1
6_MACS_peak_25576_lociStitched	chr6	27082424	27116115	6	15486	35796.6875	4629.1434	217	1
4_MACS_peak_15589_lociStitched	chr2	42343447	42361121	4	15249	36328.907	2757.144	218	1
2_MACS_peak_21432_lociStitched	chr3	169655846	169668581	2	12342	56123.145	3597.6375	219	1
2_MACS_peak_19277_lociStitched	chr22	29185726	29199581	2	13664	46610.991	2768.229	220	1
1_MACS_peak_15588_lociStitched	chr2	42322978	42335259	1	12282	53546.3881	2450.0595	222	1
3_MACS_peak_28383_lociStitched	chr7	114556841	114574643	3	13017	51328.5066	4439.8188	223	1
4_MACS_peak_6484_lociStitched	chr12	11901580	11920710	4	15226	32123.096	3435.748	224	1
4_MACS_peak_25535_lociStitched	chr6	26183383	26207385	4	14604	38619.218	3708.309	225	1
4_MACS_peak_27320_lociStitched	chr7	18533772	18561362	4	15432	30078.618	4243.342	226	1
5_MACS_peak_17221_lociStitched	chr2	197074700	197106717	5	15603	28043.6903	4719.3058	227	1
3_MACS_peak_12956_lociStitched	chr17	70582369	70602293	3	14629	37273.8192	3215.7336	228	1
3_MACS_peak_26908_lociStitched	chr6	143162785	143180498	3	15005	31791.2924	1634.9099	229	1
3_MACS_peak_7233_lociStitched	chr12	68751860	68770776	3	12624	51478.0024	3401.0968	230	1
3_MACS_peak_24562_lociStitched	chr5	131822830	131842813	3	14770	35859.4935	3584.9502	231	1
2_MACS_peak_2914_lociStitched	chr1	226839035	226852559	2	12785	50687.952	3666.3564	232	1
3_MACS_peak_2578_lociStitched	chr1	205242284	205259068	3	12738	51330.5072	4132.2208	233	1
3_MACS_peak_30930_lociStitched	chr9	94180329	94196051	3	14861	34112.0234	2962.0248	234	1
2_MACS_peak_24559_lociStitched	chr5	131789831	131804405	2	13660	43969.758	2770.5174	235	1
3_MACS_peak_2201_lociStitched	chr1	174922516	174942385	3	15102	32533.5006	4271.835	236	1
2_MACS_peak_6639_lociStitched	chr12	26265720	26280610	2	14719	34220.198	2620.64	237	1
2_MACS_peak_7856_lociStitched	chr12	123371140	123387424	2	15473	24101.9484	1608.8592	238	1
1_MACS_peak_15608_lociStitched	chr2	43444052	43456919	1	12868	47872.9602	2515.4985	239	1
7_MACS_peak_11106_lociStitched	chr16	30193701	30227225	7	15341	29232.928	5886.8144	240	1
4_MACS_peak_25973_lociStitched	chr6	45382888	45402664	4	13709	42043.776	2887.296	241	1
2_MACS_peak_25553_lociStitched	chr6	26354856	26367778	2	12665	47758.4198	2320.7912	242	1
2_MACS_peak_5952_lociStitched	chr11	111279653	111294506	2	14705	32088.4212	2683.9371	243	1
5_MACS_peak_15666_lociStitched	chr2	46785372	46804516	5	15351	24456.46	3327.2272	244	1
2_MACS_peak_19471_lociStitched	chr22	38781971	38797130	2	15087	26134.116	2657.3727	245	1
2_MACS_peak_3789_lociStitched	chr10	63797955	63814956	2	13652	40506.5826	2793.2643	246	1
2_MACS_peak_6550_lociStitched	chr12	15100942	15116370	2	15139	25326.6048	3119.5416	247	1
3_MACS_peak_29661_lociStitched	chr8	81046334	81061694	3	15033	26184.192	2709.504	248	1
3_MACS_peak_6319_lociStitched	chr12	4216085	4230901	3	10528	57179.3888	2761.7024	249	1
3_MACS_peak_18052_lociStitched	chr20	25261471	25282814	3	13847	37683.2008	3246.2703	250	1
6_MACS_peak_17293_lociStitched	chr2	202081169	202102261	6	15092	24300.0932	3975.842	251	1
3_MACS_peak_10222_lociStitched	chr15	75352717	75371232	3	13832	37726.164	3186.4315	252	1
4_MACS_peak_10424_lociStitched	chr15	89163665	89184905	4	14992	24816.816	3355.92	253	1
1_MACS_peak_1038_lociStitched	chr1	66736644	66750677	1	14034	34636.2506	2629.7842	254	1
3_MACS_peak_3636_lociStitched	chr10	45453921	45475559	3	14882	25483.0726	3278.157	255	1
2_MACS_peak_7430_lociStitched	chr12	92853939	92866962	2	12962	42859.9953	2381.9067	256	1
2_MACS_peak_9958_lociStitched	chr15	58581726	58595710	2	12108	48209.84	2543.6896	257	1
5_MACS_peak_20496_lociStitched	chr3	66530525	66552388	5	15198	19788.2013	3174.5076	258	1
4_MACS_peak_15675_lociStitched	chr2	47193795	47215128	4	13414	40394.0355	3377.0139	259	1
4_MACS_peak_11254_lociStitched	chr16	50713906	50732906	4	14397	30707.8	2736	260	1
6_MACS_peak_15941_lociStitched	chr2	68936242	68965530	6	14671	28901.3984	4378.556	261	1
3_MACS_peak_20241_lociStitched	chr3	46577650	46592060	3	12428	45597.563	2560.657	262	1
4_MACS_peak_23280_lociStitched	chr4	173896576	173919991	4	14860	23813.055	3320.247	263	1
4_MACS_peak_9640_lociStitched	chr15	38360697	38380788	4	12753	44270.5185	3544.0524	264	1
5_MACS_peak_15304_lociStitched	chr2	20610830	20631198	5	14395	29553.968	3083.7152	265	1
3_MACS_peak_12610_lociStitched	chr17	46580014	46596249	3	14754	24233.9845	2490.449	266	1
2_MACS_peak_15404_lociStitched	chr2	27374587	27390339	2	13707	35912.9848	2599.08	267	1
3_MACS_peak_313_lociStitched	chr1	23850116	23867235	3	11828	49242.8035	3136.2008	268	1
5_MACS_peak_12542_lociStitched	chr17	43504962	43531675	5	14858	23242.9813	3542.1438	269	1
3_MACS_peak_13128_lociStitched	chr17	76763207	76779790	3	14567	26488.0259	2812.4768	270	1
2_MACS_peak_23660_lociStitched	chr5	32530422	32544426	2	13167	39606.1128	2748.9852	271	1
2_MACS_peak_18485_lociStitched	chr20	52267708	52279876	2	11978	46371.0312	2274.1992	272	1
3_MACS_peak_13066_lociStitched	chr17	75078689	75093228	3	13980	31421.6868	2699.8923	273	1
3_MACS_peak_19900_lociStitched	chr3	15834971	15852117	3	14412	25844.1658	2683.349	274	1
1_MACS_peak_8594_lociStitched	chr13	114556452	114568175	1	11724	47876.732	2971.7805	275	1
6_MACS_peak_11084_lociStitched	chr16	29815501	29837643	6	14015	30420.8938	3223.8752	276	1
2_MACS_peak_22606_lociStitched	chr4	84130812	84144465	2	12455	42804.8856	2551.7457	277	1
1_MACS_peak_12855_lociStitched	chr17	62196837	62211002	1	14166	26829.9265	2811.7525	279	1
1_MACS_peak_12375_lociStitched	chr17	37924583	37938258	1	13676	31092.8475	2536.7125	280	1
3_MACS_peak_26516_lociStitched	chr6	109186213	109207505	3	13799	30707.3224	3496.1464	281	1
5_MACS_peak_6840_lociStitched	chr12	46776053	46798882	5	14016	28184.6834	3538.495	282	1
3_MACS_peak_29217_lociStitched	chr8	29404082	29419076	3	12272	42227.6022	2381.0472	283	1
3_MACS_peak_3033_lociStitched	chr1	234734059	234750236	3	12192	44425.2774	4091.1633	284	1
2_MACS_peak_6522_lociStitched	chr12	13241884	13256034	2	14094	25846.39	2614.92	285	1
2_MACS_peak_18147_lociStitched	chr20	32988962	33005906	2	13674	30456.84	2636.4864	286	1
1_MACS_peak_16147_lociStitched	chr2	86219293	86229281	1	9989	53078.2296	1924.6876	287	1
2_MACS_peak_17957_lociStitched	chr20	17826231	17840397	2	12143	42136.767	2331.7236	289	1
3_MACS_peak_21041_lociStitched	chr3	129026402	129048418	3	13970	26487.4496	3306.8032	290	1
2_MACS_peak_18810_lociStitched	chr21	34599873	34613458	2	11278	47855.8795	3271.268	292	1
3_MACS_peak_5566_lociStitched	chr11	71413776	71427436	3	12776	37193.448	2734.732	293	1
3_MACS_peak_27651_lociStitched	chr7	44661752	44680287	3	13793	27663.4875	3173.192	294	1
3_MACS_peak_15357_lociStitched	chr2	25623806	25645681	3	11622	45145.625	3633.4375	295	1
1_MACS_peak_30128_lociStitched	chr8	137188913	137201810	1	12898	34763.8635	2581.9794	296	1
4_MACS_peak_22491_lociStitched	chr4	76023197	76044177	4	12335	39918.646	3478.484	297	1
5_MACS_peak_29183_lociStitched	chr8	27930170	27951498	5	13897	24051.5856	3386.8864	298	1
2_MACS_peak_21730_lociStitched	chr3	186779577	186792720	2	9806	53878.4142	3858.7848	299	1
3_MACS_peak_29221_lociStitched	chr8	29463168	29478099	3	13241	30321.8748	2294.8947	300	1
1_MACS_peak_26457_lociStitched	chr6	106609426	106619156	1	9731	52048.689	1991.731	301	1
6_MACS_peak_15977_lociStitched	chr2	70334954	70360905	6	12679	36891.9416	3895.2451	302	1
1_MACS_peak_18555_lociStitched	chr20	56047137	56058651	1	11515	42783.7212	1774.3074	303	1
2_MACS_peak_19497_lociStitched	chr22	39458837	39474340	2	13381	28624.7392	2466.5273	304	1
2_MACS_peak_18320_lociStitched	chr20	43269379	43282408	2	12743	34608.9327	2360.8548	305	1
4_MACS_peak_14019_lociStitched	chr19	2455389	2480615	4	13181	32296.8478	4550.7704	306	1
4_MACS_peak_695_lociStitched	chr1	40839246	40858701	4	13689	25272.045	3766.488	307	1
1_MACS_peak_409_lociStitched	chr1	27018179	27031125	1	12947	31647.7916	2189.1686	308	1
2_MACS_peak_24158_lociStitched	chr5	86407991	86420485	2	12328	36792.3312	2371.3612	309	1
7_MACS_peak_5354_lociStitched	chr11	63992769	64020027	7	13974	19573.9698	3807.9426	310	1
1_MACS_peak_21499_lociStitched	chr3	174863583	174871752	1	8170	56671.6206	2039.7993	312	1
2_MACS_peak_5412_lociStitched	chr11	65263616	65279092	2	11331	44182.4324	3406.2676	313	1
2_MACS_peak_26777_lociStitched	chr6	135190206	135204490	2	9172	53140.7652	2056.896	315	1
3_MACS_peak_16809_lociStitched	chr2	158323256	158337941	3	10290	48918.672	2662.3905	316	1
3_MACS_peak_14881_lociStitched	chr19	47728651	47748478	3	12982	30682.2825	2898.7074	317	1
1_MACS_peak_27433_lociStitched	chr7	26002066	26012324	1	10259	48257.7352	2239.3214	318	1
3_MACS_peak_7420_lociStitched	chr12	92754465	92770626	3	11002	44930.8122	2774.8437	319	1
2_MACS_peak_19179_lociStitched	chr22	23088011	23101860	2	12988	29879.2175	2415.2656	320	1
3_MACS_peak_18488_lociStitched	chr20	52336841	52358973	3	12343	36632.8864	3452.592	321	1
3_MACS_peak_22307_lociStitched	chr4	48191397	48206753	3	12435	35166.7756	2761.0088	322	1
2_MACS_peak_18931_lociStitched	chr21	41295893	41310444	2	10941	45906.9499	3554.8093	323	1
4_MACS_peak_30193_lociStitched	chr8	145009740	145028023	4	13542	22956.1348	2294.5165	324	1
7_MACS_peak_14210_lociStitched	chr19	10513389	10543541	7	13801	19336.4776	3576.0272	326	1
2_MACS_peak_25706_lociStitched	chr6	31694327	31709390	2	12167	36707.0247	2804.7306	327	1
5_MACS_peak_5523_lociStitched	chr11	67760370	67781834	5	13442	24353.0544	3397.7512	328	1
3_MACS_peak_31390_lociStitched	chr9	130828870	130845653	3	13333	25080.5152	2962.1995	329	1
2_MACS_peak_29234_lociStitched	chr8	29622083	29635670	2	10204	47809.9356	2410.3338	330	1
3_MACS_peak_14598_lociStitched	chr19	35694932	35708177	3	11237	42279.3645	2507.2785	331	1
1_MACS_peak_28640_lociStitched	chr7	136034857	136047648	1	12792	31028.4078	3123.5622	332	1
1_MACS_peak_1614_lociStitched	chr1	145448404	145458175	1	9772	50189.7186	3151.1475	333	1
3_MACS_peak_3274_lociStitched	chr10	6953719	6973196	3	10212	48186.098	3202.0188	334	1
2_MACS_peak_27728_lociStitched	chr7	50343424	50358012	2	12933	28401.3772	2627.2988	335	1
2_MACS_peak_22254_lociStitched	chr4	40301739	40320004	2	12779	30224.922	3143.4065	336	1
2_MACS_peak_2721_lociStitched	chr1	211742899	211756657	2	13583	20064.6672	3495.9078	337	1
5_MACS_peak_32454_lociStitched	chrX	128902295	128921341	5	13311	21718.1538	1716.0446	338	1
1_MACS_peak_2304_lociStitched	chr1	183808319	183816970	1	8652	53425.9807	2564.1564	339	1
2_MACS_peak_25352_lociStitched	chr6	11722040	11736076	2	12426	31683.4628	2172.7728	340	1
2_MACS_peak_27695_lociStitched	chr7	47513178	47524898	2	11451	39319.428	2342.828	341	1
5_MACS_peak_24172_lociStitched	chr5	87954543	87976666	5	11482	39989.5348	3265.3548	342	1
2_MACS_peak_15975_lociStitched	chr2	70310062	70323458	2	8781	52508.3012	2376.4504	343	1
4_MACS_peak_4053_lociStitched	chr10	81946250	81966435	4	13169	23983.817	3146.8415	344	1
4_MACS_peak_13051_lociStitched	chr17	74476092	74498600	4	12566	30604.1276	3128.612	345	1
1_MACS_peak_22772_lociStitched	chr4	105406985	105417701	1	10717	42550.0212	1770.2832	347	1
3_MACS_peak_19257_lociStitched	chr22	26974520	26992616	3	12339	31867.056	3096.2256	348	1
2_MACS_peak_24738_lociStitched	chr5	142772437	142786078	2	12535	28661.1051	2046.15	349	1
4_MACS_peak_25104_lociStitched	chr5	176717146	176740809	4	12819	27368.6258	3939.8895	350	1
3_MACS_peak_14010_lociStitched	chr19	2254673	2271703	3	12519	30410.471	3836.859	351	1
1_MACS_peak_12535_lociStitched	chr17	43298052	43308160	1	10109	44930.06	2222.7492	352	1
3_MACS_peak_12390_lociStitched	chr17	38251222	38270618	3	13241	19095.362	3266.2864	353	1
4_MACS_peak_24894_lociStitched	chr5	156305037	156321995	4	13123	19734.0246	2253.7182	355	1
1_MACS_peak_8197_lociStitched	chr13	46269200	46281295	1	12096	30484.238	1210.7095	356	1
1_MACS_peak_26503_lociStitched	chr6	108986422	108998450	1	12029	31634.8428	1786.158	357	1
5_MACS_peak_7511_lociStitched	chr12	96878263	96902137	5	12770	25497.432	3447.4056	358	1
3_MACS_peak_18331_lociStitched	chr20	43677456	43694321	3	12836	23587.389	2652.8645	359	1
1_MACS_peak_2616_lociStitched	chr1	206727549	206738639	1	11091	39797.574	3443.445	361	1
3_MACS_peak_10523_lociStitched	chr15	93345918	93364630	3	11236	37927.3528	2640.2632	362	1
3_MACS_peak_9823_lociStitched	chr15	46993938	47008968	3	12943	20422.764	2362.716	363	1
4_MACS_peak_10028_lociStitched	chr15	63758653	63780339	4	12997	20684.1068	3615.0562	364	1
3_MACS_peak_4892_lociStitched	chr11	16967052	16986797	3	11835	33404.591	3356.65	365	1
1_MACS_peak_22425_lociStitched	chr4	69434532	69444702	1	10171	42727.221	1736.019	366	1
1_MACS_peak_21534_lociStitched	chr3	176911491	176921264	1	9774	45464.9733	2519.4794	367	1
3_MACS_peak_18325_lociStitched	chr20	43587474	43609089	3	12608	25142.568	3376.263	368	1
6_MACS_peak_1073_lociStitched	chr1	68201175	68232772	6	12788	23571.362	4218.1995	369	1
1_MACS_peak_19260_lociStitched	chr22	27003908	27015139	1	11232	36026.8018	2073.2426	370	1
4_MACS_peak_3917_lociStitched	chr10	74006566	74024545	4	12327	26497.4502	2846.0757	371	1
2_MACS_peak_31262_lociStitched	chr9	123652859	123667902	2	11385	34465.0173	2306.0919	372	1
4_MACS_peak_26779_lociStitched	chr6	135322535	135344069	4	12475	25212.0072	3535.8828	373	1
3_MACS_peak_19003_lociStitched	chr21	45194796	45210479	3	11594	33655.718	3577.2923	374	1
3_MACS_peak_31887_lociStitched	chrX	39953154	39969660	3	12572	21015.4392	1097.649	375	1
2_MACS_peak_7387_lociStitched	chr12	89737920	89749613	2	10935	37216.4804	2270.7806	376	1
2_MACS_peak_30046_lociStitched	chr8	129664360	129679098	2	10383	40243.5828	2257.8616	377	1
5_MACS_peak_5723_lociStitched	chr11	82666413	82689940	5	12433	23741.0957	3444.3528	378	1
5_MACS_peak_11410_lociStitched	chr16	67562370	67587482	5	12373	24401.3304	3711.5536	380	1
2_MACS_peak_4983_lociStitched	chr11	26098162	26113251	2	10672	37099.3243	2011.3637	381	1
1_MACS_peak_11867_lociStitched	chr17	6062036	6071807	1	9772	41988.9183	1796.8869	382	1
1_MACS_peak_16807_lociStitched	chr2	158293510	158302892	1	9383	44052.2428	2105.3208	383	1
1_MACS_peak_7571_lociStitched	chr12	102870413	102879462	1	9050	45444.9829	1966.3477	384	1
2_MACS_peak_22216_lociStitched	chr4	38123489	38136721	2	11227	32997.9616	2344.7104	385	1
1_MACS_peak_1994_lociStitched	chr1	160674775	160685497	1	10723	37192.4736	3136.185	386	1
4_MACS_peak_18822_lociStitched	chr21	34732642	34757296	4	11935	28798.3374	5066.397	387	1
4_MACS_peak_23439_lociStitched	chr4	187748974	187775631	4	11890	27800.5853	3825.2795	388	1
4_MACS_peak_7656_lociStitched	chr12	109161657	109181110	4	11797	27813.8994	3065.7928	389	1
4_MACS_peak_1483_lociStitched	chr1	115233075	115251515	4	12049	23405.892	1571.088	390	1
2_MACS_peak_24341_lociStitched	chr5	109023898	109037336	2	12051	24431.6278	2694.319	392	1
3_MACS_peak_11612_lociStitched	chr16	81841465	81857784	3	11920	24029.7275	1684.1208	394	1
4_MACS_peak_23407_lociStitched	chr4	186252317	186275244	4	12185	22250.6535	3363.3909	395	1
2_MACS_peak_27348_lociStitched	chr7	20476307	20490794	2	11505	28020.7554	2235.3441	396	1
3_MACS_peak_13107_lociStitched	chr17	76137394	76152684	3	12051	21529.849	1879.141	397	1
1_MACS_peak_17585_lociStitched	chr2	231729275	231739972	1	10698	33270.8791	1039.7484	398	1
1_MACS_peak_6949_lociStitched	chr12	51311853	51323144	1	11292	29451.4444	2181.4212	399	1
1_MACS_peak_20964_lociStitched	chr3	124501121	124512813	1	11693	25044.264	1714.0472	400	1
1_MACS_peak_1432_lociStitched	chr1	111172533	111181628	1	9096	42243.5465	1181.4405	402	1
4_MACS_peak_18548_lociStitched	chr20	55957793	55975718	4	12011	21816.5175	2787.3375	403	1
3_MACS_peak_623_lociStitched	chr1	37930806	37946415	3	11809	23578.9554	2424.0777	404	1
3_MACS_peak_26603_lociStitched	chr6	117858789	117877404	3	11726	24864.0555	2751.297	405	1
4_MACS_peak_25502_lociStitched	chr6	25162690	25180343	4	12046	20729.9179	2732.6844	406	1
1_MACS_peak_25188_lociStitched	chr6	388909	400898	1	11990	21155.7894	2683.1382	408	1
1_MACS_peak_24791_lociStitched	chr5	148204551	148215821	1	11271	28137.809	2565.052	409	1
3_MACS_peak_1452_lociStitched	chr1	112134457	112148275	3	11331	26418.6342	1486.8168	410	1
3_MACS_peak_25290_lociStitched	chr6	7135033	7148202	3	11519	25162.0083	2398.0749	412	1
2_MACS_peak_16784_lociStitched	chr2	153913678	153928908	2	11441	26046.346	2560.163	413	1
3_MACS_peak_14201_lociStitched	chr19	10329041	10347999	3	11154	28734.6406	2720.473	414	1
2_MACS_peak_18276_lociStitched	chr20	40710007	40726886	2	11593	23704.8676	2486.2767	415	1
3_MACS_peak_14472_lociStitched	chr19	19050051	19062531	3	11241	26802.048	1914.432	416	1
2_MACS_peak_27746_lociStitched	chr7	52773175	52788769	2	11080	28543.2576	2176.9224	417	1
2_MACS_peak_26455_lociStitched	chr6	106585243	106596671	2	10275	34735.406	2210.1752	419	1
1_MACS_peak_23089_lociStitched	chr4	144272721	144283148	1	10428	33690.6797	2359.6301	420	1
3_MACS_peak_252_lociStitched	chr1	17215585	17233523	3	8164	48470.2698	5078.2478	421	1
1_MACS_peak_18373_lociStitched	chr20	45978320	45987400	1	9081	40723.8	1847.78	422	1
2_MACS_peak_10990_lociStitched	chr16	23404123	23419599	2	9711	37790.8444	2350.8044	423	1
2_MACS_peak_19201_lociStitched	chr22	23477663	23488842	2	10269	33979.6884	2099.4162	424	1
3_MACS_peak_29070_lociStitched	chr8	19518842	19540575	3	11499	24217.0819	3207.7908	425	1
4_MACS_peak_21265_lociStitched	chr3	151985207	152002053	4	11859	18726.0136	2900.8812	426	1
2_MACS_peak_1612_lociStitched	chr1	145426971	145441216	2	9764	38415.916	3490.025	427	1
3_MACS_peak_16381_lociStitched	chr2	109829260	109843765	3	11329	24992.115	2612.3505	428	1
2_MACS_peak_12638_lociStitched	chr17	47815867	47827688	2	10569	31611.7182	2326.3728	429	1
1_MACS_peak_5225_lociStitched	chr11	58340004	58347938	1	7935	45313.4542	1721.678	430	1
2_MACS_peak_6662_lociStitched	chr12	27329610	27340832	2	11223	25374.0642	2036.793	431	1
1_MACS_peak_8385_lociStitched	chr13	78688794	78696771	1	7978	44431.89	1525.2024	435	1
3_MACS_peak_768_lociStitched	chr1	44289564	44305993	3	11423	22880.6683	2700.9276	436	1
4_MACS_peak_15857_lociStitched	chr2	64497291	64516309	4	10794	29124.1652	2696.7524	438	1
1_MACS_peak_7471_lociStitched	chr12	94595810	94603826	1	8017	44464.752	1842.8784	439	1
3_MACS_peak_26867_lociStitched	chr6	139632144	139649231	3	11488	21615.055	2586.9718	440	1
3_MACS_peak_28347_lociStitched	chr7	110713219	110734268	3	11431	23770.6357	4228.7441	442	1
2_MACS_peak_2326_lociStitched	chr1	184710805	184725715	2	11450	22445.514	3456.138	443	1
1_MACS_peak_24536_lociStitched	chr5	130708682	130719329	1	10648	29039.6925	1983.5361	444	1
2_MACS_peak_3211_lociStitched	chr10	3798250	3808778	2	10341	31312.3776	1835.0304	445	1
1_MACS_peak_2429_lociStitched	chr1	197739980	197749053	1	9074	39564.6311	2546.7911	447	1
5_MACS_peak_1592_lociStitched	chr1	144960522	144985177	5	11372	25732.4235	6762.8665	448	1
1_MACS_peak_25742_lociStitched	chr6	32934675	32941753	1	7079	46819.5544	1547.2508	449	1
3_MACS_peak_32625_lociStitched	chrX	153233701	153252617	3	11200	22037.14	1403.5672	450	1
4_MACS_peak_320_lociStitched	chr1	23936997	23954622	4	11277	21899.0625	2557.3875	451	1
1_MACS_peak_15524_lociStitched	chr2	37614310	37624907	1	10598	28233.5871	2025.0867	452	1
3_MACS_peak_25600_lociStitched	chr6	27790765	27808209	3	10174	32053.35	2586.9452	453	1
3_MACS_peak_20722_lociStitched	chr3	101495432	101513737	3	11145	23377.3155	3258.29	454	1
3_MACS_peak_25523_lociStitched	chr6	26020307	26035162	3	10822	26002.192	2454.046	455	1
3_MACS_peak_31264_lociStitched	chr9	123688624	123699657	3	10830	24841.9028	1897.676	456	1
4_MACS_peak_24744_lociStitched	chr5	142952714	142975284	4	10967	25000.789	3649.569	457	1
3_MACS_peak_25034_lociStitched	chr5	171601040	171616156	3	10858	24976.1668	2568.2084	459	1
4_MACS_peak_23857_lociStitched	chr5	55953634	55969129	4	11151	21065.4525	2096.4735	460	1
1_MACS_peak_23592_lociStitched	chr5	15440097	15450106	1	10010	31387.2231	1861.674	461	1
1_MACS_peak_15523_lociStitched	chr2	37600684	37607502	1	6819	46601.03	1647.9106	462	1
2_MACS_peak_9106_lociStitched	chr14	72980229	72990433	2	9662	32807.9008	998.9716	463	1
3_MACS_peak_6247_lociStitched	chr11	132214910	132231589	3	10684	26147.6683	2705.3338	464	1
3_MACS_peak_2474_lociStitched	chr1	200850777	200863773	3	9735	33501.0888	2747.3544	465	1
2_MACS_peak_21790_lociStitched	chr3	193815185	193823784	2	8564	40089.3979	2610.6564	466	1
2_MACS_peak_26820_lociStitched	chr6	137971581	137983631	2	11136	19331.815	1949.69	467	1
2_MACS_peak_27250_lociStitched	chr7	7997771	8013524	2	10782	23966.6142	2414.9349	468	1
2_MACS_peak_17189_lociStitched	chr2	192530577	192546452	2	10543	26439.8125	2595.5625	469	1
2_MACS_peak_26716_lociStitched	chr6	130833387	130848536	2	11022	20531.4397	2087.5322	471	1
1_MACS_peak_30356_lociStitched	chr9	9605086	9615838	1	10753	23101.7472	1623.552	472	1
2_MACS_peak_28058_lociStitched	chr7	90351967	90367943	2	10888	22304.0936	2580.124	475	1
1_MACS_peak_26833_lociStitched	chr6	138186647	138196224	1	9578	33178.5588	2154.825	476	1
3_MACS_peak_25532_lociStitched	chr6	26155212	26173962	3	10911	22126.875	2730	477	1
2_MACS_peak_18602_lociStitched	chr20	61272942	61285244	2	10480	25867.4154	1994.1542	479	1
2_MACS_peak_11573_lociStitched	chr16	79629540	79640887	2	10934	19715.4125	906.6253	480	1
2_MACS_peak_24648_lociStitched	chr5	138719841	138730595	2	10127	28754.0452	2078.7482	481	1
2_MACS_peak_1829_lociStitched	chr1	154755598	154766307	2	10193	28795.4301	2830.3887	482	1
5_MACS_peak_25326_lociStitched	chr6	10403244	10430906	5	10962	21717.4362	3745.4348	483	1
2_MACS_peak_28799_lociStitched	chr7	150100843	150114005	2	7603	43545.1608	2918.0154	485	1
4_MACS_peak_21596_lociStitched	chr3	181417158	181433137	4	10971	20441.9347	2879.4158	486	1
1_MACS_peak_12374_lociStitched	chr17	37909172	37916077	1	6906	44358.4105	1544.6485	489	1
2_MACS_peak_14398_lociStitched	chr19	16694158	16706539	2	9968	29204.3028	2452.6761	490	1
3_MACS_peak_31259_lociStitched	chr9	123630318	123646039	3	9813	30393.4093	2482.3459	491	1
4_MACS_peak_23374_lociStitched	chr4	185366246	185381428	4	10845	20734.0574	2852.6978	492	1
2_MACS_peak_31237_lociStitched	chr9	117660288	117673679	2	10906	19384.8116	2382.2589	493	1
3_MACS_peak_28224_lociStitched	chr7	101921657	101936124	3	10846	19734.4347	1993.5526	494	1
2_MACS_peak_24378_lociStitched	chr5	112256317	112267730	2	9541	31675.6402	2002.9815	495	1
1_MACS_peak_28720_lociStitched	chr7	142502761	142509431	1	6671	45221.933	1955.644	497	1
3_MACS_peak_1880_lociStitched	chr1	155903110	155919030	3	10746	21813.584	3443.496	498	1
1_MACS_peak_17891_lociStitched	chr20	9489784	9498967	1	9184	33302.1495	1618.9629	499	1
3_MACS_peak_11841_lociStitched	chr17	4842339	4854820	3	9892	28982.1301	2276.5344	500	1
2_MACS_peak_2638_lociStitched	chr1	207092387	207105342	2	8129	40445.51	3189.521	502	1
2_MACS_peak_21060_lociStitched	chr3	130557341	130574105	2	10835	19566.9408	2633.6244	503	1
3_MACS_peak_27664_lociStitched	chr7	45025263	45042100	3	10781	20106.7454	2618.1535	504	1
1_MACS_peak_2229_lociStitched	chr1	178544290	178552608	1	8319	38629.6238	2393.9204	505	1
2_MACS_peak_19468_lociStitched	chr22	38700748	38714982	2	10798	18881.401	2142.217	507	1
5_MACS_peak_5372_lociStitched	chr11	64611170	64634293	5	10729	20454.6058	3147.0403	510	1
2_MACS_peak_2719_lociStitched	chr1	211686763	211702699	2	10726	20845.8816	3526.6368	511	1
3_MACS_peak_9613_lociStitched	chr15	34619096	34635873	3	10078	26952.2505	2719.5517	512	1
2_MACS_peak_21263_lociStitched	chr3	151910868	151921688	2	10085	25952.852	1802.612	514	1
2_MACS_peak_11690_lociStitched	chr16	89033292	89046340	2	9167	32047.1928	1140.3952	515	1
4_MACS_peak_13961_lociStitched	chr19	1258256	1277509	4	10462	23407.7974	3552.1785	518	1
2_MACS_peak_30108_lociStitched	chr8	134576799	134586268	2	9226	32074.3437	1904.2159	519	1
4_MACS_peak_14903_lociStitched	chr19	48823858	48837965	4	10452	22365.2378	2700.0798	520	1
2_MACS_peak_22234_lociStitched	chr4	38985702	38999657	2	9519	30082.7935	2189.5395	522	1
2_MACS_peak_32420_lociStitched	chrX	119434764	119445567	2	10188	23136.7851	881.5248	523	1
2_MACS_peak_6959_lociStitched	chr12	51711632	51722097	2	9944	26569.5885	2150.5575	524	1
3_MACS_peak_24833_lociStitched	chr5	150459401	150475890	3	10422	22786.1491	3121.3677	525	1
4_MACS_peak_2851_lociStitched	chr1	223899397	223915877	4	10714	19652.4	3801.936	526	1
2_MACS_peak_26561_lociStitched	chr6	113946431	113957258	2	10080	24803.5743	1745.3124	527	1
2_MACS_peak_19876_lociStitched	chr3	14727029	14741890	2	9815	27396.2535	2138.4979	530	1
1_MACS_peak_3534_lociStitched	chr10	30989296	30996979	1	7684	39408.4119	1522.7706	531	1
2_MACS_peak_30495_lociStitched	chr9	33445118	33459649	2	10502	20905.7497	2573.4401	532	1
1_MACS_peak_25080_lociStitched	chr5	175076335	175086590	1	10256	22669.703	1701.3045	534	1
3_MACS_peak_25913_lociStitched	chr6	42737801	42752433	3	9413	30389.2008	2224.064	535	1
1_MACS_peak_5078_lociStitched	chr11	35159526	35169198	1	9673	28432.7784	2225.5272	536	1
4_MACS_peak_27894_lociStitched	chr7	74057138	74076575	4	10657	18865.5522	2952.4803	537	1
1_MACS_peak_17453_lociStitched	chr2	217079997	217089197	1	9201	31159.48	1898.88	538	1
3_MACS_peak_7622_lociStitched	chr12	106528875	106544039	3	10539	19038.402	2185.1324	539	1
3_MACS_peak_6211_lociStitched	chr11	129233536	129249743	3	10359	21652.552	2750.3279	541	1
1_MACS_peak_27337_lociStitched	chr7	20254410	20262768	1	8359	35635.1688	1628.9742	542	1
1_MACS_peak_12905_lociStitched	chr17	65642114	65649128	1	7015	40989.1146	1184.6646	544	1
3_MACS_peak_6091_lociStitched	chr11	120368064	120382993	3	10472	18589.5908	1910.912	547	1
2_MACS_peak_9550_lociStitched	chr15	31367486	31377390	2	9652	26502.1136	1721.3152	550	1
2_MACS_peak_7898_lociStitched	chr12	125398233	125412774	2	9717	25664.865	1487.5443	551	1
1_MACS_peak_2900_lociStitched	chr1	226308506	226317115	1	8610	34429.1128	2612.8315	553	1
2_MACS_peak_23405_lociStitched	chr4	186225086	186240373	2	10015	23543.5087	2456.6209	555	1
2_MACS_peak_21839_lociStitched	chr3	196358021	196371316	2	10049	23974.8735	3253.2865	556	1
2_MACS_peak_5079_lociStitched	chr11	35183506	35197238	2	10298	20479.9048	2784.8496	558	1
2_MACS_peak_23365_lociStitched	chr4	185263327	185277303	2	8890	32263.596	2408.0648	559	1
1_MACS_peak_3377_lociStitched	chr10	15824797	15833407	1	8611	32747.274	1443.036	562	1
1_MACS_peak_29915_lociStitched	chr8	118450032	118458121	1	8090	35761.469	1648.5382	565	1
4_MACS_peak_18121_lociStitched	chr20	32360505	32381404	4	10377	19314.8558	3302.042	566	1
3_MACS_peak_18819_lociStitched	chr21	34696008	34712822	3	9480	29244.5902	4082.4392	567	1
1_MACS_peak_7268_lociStitched	chr12	72078900	72089187	1	10288	18742.914	1953.5013	568	1
1_MACS_peak_24184_lociStitched	chr5	88563346	88570899	1	7554	37945.5167	1623.895	570	1
4_MACS_peak_15052_lociStitched	chr19	56145780	56167561	4	10292	19206.4858	2768.3651	571	1
1_MACS_peak_6237_lociStitched	chr11	130696152	130705921	1	9770	23480.7684	1838.5258	573	1
1_MACS_peak_24550_lociStitched	chr5	131434946	131441959	1	7014	39518.255	1450.2884	576	1
2_MACS_peak_28315_lociStitched	chr7	106503901	106513821	2	9552	26076.704	2835.136	578	1
5_MACS_peak_19159_lociStitched	chr22	22549404	22565838	5	9908	22590.1764	2885.8104	579	1
3_MACS_peak_29224_lociStitched	chr8	29490611	29505872	3	10116	19856.0871	2603.5266	580	1
3_MACS_peak_14786_lociStitched	chr19	44257247	44271959	3	8775	30939.336	1961.1096	581	1
2_MACS_peak_13061_lociStitched	chr17	74777254	74789026	2	9855	21616.9236	1431.4752	582	1
2_MACS_peak_4985_lociStitched	chr11	26126125	26135941	2	9267	26582.7096	1431.1728	583	1
3_MACS_peak_30096_lociStitched	chr8	134215073	134233111	3	8861	30421.087	2408.073	584	1
3_MACS_peak_17377_lociStitched	chr2	207997082	208015248	3	9954	21136.141	2684.9348	585	1
3_MACS_peak_31373_lociStitched	chr9	130532166	130549542	3	10080	19311.6864	2443.0656	586	1
2_MACS_peak_18498_lociStitched	chr20	52481258	52490837	2	8996	28598.1045	1823.8416	588	1
4_MACS_peak_19525_lociStitched	chr22	39911112	39929623	4	10004	20495.3792	3048.7617	589	1
3_MACS_peak_15947_lociStitched	chr2	68988997	69003737	3	9861	21741.5	2629.616	590	1
3_MACS_peak_18380_lociStitched	chr20	46114366	46132484	3	9907	21480.7008	2974.9756	591	1
4_MACS_peak_6741_lociStitched	chr12	32608264	32625273	4	10002	20009.3876	2660.2076	592	1
3_MACS_peak_5517_lociStitched	chr11	67644841	67655639	3	9197	27316.7804	2171.4778	593	1
2_MACS_peak_13164_lociStitched	chr17	78873663	78887252	2	8624	31197.6262	2096.7827	595	1
2_MACS_peak_22635_lociStitched	chr4	87854806	87869770	2	9979	19022.2368	2368.8012	600	1
1_MACS_peak_4425_lociStitched	chr10	112255936	112265252	1	9317	25178.3532	1712.2808	601	1
3_MACS_peak_18099_lociStitched	chr20	31254771	31270312	3	9607	22915.2045	2121.3465	602	1
4_MACS_peak_14908_lociStitched	chr19	48880241	48902435	4	9656	23174.9748	3053.8944	604	1
2_MACS_peak_29337_lociStitched	chr8	38811822	38824472	2	9777	20580.285	1864.61	605	1
2_MACS_peak_20670_lociStitched	chr3	98272619	98284648	2	9594	22391.9835	1813.9732	606	1
1_MACS_peak_12381_lociStitched	chr17	38016088	38024971	1	8884	28333.2168	1865.43	607	1
4_MACS_peak_15603_lociStitched	chr2	43395820	43407212	4	9876	18636.1728	1608.5504	608	1
3_MACS_peak_3611_lociStitched	chr10	43890939	43906108	3	9733	21012.0988	2323.8908	609	1
3_MACS_peak_27972_lociStitched	chr7	76950117	76965800	3	9468	23621.7346	2228.5543	610	1
4_MACS_peak_13985_lociStitched	chr19	1847253	1865664	4	9372	25145.7438	2883.1626	611	1
2_MACS_peak_2972_lociStitched	chr1	230238260	230248878	2	9681	21702.1302	2539.8256	612	1
2_MACS_peak_7467_lociStitched	chr12	94541025	94553177	2	9284	24856.916	1916.3704	613	1
2_MACS_peak_23898_lociStitched	chr5	58852539	58862561	2	9045	26449.0602	1568.443	614	1
1_MACS_peak_1227_lociStitched	chr1	88051904	88061845	1	9942	17238.6881	1313.2061	615	1
3_MACS_peak_28265_lociStitched	chr7	104576252	104586728	3	9471	23141.484	1947.4884	616	1
1_MACS_peak_10221_lociStitched	chr15	75334249	75341438	1	7190	37177.1946	1703.0741	617	1
3_MACS_peak_13704_lociStitched	chr18	52930194	52948146	3	9483	23551.2288	2753.8368	618	1
2_MACS_peak_22546_lociStitched	chr4	78735952	78749751	2	9761	19689.7931	2144.3646	620	1
2_MACS_peak_19488_lociStitched	chr22	39377014	39386307	2	9088	25479.5474	1417.1825	621	1
3_MACS_peak_19232_lociStitched	chr22	24819660	24832110	3	9015	26706.495	2089.11	622	1
1_MACS_peak_10468_lociStitched	chr15	90637113	90646676	1	9564	21443.1149	1783.4995	623	1
3_MACS_peak_14327_lociStitched	chr19	13949100	13962033	3	8935	27068.769	1932.1902	624	1
3_MACS_peak_11320_lociStitched	chr16	57568965	57579457	3	9783	18604.4144	1668.228	626	1
1_MACS_peak_23361_lociStitched	chr4	185184420	185191870	1	7451	35572.26	1685.935	627	1
2_MACS_peak_25668_lociStitched	chr6	30649191	30659598	2	9471	22067.0028	1740.0504	628	1
2_MACS_peak_13105_lociStitched	chr17	76116254	76129330	2	9106	25642.036	2052.932	629	1
2_MACS_peak_2974_lociStitched	chr1	230256324	230270466	2	8326	31844.9556	2900.5242	631	1
2_MACS_peak_21321_lociStitched	chr3	156533219	156545005	2	8421	30449.131	2361.9144	632	1
3_MACS_peak_2796_lociStitched	chr1	218627537	218637728	3	9802	17948.3892	2176.7976	633	1
3_MACS_peak_832_lociStitched	chr1	46790145	46807240	3	9332	23493.6585	2747.1665	635	1
2_MACS_peak_6790_lociStitched	chr12	41153450	41166372	2	9359	22318.8784	1937.0078	638	1
2_MACS_peak_21152_lociStitched	chr3	140470678	140485388	2	9592	19854.087	2062.342	639	1
1_MACS_peak_25309_lociStitched	chr6	7958231	7966824	1	8594	28369.7895	1850.0729	641	1
2_MACS_peak_31213_lociStitched	chr9	117126468	117136696	2	9453	20823.1852	1629.3204	642	1
3_MACS_peak_13945_lociStitched	chr19	1015244	1029680	3	9626	20093.4684	2904.5232	643	1
1_MACS_peak_1438_lociStitched	chr1	111322984	111331746	1	8763	25858.4144	1006.7538	646	1
2_MACS_peak_32002_lociStitched	chrX	48768197	48779044	2	9647	17297.7109	1077.1071	647	1
1_MACS_peak_12346_lociStitched	chr17	36856086	36863731	1	7646	33164.7745	1555.7575	648	1
2_MACS_peak_1921_lociStitched	chr1	156709555	156722775	2	9498	20641.708	2881.96	649	1
2_MACS_peak_8867_lociStitched	chr14	50465405	50476798	2	8813	25110.172	960.4299	651	1
2_MACS_peak_6831_lociStitched	chr12	46119552	46132422	2	9573	18694.962	2023.164	652	1
3_MACS_peak_25983_lociStitched	chr6	45673937	45683776	3	9608	17567.5345	1546.6908	654	1
4_MACS_peak_29837_lociStitched	chr8	103817741	103828591	4	9190	21484.085	884.275	655	1
3_MACS_peak_14371_lociStitched	chr19	16180380	16198187	3	8864	26172.7286	2760.085	656	1
3_MACS_peak_13086_lociStitched	chr17	75434696	75447683	3	8678	26610.363	1846.7514	658	1
1_MACS_peak_3784_lociStitched	chr10	63656241	63665387	1	9147	22398.554	1681.9494	659	1
1_MACS_peak_28057_lociStitched	chr7	90337090	90345697	1	8608	26543.988	1481.2647	660	1
2_MACS_peak_14374_lociStitched	chr19	16221258	16232327	2	9152	22631.6774	2150.7067	661	1
2_MACS_peak_30041_lociStitched	chr8	129277985	129287549	2	9350	20117.874	1887.9336	665	1
1_MACS_peak_30916_lociStitched	chr9	93702059	93708996	1	6938	35822.668	1577.4738	666	1
2_MACS_peak_2477_lociStitched	chr1	200986487	200997163	2	9375	20047.3928	2578.254	670	1
3_MACS_peak_22006_lociStitched	chr4	9599028	9611318	3	9377	19351.834	2070.865	671	1
2_MACS_peak_19574_lociStitched	chr22	42141459	42151454	2	9221	20448.7705	1763.118	674	1
1_MACS_peak_4150_lociStitched	chr10	91804861	91813344	1	8484	26545.8519	1504.8842	675	1
2_MACS_peak_18055_lociStitched	chr20	25289069	25301735	2	8413	27448.4886	2037.9594	678	1
1_MACS_peak_15917_lociStitched	chr2	66659578	66668610	1	9033	21599.1248	1296.092	679	1
3_MACS_peak_31447_lociStitched	chr9	132646189	132663455	3	8628	26265.0392	2489.7572	680	1
3_MACS_peak_6191_lociStitched	chr11	128274059	128286955	3	9365	18596.032	2111.0752	681	1
2_MACS_peak_6166_lociStitched	chr11	126056608	126069074	2	7998	30035.5804	2215.2082	683	1
2_MACS_peak_2887_lociStitched	chr1	226062446	226071719	2	8533	26620.9284	2455.4904	685	1
2_MACS_peak_1960_lociStitched	chr1	159036178	159048525	2	8245	29385.86	3175.6484	686	1
2_MACS_peak_20995_lociStitched	chr3	126627817	126637061	2	9155	20007.7136	1471.6448	687	1
3_MACS_peak_4417_lociStitched	chr10	112146685	112157451	3	9031	21249.9308	1469.559	688	1
2_MACS_peak_3650_lociStitched	chr10	45949676	45961280	2	8583	25490.5068	1825.3092	689	1
1_MACS_peak_4212_lociStitched	chr10	97049097	97058037	1	8941	21940.548	1494.768	693	1
2_MACS_peak_28801_lociStitched	chr7	150124720	150134358	2	8326	27857.6752	2561.7804	695	1
2_MACS_peak_30918_lociStitched	chr9	93732078	93742663	2	7649	30914.551	1587.75	699	1
3_MACS_peak_31001_lociStitched	chr9	98267109	98279645	3	9291	17437.576	1608.3688	703	1
2_MACS_peak_14700_lociStitched	chr19	40645237	40654726	2	9185	18782.5266	1706.1222	704	1
1_MACS_peak_1716_lociStitched	chr1	150130616	150139386	1	8771	23370.296	2316.157	705	1
2_MACS_peak_28543_lociStitched	chr7	128572294	128582417	2	7712	31129.2373	2557.0698	706	1
2_MACS_peak_23363_lociStitched	chr4	185239197	185254106	2	8944	21559.9049	2182.6776	707	1
2_MACS_peak_30153_lociStitched	chr8	142126390	142140967	2	8976	20938.4028	1919.7909	708	1
3_MACS_peak_1841_lociStitched	chr1	154942329	154957635	3	9061	22204.4142	4095.8856	709	1
3_MACS_peak_19392_lociStitched	chr22	36552242	36564372	3	8959	21262.677	2142.158	710	1
1_MACS_peak_7229_lociStitched	chr12	68380395	68387383	1	6989	33469.7248	1282.9968	711	1
2_MACS_peak_11879_lociStitched	chr17	6914894	6926462	2	7546	30972.1632	1634.5584	713	1
2_MACS_peak_2293_lociStitched	chr1	183438714	183451540	2	9130	20009.8426	2934.5888	715	1
1_MACS_peak_19204_lociStitched	chr22	23517267	23526407	1	9141	18744.312	1828.914	716	1
1_MACS_peak_26452_lociStitched	chr6	106438920	106446737	1	7818	28976.0556	1284.3331	717	1
1_MACS_peak_6327_lociStitched	chr12	4377764	4386668	1	8905	20675.9784	1358.7504	719	1
2_MACS_peak_19401_lociStitched	chr22	36772349	36785258	2	9044	20060.586	2312.0019	722	1
2_MACS_peak_21088_lociStitched	chr3	133159850	133169157	2	9217	17214.2272	1578.4672	723	1
3_MACS_peak_10472_lociStitched	chr15	90721132	90736609	3	8607	24137.9292	2467.0338	726	1
2_MACS_peak_28621_lociStitched	chr7	134670451	134682979	2	8808	22557.9168	2867.6592	727	1
2_MACS_peak_16726_lociStitched	chr2	148044824	148057807	2	9092	18730.5741	2138.3001	730	1
2_MACS_peak_25605_lociStitched	chr6	27857139	27871423	2	8593	23994.2632	2582.5472	731	1
2_MACS_peak_19797_lociStitched	chr3	8698266	8709121	2	8764	21427.77	1613.053	733	1
2_MACS_peak_1917_lociStitched	chr1	156626999	156635898	2	8502	24593.2764	2481.9311	734	1
2_MACS_peak_29160_lociStitched	chr8	26428169	26437431	2	8832	20457.9056	1747.7394	738	1
2_MACS_peak_29188_lociStitched	chr8	28195130	28207214	2	8500	23786.1456	2176.3284	743	1
1_MACS_peak_15483_lociStitched	chr2	33699504	33706189	1	6686	34065.423	1550.2515	744	1
2_MACS_peak_14239_lociStitched	chr19	11199061	11208281	2	9056	17612.044	1579.386	745	1
3_MACS_peak_16686_lociStitched	chr2	137132531	137142761	3	8779	20619.588	1783.089	746	1
1_MACS_peak_4696_lociStitched	chr11	2792818	2801506	1	8689	21155.28	1457.8464	747	1
1_MACS_peak_6771_lociStitched	chr12	38931629	38940102	1	8474	22778.8132	1589.5348	752	1
3_MACS_peak_22258_lociStitched	chr4	40622304	40634267	3	8961	18110.7857	1820.7686	753	1
1_MACS_peak_19480_lociStitched	chr22	39146009	39153505	1	7497	28873.0928	1548.6736	761	1
3_MACS_peak_603_lociStitched	chr1	36614229	36627401	3	8850	18455.2892	2095.6652	762	1
1_MACS_peak_29826_lociStitched	chr8	103541922	103550208	1	8287	22435.1736	746.5686	764	1
3_MACS_peak_362_lociStitched	chr1	25346964	25364674	3	8707	19991.048	2316.468	765	1
1_MACS_peak_21254_lociStitched	chr3	150315118	150323847	1	8730	19032.7116	1649.781	766	1
2_MACS_peak_15920_lociStitched	chr2	67686471	67695099	2	8458	21287.0016	1242.432	767	1
2_MACS_peak_8614_lociStitched	chr13	115039433	115048653	2	8465	21709.412	1833.858	770	1
3_MACS_peak_6233_lociStitched	chr11	130634112	130648887	3	8736	19046.4525	1965.075	774	1
2_MACS_peak_6001_lociStitched	chr11	115125727	115137363	2	8849	17715.81	1972.302	775	1
1_MACS_peak_20227_lociStitched	chr3	46388971	46397350	1	8380	21833.1603	1427.7816	778	1
1_MACS_peak_15888_lociStitched	chr2	65139637	65146942	1	7306	29463.2565	1620.9795	779	1
2_MACS_peak_23752_lociStitched	chr5	43006901	43021257	2	8630	20559.2276	2598.436	780	1
2_MACS_peak_6033_lociStitched	chr11	117873474	117884155	2	7874	26040.278	1787.9994	781	1
2_MACS_peak_24344_lociStitched	chr5	109189891	109202384	2	8109	24333.8654	2163.7876	786	1
2_MACS_peak_17551_lociStitched	chr2	227769315	227782505	2	8614	19337.859	1912.55	789	1
2_MACS_peak_7248_lociStitched	chr12	69195414	69206622	2	7980	24443.5272	1560.1536	791	1
3_MACS_peak_4336_lociStitched	chr10	104533559	104543865	3	8625	19220.69	2113.7606	792	1
2_MACS_peak_13796_lociStitched	chr18	60797989	60811286	2	8371	21917.4451	2304.3701	793	1
3_MACS_peak_16571_lociStitched	chr2	127413110	127424468	3	8668	18186.4296	1652.589	794	1
1_MACS_peak_17003_lociStitched	chr2	175457276	175464540	1	7265	28410.2304	1169.504	800	1
1_MACS_peak_30430_lociStitched	chr9	22237132	22245642	1	8511	18847.948	975.246	801	1
1_MACS_peak_9918_lociStitched	chr15	52968887	52977350	1	8464	19641.7767	1379.469	802	1
3_MACS_peak_20429_lociStitched	chr3	56948179	56958638	3	8092	23257.6783	1717.3678	803	1
3_MACS_peak_26693_lociStitched	chr6	129809492	129823650	3	8477	20159.5762	2096.7998	804	1
1_MACS_peak_21370_lociStitched	chr3	160116078	160123789	1	7712	26060.0956	2068.8613	809	1
3_MACS_peak_28406_lociStitched	chr7	116212970	116229480	3	8522	20350.226	3277.235	811	1
2_MACS_peak_31921_lociStitched	chrX	42792296	42805630	2	8008	22814.474	1150.7242	813	1
1_MACS_peak_15484_lociStitched	chr2	33717219	33724604	1	7386	27254.3425	1289.421	815	1
2_MACS_peak_3088_lociStitched	chr1	240074148	240082752	2	7718	25950.5244	2158.7436	816	1
3_MACS_peak_27430_lociStitched	chr7	25979787	25994381	3	8565	18245.4188	2003.7562	820	1
2_MACS_peak_6120_lociStitched	chr11	122930713	122941926	2	7671	26137.503	2197.748	825	1
1_MACS_peak_18375_lociStitched	chr20	46039161	46047230	1	8070	22271.2469	1494.3788	827	1
1_MACS_peak_30012_lociStitched	chr8	126440997	126449532	1	8536	18016.5315	1741.14	828	1
2_MACS_peak_28471_lociStitched	chr7	122822623	122833054	2	7888	24614.0307	2510.7417	832	1
3_MACS_peak_14001_lociStitched	chr19	2049182	2062770	3	8049	23365.9248	2790.9752	835	1
3_MACS_peak_25736_lociStitched	chr6	32805126	32823344	3	8291	21335.0998	2945.8506	836	1
1_MACS_peak_19965_lociStitched	chr3	23846649	23854847	1	8199	20521.2336	1296.9236	837	1
2_MACS_peak_20472_lociStitched	chr3	61614841	61625175	2	8259	20464.4202	1937.625	839	1
2_MACS_peak_4126_lociStitched	chr10	90143741	90152589	2	7725	24371.816	1591.7552	840	1
2_MACS_peak_31149_lociStitched	chr9	112729408	112738346	2	8458	17926.0528	1739.3348	843	1
2_MACS_peak_18894_lociStitched	chr21	37905259	37916064	2	7320	27618.6605	2339.2825	847	1
2_MACS_peak_23489_lociStitched	chr5	1335324	1346197	2	8268	19377.8606	1604.8548	851	1
2_MACS_peak_11173_lociStitched	chr16	31879685	31890293	2	8245	19860.2976	1896.7104	853	1
1_MACS_peak_16667_lociStitched	chr2	135162697	135170545	1	7849	22710.5424	1430.6904	857	1
3_MACS_peak_29603_lociStitched	chr8	72164882	72177209	3	8414	17870.4519	1883.5656	858	1
1_MACS_peak_2892_lociStitched	chr1	226127422	226133898	1	6477	31079.6192	1639.7232	861	1
1_MACS_peak_23933_lociStitched	chr5	61984559	61991422	1	6864	28717.5372	1233.9674	862	1
3_MACS_peak_26871_lociStitched	chr6	139683846	139698089	3	8388	18332.1653	2358.6408	863	1
1_MACS_peak_27440_lociStitched	chr7	26190823	26198655	1	7833	22069.0096	1427.7736	869	1
3_MACS_peak_7596_lociStitched	chr12	104849720	104862034	3	8327	17591.7804	1858.1826	871	1
2_MACS_peak_29210_lociStitched	chr8	29197827	29210367	2	7933	21455.94	1875.984	873	1
2_MACS_peak_14387_lociStitched	chr19	16475622	16484510	2	7934	20866.3576	1337.644	874	1
2_MACS_peak_21057_lociStitched	chr3	129892838	129900719	2	7760	22498.6788	1555.7094	875	1
1_MACS_peak_17130_lociStitched	chr2	187810631	187817613	1	6983	27277.2776	1120.611	876	1
4_MACS_peak_32200_lociStitched	chrX	75362549	75372276	4	8300	16821.8738	1190.5848	879	1
2_MACS_peak_13753_lociStitched	chr18	56315134	56327621	2	8018	20703.446	2305.1002	881	1
1_MACS_peak_30107_lociStitched	chr8	134508204	134515476	1	7273	25834.5072	1711.8288	884	1
3_MACS_peak_10867_lociStitched	chr16	14486608	14502649	3	7803	22393.236	2252.1564	885	1
3_MACS_peak_18377_lociStitched	chr20	46095817	46103991	3	7914	19862.82	1256.3438	899	1
1_MACS_peak_6019_lociStitched	chr11	116794737	116802835	1	8099	18397.8462	1594.4962	900	1
3_MACS_peak_6357_lociStitched	chr12	6551935	6563112	3	7318	24981.7127	1841.9696	903	1
2_MACS_peak_21309_lociStitched	chr3	156199173	156209166	2	7856	21570.8898	2593.1835	904	1
2_MACS_peak_22819_lociStitched	chr4	108950614	108958983	2	8056	18384.1823	1334.0186	905	1
2_MACS_peak_27705_lociStitched	chr7	47700416	47712664	2	6611	29069.4032	1860.4712	907	1
1_MACS_peak_22100_lociStitched	chr4	18245254	18253434	1	8181	16918.694	1363.606	908	1
3_MACS_peak_19491_lociStitched	chr22	39409144	39422025	3	7690	22269.9609	2055.8076	909	1
1_MACS_peak_7309_lociStitched	chr12	77452936	77460853	1	7918	19916.7969	1720.3641	910	1
3_MACS_peak_19858_lociStitched	chr3	13455202	13470799	3	7990	19563.3171	2061.9234	911	1
2_MACS_peak_30752_lociStitched	chr9	73026740	73036857	2	7219	25091.1717	1599.4977	918	1
3_MACS_peak_5487_lociStitched	chr11	67029724	67046617	3	8091	18567.0963	2386.9809	920	1
2_MACS_peak_16345_lociStitched	chr2	106405718	106416663	2	7825	20634.6085	1961.344	924	1
1_MACS_peak_15894_lociStitched	chr2	65254813	65261310	1	6498	28561.4617	1279.909	927	1
2_MACS_peak_13044_lociStitched	chr17	74257369	74268679	2	7497	22460.529	1587.924	929	1
2_MACS_peak_30659_lociStitched	chr9	66698426	66709932	2	7908	18912.4122	1737.406	932	1
3_MACS_peak_1806_lociStitched	chr1	153929389	153941574	3	7981	19583.732	3210.7475	933	1
3_MACS_peak_14137_lociStitched	chr19	7399974	7411122	3	7949	18978.3552	2356.6872	935	1
2_MACS_peak_20889_lociStitched	chr3	119354614	119362974	2	7546	21937.476	1851.74	942	1
3_MACS_peak_23809_lociStitched	chr5	54031514	54050243	3	7998	18318.8349	2447.8803	943	1
2_MACS_peak_3214_lociStitched	chr10	3845996	3854675	2	7609	20985.822	1478.0337	945	1
1_MACS_peak_20680_lociStitched	chr3	98448101	98455533	1	7433	22098.3088	1257.4944	947	1
2_MACS_peak_7071_lociStitched	chr12	56726411	56734296	2	7373	22614.18	1403.53	949	1
2_MACS_peak_25220_lociStitched	chr6	3022990	3033134	2	7791	19170.1312	1525.6576	953	1
1_MACS_peak_1041_lociStitched	chr1	66795616	66803380	1	7765	19417.764	1697.2104	957	1
3_MACS_peak_2159_lociStitched	chr1	171219551	171228169	3	7872	18470.0976	1805.471	958	1
1_MACS_peak_7469_lociStitched	chr12	94563552	94570529	1	6978	25311.8583	1671.6892	959	1
3_MACS_peak_18458_lociStitched	chr20	50784504	50797876	3	7622	20312.068	1727.6624	963	1
3_MACS_peak_14968_lociStitched	chr19	50369592	50382146	3	7524	21456.0414	2245.9106	966	1
1_MACS_peak_26701_lociStitched	chr6	130003332	130010767	1	7436	21070.79	1249.8235	969	1
1_MACS_peak_291_lociStitched	chr1	21615301	21622888	1	7588	19891.5966	1411.9407	970	1
2_MACS_peak_7555_lociStitched	chr12	102129412	102140237	2	7728	18980.555	1790.455	971	1
2_MACS_peak_14664_lociStitched	chr19	39338812	39349127	2	7843	17462.2635	1501.864	973	1
2_MACS_peak_2688_lociStitched	chr1	209938943	209949203	2	7072	24475.23	2382.372	979	1
2_MACS_peak_28905_lociStitched	chr8	1990996	2000545	2	7235	22436.3304	1514.4714	981	1
1_MACS_peak_10112_lociStitched	chr15	68478595	68485491	1	6897	24289.7808	1079.9136	983	1
2_MACS_peak_13083_lociStitched	chr17	75361420	75369818	2	6894	24567.5092	1397.4272	985	1
1_MACS_peak_9920_lociStitched	chr15	53019496	53026552	1	7057	23257.2816	1257.3792	987	1
2_MACS_peak_28483_lociStitched	chr7	123606774	123617312	2	7564	20448.989	2493.2908	991	1
1_MACS_peak_18984_lociStitched	chr21	44580712	44587352	1	6641	26037.432	1495.992	992	1
3_MACS_peak_6995_lociStitched	chr12	53763978	53776279	3	7725	18543.7575	2227.7111	993	1
3_MACS_peak_10526_lociStitched	chr15	93373599	93389520	3	7631	19515.9618	2335.6107	995	1
1_MACS_peak_21768_lociStitched	chr3	191755286	191763061	1	7776	17552.84	1877.6625	998	1
2_MACS_peak_55_lociStitched	chr1	2476829	2489274	2	7408	20752.0375	1688.7865	1000	1
1_MACS_peak_31083_lociStitched	chr9	104187014	104193933	1	6920	23758.4622	1357.5078	1007	1
2_MACS_peak_2295_lociStitched	chr1	183557433	183568571	2	7715	18554.7942	2670.8924	1008	1
2_MACS_peak_30699_lociStitched	chr9	69881345	69892324	2	7592	18743.3488	1661.1227	1011	1
1_MACS_peak_6642_lociStitched	chr12	26305483	26312565	1	7083	22614.9506	1574.3286	1019	1
2_MACS_peak_374_lociStitched	chr1	25869402	25878689	2	7570	18670.5848	1678.1609	1023	1
2_MACS_peak_19522_lociStitched	chr22	39861905	39870316	2	7554	18521.022	1594.7256	1027	1
2_MACS_peak_1366_lociStitched	chr1	107992470	108004070	2	7485	18253.76	835.2	1030	1
2_MACS_peak_4715_lociStitched	chr11	3528187	3536661	2	7628	17486.099	1543.9628	1032	1
1_MACS_peak_27303_lociStitched	chr7	14724895	14731703	1	6809	23369.8216	887.7632	1034	1
2_MACS_peak_13978_lociStitched	chr19	1647292	1654186	2	6817	23516.1234	1134.063	1036	1
1_MACS_peak_23381_lociStitched	chr4	185454444	185461154	1	6711	24361.326	1364.143	1038	1
2_MACS_peak_11135_lociStitched	chr16	30661057	30673102	2	7535	18586.6395	1992.243	1041	1
1_MACS_peak_7084_lociStitched	chr12	57076512	57083913	1	7402	18961.362	1321.0785	1047	1
2_MACS_peak_16420_lociStitched	chr2	111501864	111513359	2	7435	19198.949	1992.0835	1052	1
3_MACS_peak_2685_lociStitched	chr1	209920426	209931614	3	7603	18453.4872	2925.662	1053	1
2_MACS_peak_21797_lociStitched	chr3	194022286	194034236	2	6724	25061.54	2560.885	1054	1
1_MACS_peak_21622_lociStitched	chr3	182429330	182436360	1	7031	22162.075	1945.201	1061	1
3_MACS_peak_667_lociStitched	chr1	40054314	40072747	3	7557	18208.1174	2608.2695	1062	1
1_MACS_peak_24294_lociStitched	chr5	100235161	100241782	1	6622	24040.851	1420.2045	1071	1
1_MACS_peak_4947_lociStitched	chr11	21431786	21438453	1	6668	23232.4949	1184.7259	1078	1
2_MACS_peak_25960_lociStitched	chr6	44223482	44234081	2	7333	18239.8191	1685.241	1086	1
1_MACS_peak_13420_lociStitched	chr18	20803529	20810498	1	6970	20831.0379	1353.3798	1096	1
1_MACS_peak_26761_lociStitched	chr6	134565586	134572548	1	6963	20258.0276	1221.831	1108	1
1_MACS_peak_195_lociStitched	chr1	14361175	14368050	1	6876	20805.125	1273.25	1117	1
3_MACS_peak_19155_lociStitched	chr22	22510892	22524109	3	7171	18954.4997	1970.6547	1120	1
2_MACS_peak_31891_lociStitched	chrX	40028156	40037143	2	6666	21711.6933	798.0456	1121	1
1_MACS_peak_24220_lociStitched	chr5	90674543	90681132	1	6590	22940.2624	1601.127	1124	1
2_MACS_peak_12225_lociStitched	chr17	31154245	31164429	2	7265	17722.1968	1766.924	1125	1
3_MACS_peak_28532_lociStitched	chr7	128162554	128173857	3	7145	19008.2551	1989.328	1128	1
1_MACS_peak_28465_lociStitched	chr7	121944618	121951785	1	7168	18232.1313	1535.8881	1131	1
2_MACS_peak_13227_lociStitched	chr17	80405803	80417659	2	7005	20122.0032	2097.3264	1134	1
2_MACS_peak_25670_lociStitched	chr6	30683829	30690837	2	6827	20080.7232	1534.0512	1161	1
2_MACS_peak_12136_lociStitched	chr17	27046078	27056705	2	7128	17803.4131	2073.3277	1166	1
3_MACS_peak_2013_lociStitched	chr1	161122765	161137546	3	6934	20807.2137	3670.1223	1180	1
3_MACS_peak_6352_lociStitched	chr12	6468227	6477537	3	6905	18883.473	1546.391	1183	1
1_MACS_peak_5548_lociStitched	chr11	69060648	69067270	1	6623	20737.4552	1252.2202	1186	1
1_MACS_peak_24963_lociStitched	chr5	159892654	159899279	1	6626	20320.2	1297.8375	1195	1
1_MACS_peak_8368_lociStitched	chr13	77898917	77905598	1	6682	19749.036	1437.7512	1204	1
2_MACS_peak_11810_lociStitched	chr17	3813459	3821074	2	6966	17110.905	1368.4155	1207	1
1_MACS_peak_17962_lociStitched	chr20	17945499	17952330	1	6832	18318.0096	1426.9959	1209	1
2_MACS_peak_32622_lociStitched	chrX	153189294	153200588	2	6580	19659.4658	974.6722	1218	1
2_MACS_peak_22930_lociStitched	chr4	121684085	121695822	2	6818	18322.6307	1590.3635	1222	1
3_MACS_peak_6507_lociStitched	chr12	12845282	12858525	3	6925	17809.1864	2125.5015	1225	1
2_MACS_peak_6775_lociStitched	chr12	40010909	40023690	2	6877	18090.2274	1996.3922	1226	1
1_MACS_peak_6283_lociStitched	chr12	1638522	1645102	1	6581	19518.254	982.394	1228	1
2_MACS_peak_7417_lociStitched	chr12	92577778	92586254	2	6659	18796.3776	1424.8156	1243	1
1_MACS_peak_1638_lociStitched	chr1	146513789	146520532	1	6744	18007.8558	1542.7984	1255	1
2_MACS_peak_29335_lociStitched	chr8	38792897	38802459	2	6636	18520.6378	1483.0662	1265	1
2_MACS_peak_13179_lociStitched	chr17	79478332	79487630	2	6705	16807.9946	1221.7572	1290	1
1_MACS_peak_10230_lociStitched	chr15	75490895	75497557	1	6663	17255.9124	1315.745	1291	1
2_MACS_peak_25500_lociStitched	chr6	25136105	25148638	2	6674	17605.1051	1851.1241	1294	1
1_MACS_peak_1844_lociStitched	chr1	154971045	154977709	1	6665	17045.8456	1523.3904	1305	1
2_MACS_peak_21890_lociStitched	chr4	1712676	1724645	2	6566	17486.709	1694.8104	1332	1
2_MACS_peak_17345_lociStitched	chr2	204661902	204669573	2	6554	17189.1768	1312.5081	1333	1
1_MACS_peak_18914_lociStitched	chr21	39638661	39645153	1	6493	17373.2412	1306.8396	1349	1
