#20_0EX6_0229Kronos_MM1S-KB-24hr-2_H3K27Ac_hs-dm_i43_peaks Enhancers
#Created from /data/projects/IRF4_mm_trn_data/p300_internal_ChIP/rose/20_0EX6_0229Kronos_MM1S-KB-24hr-2_H3K27Ac_hs-dm_i43_ROSE/20_0EX6_0229Kronos_MM1S-KB-24hr-2_H3K27Ac_hs-dm_i43_peaks_6KB_STITCHED_ENHANCER_REGION_MAP.txt
#Ranked by X20_0EX6_0229Kronos_MM1S.KB.24hr.2_H3K27Ac_hs.dm_i43.bam
#Using cutoff of 31914.3456 for Super-Enhancers
#Created on Jul 18 2024 
REGION_ID	CHROM	START	STOP	NUM_LOCI	CONSTITUENT_SIZE	X20_0EX6_0229Kronos_MM1S.KB.24hr.2_H3K27Ac_hs.dm_i43.bam	X44_0EXW_0229Kronos_MM1S.KB.24hr.2_Input_hs_i90.bam	enhancerRank	isSuperStretch
9_MACS_peak_17032_lociStitched	chr3	141079028	141176177	9	83138	709168.2702	22334.5551	1	1
8_MACS_peak_12526_lociStitched	chr2	37509769	37606896	8	70914	531731.4742	20658.9129	2	1
10_MACS_peak_8683_lociStitched	chr16	11754766	11843377	10	75755	408204.2937	17793.0888	3	1
5_MACS_peak_21237_lociStitched	chr6	108878280	108960707	5	79561	226468.1825	14218.6575	4	1
6_MACS_peak_1990_lociStitched	chr1	203236333	203298299	6	41652	575360.5066	19711.3846	5	1
5_MACS_peak_1214_lociStitched	chr1	118142005	118219377	5	60399	342038.4004	10166.6808	6	1
8_MACS_peak_7375_lociStitched	chr14	91812942	91886191	8	64158	284645.614	8789.88	7	1
3_MACS_peak_13137_lociStitched	chr2	99054685	99123482	3	58124	315957.1022	15183.4979	8	1
6_MACS_peak_10768_lociStitched	chr18	9094910	9157586	6	52587	221873.04	13343.7204	9	1
3_MACS_peak_14563_lociStitched	chr20	30262065	30312266	3	47315	243284.0862	10898.6371	10	1
3_MACS_peak_9864_lociStitched	chr17	32688443	32727311	3	33899	336367.5588	9192.282	11	1
4_MACS_peak_10364_lociStitched	chr17	62132892	62187445	4	47288	160183.9739	10457.8101	12	1
1_MACS_peak_20308_lociStitched	chr6	7878563	7920145	1	41583	245238.1614	10599.2518	13	1
5_MACS_peak_1481_lociStitched	chr1	154907726	154957807	5	38128	247199.816	14788.9193	14	1
3_MACS_peak_9907_lociStitched	chr17	34597780	34641776	3	38607	236540.0944	11720.5344	15	1
5_MACS_peak_9664_lociStitched	chr17	16847699	16895598	5	35753	256216.5409	9646.8586	16	1
6_MACS_peak_20893_lociStitched	chr6	52392705	52443061	6	42034	137527.2716	9834.5268	17	1
6_MACS_peak_14604_lociStitched	chr20	32398791	32452456	6	39634	174786.905	10813.4975	18	1
1_MACS_peak_18199_lociStitched	chr4	90204322	90230199	1	25878	290896.2955	7198.9814	19	1
6_MACS_peak_20204_lociStitched	chr6	289913	337872	6	34052	199744.4391	16008.7142	20	1
1_MACS_peak_23962_lociStitched	chr8	120915386	120949059	1	33674	195017.1795	7014.0859	21	1
5_MACS_peak_10985_lociStitched	chr18	46440216	46482929	5	37827	119442.6332	8243.609	22	1
7_MACS_peak_9183_lociStitched	chr16	68269845	68321051	7	36840	141174.942	9457.7482	23	1
3_MACS_peak_7514_lociStitched	chr14	106023380	106052854	3	27937	243458.1874	5785.7462	24	1
6_MACS_peak_17386_lociStitched	chr3	183219921	183261975	6	32821	191042.9112	11636.3418	25	1
6_MACS_peak_19704_lociStitched	chr5	131789705	131837856	6	33723	177576.0729	10193.5667	26	1
3_MACS_peak_9903_lociStitched	chr17	34509548	34540406	3	28131	234233.8206	9121.6248	27	1
6_MACS_peak_20104_lociStitched	chr5	173309962	173357002	6	36600	81647.328	8260.224	28	1
2_MACS_peak_3562_lociStitched	chr10	125821940	125854974	2	32669	160717.0168	7092.3998	29	1
5_MACS_peak_15451_lociStitched	chr22	23217399	23249196	5	26226	218152.8576	5933.3202	30	1
5_MACS_peak_2044_lociStitched	chr1	206272100	206311168	5	25820	219820.0088	11040.6168	31	1
4_MACS_peak_9292_lociStitched	chr16	78768048	78805019	4	35683	42527.7413	4558.5243	32	1
4_MACS_peak_7630_lociStitched	chr15	31616669	31660832	4	33140	122689.2303	7914.0096	33	1
5_MACS_peak_17998_lociStitched	chr4	71515564	71555462	5	27636	197363.4366	8290.8044	34	1
9_MACS_peak_13262_lociStitched	chr2	112186344	112242379	9	33740	100089.717	9172.9295	35	1
3_MACS_peak_4215_lociStitched	chr11	65183036	65214585	3	25633	206794.2303	7404.5503	36	1
1_MACS_peak_2590_lociStitched	chr10	11201965	11224744	1	22780	227808.2232	7077.4353	37	1
7_MACS_peak_10168_lociStitched	chr17	46516070	46571047	7	32117	120520.5794	9494.5279	38	1
2_MACS_peak_3871_lociStitched	chr11	22676678	22704323	2	24027	204874.3305	5161.3215	39	1
4_MACS_peak_5988_lociStitched	chr12	109009441	109036365	4	24482	202037.696	6424.0664	40	1
4_MACS_peak_22642_lociStitched	chr7	102063298	102093656	4	25770	187764.23	6199.1036	41	1
3_MACS_peak_19701_lociStitched	chr5	131744651	131774504	3	25308	192095.0991	6663.1896	42	1
4_MACS_peak_3482_lociStitched	chr10	112600177	112633369	4	23217	210580.0056	7411.7736	43	1
5_MACS_peak_10763_lociStitched	chr18	9054636	9085808	5	21422	220557.486	6399.6116	44	1
1_MACS_peak_21204_lociStitched	chr6	106530325	106556760	1	26436	176252.719	6859.8825	45	1
9_MACS_peak_21515_lociStitched	chr6	138246753	138297698	9	28907	144286.429	9348.4075	46	1
2_MACS_peak_8083_lociStitched	chr15	68568626	68599615	2	30116	118570.1118	6724.613	47	1
4_MACS_peak_15664_lociStitched	chr22	37610881	37642328	4	28919	138077.4876	6981.234	48	1
3_MACS_peak_7522_lociStitched	chr14	106145077	106173132	3	25242	177916.3935	3498.4585	49	1
5_MACS_peak_10593_lociStitched	chr17	76710864	76756492	5	30191	105756.5784	8719.5108	50	1
1_MACS_peak_15456_lociStitched	chr22	23269449	23286046	1	16598	234231.8013	4434.7184	51	1
2_MACS_peak_4852_lociStitched	chr11	128584616	128618649	2	27813	143809.8448	7143.5267	52	1
2_MACS_peak_5471_lociStitched	chr12	53573002	53604323	2	25285	171920.969	6928.2052	53	1
3_MACS_peak_15950_lociStitched	chr3	5221919	5256351	3	29697	107204.032	6993.1392	54	1
3_MACS_peak_15476_lociStitched	chr22	24177151	24200997	3	17331	226222.2328	4728.6618	55	1
7_MACS_peak_11920_lociStitched	chr19	42022418	42070720	7	27704	135496.7704	9042.1344	56	1
6_MACS_peak_23722_lociStitched	chr8	81046200	81084597	6	28992	111024.9255	7767.7131	57	1
4_MACS_peak_23051_lociStitched	chr7	150053114	150084917	4	25882	156518.4645	8806.2507	58	1
7_MACS_peak_23343_lociStitched	chr8	27208548	27253469	7	28890	110501.1679	9069.5499	59	1
1_MACS_peak_5488_lociStitched	chr12	53845177	53875499	1	30323	58670.0378	6340.3302	60	1
2_MACS_peak_17258_lociStitched	chr3	171801676	171827314	2	21743	183921.8844	7981.1094	61	1
2_MACS_peak_9988_lociStitched	chr17	38459076	38484488	2	21473	174062.0352	5750.7356	62	1
5_MACS_peak_14539_lociStitched	chr20	25261501	25302991	5	25310	132481.719	6837.552	63	1
3_MACS_peak_3763_lociStitched	chr11	10314360	10345012	3	22695	162256.362	7043.8296	64	1
2_MACS_peak_16976_lociStitched	chr3	133178914	133201078	2	19049	190472.9832	5212.9728	65	1
7_MACS_peak_4998_lociStitched	chr12	7045514	7085636	7	27129	92477.1978	7787.6802	66	1
1_MACS_peak_15241_lociStitched	chr21	41324405	41344938	1	20534	173577.7688	7289.215	67	1
1_MACS_peak_22276_lociStitched	chr7	55615857	55643260	1	27404	74226.5061	5455.9373	68	1
6_MACS_peak_16294_lociStitched	chr3	46317551	46347579	6	25353	110427.97	5906.5076	69	1
3_MACS_peak_4382_lociStitched	chr11	72850526	72870104	3	16361	192324.483	4606.7034	70	1
2_MACS_peak_2596_lociStitched	chr10	11281901	11313395	2	25932	93597.0186	6692.475	71	1
4_MACS_peak_8155_lociStitched	chr15	75063165	75093082	4	25066	105406.5661	6106.0597	72	1
5_MACS_peak_21117_lociStitched	chr6	90053348	90086235	5	24720	110891.6753	6949.0231	73	1
1_MACS_peak_5094_lociStitched	chr12	12866061	12881986	1	15926	189631.715	3847.48	74	1
3_MACS_peak_265_lociStitched	chr1	24511872	24534022	3	17768	177868.93	4547.395	75	1
1_MACS_peak_13748_lociStitched	chr2	182168186	182180670	1	12485	205145.8268	3571.6724	76	1
1_MACS_peak_404_lociStitched	chr1	31213143	31233457	1	20315	156074.4934	5013.4952	77	1
2_MACS_peak_12363_lociStitched	chr2	20397484	20426477	2	22855	128847.7913	5682.628	78	1
4_MACS_peak_18747_lociStitched	chr4	185317501	185350267	4	22350	134704.3026	6107.5824	79	1
2_MACS_peak_1391_lociStitched	chr1	150532158	150553276	2	18575	170895.3032	7256.1448	80	1
4_MACS_peak_1294_lociStitched	chr1	145427076	145458000	4	21312	146629.2384	9410.1732	81	1
3_MACS_peak_10287_lociStitched	chr17	56404735	56431067	3	19970	154818.994	5958.9316	82	1
1_MACS_peak_17856_lociStitched	chr4	40190941	40209963	1	19023	162050.3202	5312.8446	83	1
4_MACS_peak_11297_lociStitched	chr19	2594840	2628896	4	18803	166550.868	8684.28	84	1
3_MACS_peak_2016_lociStitched	chr1	204474520	204501236	3	19387	159689.5468	7186.604	85	1
4_MACS_peak_6178_lociStitched	chr12	123354985	123387400	4	25309	74648.5035	3361.4355	86	1
3_MACS_peak_11273_lociStitched	chr19	2073138	2098617	3	19052	160976.322	7562.1672	87	1
3_MACS_peak_8701_lociStitched	chr16	12052168	12072227	3	15404	181206.9883	4330.7381	88	1
2_MACS_peak_14888_lociStitched	chr20	52193232	52216339	2	22855	110703.3263	4272.4843	89	1
4_MACS_peak_22493_lociStitched	chr7	90329822	90367938	4	22176	120991.6188	7680.374	90	1
4_MACS_peak_13850_lociStitched	chr2	197023862	197049121	4	22697	106004.4453	5402.9001	92	1
6_MACS_peak_14772_lociStitched	chr20	43660353	43694143	6	23067	99389.906	5757.816	93	1
4_MACS_peak_21683_lociStitched	chr6	157976208	158007314	4	20383	125686.9036	3477.6508	94	1
3_MACS_peak_14703_lociStitched	chr20	37486832	37506453	3	13178	181035.1186	3763.3078	95	1
3_MACS_peak_16656_lociStitched	chr3	98472760	98497255	3	21020	118886.4825	4945.5405	96	1
2_MACS_peak_13912_lociStitched	chr2	201979725	201997782	2	16197	162767.6037	4718.2941	97	1
3_MACS_peak_1532_lociStitched	chr1	156115330	156136828	3	20956	116585.8038	6705.2262	98	1
3_MACS_peak_12815_lociStitched	chr2	65156815	65178727	3	15385	165632.808	5048.5248	99	1
1_MACS_peak_9131_lociStitched	chr16	66549158	66561168	1	12011	181033.936	3344.785	100	1
4_MACS_peak_19413_lociStitched	chr5	88595654	88617665	4	15860	159843.882	4879.8387	101	1
5_MACS_peak_11609_lociStitched	chr19	16243610	16272623	5	22798	80023.6566	5039.5581	102	1
8_MACS_peak_7435_lociStitched	chr14	95945724	95986205	8	23910	49079.1644	3509.7027	103	1
3_MACS_peak_7314_lociStitched	chr14	81930544	81956751	3	21494	99924.6703	3278.4957	104	1
1_MACS_peak_20477_lociStitched	chr6	25402730	25415552	1	12823	175842.1902	3697.8648	105	1
7_MACS_peak_9158_lociStitched	chr16	67554729	67601620	7	22633	80535.2925	7169.6339	106	1
4_MACS_peak_8829_lociStitched	chr16	23342709	23365578	4	14162	166561.7877	4489.1847	107	1
2_MACS_peak_3856_lociStitched	chr11	19449845	19466266	2	15103	160154.013	4092.1132	108	1
5_MACS_peak_1620_lociStitched	chr1	161122485	161157967	5	20165	119322.4178	9260.802	109	1
4_MACS_peak_2574_lociStitched	chr10	7511087	7536311	4	17710	140555.6952	5052.3672	110	1
2_MACS_peak_7724_lociStitched	chr15	40386896	40409030	2	17250	139393.2918	4969.083	111	1
3_MACS_peak_15448_lociStitched	chr22	23188386	23210625	3	20254	103366.872	2953.3392	112	1
2_MACS_peak_9080_lociStitched	chr16	56963106	56986013	2	21715	81656.5829	4950.2027	113	1
3_MACS_peak_24916_lociStitched	chr9	112903328	112925500	3	21864	70753.0692	5374.4928	114	1
4_MACS_peak_2861_lociStitched	chr10	45913433	45934564	4	15816	142545.4998	4393.1349	115	1
4_MACS_peak_15304_lociStitched	chr21	45552469	45580889	4	18029	124701.276	6903.218	116	1
5_MACS_peak_13112_lociStitched	chr2	97190562	97220656	5	20359	88837.488	5678.7378	117	1
3_MACS_peak_1600_lociStitched	chr1	160633807	160655887	3	15556	143259.456	6937.536	118	1
4_MACS_peak_16005_lociStitched	chr3	13035603	13061575	4	17831	120904.8544	5451.5228	119	1
5_MACS_peak_20547_lociStitched	chr6	27774594	27808112	5	20567	81917.992	6267.866	120	1
4_MACS_peak_15740_lociStitched	chr22	39822906	39847008	4	16746	128883.0348	4678.1982	121	1
1_MACS_peak_18740_lociStitched	chr4	185200887	185211316	1	10430	167225.8863	2880.4898	122	1
2_MACS_peak_14893_lociStitched	chr20	52257788	52279739	2	15516	137713.9887	4111.4223	123	1
5_MACS_peak_17189_lociStitched	chr3	160115968	160141017	5	21181	66500.0852	6359.9411	124	1
3_MACS_peak_11864_lociStitched	chr19	39880581	39904023	3	19087	101590.5954	5103.3234	125	1
2_MACS_peak_23139_lociStitched	chr8	2027219	2050990	2	18091	112191.9887	4250.2548	126	1
4_MACS_peak_9897_lociStitched	chr17	34408756	34433064	4	20560	75665.9424	5432.838	127	1
2_MACS_peak_18989_lociStitched	chr5	32570590	32594661	2	18555	104184.1022	4965.8473	128	1
1_MACS_peak_19409_lociStitched	chr5	88170764	88187205	1	16442	125515.5263	4042.8419	129	1
3_MACS_peak_14383_lociStitched	chr20	5567028	5592618	3	21069	58386.144	5294.571	130	1
6_MACS_peak_8471_lociStitched	chr15	101661140	101692489	6	19509	88899.4942	5338.7347	131	1
3_MACS_peak_10470_lociStitched	chr17	72733419	72757665	3	21083	54791.1108	4519.4544	132	1
3_MACS_peak_1544_lociStitched	chr1	156450314	156476116	3	20668	68279.8326	7402.5938	133	1
4_MACS_peak_1367_lociStitched	chr1	149802690	149834129	4	18774	102535.1546	9111.0222	134	1
1_MACS_peak_19408_lociStitched	chr5	88110513	88130792	1	20280	72872.5865	4270.7574	135	1
3_MACS_peak_14897_lociStitched	chr20	52345463	52371701	3	16226	122922.4062	4722.84	136	1
5_MACS_peak_20643_lociStitched	chr6	31773676	31805708	5	20887	51308.8576	6102.096	137	1
3_MACS_peak_10555_lociStitched	chr17	75131257	75147168	3	15285	128662.7104	3648.3923	138	1
4_MACS_peak_1834_lociStitched	chr1	183856247	183886044	4	16902	117117.1085	7470.1079	139	1
3_MACS_peak_5386_lociStitched	chr12	48196477	48218907	3	17025	112937.293	4699.085	140	1
2_MACS_peak_16292_lociStitched	chr3	46245492	46257622	2	11579	151850.618	3540.747	141	1
2_MACS_peak_1465_lociStitched	chr1	154374792	154394683	2	17053	112002.2428	6114.4934	142	1
5_MACS_peak_12801_lociStitched	chr2	64862527	64896294	5	19534	72315.4072	5942.992	143	1
5_MACS_peak_14909_lociStitched	chr20	52530702	52566905	5	19197	78122.4537	6201.5739	144	1
3_MACS_peak_20474_lociStitched	chr6	25365949	25390528	3	18863	77699.1348	5041.1529	145	1
1_MACS_peak_22449_lociStitched	chr7	78113716	78128361	1	14646	125832.769	3860.422	146	1
5_MACS_peak_7282_lociStitched	chr14	77487861	77510706	5	18804	69937.683	2414.7165	148	1
3_MACS_peak_7946_lociStitched	chr15	56644941	56667077	3	14368	124661.0976	4754.8128	149	1
4_MACS_peak_6813_lociStitched	chr13	115023003	115048883	4	18271	78294.764	4648.048	150	1
1_MACS_peak_16539_lociStitched	chr3	69127993	69146188	1	18196	74362.965	3759.087	151	1
3_MACS_peak_16288_lociStitched	chr3	46130158	46153690	3	17175	90473.4804	4635.804	152	1
5_MACS_peak_8354_lociStitched	chr15	89646604	89675184	5	17005	90947.276	5224.424	154	1
1_MACS_peak_22273_lociStitched	chr7	55568745	55586560	1	17816	77151.4205	3532.7145	155	1
5_MACS_peak_7718_lociStitched	chr15	40329689	40358601	5	17706	78192.504	5261.984	156	1
2_MACS_peak_22274_lociStitched	chr7	55594691	55606235	2	11100	137334.3504	2535.0624	157	1
4_MACS_peak_7690_lociStitched	chr15	38360849	38380727	4	12409	129986.2176	4114.746	158	1
1_MACS_peak_13923_lociStitched	chr2	202115831	202129669	1	13839	117892.841	3527.3062	159	1
2_MACS_peak_3465_lociStitched	chr10	112112511	112122554	2	8461	147801.8267	2817.0615	160	1
4_MACS_peak_13068_lociStitched	chr2	88898726	88928445	4	18848	45740.5129	6214.2429	161	1
5_MACS_peak_13918_lociStitched	chr2	202072838	202102216	5	18583	52145.95	5534.8152	162	1
3_MACS_peak_1015_lociStitched	chr1	93408593	93428837	3	18785	40141.8276	2303.7672	163	1
2_MACS_peak_15053_lociStitched	chr21	19151831	19169405	2	15850	92045.5824	3878.5818	164	1
3_MACS_peak_12660_lociStitched	chr2	47526624	47550781	3	15122	100420.649	4575.3358	165	1
4_MACS_peak_22132_lociStitched	chr7	38383583	38408576	4	18579	39738.87	5183.5482	166	1
5_MACS_peak_7553_lociStitched	chr15	21976224	22002757	5	18588	37103.7472	4385.9049	167	1
1_MACS_peak_12593_lociStitched	chr2	43443984	43457129	1	13146	116719.713	3383.523	168	1
2_MACS_peak_14073_lociStitched	chr2	219742861	219763417	2	16901	74013.9336	3971.4192	169	1
1_MACS_peak_11117_lociStitched	chr18	60821868	60831472	1	9605	137551.3692	3102.092	170	1
1_MACS_peak_21256_lociStitched	chr6	109214177	109228918	1	14742	101308.9966	3677.8795	171	1
5_MACS_peak_25087_lociStitched	chr9	130531776	130566883	5	18209	45895.3811	5574.9916	172	1
1_MACS_peak_9833_lociStitched	chr17	29635148	29649669	1	14522	102201.7022	3634.6063	173	1
2_MACS_peak_19137_lociStitched	chr5	55436738	55453731	2	16290	81024.3233	3697.6768	174	1
5_MACS_peak_13955_lociStitched	chr2	204548203	204574511	5	15599	91688.6416	5464.1716	175	1
7_MACS_peak_24018_lociStitched	chr8	126285330	126315989	7	18158	43293.5739	5515.5541	176	1
1_MACS_peak_6796_lociStitched	chr13	114555744	114568225	1	12482	117623.4402	3086.5513	177	1
2_MACS_peak_8259_lociStitched	chr15	81576074	81597277	2	15116	95381.6955	5224.4192	178	1
5_MACS_peak_5815_lociStitched	chr12	92930683	92951264	5	16100	79998.347	4301.429	179	1
1_MACS_peak_12325_lociStitched	chr2	11883469	11898287	1	14819	94449.932	3467.412	180	1
2_MACS_peak_5986_lociStitched	chr12	108952814	108970713	2	16676	67987.5616	4059.4932	181	1
2_MACS_peak_15526_lociStitched	chr22	29183359	29199902	2	16212	74327.699	3672.546	182	1
1_MACS_peak_3472_lociStitched	chr10	112215038	112226249	1	11212	122271.6504	2539.2915	183	1
1_MACS_peak_13282_lociStitched	chr2	112455374	112466090	1	10717	125480.0736	2701.5036	184	1
3_MACS_peak_11227_lociStitched	chr19	1015274	1041950	3	17358	52938.522	5815.368	185	1
5_MACS_peak_13052_lociStitched	chr2	87794923	87821544	5	17505	46733.1655	4445.707	186	1
3_MACS_peak_16130_lociStitched	chr3	30682365	30703612	3	17475	46564.9252	4030.5559	187	1
4_MACS_peak_25165_lociStitched	chr9	134126932	134152480	4	16364	70096.0476	4795.3596	188	1
3_MACS_peak_17457_lociStitched	chr3	186702689	186720197	3	13528	104809.8912	5220.8856	189	1
2_MACS_peak_885_lociStitched	chr1	75595980	75612817	2	16676	61354.028	2833.6671	190	1
1_MACS_peak_5809_lociStitched	chr12	92853942	92866486	1	12545	110852.5824	3168.6144	191	1
1_MACS_peak_4222_lociStitched	chr11	65263306	65278870	1	15565	79441.7688	3866.0976	192	1
4_MACS_peak_1884_lociStitched	chr1	192498496	192521273	4	14545	94078.1208	5885.5768	193	1
3_MACS_peak_18028_lociStitched	chr4	74453869	74475599	3	14710	90027.39	3987.455	194	1
2_MACS_peak_25626_lociStitched	chrX	48790124	48805835	2	13954	95719.2675	2022.0057	195	1
3_MACS_peak_2567_lociStitched	chr10	6954006	6973335	3	10025	127262.136	3943.116	196	1
2_MACS_peak_22020_lociStitched	chr7	26002055	26011998	2	9761	127143.1296	2563.3054	197	1
6_MACS_peak_15745_lociStitched	chr22	39897492	39929567	6	17291	42550.695	5632.37	198	1
1_MACS_peak_12578_lociStitched	chr2	42322800	42335006	1	12207	110166.4736	2784.1886	199	1
4_MACS_peak_10867_lociStitched	chr18	23746028	23772112	4	13261	102791.8272	4405.5876	200	1
1_MACS_peak_17323_lociStitched	chr3	178229919	178241655	1	11737	113693.6736	3897.5256	201	1
2_MACS_peak_25102_lociStitched	chr9	130828750	130846633	2	16367	59811.4818	3565.8702	202	1
3_MACS_peak_20185_lociStitched	chr5	180228259	180249433	3	15293	77556.1272	4086.582	203	1
5_MACS_peak_8812_lociStitched	chr16	22194949	22219126	5	16885	47017.0119	5014.3098	204	1
3_MACS_peak_16313_lociStitched	chr3	46577845	46592053	3	11727	111161.9712	2857.2288	205	1
5_MACS_peak_25336_lociStitched	chrX	10064861	10091025	5	16024	62220.6084	2872.8072	206	1
1_MACS_peak_5127_lociStitched	chr12	15100306	15116440	1	16135	60218.5416	3401.0472	207	1
1_MACS_peak_1522_lociStitched	chr1	155938589	155952628	1	14040	90673.6893	4293.1262	208	1
5_MACS_peak_7545_lociStitched	chr15	20969673	20996042	5	16872	41475.8001	4158.3913	209	1
3_MACS_peak_12579_lociStitched	chr2	42343543	42361158	3	13785	92351.922	3877.0615	210	1
4_MACS_peak_11632_lociStitched	chr19	16693729	16716990	4	14026	90317.8108	4484.7208	211	1
2_MACS_peak_17829_lociStitched	chr4	38307093	38322417	2	13257	96783.3192	3375.8772	212	1
4_MACS_peak_17156_lociStitched	chr3	156804551	156824693	4	14567	81820.8324	5986.2024	213	1
3_MACS_peak_10598_lociStitched	chr17	76763018	76779731	3	15812	59169.0339	3401.0955	214	1
1_MACS_peak_2093_lociStitched	chr1	209274999	209284558	1	9560	121043.7052	3109.5427	215	1
4_MACS_peak_19932_lociStitched	chr5	150512956	150537939	4	16346	48289.6407	5046.566	216	1
5_MACS_peak_7736_lociStitched	chr15	40834217	40862511	5	16589	37427.3032	5022.185	217	1
4_MACS_peak_15185_lociStitched	chr21	36236043	36262978	4	14027	86388.6255	6884.586	219	1
2_MACS_peak_17232_lociStitched	chr3	169656235	169668475	2	11365	108420.696	4124.88	220	1
4_MACS_peak_20496_lociStitched	chr6	26183533	26207519	4	15377	64937.2978	5360.871	221	1
3_MACS_peak_5802_lociStitched	chr12	92754348	92770123	3	9545	119311.0575	3377.4275	222	1
2_MACS_peak_21095_lociStitched	chr6	88625496	88640547	2	14219	78524.0772	3458.7198	223	1
3_MACS_peak_8343_lociStitched	chr15	89163807	89185514	3	16366	37060.3611	3907.26	224	1
1_MACS_peak_13021_lociStitched	chr2	86220018	86229225	1	9208	118790.5554	2339.4987	225	1
5_MACS_peak_26029_lociStitched	chrX	128902203	128921510	5	15694	52816.2292	2623.8213	226	1
6_MACS_peak_12785_lociStitched	chr2	64430098	64456452	6	14959	67682.3428	5075.7804	227	1
4_MACS_peak_14767_lociStitched	chr20	43583242	43609505	4	15625	55094.5214	4806.129	228	1
2_MACS_peak_18133_lociStitched	chr4	84132137	84144784	2	10879	108512.5247	3176.9264	229	1
2_MACS_peak_565_lociStitched	chr1	40839016	40858557	2	15008	64299.6605	4105.5641	230	1
5_MACS_peak_13073_lociStitched	chr2	89039382	89066799	5	13340	86920.1151	4323.6609	231	1
2_MACS_peak_17304_lociStitched	chr3	176908406	176921144	2	11482	101859.417	3609.9492	232	1
1_MACS_peak_15699_lociStitched	chr22	38782011	38797434	1	15424	51725.6574	2939.6238	233	1
2_MACS_peak_7628_lociStitched	chr15	31546550	31561150	2	10894	105049.92	2865.98	234	1
3_MACS_peak_5661_lociStitched	chr12	68751834	68770624	3	11484	97835.772	3878.256	235	1
5_MACS_peak_16051_lociStitched	chr3	15834458	15859186	5	14273	67242.8504	4779.9224	236	1
3_MACS_peak_15528_lociStitched	chr22	29207029	29225854	3	13200	79859.415	3631.3425	237	1
2_MACS_peak_13539_lociStitched	chr2	158292993	158311521	2	12427	88643.5104	4144.7136	238	1
3_MACS_peak_1519_lociStitched	chr1	155900332	155920597	3	15516	39231.0135	5122.992	239	1
3_MACS_peak_24734_lociStitched	chr9	94180830	94196019	3	14110	66435.1671	3634.7277	240	1
3_MACS_peak_2851_lociStitched	chr10	45453884	45475323	3	15184	46344.6863	4092.7051	241	1
5_MACS_peak_10511_lociStitched	chr17	73850286	73875847	5	14537	59033.1295	4301.9163	242	1
5_MACS_peak_8909_lociStitched	chr16	29815239	29833841	5	15265	42077.724	3331.6182	243	1
1_MACS_peak_9966_lociStitched	chr17	37924873	37938879	1	14007	66239.9764	3264.7986	245	1
2_MACS_peak_5200_lociStitched	chr12	26265795	26280542	2	14382	59507.0944	3285.6316	246	1
2_MACS_peak_22192_lociStitched	chr7	44661542	44680240	2	15088	45273.4674	3784.4752	247	1
3_MACS_peak_4358_lociStitched	chr11	71414007	71426893	3	11550	93371.956	3132.5866	248	1
2_MACS_peak_18987_lociStitched	chr5	32530388	32544112	2	13550	71791.6164	3116.7204	249	1
1_MACS_peak_20346_lociStitched	chr6	11827555	11836876	1	9322	108564.4833	2265.9351	250	1
6_MACS_peak_25497_lociStitched	chrX	37634560	37666271	6	14838	49405.738	2562.2488	251	1
2_MACS_peak_2380_lociStitched	chr1	234733856	234750113	2	12368	86371.8153	4608.8595	253	1
3_MACS_peak_3155_lociStitched	chr10	81001135	81020704	3	14937	47128.0227	3616.3512	254	1
2_MACS_peak_18872_lociStitched	chr5	6475500	6487813	2	11701	90690.1702	2767.9624	256	1
3_MACS_peak_11797_lociStitched	chr19	35695238	35708270	3	10383	101130.9264	2833.1568	257	1
4_MACS_peak_12650_lociStitched	chr2	47193894	47215229	4	14496	55509.403	3848.834	258	1
2_MACS_peak_2283_lociStitched	chr1	226839369	226852628	2	12827	78480.021	4476.2384	259	1
2_MACS_peak_22758_lociStitched	chr7	114561629	114574342	2	11406	92779.474	4347.846	260	1
3_MACS_peak_8027_lociStitched	chr15	65169186	65189860	3	11855	87513.042	3539.3888	261	1
1_MACS_peak_4657_lociStitched	chr11	111237767	111251486	1	13720	63466.8378	3121.0725	262	1
2_MACS_peak_4693_lociStitched	chr11	115090178	115102577	2	10479	97095.3291	2613.7092	263	1
6_MACS_peak_12889_lociStitched	chr2	70334964	70361095	6	13736	63806.6758	4964.89	264	1
3_MACS_peak_10454_lociStitched	chr17	70582100	70601839	3	13945	58960.393	3874.7657	265	1
1_MACS_peak_17991_lociStitched	chr4	69434334	69443885	1	9552	102479.3647	2378.199	267	1
4_MACS_peak_23360_lociStitched	chr8	27930057	27951824	4	14487	48875.6218	5030.3537	268	1
3_MACS_peak_24905_lociStitched	chr9	112668551	112683448	3	10371	97572.3706	3384.5984	269	1
4_MACS_peak_10539_lociStitched	chr17	74475836	74498394	4	13759	60446.4168	3814.5578	270	1
1_MACS_peak_10368_lociStitched	chr17	62196570	62210488	1	13919	56363.7246	3262.3792	271	1
4_MACS_peak_20534_lociStitched	chr6	27094278	27116220	4	14218	52263.6498	4877.7066	272	1
2_MACS_peak_10552_lociStitched	chr17	75078975	75093284	2	14132	51885.8649	3133.671	273	1
2_MACS_peak_5776_lociStitched	chr12	89737993	89749946	2	11467	85994.6632	2684.6438	274	1
2_MACS_peak_18077_lociStitched	chr4	77608547	77624721	2	14646	37955.5258	3126.4342	275	1
2_MACS_peak_17859_lociStitched	chr4	40302290	40319877	2	12296	78163.6628	3830.4486	276	1
2_MACS_peak_12887_lociStitched	chr2	70309955	70323305	2	9606	100577.565	2957.025	277	1
2_MACS_peak_20638_lociStitched	chr6	31694499	31709456	2	13445	62723.6752	3713.8231	279	1
2_MACS_peak_19858_lociStitched	chr5	142771294	142786261	2	14109	49835.6199	2975.4396	280	1
3_MACS_peak_5544_lociStitched	chr12	57021842	57040989	3	14629	37485.9966	3892.5851	281	1
2_MACS_peak_14622_lociStitched	chr20	32988701	33005905	2	13379	62183.858	3418.4348	282	1
4_MACS_peak_21575_lociStitched	chr6	143162658	143180143	4	14078	48389.7375	2161.146	283	1
3_MACS_peak_21546_lociStitched	chr6	139631958	139649277	3	11873	80684.0253	3250.7763	284	1
3_MACS_peak_14743_lociStitched	chr20	42568346	42585768	3	13304	61612.903	3097.6316	285	1
3_MACS_peak_191_lociStitched	chr1	17221238	17241598	3	12113	79465.08	6075.424	286	1
3_MACS_peak_12406_lociStitched	chr2	25623621	25645943	3	11691	81910.579	4031.3532	287	1
4_MACS_peak_5072_lociStitched	chr12	11901451	11920242	4	13961	48512.7247	3547.7408	289	1
1_MACS_peak_24111_lociStitched	chr8	137189053	137201766	1	12714	68623.5027	3124.8554	290	1
1_MACS_peak_15697_lociStitched	chr22	38700786	38715063	1	14278	38719.224	2756.8887	291	1
5_MACS_peak_4972_lociStitched	chr12	6552096	6580991	5	13105	64011.0935	5192.4315	292	1
4_MACS_peak_16688_lociStitched	chr3	101487476	101513655	4	13912	47988.7249	4659.862	294	1
4_MACS_peak_3945_lociStitched	chr11	35183558	35205762	4	13894	46621.7388	4101.0788	295	1
3_MACS_peak_11888_lociStitched	chr19	40645301	40672008	3	13900	46424.7781	4510.8123	297	1
4_MACS_peak_18066_lociStitched	chr4	77117786	77136556	4	13877	46598.402	4211.988	298	1
5_MACS_peak_19981_lociStitched	chr5	156339341	156362352	5	13682	49149.1949	3902.6656	299	1
1_MACS_peak_18271_lociStitched	chr4	105407020	105417787	1	10768	85498.5936	2393.5041	300	1
4_MACS_peak_1760_lociStitched	chr1	174922860	174942304	4	14172	38135.5172	4874.6108	301	1
5_MACS_peak_19401_lociStitched	chr5	87954222	87976736	5	12457	68789.2756	4419.4982	302	1
4_MACS_peak_11280_lociStitched	chr19	2254707	2274759	4	13822	44497.3932	4367.3256	305	1
2_MACS_peak_15511_lociStitched	chr22	26974554	26992245	2	12667	63974.1942	3439.1304	306	1
5_MACS_peak_19539_lociStitched	chr5	109251573	109282363	5	13623	49051.549	5163.483	307	1
2_MACS_peak_17462_lociStitched	chr3	186779300	186792518	2	10866	84732.6672	4449.1788	308	1
2_MACS_peak_22246_lociStitched	chr7	50343662	50357860	2	13364	51419.4768	3343.629	309	1
2_MACS_peak_14610_lociStitched	chr20	32461560	32473757	2	9207	95756.2076	2647.9687	311	1
2_MACS_peak_20114_lociStitched	chr5	173696420	173710102	2	9954	90584.4174	3042.8768	313	1
1_MACS_peak_19605_lociStitched	chr5	118667331	118678919	1	11589	74426.2476	3063.8672	316	1
3_MACS_peak_9329_lociStitched	chr16	81841429	81857859	3	12699	57845.101	1877.949	318	1
1_MACS_peak_18844_lociStitched	chr5	1311513	1320735	1	9223	93375.5166	2209.5912	319	1
1_MACS_peak_14763_lociStitched	chr20	43269770	43282284	1	12515	60858.0848	2922.019	320	1
1_MACS_peak_14167_lociStitched	chr2	231729235	231739825	1	10591	81029.385	1099.242	321	1
3_MACS_peak_12443_lociStitched	chr2	27374594	27389993	3	12161	65866.1427	3133.6965	322	1
3_MACS_peak_19387_lociStitched	chr5	86408211	86420713	3	10209	85807.477	2810.4496	323	1
2_MACS_peak_22942_lociStitched	chr7	136035047	136047356	2	10282	86314.4007	4081.6644	324	1
2_MACS_peak_8834_lociStitched	chr16	23404687	23419488	2	9603	89978.2392	2789.9885	325	1
4_MACS_peak_4319_lociStitched	chr11	67760634	67781753	4	13415	43566.3851	3799.3081	326	1
3_MACS_peak_4487_lociStitched	chr11	82764695	82784513	3	12479	60851.169	4141.962	327	1
2_MACS_peak_17902_lociStitched	chr4	48191557	48206642	2	12303	62255.795	3050.187	328	1
2_MACS_peak_19502_lociStitched	chr5	100224175	100241768	2	12426	60532.2351	4012.9633	329	1
4_MACS_peak_7573_lociStitched	chr15	23660177	23682882	4	13359	42283.5215	3412.5615	330	1
1_MACS_peak_14944_lociStitched	chr20	56047570	56058649	1	11080	74894.04	2497.2066	332	1
5_MACS_peak_3038_lociStitched	chr10	72249439	72274250	5	13411	40985.2909	4428.7635	333	1
2_MACS_peak_22224_lociStitched	chr7	47512853	47524746	2	11413	67694.956	2962.5463	338	1
2_MACS_peak_20080_lociStitched	chr5	171601054	171616128	2	12453	50892.8388	3245.4322	339	1
1_MACS_peak_2051_lociStitched	chr1	206727944	206738935	1	10992	71836.0769	4055.679	340	1
1_MACS_peak_19897_lociStitched	chr5	148204698	148216081	1	11384	66405.0071	3233.9103	341	1
4_MACS_peak_18924_lociStitched	chr5	15426963	15449335	4	12013	57299.1664	3550.4364	342	1
3_MACS_peak_15723_lociStitched	chr22	39459039	39474562	3	12807	41915.2046	2995.939	345	1
1_MACS_peak_21243_lociStitched	chr6	108986117	108998310	1	12194	52522.5668	2194.74	346	1
3_MACS_peak_7924_lociStitched	chr15	52959382	52977361	3	12699	44440.4922	3525.6819	347	1
2_MACS_peak_23475_lociStitched	chr8	38811450	38824475	2	11957	56051.785	2477.355	349	1
3_MACS_peak_24717_lociStitched	chr9	93670878	93689315	3	10346	76072.9057	3373.971	350	1
2_MACS_peak_15460_lociStitched	chr22	23477602	23488911	2	10398	74600.9494	2424.6496	351	1
1_MACS_peak_5932_lociStitched	chr12	102870673	102879510	1	8838	87237.9803	2122.6474	353	1
3_MACS_peak_26175_lociStitched	chrX	153232562	153252697	3	12840	37243.7095	1769.8665	354	1
1_MACS_peak_10105_lociStitched	chr17	43297718	43308567	1	10850	69151.526	2544.0905	357	1
3_MACS_peak_9573_lociStitched	chr17	7136566	7156668	3	12448	45321.9692	3622.3804	359	1
3_MACS_peak_9044_lociStitched	chr16	50713984	50732936	3	12794	36412.4776	3708.9064	360	1
2_MACS_peak_6220_lociStitched	chr12	125397191	125412994	2	11327	61157.61	2157.1095	361	1
4_MACS_peak_3065_lociStitched	chr10	74006659	74024512	4	11812	54881.9073	3238.5342	363	1
1_MACS_peak_20669_lociStitched	chr6	32934504	32943154	1	8651	86453.29	2813.845	364	1
1_MACS_peak_326_lociStitched	chr1	27018215	27030732	1	12518	40434.9168	2936.4882	365	1
1_MACS_peak_5449_lociStitched	chr12	51312071	51323445	1	11375	59802.2172	2707.012	366	1
2_MACS_peak_19562_lociStitched	chr5	112256236	112267644	2	9957	75223.2112	2781.2704	367	1
1_MACS_peak_18520_lociStitched	chr4	144272394	144282783	1	10390	70499.754	2399.859	368	1
2_MACS_peak_17313_lociStitched	chr3	177068556	177080043	2	9180	82530.6489	3546.0369	369	1
2_MACS_peak_20855_lociStitched	chr6	45386649	45402752	2	11965	49592.4091	3040.2464	370	1
3_MACS_peak_17281_lociStitched	chr3	175052708	175070821	3	11570	57691.7163	5013.6784	371	1
2_MACS_peak_3473_lociStitched	chr10	112256183	112273478	2	11874	50565.3915	3277.4025	374	1
2_MACS_peak_19537_lociStitched	chr5	109187845	109202236	2	10481	68122.6767	2414.8098	375	1
2_MACS_peak_19533_lociStitched	chr5	109023870	109036718	2	11955	48532.0352	3181.1648	376	1
1_MACS_peak_14809_lociStitched	chr20	45978221	45987354	1	9134	80098.2366	2174.5673	378	1
3_MACS_peak_20845_lociStitched	chr6	44213163	44233772	3	11991	47779.9056	3870.3702	379	1
2_MACS_peak_10200_lociStitched	chr17	47815752	47828032	2	10958	61058.616	2894.396	382	1
3_MACS_peak_8928_lociStitched	chr16	30193764	30212239	3	11900	47218.405	3852.0375	385	1
3_MACS_peak_15296_lociStitched	chr21	45194880	45210786	3	11896	46908.3846	3909.6948	386	1
2_MACS_peak_6627_lociStitched	chr13	77898786	77914492	2	9940	72147.0816	3226.0124	387	1
3_MACS_peak_8423_lociStitched	chr15	93346276	93364607	3	11050	59421.7696	3455.3935	388	1
3_MACS_peak_21330_lociStitched	chr6	117858931	117877459	3	12022	41567.568	3153.4656	390	1
2_MACS_peak_9535_lociStitched	chr17	4842166	4854657	2	11793	45411.0305	2598.128	391	1
2_MACS_peak_16439_lociStitched	chr3	52729985	52746165	2	11088	56341.996	2779.724	392	1
5_MACS_peak_11253_lociStitched	chr19	1647638	1672802	5	12063	40707.8028	4562.2332	394	1
1_MACS_peak_3246_lociStitched	chr10	91804817	91813376	1	8560	80891.109	1930.0545	395	1
3_MACS_peak_8173_lociStitched	chr15	75352723	75370830	3	10764	60240.1783	3414.9802	397	1
2_MACS_peak_22668_lociStitched	chr7	104576159	104586756	2	9660	71311.4518	2286.8326	398	1
1_MACS_peak_1809_lociStitched	chr1	181095534	181105665	1	10132	66757.2114	2891.3874	399	1
1_MACS_peak_25625_lociStitched	chrX	48767989	48779746	1	11758	41098.9449	1473.1521	400	1
2_MACS_peak_2962_lociStitched	chr10	63802913	63814769	2	11091	53848.7664	2859.6672	401	1
1_MACS_peak_15513_lociStitched	chr22	27004980	27015296	1	10317	63412.452	2457.2712	402	1
4_MACS_peak_13856_lociStitched	chr2	197088623	197107974	4	11400	49414.7136	3618.637	403	1
2_MACS_peak_17825_lociStitched	chr4	38124169	38136724	2	10090	66028.0005	2715.6465	404	1
2_MACS_peak_14905_lociStitched	chr20	52481361	52490974	2	9037	74658.4032	2271.5519	408	1
3_MACS_peak_14980_lociStitched	chr20	61273134	61291087	3	11375	46977.6151	2500.8529	409	1
2_MACS_peak_16029_lociStitched	chr3	14727070	14741826	2	9731	68817.5572	2965.956	410	1
1_MACS_peak_1136_lociStitched	chr1	111172789	111181521	1	8733	75562.362	1405.852	411	1
2_MACS_peak_10628_lociStitched	chr17	78873396	78887164	2	8744	76057.1856	2207.0104	412	1
2_MACS_peak_13831_lociStitched	chr2	192530781	192546491	2	10287	61796.856	3101.154	413	1
2_MACS_peak_15444_lociStitched	chr22	23088115	23102014	2	11559	41507.9736	2219.6703	414	1
2_MACS_peak_1553_lociStitched	chr1	156709104	156722925	2	11580	42096.0018	3912.7251	415	1
2_MACS_peak_1138_lociStitched	chr1	111323302	111338362	2	9857	64852.878	1784.61	416	1
3_MACS_peak_1604_lociStitched	chr1	160695151	160714964	3	11130	51945.7234	5882.4797	417	1
1_MACS_peak_5367_lociStitched	chr12	46776135	46787349	1	11215	46826.2998	2334.7548	418	1
2_MACS_peak_9078_lociStitched	chr16	56943379	56952879	2	8614	76246.05	2383.55	421	1
3_MACS_peak_11054_lociStitched	chr18	52930435	52948561	3	11401	43872.1704	3307.995	422	1
3_MACS_peak_623_lociStitched	chr1	44289654	44305940	3	11281	45770.1744	3200.199	423	1
1_MACS_peak_14421_lociStitched	chr20	9489766	9499849	1	10084	61777.5327	2303.9655	424	1
2_MACS_peak_20995_lociStitched	chr6	74220344	74234417	2	11580	39160.9371	3117.1695	425	1
1_MACS_peak_9300_lociStitched	chr16	79629440	79640895	1	11456	39533.496	1414.6925	426	1
3_MACS_peak_6482_lociStitched	chr13	46269181	46281182	3	10618	53520.8597	1510.9259	427	1
3_MACS_peak_25004_lociStitched	chr9	123688909	123707685	3	11446	40772.084	3342.128	430	1
3_MACS_peak_20342_lociStitched	chr6	11713756	11733768	3	11327	42825.68	3436.0604	431	1
2_MACS_peak_1648_lociStitched	chr1	161768396	161780161	2	11584	36307.9665	3030.664	432	1
1_MACS_peak_4062_lociStitched	chr11	58339867	58348632	1	8766	72193.799	2244.7165	433	1
2_MACS_peak_4797_lociStitched	chr11	122928606	122942031	2	10604	51832.5825	3121.3125	436	1
3_MACS_peak_5105_lociStitched	chr12	13242309	13256190	3	10973	45124.3548	2740.1094	437	1
4_MACS_peak_23264_lociStitched	chr8	19519253	19540478	4	10381	54705.315	3553.065	440	1
4_MACS_peak_12169_lociStitched	chr19	55460502	55486390	4	11306	37856.0224	3057.3728	441	1
3_MACS_peak_20291_lociStitched	chr6	7135048	7148008	3	11256	37394.784	2706.048	444	1
2_MACS_peak_7012_lociStitched	chr14	50465298	50476962	2	8851	68289.2208	1417.176	446	1
1_MACS_peak_21511_lociStitched	chr6	138186927	138196095	1	9169	65799.6528	2585.376	449	1
2_MACS_peak_13523_lociStitched	chr2	153914300	153929179	2	10487	49932.4361	3210.8882	450	1
1_MACS_peak_17099_lociStitched	chr3	151911009	151921721	1	10713	45461.728	2500.1808	451	1
3_MACS_peak_17678_lociStitched	chr4	9598997	9611089	3	9800	58066.9932	2446.2116	452	1
3_MACS_peak_10383_lociStitched	chr17	62970255	62986155	3	9366	63224.76	3111.63	454	1
2_MACS_peak_3469_lociStitched	chr10	112172300	112186208	2	10786	43244.1444	2732.922	455	1
3_MACS_peak_5284_lociStitched	chr12	32608226	32622839	3	10037	54901.041	2972.2842	456	1
3_MACS_peak_7669_lociStitched	chr15	34619122	34635872	3	10222	52157.825	3283	458	1
3_MACS_peak_25001_lociStitched	chr9	123652781	123667714	3	10049	53101.748	2892.5221	463	1
2_MACS_peak_21295_lociStitched	chr6	113946307	113957110	2	8920	65654.1522	2770.9695	465	1
2_MACS_peak_11607_lociStitched	chr19	16221557	16232472	2	10482	45543.929	2367.4635	466	1
3_MACS_peak_1155_lociStitched	chr1	112134471	112148297	3	10455	45162.629	1739.3108	469	1
2_MACS_peak_10579_lociStitched	chr17	76116320	76129778	2	10400	46230.9216	2391.4866	471	1
3_MACS_peak_20484_lociStitched	chr6	26020253	26034966	3	10966	35914.433	2973.4973	473	1
4_MACS_peak_11258_lociStitched	chr19	1847164	1865833	4	10485	45464.6157	3558.3114	477	1
1_MACS_peak_19782_lociStitched	chr5	138719763	138730455	1	10693	40191.228	2618.4708	479	1
5_MACS_peak_12859_lociStitched	chr2	68937424	68963967	5	10907	37346.001	4512.31	481	1
2_MACS_peak_22257_lociStitched	chr7	52774345	52788700	2	9225	60375.6945	2236.509	482	1
4_MACS_peak_8448_lociStitched	chr15	99393271	99419449	4	10597	42646.5798	4327.2234	486	1
2_MACS_peak_18743_lociStitched	chr4	185263534	185277445	2	8921	62376.924	3031.2069	492	1
3_MACS_peak_12334_lociStitched	chr2	13681062	13701633	3	10611	38414.2854	3620.496	495	1
3_MACS_peak_11450_lociStitched	chr19	10329495	10347921	3	10218	44858.097	2839.4466	496	1
1_MACS_peak_959_lociStitched	chr1	87792658	87803349	1	10692	35044.0289	2179.8949	497	1
2_MACS_peak_25998_lociStitched	chrX	119434767	119445551	2	10145	44295.28	1236.9248	498	1
3_MACS_peak_25473_lociStitched	chrX	30578707	30597377	3	10580	36742.56	1840.862	499	1
2_MACS_peak_14137_lociStitched	chr2	227768981	227782888	2	9439	55050.8595	2387.8319	500	1
2_MACS_peak_16864_lociStitched	chr3	124501754	124512104	2	10201	43936.785	2234.565	501	1
2_MACS_peak_13782_lociStitched	chr2	187810419	187821123	2	8461	65101.728	2220.0096	502	1
2_MACS_peak_24961_lociStitched	chr9	117127596	117138063	2	10327	41584.3443	2104.9137	504	1
3_MACS_peak_19170_lociStitched	chr5	58852816	58866320	3	9294	56175.2896	2410.464	506	1
2_MACS_peak_9398_lociStitched	chr16	89033442	89046261	2	9827	47972.5437	1189.6032	508	1
3_MACS_peak_7847_lociStitched	chr15	46994501	47008854	3	10429	39110.4897	2704.1052	511	1
2_MACS_peak_12534_lociStitched	chr2	37614931	37624987	2	9843	48698.1912	2749.3104	512	1
1_MACS_peak_1603_lociStitched	chr1	160675972	160685346	1	9375	56064.0192	4008.3224	513	1
1_MACS_peak_1923_lociStitched	chr1	197740039	197748869	1	8831	61181.304	3044.584	514	1
4_MACS_peak_10581_lociStitched	chr17	76137511	76152494	4	10497	36566.0115	2750.8788	515	1
2_MACS_peak_21889_lociStitched	chr7	8164244	8175510	2	10578	33770.9616	1807.0664	516	1
2_MACS_peak_24097_lociStitched	chr8	134576819	134585891	2	9035	56744.4528	2030.3136	520	1
1_MACS_peak_17093_lociStitched	chr3	150315132	150324415	1	9284	54122.6749	2376.448	521	1
2_MACS_peak_5357_lociStitched	chr12	46119440	46132521	2	10419	36382.1853	2641.0539	523	1
1_MACS_peak_4949_lociStitched	chr12	4377661	4387984	1	10324	37019.3103	1869.4953	526	1
4_MACS_peak_13099_lociStitched	chr2	96889969	96912540	4	10461	35761.4924	3728.7292	527	1
3_MACS_peak_20802_lociStitched	chr6	42737866	42752432	3	9841	45630.9082	2565.0726	530	1
3_MACS_peak_20678_lociStitched	chr6	33279327	33292799	3	9904	45013.9936	3041.9776	531	1
3_MACS_peak_3395_lociStitched	chr10	104401067	104413008	3	10164	39638.1495	2209.085	532	1
2_MACS_peak_7969_lociStitched	chr15	59266806	59281252	2	10269	37787.8468	2725.9602	536	1
3_MACS_peak_4459_lociStitched	chr11	78163173	78178682	3	8877	57251.4735	2515.5598	538	1
1_MACS_peak_5689_lociStitched	chr12	72078873	72089141	1	10269	36295.3264	2219.9416	539	1
2_MACS_peak_4827_lociStitched	chr11	126056513	126069279	2	8829	56765.2956	2290.2204	543	1
1_MACS_peak_2258_lociStitched	chr1	226062460	226071724	1	9265	51417.9792	2879.2512	544	1
3_MACS_peak_683_lociStitched	chr1	46789774	46807246	3	9384	48911.1168	3186.8928	548	1
2_MACS_peak_19685_lociStitched	chr5	130708579	130719188	2	9860	40357.6969	2888.8307	554	1
2_MACS_peak_15038_lociStitched	chr21	16046985	16061134	2	8861	53801.5725	2616.1501	559	1
2_MACS_peak_5458_lociStitched	chr12	51712036	51722227	2	9882	38408.8599	2342.9109	561	1
2_MACS_peak_17865_lociStitched	chr4	40622255	40634311	2	9801	39439.9984	2431.6952	562	1
2_MACS_peak_24058_lociStitched	chr8	129664751	129673545	2	8460	57066.9042	1982.1676	563	1
3_MACS_peak_20493_lociStitched	chr6	26155265	26174000	3	10030	35943.0975	3750.747	564	1
3_MACS_peak_15154_lociStitched	chr21	34696113	34712957	3	9918	38961.8564	4606.834	565	1
1_MACS_peak_20511_lociStitched	chr6	26357956	26367429	1	9474	44474.7877	2487.6098	566	1
3_MACS_peak_11562_lociStitched	chr19	13943831	13959368	3	9307	46715.0979	2585.3568	571	1
2_MACS_peak_17544_lociStitched	chr3	196357690	196371222	2	9683	42341.628	4180.0348	573	1
1_MACS_peak_12838_lociStitched	chr2	66659446	66668626	1	9181	47149.398	1753.38	577	1
2_MACS_peak_1824_lociStitched	chr1	183438631	183451443	2	9596	42697.2712	4271.5208	580	1
2_MACS_peak_21549_lociStitched	chr6	139684025	139698142	2	9803	36945.6007	2714.6991	581	1
1_MACS_peak_15744_lociStitched	chr22	39860377	39870176	1	9800	34446.4247	1766.7597	586	1
2_MACS_peak_15147_lociStitched	chr21	34600908	34613088	2	9704	37789.668	3556.56	587	1
1_MACS_peak_20899_lociStitched	chr6	52527533	52536794	1	9262	43310.9187	2525.4747	591	1
1_MACS_peak_239_lociStitched	chr1	23850138	23858856	1	8719	50391.7836	2157.705	592	1
1_MACS_peak_15463_lociStitched	chr22	23517060	23526668	1	9609	37028.2712	2259.8016	593	1
2_MACS_peak_24306_lociStitched	chr9	9605295	9615333	2	8657	50560.4022	1812.8628	594	1
2_MACS_peak_23428_lociStitched	chr8	33409939	33425587	2	9350	40435.9968	3123.3408	600	1
2_MACS_peak_23364_lociStitched	chr8	28195013	28207545	2	9116	43810.6188	2799.6488	601	1
1_MACS_peak_3944_lociStitched	chr11	35159785	35169083	1	9299	40537.4204	2501.162	603	1
1_MACS_peak_9972_lociStitched	chr17	38016288	38025020	1	8733	48325.5076	2162.9164	604	1
3_MACS_peak_11604_lociStitched	chr19	16180351	16198109	3	9562	36059.3948	2978.0166	605	1
1_MACS_peak_2269_lociStitched	chr1	226308556	226317104	1	8549	50852.052	2782.374	610	1
2_MACS_peak_18258_lociStitched	chr4	103532236	103543003	2	9545	34835.5518	2327.8254	612	1
2_MACS_peak_20608_lociStitched	chr6	30648887	30659482	2	9461	35640.5205	2155.023	615	1
1_MACS_peak_8383_lociStitched	chr15	90637858	90646582	1	8725	46654.2072	2203.6824	617	1
3_MACS_peak_16879_lociStitched	chr3	125548613	125560493	3	9187	39833.64	2602.908	620	1
2_MACS_peak_2865_lociStitched	chr10	45949725	45961002	2	8487	49195.9125	2024.2215	621	1
2_MACS_peak_270_lociStitched	chr1	24710127	24720594	2	9210	39105.7587	2505.7998	622	1
2_MACS_peak_366_lociStitched	chr1	28352277	28364295	2	9261	37462.5096	1938.5034	623	1
3_MACS_peak_21423_lociStitched	chr6	130833343	130847863	3	9248	38306.664	2853.18	627	1
3_MACS_peak_16196_lociStitched	chr3	39247927	39263943	3	8958	42745.1024	2926.1232	632	1
2_MACS_peak_24999_lociStitched	chr9	123631288	123641794	2	8899	42684.8274	2188.3998	633	1
3_MACS_peak_11241_lociStitched	chr19	1258219	1277480	3	9124	38980.4118	4362.6165	644	1
1_MACS_peak_24374_lociStitched	chr9	22236982	22245641	1	8660	41616.8858	1291.0569	653	1
3_MACS_peak_10675_lociStitched	chr17	80405726	80423813	3	8846	39740.7564	2973.5028	656	1
2_MACS_peak_5721_lociStitched	chr12	77452967	77464660	2	8756	40446.087	2344.4465	658	1
1_MACS_peak_13452_lociStitched	chr2	135162275	135170700	1	8426	43753.5525	1901.5225	665	1
1_MACS_peak_16983_lociStitched	chr3	133289648	133298583	1	8936	34422.0875	2253.407	670	1
2_MACS_peak_11965_lociStitched	chr19	44257134	44271636	2	8906	35206.5054	2565.4038	671	1
2_MACS_peak_15492_lociStitched	chr22	24822484	24832018	2	8638	38922.555	1751.3958	672	1
4_MACS_peak_10134_lociStitched	chr17	45265225	45284481	4	8893	35771.8712	3373.6512	675	1
2_MACS_peak_7227_lociStitched	chr14	72980342	72989940	2	8712	36167.1836	1316.8456	682	1
1_MACS_peak_2958_lociStitched	chr10	63656467	63665241	1	8775	34377.4094	2034.6906	693	1
2_MACS_peak_19067_lociStitched	chr5	43007061	43021285	2	8486	39969.44	3186.176	698	1
3_MACS_peak_15717_lociStitched	chr22	39409015	39422152	3	8502	38628.0348	2396.1888	699	1
1_MACS_peak_12177_lociStitched	chr19	55764093	55772606	1	8514	35752.8974	1802.2021	719	1
