#MM2 Enhancers
#Created from /data/projects/IRF4_mm_trn_data/myeloma_public_data/rose/MM2.H3K27ac_ROSE/MM2_0KB_STITCHED_ENHANCER_REGION_MAP.txt
#Ranked by MM2.jin.bam
#Using cutoff of 6714.4959 for Super-Enhancers
#Created on Jul 16 2024 
REGION_ID	CHROM	START	STOP	NUM_LOCI	CONSTITUENT_SIZE	MM2.jin.bam	enhancerRank	isSuper
14_MACS_peak_9655_lociStitched	chr14	106025464	106050942	14	24456	73142.2424	1	1
1_MACS_peak_5501_lociStitched	chr11	65183957	65196261	1	12305	67300.4192	2	1
3_MACS_peak_6598_lociStitched	chr12	12866441	12879864	3	13158	54204.7586	3	1
5_MACS_peak_28046_lociStitched	chr6	106531606	106552689	5	20430	53487.571	4	1
2_MACS_peak_3283_lociStitched	chr1	234738191	234749597	2	11392	48081.993	5	1
1_MACS_peak_25024_lociStitched	chr5	9991	11865	1	1875	46316.847	6	1
4_MACS_peak_22641_lociStitched	chr3	141096910	141110520	4	13353	45521.367	7	1
5_MACS_peak_26832_lociStitched	chr6	7895662	7912473	5	15994	45426.6842	8	1
3_MACS_peak_27954_lociStitched	chr6	90054387	90068457	3	13820	44051.763	9	1
1_MACS_peak_8144_lociStitched	chr12	125396202	125406513	1	10312	42642.1716	10	1
4_MACS_peak_17890_lociStitched	chr2	158288783	158301839	4	12721	42242.688	11	1
6_MACS_peak_22990_lociStitched	chr3	171808032	171827045	6	18680	40649.794	12	1
4_MACS_peak_17264_lociStitched	chr2	88917504	88928609	4	10381	39353.899	13	1
4_MACS_peak_31160_lociStitched	chr8	98654944	98666011	4	10810	34705.0053	14	1
3_MACS_peak_3468_lociStitched	chr10	3821631	3828855	3	6608	33861.7776	15	1
1_MACS_peak_2987_lociStitched	chr1	218336684	218343683	1	7000	33489.5151	16	1
3_MACS_peak_1823_lociStitched	chr1	150532135	150541883	3	9368	33344.0088	17	1
1_MACS_peak_22645_lociStitched	chr3	141117738	141126158	1	8421	33231.214	18	1
5_MACS_peak_3177_lociStitched	chr1	228269130	228274581	5	5008	32972.5539	19	1
3_MACS_peak_11044_lociStitched	chr15	93425105	93430199	3	4704	32848.1496	20	1
14_MACS_peak_16326_lociStitched	chr2	20404223	20425867	14	20192	32232.2448	21	1
5_MACS_peak_1559_lociStitched	chr1	118147934	118160187	5	11775	31950.9228	22	1
6_MACS_peak_29868_lociStitched	chr7	104649208	104656359	6	6047	31686.7961	23	1
2_MACS_peak_27328_lociStitched	chr6	32935733	32941465	2	5683	31588.4788	24	1
2_MACS_peak_2627_lociStitched	chr1	197740184	197748561	2	8202	31319.9276	25	1
1_MACS_peak_32324_lociStitched	chr9	74975815	74981278	1	5464	30920.0337	26	1
1_MACS_peak_5518_lociStitched	chr11	65263476	65271000	1	7525	30869.4672	27	1
9_MACS_peak_30182_lociStitched	chr7	137662320	137679576	9	16292	30061.6776	28	1
2_MACS_peak_1826_lociStitched	chr1	150545230	150553040	2	7789	29382.001	29	1
1_MACS_peak_12318_lociStitched	chr16	90059857	90063994	1	4138	29028.5016	30	1
4_MACS_peak_9878_lociStitched	chr15	31642536	31654737	4	11654	29026.179	31	1
7_MACS_peak_26011_lociStitched	chr5	131755711	131768609	7	12471	28380.7592	32	1
8_MACS_peak_23005_lociStitched	chr3	171845828	171861330	8	14680	28215.1902	33	1
6_MACS_peak_6730_lociStitched	chr12	26269280	26280080	6	10024	27695.52	34	1
3_MACS_peak_31124_lociStitched	chr8	95954003	95963323	3	9090	27617.024	35	1
7_MACS_peak_14393_lociStitched	chr18	52977313	52990891	7	12819	27587.7804	36	1
3_MACS_peak_31489_lociStitched	chr8	126441416	126449351	3	7450	27370.989	37	1
9_MACS_peak_11815_lociStitched	chr16	56964106	56975270	9	10337	27225.6468	38	1
2_MACS_peak_25691_lociStitched	chr5	90673707	90680819	2	6785	27206.956	39	1
5_MACS_peak_17215_lociStitched	chr2	87807329	87822840	5	15086	27167.5165	40	1
2_MACS_peak_13177_lociStitched	chr17	43297937	43309235	2	11295	26682.4866	41	1
6_MACS_peak_21013_lociStitched	chr3	5234504	5244986	6	9738	25664.1288	42	1
3_MACS_peak_11047_lociStitched	chr15	93443056	93452179	3	8589	25647.4899	43	1
1_MACS_peak_22967_lociStitched	chr3	171756968	171761700	1	4733	25447.7496	44	1
1_MACS_peak_2722_lociStitched	chr1	203255061	203261123	1	6063	25064.5514	45	1
4_MACS_peak_8080_lociStitched	chr12	123370716	123381112	4	10273	24986.786	46	1
8_MACS_peak_30231_lociStitched	chr7	139466596	139478247	8	11078	24434.4772	47	1
2_MACS_peak_20280_lociStitched	chr22	23269911	23278794	2	8794	24256.8081	48	1
2_MACS_peak_19428_lociStitched	chr20	45978760	45987439	2	8399	24209.2026	49	1
5_MACS_peak_21801_lociStitched	chr3	53199960	53211659	5	11558	23932.6443	50	1
1_MACS_peak_2892_lociStitched	chr1	207993692	208000831	1	7140	23879.2411	51	1
1_MACS_peak_32849_lociStitched	chr9	127630504	127638571	1	8068	23361.2253	52	1
1_MACS_peak_3197_lociStitched	chr1	228673988	228679104	1	5117	22974.4212	53	1
2_MACS_peak_26983_lociStitched	chr6	16759005	16764884	2	5818	22961.6103	54	1
5_MACS_peak_21129_lociStitched	chr3	13369632	13380571	5	10446	22616.3825	55	1
1_MACS_peak_32201_lociStitched	chr9	66454650	66459737	1	5088	22445.8788	56	1
3_MACS_peak_2129_lociStitched	chr1	159888227	159896070	3	7519	22397.2551	57	1
3_MACS_peak_10120_lociStitched	chr15	45001974	45008306	3	6278	22191.7604	58	1
2_MACS_peak_20400_lociStitched	chr22	29193375	29198764	2	4973	22067.955	59	1
7_MACS_peak_17551_lociStitched	chr2	112184893	112199033	7	13506	21977.802	60	1
4_MACS_peak_2051_lociStitched	chr1	156466491	156475934	4	9436	21639.5788	61	1
1_MACS_peak_10250_lociStitched	chr15	52968432	52973519	1	5088	21576.0018	62	1
3_MACS_peak_22646_lociStitched	chr3	141126883	141135819	3	8546	21561.6744	63	1
1_MACS_peak_2499_lociStitched	chr1	182991034	182999753	1	8720	21276.1038	64	1
2_MACS_peak_26023_lociStitched	chr5	131790721	131796198	2	5442	21180.1067	65	1
2_MACS_peak_30089_lociStitched	chr7	129587420	129592995	2	5080	21174.965	66	1
3_MACS_peak_23327_lociStitched	chr3	186713368	186720354	3	6823	21143.8276	67	1
6_MACS_peak_21270_lociStitched	chr3	23847021	23854559	6	7256	20859.9074	68	1
4_MACS_peak_2646_lociStitched	chr1	198898340	198907372	4	8405	20803.4056	69	1
2_MACS_peak_14472_lociStitched	chr18	60822018	60830732	2	8469	20552.8404	70	1
2_MACS_peak_26649_lociStitched	chr5	179245283	179249630	2	4323	20423.0754	71	1
1_MACS_peak_32307_lociStitched	chr9	73032971	73036449	1	3479	20322.3018	72	1
5_MACS_peak_10266_lociStitched	chr15	55567200	55575755	5	8401	20286.4715	73	1
2_MACS_peak_21011_lociStitched	chr3	5226182	5233600	2	7172	20131.7102	74	1
1_MACS_peak_8040_lociStitched	chr12	122237570	122243141	1	5572	19942.5087	75	1
1_MACS_peak_15907_lociStitched	chr19	49375398	49379541	1	4144	19821.7692	76	1
3_MACS_peak_21121_lociStitched	chr3	13050253	13059033	3	8435	19821.728	77	1
1_MACS_peak_10388_lociStitched	chr15	63794825	63798888	1	4064	19623.4774	78	1
3_MACS_peak_18326_lociStitched	chr2	201726234	201729735	3	3477	19246.7475	79	1
5_MACS_peak_18659_lociStitched	chr2	232570613	232577580	5	6791	19220.5596	80	1
2_MACS_peak_24341_lociStitched	chr4	103745488	103750290	2	4745	19183.5098	81	1
2_MACS_peak_2727_lociStitched	chr1	203288935	203297917	2	8855	18978.0678	82	1
3_MACS_peak_2048_lociStitched	chr1	156455768	156465985	3	10004	18922.9057	83	1
3_MACS_peak_28442_lociStitched	chr6	139691088	139697577	3	5588	18819.3978	84	1
1_MACS_peak_23724_lociStitched	chr4	15002804	15007509	1	4706	18813.8835	85	1
1_MACS_peak_25174_lociStitched	chr5	32172195	32175547	1	3353	18812.7648	86	1
12_MACS_peak_6489_lociStitched	chr12	7058073	7072172	12	12553	18785.5076	87	1
2_MACS_peak_3958_lociStitched	chr10	63804760	63811789	2	6780	18650.0457	88	1
1_MACS_peak_22344_lociStitched	chr3	119812085	119815409	1	3325	18610.7436	89	1
2_MACS_peak_2000_lociStitched	chr1	155943657	155952063	2	8286	18539.433	90	1
7_MACS_peak_26523_lociStitched	chr5	173314428	173323954	7	8846	18492.8238	91	1
1_MACS_peak_27559_lociStitched	chr6	42749270	42752240	1	2971	18475.776	92	1
2_MACS_peak_27934_lociStitched	chr6	89788848	89793225	2	4336	18389.5278	93	1
1_MACS_peak_31773_lociStitched	chr9	3524759	3529029	1	4271	18315.311	94	1
2_MACS_peak_2758_lociStitched	chr1	204375905	204382004	2	6048	18226.8615	95	1
2_MACS_peak_17014_lociStitched	chr2	70312225	70316817	2	4479	18222.4336	96	1
3_MACS_peak_1587_lociStitched	chr1	118195446	118204279	3	8424	18212.7627	97	1
1_MACS_peak_28493_lociStitched	chr6	143264852	143269461	1	4610	17871.8584	98	1
1_MACS_peak_3382_lociStitched	chr1	245132669	245135837	1	3169	17745.552	99	1
2_MACS_peak_31509_lociStitched	chr8	128746906	128754195	2	6833	17723.2035	100	1
2_MACS_peak_32665_lociStitched	chr9	113016419	113020690	2	4102	17713.1183	101	1
7_MACS_peak_12228_lociStitched	chr16	87883726	87893585	7	9453	17677.187	102	1
2_MACS_peak_21040_lociStitched	chr3	9436253	9441919	2	5548	17663.1884	103	1
2_MACS_peak_2725_lociStitched	chr1	203273258	203278493	2	5230	17605.8285	104	1
2_MACS_peak_3684_lociStitched	chr10	23727428	23731230	2	3721	17586.9114	105	1
2_MACS_peak_28090_lociStitched	chr6	108878497	108883894	2	5398	17566.6953	106	1
3_MACS_peak_23117_lociStitched	chr3	176911788	176917778	3	5796	17442.88	107	1
1_MACS_peak_1828_lociStitched	chr1	150581385	150587244	1	5860	17371.935	108	1
1_MACS_peak_1803_lociStitched	chr1	149856364	149860567	1	4204	17199.9369	109	1
3_MACS_peak_22591_lociStitched	chr3	135910214	135917286	3	6304	17085.2448	110	1
1_MACS_peak_29311_lociStitched	chr7	50343710	50352497	1	8788	17037.1143	111	1
3_MACS_peak_24942_lociStitched	chr4	185392582	185397758	3	5083	16999.5368	112	1
3_MACS_peak_10432_lociStitched	chr15	65183673	65190147	3	6388	16987.1286	113	1
11_MACS_peak_9417_lociStitched	chr14	91833146	91844544	11	10612	16918.0514	114	1
4_MACS_peak_11379_lociStitched	chr16	11829527	11837511	4	7766	16865.4016	115	1
1_MACS_peak_22600_lociStitched	chr3	136468938	136473128	1	4191	16829.135	116	1
3_MACS_peak_26030_lociStitched	chr5	131821024	131827616	3	6543	16769.3888	117	1
3_MACS_peak_7024_lociStitched	chr12	48200751	48208824	3	7823	16755.5115	118	1
4_MACS_peak_10127_lociStitched	chr15	45016427	45022883	4	6382	16738.4712	119	1
4_MACS_peak_20902_lociStitched	chr22	50353190	50361856	4	8245	16687.2496	120	1
2_MACS_peak_19978_lociStitched	chr21	38737727	38741624	2	3883	16679.16	121	1
3_MACS_peak_28709_lociStitched	chr6	159458629	159466519	3	7548	16592.67	122	1
4_MACS_peak_23350_lociStitched	chr3	186780461	186785885	4	5378	16551.8784	123	1
3_MACS_peak_22987_lociStitched	chr3	171800035	171807444	3	7213	16507.9929	124	1
1_MACS_peak_28382_lociStitched	chr6	136609247	136612318	1	3072	16421.8654	125	1
3_MACS_peak_13783_lociStitched	chr17	74258505	74265621	3	6841	16330.5084	126	1
2_MACS_peak_10686_lociStitched	chr15	75334133	75341793	2	7313	16304.31	127	1
4_MACS_peak_18338_lociStitched	chr2	201987284	201996856	4	8975	16302.0732	128	1
1_MACS_peak_15839_lociStitched	chr19	47613942	47617415	1	3474	16262.6698	129	1
2_MACS_peak_2119_lociStitched	chr1	159043438	159048455	2	4827	16207.4185	130	1
6_MACS_peak_6829_lociStitched	chr12	31737050	31745229	6	7827	16066.8276	131	1
1_MACS_peak_19554_lociStitched	chr20	48806536	48811037	1	4502	16049.6658	132	1
2_MACS_peak_25265_lociStitched	chr5	39072654	39077740	2	4890	16039.2096	133	1
1_MACS_peak_21201_lociStitched	chr3	15835683	15840368	1	4686	16010.0505	134	1
3_MACS_peak_25747_lociStitched	chr5	95293569	95298247	3	4184	15970.692	135	1
4_MACS_peak_7288_lociStitched	chr12	57912115	57917970	4	5662	15867.05	136	1
4_MACS_peak_339_lociStitched	chr1	22105496	22110490	4	4590	15825.4866	137	1
2_MACS_peak_10283_lociStitched	chr15	56657146	56665764	2	8595	15725.2646	138	1
14_MACS_peak_17190_lociStitched	chr2	87765845	87777609	14	10035	15674.3536	139	1
1_MACS_peak_2949_lociStitched	chr1	212780087	212783592	1	3506	15651.227	140	1
1_MACS_peak_30113_lociStitched	chr7	130790178	130796155	1	5978	15525.8552	141	1
6_MACS_peak_13533_lociStitched	chr17	62150697	62156706	6	5547	15342.7797	142	1
1_MACS_peak_20414_lociStitched	chr22	29662672	29665686	1	3015	15320.162	143	1
2_MACS_peak_6075_lociStitched	chr11	111237249	111244307	2	6947	15291.8628	144	1
11_MACS_peak_8066_lociStitched	chr12	123354623	123366318	11	10893	15223.3815	145	1
5_MACS_peak_2064_lociStitched	chr1	156714647	156722436	5	7576	15199.4546	146	1
1_MACS_peak_17896_lociStitched	chr2	158323954	158328435	1	4482	15194.6229	147	1
6_MACS_peak_28723_lociStitched	chr6	160398277	160405482	6	6928	15180.935	148	1
3_MACS_peak_23486_lociStitched	chr3	196224995	196231404	3	6340	15159.8486	149	1
5_MACS_peak_6967_lociStitched	chr12	46761502	46767470	5	5181	15127.0896	150	1
2_MACS_peak_29355_lociStitched	chr7	55599357	55605123	2	5491	15123.0648	151	1
8_MACS_peak_13827_lociStitched	chr17	75135797	75144920	8	7743	15111.3372	152	1
4_MACS_peak_26703_lociStitched	chr6	391089	397461	4	6261	15084.4356	153	1
3_MACS_peak_6127_lociStitched	chr11	115090128	115095971	3	5724	15072.0185	154	1
2_MACS_peak_18142_lociStitched	chr2	182320852	182326399	2	5412	15041.2452	155	1
7_MACS_peak_25658_lociStitched	chr5	88175339	88185687	7	8996	14989.078	156	1
2_MACS_peak_22286_lociStitched	chr3	113464149	113468718	2	4496	14944.2852	157	1
2_MACS_peak_3226_lociStitched	chr1	230256856	230262046	2	5176	14943.567	158	1
3_MACS_peak_27230_lociStitched	chr6	30581471	30586485	3	4285	14905.1178	159	1
1_MACS_peak_2460_lociStitched	chr1	179850538	179853202	1	2665	14903.748	160	1
1_MACS_peak_4111_lociStitched	chr10	74078273	74082748	1	4476	14891.4575	161	1
1_MACS_peak_27027_lociStitched	chr6	24718971	24722244	1	3274	14878.0761	162	1
2_MACS_peak_17210_lociStitched	chr2	87795774	87801994	2	5999	14857.714	163	1
1_MACS_peak_20636_lociStitched	chr22	38900405	38903465	1	3061	14751.954	164	1
1_MACS_peak_23200_lociStitched	chr3	182510345	182513508	1	3164	14706.3685	165	1
1_MACS_peak_17757_lociStitched	chr2	133023958	133027342	1	3385	14666.5944	166	1
2_MACS_peak_3942_lociStitched	chr10	63658434	63665400	2	6647	14656.464	167	1
2_MACS_peak_15077_lociStitched	chr19	12899233	12905195	2	5887	14637.9024	168	1
1_MACS_peak_10598_lociStitched	chr15	72765206	72768372	1	3167	14630.7192	169	1
1_MACS_peak_12754_lociStitched	chr17	21187901	21193488	1	5588	14606.0941	170	1
1_MACS_peak_22867_lociStitched	chr3	156876508	156879399	1	2892	14601.2846	171	1
2_MACS_peak_5413_lociStitched	chr11	62647751	62652034	2	4016	14595.6074	172	1
1_MACS_peak_20901_lociStitched	chr22	50327081	50331303	1	4223	14565.0556	173	1
2_MACS_peak_3767_lociStitched	chr10	32634489	32636784	2	2166	14480.991	174	1
1_MACS_peak_22757_lociStitched	chr3	150262700	150265467	1	2768	14454.5313	175	1
1_MACS_peak_28744_lociStitched	chr6	163834124	163838153	1	4030	14443.1592	176	1
2_MACS_peak_6952_lociStitched	chr12	46119977	46125444	2	5455	14430.1465	177	1
3_MACS_peak_22772_lociStitched	chr3	150477718	150482118	3	4299	14382.72	178	1
2_MACS_peak_7341_lociStitched	chr12	64797466	64800053	2	2494	14302.2295	179	1
1_MACS_peak_2400_lociStitched	chr1	174967607	174970352	1	2746	14291.568	180	1
1_MACS_peak_21454_lociStitched	chr3	39191457	39195813	1	4357	14260.6728	181	1
3_MACS_peak_9864_lociStitched	chr15	31554805	31560329	3	5486	14251.92	182	1
2_MACS_peak_2431_lociStitched	chr1	178544427	178551736	2	7259	14086.6357	183	1
1_MACS_peak_15119_lociStitched	chr19	13956616	13959226	1	2611	14058.765	184	1
4_MACS_peak_22509_lociStitched	chr3	128997178	129003709	4	5794	14039.6907	185	1
2_MACS_peak_18109_lociStitched	chr2	178126548	178130627	2	3669	14036.6548	186	1
2_MACS_peak_3072_lociStitched	chr1	224619633	224624099	2	4456	14016.9876	187	1
4_MACS_peak_18334_lociStitched	chr2	201980234	201986468	4	5908	14015.9022	188	1
2_MACS_peak_15296_lociStitched	chr19	18390189	18393841	2	3437	13978.7604	189	1
3_MACS_peak_24210_lociStitched	chr4	87855305	87862358	3	7011	13975.5195	190	1
4_MACS_peak_10828_lociStitched	chr15	81584980	81592735	4	7494	13949.694	191	1
1_MACS_peak_1780_lociStitched	chr1	149222419	149225446	1	3028	13945.6917	192	1
2_MACS_peak_13571_lociStitched	chr17	62500032	62503649	2	3308	13933.7691	193	1
6_MACS_peak_18071_lociStitched	chr2	175456631	175465044	6	7088	13926.0389	194	1
2_MACS_peak_29613_lociStitched	chr7	90337738	90343850	2	5897	13906.6336	195	1
1_MACS_peak_11111_lociStitched	chr15	100104782	100108008	1	3227	13895.0272	196	1
3_MACS_peak_10149_lociStitched	chr15	45878375	45881888	3	3494	13808.9004	197	1
2_MACS_peak_19213_lociStitched	chr20	34328966	34332734	2	3672	13784.8512	198	1
2_MACS_peak_24158_lociStitched	chr4	78738773	78743311	2	4522	13783.7212	199	1
3_MACS_peak_21866_lociStitched	chr3	57581272	57585216	3	3912	13766.1376	200	1
5_MACS_peak_23299_lociStitched	chr3	185652031	185656435	5	3990	13725.5064	201	1
1_MACS_peak_15118_lociStitched	chr19	13949221	13954603	1	5383	13719.2562	202	1
1_MACS_peak_26240_lociStitched	chr5	142781574	142785648	1	4075	13686.603	203	1
9_MACS_peak_9683_lociStitched	chr14	106161581	106168222	9	5504	13662.5293	204	1
1_MACS_peak_22627_lociStitched	chr3	139107342	139109423	1	2082	13649.279	205	1
3_MACS_peak_29861_lociStitched	chr7	104581291	104586789	3	5337	13635.04	206	1
2_MACS_peak_13539_lociStitched	chr17	62157652	62163470	2	5817	13558.849	207	1
1_MACS_peak_32817_lociStitched	chr9	126099834	126103224	1	3391	13479.318	208	1
2_MACS_peak_28059_lociStitched	chr6	106610738	106616504	2	5739	13476.8718	209	1
1_MACS_peak_1035_lociStitched	chr1	59247510	59251331	1	3822	13474.3744	210	1
6_MACS_peak_18268_lociStitched	chr2	197029409	197036849	6	6389	13450.032	211	1
1_MACS_peak_27079_lociStitched	chr6	26122689	26126758	1	4070	13429.3276	212	1
2_MACS_peak_3633_lociStitched	chr10	17268909	17273635	2	4617	13393.0114	213	1
2_MACS_peak_16708_lociStitched	chr2	48130859	48134890	2	3984	13345.8348	214	1
1_MACS_peak_29680_lociStitched	chr7	92461251	92466416	1	5166	13326.2165	215	1
3_MACS_peak_27792_lociStitched	chr6	74228449	74233806	3	4719	13326.0732	216	1
2_MACS_peak_18430_lociStitched	chr2	206949074	206951808	2	2729	13325.516	217	1
2_MACS_peak_26009_lociStitched	chr5	131745672	131751457	2	5540	13321.698	218	1
2_MACS_peak_19928_lociStitched	chr21	36256726	36262843	2	5866	13320.9909	219	1
2_MACS_peak_26480_lociStitched	chr5	172196645	172200415	2	3627	13302.445	220	1
2_MACS_peak_2204_lociStitched	chr1	161151195	161157398	2	6090	13302.3335	221	1
2_MACS_peak_12968_lociStitched	chr17	36856591	36862645	2	5874	13241.3088	222	1
3_MACS_peak_27086_lociStitched	chr6	26194939	26200549	3	5524	13210.428	223	1
3_MACS_peak_32998_lociStitched	chr9	132646876	132653630	3	6512	13146.661	224	1
4_MACS_peak_7247_lociStitched	chr12	57076651	57083525	4	6347	13124.5282	225	1
2_MACS_peak_27080_lociStitched	chr6	26155924	26160071	2	4033	13100.7877	226	1
1_MACS_peak_29167_lociStitched	chr7	39987938	39991994	1	4057	13089.9288	227	1
1_MACS_peak_19902_lociStitched	chr21	35319369	35322308	1	2940	13055.038	228	1
1_MACS_peak_11036_lociStitched	chr15	93351181	93354558	1	3378	13020.3612	229	1
2_MACS_peak_3374_lociStitched	chr1	244996450	244999840	2	3351	13003.362	230	1
2_MACS_peak_2683_lociStitched	chr1	200987038	200992919	2	5824	12995.8338	231	1
1_MACS_peak_32378_lociStitched	chr9	86321352	86324082	1	2731	12972.414	232	1
1_MACS_peak_12535_lociStitched	chr17	7588370	7591247	1	2878	12970.3791	233	1
1_MACS_peak_10223_lociStitched	chr15	52310897	52314714	1	3818	12927.4156	234	1
2_MACS_peak_1923_lociStitched	chr1	154297358	154303264	2	5838	12921.1468	235	1
4_MACS_peak_29277_lociStitched	chr7	47533410	47539494	4	5783	12918.1572	236	1
2_MACS_peak_2784_lociStitched	chr1	205252897	205258166	2	5105	12901.1465	237	1
1_MACS_peak_3377_lociStitched	chr1	245025620	245028738	1	3119	12895.4244	238	1
2_MACS_peak_2413_lociStitched	chr1	175155481	175162542	2	6987	12869.3786	239	1
7_MACS_peak_2834_lociStitched	chr1	206858008	206864400	7	6066	12854.9512	240	1
1_MACS_peak_11039_lociStitched	chr15	93373889	93377449	1	3561	12772.568	241	1
3_MACS_peak_18134_lociStitched	chr2	182168690	182174737	3	5969	12750.0995	242	1
5_MACS_peak_11875_lociStitched	chr16	66553772	66560456	5	5975	12749.0616	243	1
1_MACS_peak_26087_lociStitched	chr5	137909683	137912114	1	2432	12689.0907	244	1
3_MACS_peak_20045_lociStitched	chr21	44580333	44586607	3	6085	12665.3238	245	1
2_MACS_peak_2058_lociStitched	chr1	156629551	156635788	2	5755	12644.8938	246	1
1_MACS_peak_5512_lociStitched	chr11	65243694	65245812	1	2119	12640.224	247	1
1_MACS_peak_31812_lociStitched	chr9	5626046	5630854	1	4809	12638.3088	248	1
3_MACS_peak_10559_lociStitched	chr15	70387332	70393740	3	5512	12636.576	249	1
2_MACS_peak_10748_lociStitched	chr15	77041350	77047279	2	5884	12632.3274	250	1
1_MACS_peak_7610_lociStitched	chr12	94597912	94603523	1	5612	12621.3834	251	1
8_MACS_peak_17248_lociStitched	chr2	88895975	88904026	8	6924	12600.6201	252	1
1_MACS_peak_10795_lociStitched	chr15	79164723	79166799	1	2077	12594.4692	253	1
1_MACS_peak_1954_lociStitched	chr1	154971389	154978479	1	7091	12593.258	254	1
4_MACS_peak_13561_lociStitched	chr17	62204523	62209719	4	4912	12519.762	255	1
1_MACS_peak_25365_lociStitched	chr5	56110055	56114095	1	4041	12517.132	256	1
4_MACS_peak_18370_lociStitched	chr2	202120944	202126879	4	5749	12507.419	257	1
2_MACS_peak_33045_lociStitched	chr9	134549810	134555340	2	5141	12490.611	258	1
4_MACS_peak_24722_lociStitched	chr4	153453211	153459491	4	5876	12472.08	259	1
1_MACS_peak_22476_lociStitched	chr3	128367857	128369943	1	2087	12461.764	260	1
2_MACS_peak_2644_lociStitched	chr1	198887442	198893591	2	5954	12446.8058	261	1
1_MACS_peak_22164_lociStitched	chr3	105085650	105089029	1	3380	12401.2679	262	1
2_MACS_peak_27151_lociStitched	chr6	27804024	27807349	2	3308	12377.3125	263	1
4_MACS_peak_19649_lociStitched	chr20	57463709	57470770	4	6759	12353.9256	264	1
1_MACS_peak_13228_lociStitched	chr17	44268309	44271704	1	3396	12353.3865	265	1
3_MACS_peak_20068_lociStitched	chr21	44843282	44848148	3	4597	12349.4214	266	1
4_MACS_peak_24953_lociStitched	chr4	185565146	185571225	4	5620	12344.0174	267	1
1_MACS_peak_11057_lociStitched	chr15	94772782	94776336	1	3555	12306.4358	268	1
1_MACS_peak_32985_lociStitched	chr9	132249883	132253803	1	3921	12263.72	269	1
3_MACS_peak_22460_lociStitched	chr3	127770270	127774548	3	3676	12258.609	270	1
5_MACS_peak_15096_lociStitched	chr19	13260641	13266976	5	6125	12231.618	271	1
7_MACS_peak_17563_lociStitched	chr2	112206368	112213086	7	5920	12231.4626	272	1
1_MACS_peak_2144_lociStitched	chr1	160311611	160314359	1	2749	12213.2112	273	1
3_MACS_peak_19123_lociStitched	chr20	30791839	30796636	3	4574	12210.2838	274	1
4_MACS_peak_15617_lociStitched	chr19	41768367	41772136	4	3370	12201.0068	275	1
1_MACS_peak_22892_lociStitched	chr3	160116817	160122101	1	5285	12200.2276	276	1
1_MACS_peak_10036_lociStitched	chr15	41407303	41409589	1	2287	12186.2088	277	1
2_MACS_peak_24870_lociStitched	chr4	177240344	177244748	2	4287	12174.4176	278	1
6_MACS_peak_15845_lociStitched	chr19	47728956	47735447	6	5759	12164.134	279	1
3_MACS_peak_7782_lociStitched	chr12	106639560	106644218	3	4385	12146.2008	280	1
2_MACS_peak_31219_lociStitched	chr8	101962069	101966117	2	3788	12126.5936	281	1
1_MACS_peak_32053_lociStitched	chr9	35070351	35073473	1	3123	12124.287	282	1
1_MACS_peak_275_lociStitched	chr1	16969145	16972508	1	3364	12102.0918	283	1
3_MACS_peak_16888_lociStitched	chr2	64438434	64443446	3	4792	12086.438	284	1
3_MACS_peak_9995_lociStitched	chr15	40387506	40393574	3	5618	12083.8152	285	1
1_MACS_peak_7732_lociStitched	chr12	104679532	104683386	1	3855	12073.4258	286	1
1_MACS_peak_13450_lociStitched	chr17	57695748	57698689	1	2942	12051.9239	287	1
2_MACS_peak_13752_lociStitched	chr17	73778600	73782147	2	3548	12041.0009	288	1
2_MACS_peak_2141_lociStitched	chr1	160230520	160233626	2	3092	12039.7878	289	1
2_MACS_peak_9610_lociStitched	chr14	103798469	103802061	2	3325	12020.2688	290	1
1_MACS_peak_21970_lociStitched	chr3	72030788	72035286	1	4499	11998.415	291	1
1_MACS_peak_22163_lociStitched	chr3	104237597	104242451	1	4855	11986.953	292	1
4_MACS_peak_17205_lociStitched	chr2	87781945	87789010	4	6835	11982.9465	293	1
1_MACS_peak_6177_lociStitched	chr11	118659354	118663505	1	4152	11978.9558	294	1
1_MACS_peak_27279_lociStitched	chr6	31701364	31706658	1	5295	11932.676	295	1
1_MACS_peak_21357_lociStitched	chr3	31572662	31575947	1	3286	11898.27	296	1
1_MACS_peak_34110_lociStitched	chrX	153235988	153239166	1	3179	11894.3006	297	1
1_MACS_peak_14853_lociStitched	chr19	5717554	5720871	1	3318	11894.0986	298	1
1_MACS_peak_11035_lociStitched	chr15	93346281	93348796	1	2516	11892.932	299	1
1_MACS_peak_31853_lociStitched	chr9	12774838	12777129	1	2292	11877.6895	300	1
1_MACS_peak_10277_lociStitched	chr15	55693454	55698150	1	4697	11857.4	301	1
1_MACS_peak_27728_lociStitched	chr6	56703272	56709183	1	5912	11843.8707	302	1
2_MACS_peak_1531_lociStitched	chr1	115296852	115301223	2	4132	11840.1648	303	1
1_MACS_peak_7330_lociStitched	chr12	62995679	62998167	1	2489	11834.9184	304	1
1_MACS_peak_32306_lociStitched	chr9	73026997	73029661	1	2665	11817.7704	305	1
2_MACS_peak_7812_lociStitched	chr12	109025372	109031220	2	5412	11798.9248	306	1
2_MACS_peak_29369_lociStitched	chr7	55635946	55641763	2	5507	11787.5688	307	1
4_MACS_peak_4585_lociStitched	chr10	112256415	112262333	4	5659	11764.3922	308	1
2_MACS_peak_21242_lociStitched	chr3	20080646	20086217	2	5213	11763.1665	309	1
6_MACS_peak_21820_lociStitched	chr3	53267391	53273182	6	5082	11759.2046	310	1
1_MACS_peak_22504_lociStitched	chr3	128967153	128969745	1	2593	11749.536	311	1
1_MACS_peak_22756_lociStitched	chr3	150125102	150129064	1	3963	11729.501	312	1
3_MACS_peak_2094_lociStitched	chr1	157490121	157496284	3	5702	11717.0956	313	1
3_MACS_peak_23313_lociStitched	chr3	186500259	186504263	3	3673	11716.9052	314	1
1_MACS_peak_19843_lociStitched	chr21	30670524	30673489	1	2966	11675.577	315	1
6_MACS_peak_550_lociStitched	chr1	28570988	28577110	6	5636	11631.8	316	1
4_MACS_peak_24620_lociStitched	chr4	144274889	144283152	4	7468	11628.5199	317	1
2_MACS_peak_26062_lociStitched	chr5	133982563	133986028	2	3280	11624.0355	318	1
1_MACS_peak_3131_lociStitched	chr1	226372810	226375199	1	2390	11592.6225	319	1
1_MACS_peak_13459_lociStitched	chr17	57861126	57866042	1	4917	11558.9908	320	1
3_MACS_peak_849_lociStitched	chr1	44296636	44303014	3	6079	11556.936	321	1
1_MACS_peak_10529_lociStitched	chr15	69109397	69114120	1	4724	11540.1782	322	1
2_MACS_peak_22928_lociStitched	chr3	169683757	169686895	2	3022	11538.1122	323	1
1_MACS_peak_3737_lociStitched	chr10	28820600	28823617	1	3018	11531.8791	324	1
1_MACS_peak_2699_lociStitched	chr1	202127214	202130590	1	3377	11502.3696	325	1
4_MACS_peak_2735_lociStitched	chr1	203707182	203714523	4	6945	11494.5378	326	1
2_MACS_peak_17776_lociStitched	chr2	136499047	136501788	2	2488	11491.6425	327	1
1_MACS_peak_8446_lociStitched	chr13	49549365	49554567	1	5203	11486.016	328	1
6_MACS_peak_16231_lociStitched	chr2	9687199	9694027	6	6421	11430.072	329	1
1_MACS_peak_16887_lociStitched	chr2	64368542	64371803	1	3262	11426.544	330	1
1_MACS_peak_15537_lociStitched	chr19	39173308	39178277	1	4970	11411.3085	331	1
5_MACS_peak_13637_lociStitched	chr17	66451231	66459010	5	6738	11385.3444	332	1
1_MACS_peak_15964_lociStitched	chr19	50378624	50381522	1	2899	11373.7806	333	1
1_MACS_peak_5511_lociStitched	chr11	65237949	65241142	1	3194	11367.3993	334	1
1_MACS_peak_10271_lociStitched	chr15	55580607	55582967	1	2361	11308.412	335	1
7_MACS_peak_25210_lociStitched	chr5	32581912	32587920	7	4694	11304.6528	336	1
1_MACS_peak_20050_lociStitched	chr21	44725798	44728657	1	2860	11245.3047	337	1
1_MACS_peak_10253_lociStitched	chr15	53020211	53024539	1	4329	11241.98	338	1
1_MACS_peak_9700_lociStitched	chr14	106326635	106330374	1	3740	11241.3035	339	1
1_MACS_peak_6565_lociStitched	chr12	10364484	10367051	1	2568	11219.8436	340	1
1_MACS_peak_22152_lociStitched	chr3	101567383	101570111	1	2729	11213.444	341	1
4_MACS_peak_32857_lociStitched	chr9	128000071	128004744	4	4574	11187.6293	342	1
3_MACS_peak_21164_lociStitched	chr3	14472163	14475974	3	3507	11175.3764	343	1
1_MACS_peak_29224_lociStitched	chr7	44675737	44680093	1	4357	11173.5756	344	1
4_MACS_peak_14735_lociStitched	chr19	2617465	2622893	4	5272	11168.11	345	1
3_MACS_peak_31618_lociStitched	chr8	142126687	142132175	3	5145	11168.08	346	1
6_MACS_peak_10980_lociStitched	chr15	90638644	90646192	6	6797	11148.396	347	1
1_MACS_peak_28885_lociStitched	chr7	6522326	6524380	1	2055	11108.8536	348	1
1_MACS_peak_27743_lociStitched	chr6	64281687	64284532	1	2846	11102.328	349	1
1_MACS_peak_24019_lociStitched	chr4	69213833	69216319	1	2487	11100.4872	350	1
4_MACS_peak_20343_lociStitched	chr22	24827519	24833103	4	5516	11099.3168	351	1
1_MACS_peak_25290_lociStitched	chr5	42991502	42995106	1	3605	11090.5892	352	1
6_MACS_peak_10030_lociStitched	chr15	41244369	41249120	6	4107	11082.1826	353	1
1_MACS_peak_22077_lociStitched	chr3	98450389	98453599	1	3211	11069.043	354	1
2_MACS_peak_22380_lociStitched	chr3	121710443	121715466	2	5021	11054.6184	355	1
3_MACS_peak_4291_lociStitched	chr10	89621339	89626784	3	5370	11036.4705	356	1
4_MACS_peak_23343_lociStitched	chr3	186757654	186764006	4	6023	11024.5312	357	1
1_MACS_peak_31397_lociStitched	chr8	119574789	119579863	1	5075	11007.0282	358	1
1_MACS_peak_2340_lociStitched	chr1	169862036	169864152	1	2117	11005.9508	359	1
1_MACS_peak_5293_lociStitched	chr11	58344452	58347633	1	3182	10995.7627	360	1
2_MACS_peak_33344_lociStitched	chrX	24166569	24169914	2	2895	10978.6245	361	1
3_MACS_peak_13541_lociStitched	chr17	62164329	62171441	3	6836	10966.704	362	1
3_MACS_peak_24615_lociStitched	chr4	144256852	144262857	3	5403	10962.728	363	1
2_MACS_peak_2433_lociStitched	chr1	178574168	178578216	2	4025	10952.2688	364	1
5_MACS_peak_23030_lociStitched	chr3	171895779	171901446	5	5132	10938.4434	365	1
1_MACS_peak_9580_lociStitched	chr14	102552037	102554567	1	2531	10926.564	366	1
7_MACS_peak_20261_lociStitched	chr22	23229931	23237762	7	7044	10914.0647	367	1
1_MACS_peak_4652_lociStitched	chr10	121064062	121069086	1	5025	10913.1328	368	1
6_MACS_peak_14387_lociStitched	chr18	52967788	52976023	6	7740	10871.847	369	1
4_MACS_peak_29040_lociStitched	chr7	26003189	26009422	4	6042	10860.3792	370	1
4_MACS_peak_25077_lociStitched	chr5	6480031	6486833	4	6359	10858.7128	371	1
1_MACS_peak_31919_lociStitched	chr9	21992906	21996245	1	3340	10831.0482	372	1
3_MACS_peak_30741_lociStitched	chr8	52809415	52814054	3	4617	10820.0036	373	1
1_MACS_peak_32382_lociStitched	chr9	86593115	86596641	1	3527	10800.138	374	1
2_MACS_peak_17155_lociStitched	chr2	86262001	86266382	2	4349	10797.4126	375	1
1_MACS_peak_7529_lociStitched	chr12	90101364	90104428	1	3065	10781.2968	376	1
1_MACS_peak_10198_lociStitched	chr15	50645136	50648418	1	3283	10766.601	377	1
2_MACS_peak_9935_lociStitched	chr15	34625490	34630371	2	4544	10761.6288	378	1
1_MACS_peak_10308_lociStitched	chr15	58623153	58626073	1	2921	10735.672	379	1
2_MACS_peak_32847_lociStitched	chr9	127620905	127625178	2	4223	10728.2211	380	1
2_MACS_peak_9508_lociStitched	chr14	95981142	95987107	2	5884	10713.7365	381	1
5_MACS_peak_9873_lociStitched	chr15	31634969	31642024	5	6829	10705.257	382	1
1_MACS_peak_120_lociStitched	chr1	6660090	6664556	1	4467	10668.3808	383	1
2_MACS_peak_22837_lociStitched	chr3	156199268	156203559	2	4255	10652.8366	384	1
3_MACS_peak_16277_lociStitched	chr2	11886265	11891712	3	5315	10651.0638	385	1
1_MACS_peak_12865_lociStitched	chr17	29643895	29648723	1	4829	10633.67	386	1
1_MACS_peak_32564_lociStitched	chr9	101983271	101986223	1	2953	10614.5064	387	1
2_MACS_peak_6972_lociStitched	chr12	46776294	46779251	2	2856	10599.0708	388	1
3_MACS_peak_4554_lociStitched	chr10	111967324	111972705	3	5291	10594.1128	389	1
4_MACS_peak_12861_lociStitched	chr17	29635077	29642268	4	6639	10593.0621	390	1
1_MACS_peak_16157_lociStitched	chr19	59068306	59071133	1	2828	10592.769	391	1
1_MACS_peak_6330_lociStitched	chr11	129871397	129874113	1	2717	10592.1284	392	1
3_MACS_peak_2174_lociStitched	chr1	160708263	160715669	3	7006	10587.6176	393	1
3_MACS_peak_4484_lociStitched	chr10	104401967	104407265	3	5183	10582.755	394	1
2_MACS_peak_2363_lociStitched	chr1	172500909	172503947	2	2908	10571.6324	395	1
5_MACS_peak_2305_lociStitched	chr1	167596941	167603158	5	6142	10567.6566	396	1
2_MACS_peak_6077_lociStitched	chr11	111246850	111251233	2	4283	10563.4683	397	1
4_MACS_peak_2848_lociStitched	chr1	206884902	206891385	4	6045	10562.7519	398	1
3_MACS_peak_7547_lociStitched	chr12	92536936	92540670	3	3507	10550.417	399	1
5_MACS_peak_19795_lociStitched	chr21	19152501	19159328	5	6298	10543.6188	400	1
7_MACS_peak_27463_lociStitched	chr6	36718700	36725722	7	6162	10539.3198	401	1
4_MACS_peak_26119_lociStitched	chr5	139014883	139019222	4	4018	10529.0174	402	1
1_MACS_peak_27613_lociStitched	chr6	44213487	44216795	1	3309	10520.1016	403	1
1_MACS_peak_27319_lociStitched	chr6	32156626	32160965	1	4340	10511.6614	404	1
1_MACS_peak_6243_lociStitched	chr11	122932321	122935175	1	2855	10507.001	405	1
1_MACS_peak_30139_lociStitched	chr7	134842116	134847301	1	5186	10494.44	406	1
6_MACS_peak_6756_lociStitched	chr12	27088484	27095222	6	5847	10468.8306	407	1
3_MACS_peak_31832_lociStitched	chr9	6680285	6683845	3	3409	10452.516	408	1
3_MACS_peak_17803_lociStitched	chr2	137138095	137142173	3	3627	10451.914	409	1
2_MACS_peak_32906_lociStitched	chr9	130671948	130675556	2	3470	10446.6032	410	1
1_MACS_peak_21283_lociStitched	chr3	23986189	23988627	1	2439	10438.7846	411	1
1_MACS_peak_1944_lociStitched	chr1	154908588	154911598	1	3011	10434.165	412	1
1_MACS_peak_7314_lociStitched	chr12	58817616	58820857	1	3242	10420.1391	413	1
1_MACS_peak_24599_lociStitched	chr4	141676542	141678729	1	2188	10417.1184	414	1
2_MACS_peak_11330_lociStitched	chr16	9184393	9187550	2	2903	10405.7877	415	1
1_MACS_peak_29765_lociStitched	chr7	100025731	100028505	1	2775	10361.1674	416	1
3_MACS_peak_32896_lociStitched	chr9	130538446	130542915	3	4351	10349.3102	417	1
1_MACS_peak_21331_lociStitched	chr3	28389295	28391292	1	1998	10336.0726	418	1
2_MACS_peak_20556_lociStitched	chr22	37623252	37628152	2	4856	10336.06	419	1
1_MACS_peak_18045_lociStitched	chr2	174827849	174831087	1	3239	10335.3722	420	1
9_MACS_peak_8704_lociStitched	chr14	21731656	21738614	9	5275	10313.1476	421	1
1_MACS_peak_26004_lociStitched	chr5	131437895	131441093	1	3199	10286.0472	422	1
2_MACS_peak_17875_lociStitched	chr2	157197282	157200207	2	2798	10282.2525	423	1
2_MACS_peak_22690_lociStitched	chr3	142889142	142893525	2	4220	10281.2031	424	1
2_MACS_peak_9868_lociStitched	chr15	31616891	31621096	2	4174	10264.405	425	1
1_MACS_peak_20751_lociStitched	chr22	41486924	41489354	1	2431	10241.964	426	1
1_MACS_peak_22569_lociStitched	chr3	133290889	133294351	1	3463	10233.3258	427	1
3_MACS_peak_16480_lociStitched	chr2	30368763	30372897	3	3884	10228.7562	428	1
2_MACS_peak_7397_lociStitched	chr12	68874290	68878353	2	4056	10200.1615	429	1
1_MACS_peak_13423_lociStitched	chr17	56412120	56417188	1	5069	10190.7344	430	1
4_MACS_peak_12746_lociStitched	chr17	20943989	20948064	4	3937	10189.5375	431	1
3_MACS_peak_29037_lociStitched	chr7	25987530	25991823	3	3840	10186.8597	432	1
4_MACS_peak_10240_lociStitched	chr15	52857269	52861726	4	3933	10184.6907	433	1
1_MACS_peak_27254_lociStitched	chr6	31238303	31240932	1	2630	10175.0187	434	1
1_MACS_peak_2189_lociStitched	chr1	161013981	161017588	1	3608	10170.6579	435	1
2_MACS_peak_5117_lociStitched	chr11	33278443	33281541	2	3082	10152.4558	436	1
2_MACS_peak_23080_lociStitched	chr3	174909652	174912803	2	3146	10123.5328	437	1
1_MACS_peak_705_lociStitched	chr1	36850497	36854021	1	3525	10117.404	438	1
1_MACS_peak_24567_lociStitched	chr4	140097122	140100105	1	2984	10113.5632	439	1
1_MACS_peak_15209_lociStitched	chr19	16186417	16190798	1	4382	10106.0908	440	1
2_MACS_peak_27387_lociStitched	chr6	34623427	34627132	2	3665	10103.9055	441	1
1_MACS_peak_14440_lociStitched	chr18	56657993	56661760	1	3768	10091.0396	442	1
5_MACS_peak_26509_lociStitched	chr5	173212883	173218840	5	5438	10088.7752	443	1
2_MACS_peak_24806_lociStitched	chr4	160023556	160027313	2	3688	10068.76	444	1
1_MACS_peak_23127_lociStitched	chr3	177075036	177078812	1	3777	10066.4384	445	1
3_MACS_peak_26891_lociStitched	chr6	12008160	12013487	3	4798	10041.395	446	1
1_MACS_peak_18100_lociStitched	chr2	178075778	178078855	1	3078	10034.4047	447	1
3_MACS_peak_31426_lociStitched	chr8	124045889	124052116	3	5974	10024.2246	448	1
1_MACS_peak_7709_lociStitched	chr12	102870395	102875774	1	5380	10016.7738	449	1
1_MACS_peak_21481_lociStitched	chr3	42054017	42056788	1	2772	10004.1413	450	1
1_MACS_peak_29915_lociStitched	chr7	106807714	106810946	1	3233	10002.0704	451	1
5_MACS_peak_27236_lociStitched	chr6	30649351	30655724	5	6174	10000.5116	452	1
1_MACS_peak_30061_lociStitched	chr7	128170260	128172852	1	2593	9991.6416	453	1
4_MACS_peak_1939_lociStitched	chr1	154829306	154834010	4	4507	9979.0656	454	1
5_MACS_peak_471_lociStitched	chr1	27020765	27026161	5	4663	9967.4912	455	1
1_MACS_peak_12556_lociStitched	chr17	8064630	8067365	1	2736	9960.5965	456	1
2_MACS_peak_8896_lociStitched	chr14	35871501	35875050	2	3345	9954.2352	457	1
5_MACS_peak_25043_lociStitched	chr5	1327638	1333977	5	5115	9951.5961	458	1
1_MACS_peak_23132_lociStitched	chr3	178235201	178238299	1	3099	9948.6074	459	1
2_MACS_peak_21768_lociStitched	chr3	52564751	52568370	2	3459	9912.0791	460	1
2_MACS_peak_22674_lociStitched	chr3	142164098	142167317	2	3183	9910.9791	461	1
2_MACS_peak_22816_lociStitched	chr3	152877754	152881797	2	4024	9895.2425	462	1
4_MACS_peak_10379_lociStitched	chr15	63775912	63780350	4	4374	9894.521	463	1
7_MACS_peak_11024_lociStitched	chr15	92395464	92401696	7	5960	9892.0536	464	1
1_MACS_peak_9799_lociStitched	chr15	25682532	25685144	1	2613	9891.3828	465	1
5_MACS_peak_19594_lociStitched	chr20	52205707	52211684	5	4860	9891.3373	466	1
2_MACS_peak_4564_lociStitched	chr10	112114827	112118611	2	3784	9889.484	467	1
1_MACS_peak_2554_lociStitched	chr1	185124778	185127554	1	2777	9873.1216	468	1
2_MACS_peak_13849_lociStitched	chr17	75204890	75210173	2	5262	9866.5308	469	1
1_MACS_peak_16949_lociStitched	chr2	65355552	65358362	1	2811	9863.381	470	1
11_MACS_peak_1564_lociStitched	chr1	118161050	118169940	11	7125	9851.898	471	1
1_MACS_peak_24330_lociStitched	chr4	103421592	103424639	1	3048	9841.81	472	1
5_MACS_peak_27917_lociStitched	chr6	88408263	88412584	5	3561	9837.1886	473	1
3_MACS_peak_10652_lociStitched	chr15	75077318	75083181	3	5815	9821.1113	474	1
1_MACS_peak_2213_lociStitched	chr1	161368441	161370500	1	2060	9808.0465	475	1
5_MACS_peak_7427_lociStitched	chr12	72079550	72086037	5	6179	9803.1544	476	1
6_MACS_peak_14651_lociStitched	chr19	1647186	1653570	6	5745	9788.5872	477	1
1_MACS_peak_29051_lociStitched	chr7	26238726	26242381	1	3656	9759.581	478	1
1_MACS_peak_21422_lociStitched	chr3	37033189	37035987	1	2799	9755.7866	479	1
2_MACS_peak_22496_lociStitched	chr3	128900011	128903816	2	3726	9731.668	480	1
2_MACS_peak_283_lociStitched	chr1	17229826	17231963	2	2101	9724.6322	481	1
2_MACS_peak_30965_lociStitched	chr8	80634789	80639378	2	4590	9719.0431	482	1
3_MACS_peak_14249_lociStitched	chr18	42258945	42263400	3	4442	9717.6915	483	1
4_MACS_peak_23452_lociStitched	chr3	195632216	195637077	4	4470	9704.9865	484	1
2_MACS_peak_23362_lociStitched	chr3	186814454	186820646	2	5764	9694.8144	485	1
2_MACS_peak_34140_lociStitched	chrX	153625427	153628720	2	3288	9693.2748	486	1
1_MACS_peak_17333_lociStitched	chr2	97201939	97204669	1	2731	9684.675	487	1
1_MACS_peak_29923_lociStitched	chr7	108209271	108212074	1	2804	9656.8956	488	1
11_MACS_peak_27714_lociStitched	chr6	56672777	56680615	11	6153	9642.3076	489	1
1_MACS_peak_4772_lociStitched	chr11	267518	270862	1	3345	9634.3984	490	1
5_MACS_peak_9334_lociStitched	chr14	81993698	82000243	5	5876	9624.4225	491	1
1_MACS_peak_30758_lociStitched	chr8	54930812	54935391	1	4580	9618.6474	492	1
3_MACS_peak_25385_lociStitched	chr5	56468208	56471983	3	3446	9610.395	493	1
1_MACS_peak_8849_lociStitched	chr14	31675320	31678340	1	3021	9595.446	494	1
3_MACS_peak_3550_lociStitched	chr10	11217464	11223026	3	5415	9592.7814	495	1
5_MACS_peak_20778_lociStitched	chr22	42146892	42152878	5	5408	9590.1706	496	1
2_MACS_peak_22919_lociStitched	chr3	169489328	169492106	2	2765	9588.8226	497	1
3_MACS_peak_12494_lociStitched	chr17	6915151	6919147	3	3847	9587.6028	498	1
1_MACS_peak_10298_lociStitched	chr15	57209691	57212299	1	2609	9577.6192	499	1
3_MACS_peak_11360_lociStitched	chr16	11773972	11779660	3	5580	9570.06	500	1
3_MACS_peak_19810_lociStitched	chr21	19188066	19192468	3	4227	9561.5842	501	1
2_MACS_peak_2817_lociStitched	chr1	206729803	206734518	2	4537	9554.476	502	1
3_MACS_peak_15832_lociStitched	chr19	47285609	47291807	3	5714	9544.3002	503	1
1_MACS_peak_26277_lociStitched	chr5	148928834	148931935	1	3102	9542.3972	504	1
9_MACS_peak_16813_lociStitched	chr2	56569434	56577753	9	6748	9541.893	505	1
1_MACS_peak_1590_lociStitched	chr1	118205011	118209476	1	4466	9541.705	506	1
5_MACS_peak_23839_lociStitched	chr4	38664576	38669630	5	4392	9535.3818	507	1
2_MACS_peak_2113_lociStitched	chr1	158979049	158983422	2	4288	9531.8281	508	1
1_MACS_peak_29085_lociStitched	chr7	30633314	30636170	1	2857	9520.476	509	1
7_MACS_peak_19455_lociStitched	chr20	46385233	46392115	7	5615	9506.1066	510	1
4_MACS_peak_33699_lociStitched	chrX	96652594	96658194	4	5471	9503.2	511	1
1_MACS_peak_17184_lociStitched	chr2	87754048	87757707	1	3660	9501.6912	512	1
1_MACS_peak_2350_lociStitched	chr1	171453529	171456005	1	2477	9482.5848	513	1
1_MACS_peak_16969_lociStitched	chr2	68476852	68480724	1	3873	9480.592	514	1
4_MACS_peak_31608_lociStitched	chr8	141598277	141604090	4	5044	9475.7713	515	1
2_MACS_peak_33769_lociStitched	chrX	106957664	106961034	2	3346	9474.418	516	1
1_MACS_peak_22716_lociStitched	chr3	143689503	143693695	1	4193	9467.632	517	1
4_MACS_peak_31200_lociStitched	chr8	101318621	101323057	4	4138	9466.8676	518	1
1_MACS_peak_32557_lociStitched	chr9	100744523	100747961	1	3439	9461.7198	519	1
2_MACS_peak_12816_lociStitched	chr17	27275810	27279625	2	3699	9461.2	520	1
1_MACS_peak_21241_lociStitched	chr3	19987779	19989808	1	2030	9447.8356	521	1
1_MACS_peak_28828_lociStitched	chr7	2393388	2395782	1	2395	9447.4422	522	1
3_MACS_peak_10319_lociStitched	chr15	59224072	59227047	3	2953	9433.13	523	1
6_MACS_peak_32016_lociStitched	chr9	33452986	33459818	6	5987	9412.4464	524	1
4_MACS_peak_15547_lociStitched	chr19	39339060	39343602	4	3903	9410.5698	525	1
2_MACS_peak_30108_lociStitched	chr7	130642976	130647353	2	4303	9379.4733	526	1
1_MACS_peak_31838_lociStitched	chr9	6756739	6759281	1	2543	9375.4044	527	1
4_MACS_peak_10946_lociStitched	chr15	89180579	89184804	4	3985	9374.0075	528	1
1_MACS_peak_19319_lociStitched	chr20	42085748	42087703	1	1956	9335.516	529	1
1_MACS_peak_13350_lociStitched	chr17	48942423	48945766	1	3344	9327.9729	530	1
3_MACS_peak_386_lociStitched	chr1	24513125	24518936	3	5692	9322.5873	531	1
1_MACS_peak_30751_lociStitched	chr8	53625894	53628790	1	2897	9317.5904	532	1
1_MACS_peak_22477_lociStitched	chr3	128399034	128400663	1	1630	9316.0881	533	1
4_MACS_peak_2741_lociStitched	chr1	203731846	203736796	4	4392	9307.485	534	1
2_MACS_peak_21259_lociStitched	chr3	23426859	23432248	2	5287	9307.3419	535	1
2_MACS_peak_22788_lociStitched	chr3	151985904	151989417	2	3453	9302.7753	536	1
7_MACS_peak_10934_lociStitched	chr15	89164604	89171477	7	5853	9301.9182	537	1
1_MACS_peak_3426_lociStitched	chr1	249131811	249133860	1	2050	9299.3865	538	1
1_MACS_peak_26104_lociStitched	chr5	138723513	138728465	1	4953	9293.9136	539	1
2_MACS_peak_31014_lociStitched	chr8	81079531	81084417	2	4865	9290.729	540	1
1_MACS_peak_29735_lociStitched	chr7	99155060	99157349	1	2290	9282.5817	541	1
5_MACS_peak_26837_lociStitched	chr6	7913490	7918941	5	4347	9282.5079	542	1
2_MACS_peak_19221_lociStitched	chr20	34636819	34639590	2	2335	9269.5492	543	1
2_MACS_peak_21743_lociStitched	chr3	52027404	52030195	2	2518	9263.6081	544	1
5_MACS_peak_22763_lociStitched	chr3	150318459	150323228	5	4115	9259.4904	545	1
1_MACS_peak_2441_lociStitched	chr1	179049711	179053612	1	3902	9255.5126	546	1
1_MACS_peak_6722_lociStitched	chr12	25537987	25540311	1	2325	9252.7736	547	1
1_MACS_peak_13044_lociStitched	chr17	38803027	38805129	1	2103	9244.596	548	1
3_MACS_peak_31991_lociStitched	chr9	33157817	33162424	3	4246	9235.1922	549	1
1_MACS_peak_10088_lociStitched	chr15	44083766	44086004	1	2239	9231.5262	550	1
2_MACS_peak_22687_lociStitched	chr3	142882523	142885262	2	2610	9228.2388	551	1
1_MACS_peak_29942_lociStitched	chr7	113724245	113727672	1	3428	9224.7986	552	1
2_MACS_peak_23239_lociStitched	chr3	183269933	183274119	2	4179	9222.5952	553	1
9_MACS_peak_19561_lociStitched	chr20	49128952	49136377	9	6376	9219.6225	554	1
6_MACS_peak_20404_lociStitched	chr22	29213351	29220723	6	6267	9216.4744	555	1
4_MACS_peak_15892_lociStitched	chr19	49136949	49142084	4	4942	9204.4875	556	1
2_MACS_peak_25716_lociStitched	chr5	95156869	95160559	2	3590	9203.598	557	1
1_MACS_peak_23549_lociStitched	chr4	699127	701181	1	2055	9191.8554	558	1
1_MACS_peak_10342_lociStitched	chr15	59979819	59982426	1	2608	9179.7684	559	1
1_MACS_peak_28644_lociStitched	chr6	157097975	157101428	1	3454	9161.8449	560	1
1_MACS_peak_4770_lociStitched	chr11	206277	209572	1	3296	9156.4755	561	1
3_MACS_peak_24918_lociStitched	chr4	185302553	185307309	3	4552	9154.8244	562	1
1_MACS_peak_28235_lociStitched	chr6	119668776	119672251	1	3476	9145.505	563	1
1_MACS_peak_6176_lociStitched	chr11	118442622	118444527	1	1906	9144.5715	564	1
1_MACS_peak_31646_lociStitched	chr8	144105144	144109019	1	3876	9143.0625	565	1
1_MACS_peak_6594_lociStitched	chr12	12714038	12716342	1	2305	9140.8896	566	1
1_MACS_peak_25998_lociStitched	chr5	130969844	130972738	1	2895	9131.7276	567	1
1_MACS_peak_26507_lociStitched	chr5	173169931	173174150	1	4220	9130.7598	568	1
4_MACS_peak_28180_lociStitched	chr6	114175734	114180896	4	4596	9126.9322	569	1
2_MACS_peak_17388_lociStitched	chr2	99101658	99107169	2	5377	9125.1138	570	1
2_MACS_peak_28943_lociStitched	chr7	18534319	18538577	2	3870	9113.8232	571	1
4_MACS_peak_27601_lociStitched	chr6	43737680	43742044	4	4033	9108.9772	572	1
2_MACS_peak_9577_lociStitched	chr14	102413842	102416041	2	2193	9102.7605	573	1
2_MACS_peak_29948_lociStitched	chr7	114569921	114574434	2	4512	9089.6333	574	1
1_MACS_peak_30843_lociStitched	chr8	64080092	64082158	1	2067	9083.9954	575	1
5_MACS_peak_29271_lociStitched	chr7	47516783	47522582	5	4849	9077.7546	576	1
1_MACS_peak_20761_lociStitched	chr22	41840578	41844631	1	4054	9072.2352	577	1
1_MACS_peak_18820_lociStitched	chr20	2082188	2084545	1	2358	9063.3721	578	1
1_MACS_peak_24911_lociStitched	chr4	185201369	185205931	1	4563	9053.7452	579	1
1_MACS_peak_18435_lociStitched	chr2	208029960	208032086	1	2127	9049.9568	580	1
2_MACS_peak_14716_lociStitched	chr19	2269239	2271889	2	2566	9045.51	581	1
4_MACS_peak_18290_lociStitched	chr2	198361797	198366288	4	3857	9044.874	582	1
2_MACS_peak_3031_lociStitched	chr1	221914631	221917279	2	2546	9042.92	583	1
2_MACS_peak_33400_lociStitched	chrX	41191051	41194869	2	3517	9033.388	584	1
3_MACS_peak_17690_lociStitched	chr2	127413478	127418890	3	5224	9024.51	585	1
5_MACS_peak_18242_lociStitched	chr2	192539752	192544324	5	4210	9021.4704	586	1
1_MACS_peak_1155_lociStitched	chr1	68150801	68153122	1	2322	9014.764	587	1
3_MACS_peak_33917_lociStitched	chrX	123093373	123097539	3	3806	8991.8944	588	1
2_MACS_peak_15701_lociStitched	chr19	42771848	42775637	2	3583	8982.5823	589	1
6_MACS_peak_2407_lociStitched	chr1	175146944	175154080	6	5785	8981.3696	590	1
1_MACS_peak_7641_lociStitched	chr12	96587427	96590715	1	3289	8977.884	591	1
1_MACS_peak_32981_lociStitched	chr9	132174842	132177002	1	2161	8976.528	592	1
3_MACS_peak_21935_lociStitched	chr3	67047797	67052587	3	4477	8967.838	593	1
3_MACS_peak_8944_lociStitched	chr14	50086012	50090129	3	3809	8963.5324	594	1
1_MACS_peak_31984_lociStitched	chr9	33024378	33026683	1	2306	8961.84	595	1
1_MACS_peak_30217_lociStitched	chr7	139024577	139027372	1	2796	8959.9315	596	1
1_MACS_peak_1981_lociStitched	chr1	155657035	155659515	1	2481	8959.496	597	1
1_MACS_peak_30303_lociStitched	chr7	148260221	148262984	1	2764	8931.6738	598	1
2_MACS_peak_15412_lociStitched	chr19	33863775	33866445	2	2338	8929.014	599	1
2_MACS_peak_6309_lociStitched	chr11	128562698	128566524	2	3712	8927.2058	600	1
3_MACS_peak_27201_lociStitched	chr6	29909269	29912463	3	3001	8926.5912	601	1
1_MACS_peak_27968_lociStitched	chr6	90119230	90122709	1	3480	8924.3308	602	1
1_MACS_peak_10822_lociStitched	chr15	81292017	81294831	1	2815	8903.2146	603	1
8_MACS_peak_25895_lociStitched	chr5	118673459	118680562	8	6376	8896.5075	604	1
4_MACS_peak_31669_lociStitched	chr8	145012662	145018613	4	5510	8890.1989	605	1
2_MACS_peak_27256_lociStitched	chr6	31322359	31325803	2	3439	8882.076	606	1
2_MACS_peak_8913_lociStitched	chr14	39734587	39737406	2	2818	8873.9301	607	1
4_MACS_peak_31476_lociStitched	chr8	126294625	126299444	4	4667	8869.3695	608	1
2_MACS_peak_1799_lociStitched	chr1	149811809	149815565	2	3514	8852.5164	609	1
3_MACS_peak_6576_lociStitched	chr12	11801463	11805297	3	3344	8851.1724	610	1
4_MACS_peak_27058_lociStitched	chr6	25403958	25409152	4	5028	8845.9014	611	1
1_MACS_peak_7399_lociStitched	chr12	69003815	69007165	1	3351	8843.33	612	1
1_MACS_peak_26686_lociStitched	chr6	291178	294021	1	2844	8826.0935	613	1
3_MACS_peak_27588_lociStitched	chr6	43593709	43598841	3	4640	8825.5004	614	1
2_MACS_peak_11153_lociStitched	chr15	101738252	101742696	2	4353	8821.34	615	1
1_MACS_peak_24290_lociStitched	chr4	99849210	99852071	1	2862	8812.1661	616	1
2_MACS_peak_3722_lociStitched	chr10	27442443	27445207	2	2736	8805.8276	617	1
3_MACS_peak_3187_lociStitched	chr1	228327055	228330809	3	3633	8800.5022	618	1
1_MACS_peak_16766_lociStitched	chr2	54795846	54801495	1	5650	8795.493	619	1
3_MACS_peak_4924_lociStitched	chr11	6982418	6986151	3	3219	8790.0951	620	1
3_MACS_peak_22850_lociStitched	chr3	156269575	156273057	3	3042	8788.9162	621	1
1_MACS_peak_276_lociStitched	chr1	16992517	16994152	1	1636	8785.836	622	1
3_MACS_peak_32527_lociStitched	chr9	98636991	98639090	3	2082	8757.8676	623	1
1_MACS_peak_29096_lociStitched	chr7	32929341	32932767	1	3427	8751.0318	624	1
1_MACS_peak_8955_lociStitched	chr14	50358614	50361481	1	2868	8736.3224	625	1
2_MACS_peak_17573_lociStitched	chr2	112219568	112225259	2	5250	8736.2541	626	1
1_MACS_peak_3116_lociStitched	chr1	226184256	226188240	1	3985	8736.1152	627	1
3_MACS_peak_28481_lociStitched	chr6	143163309	143168123	3	4377	8729.2262	628	1
1_MACS_peak_32873_lociStitched	chr9	129566782	129568872	1	2091	8727.631	629	1
2_MACS_peak_6963_lociStitched	chr12	46660156	46663828	2	3573	8727.6096	630	1
2_MACS_peak_32269_lociStitched	chr9	70645252	70649814	2	4279	8727.5622	631	1
2_MACS_peak_31759_lociStitched	chr9	2014360	2018175	2	3714	8723.7605	632	1
2_MACS_peak_7521_lociStitched	chr12	89744491	89749183	2	4564	8717.2668	633	1
2_MACS_peak_24597_lociStitched	chr4	141663004	141666730	2	3695	8702.073	634	1
2_MACS_peak_3522_lociStitched	chr10	6795731	6799903	2	4146	8701.9576	635	1
2_MACS_peak_32908_lociStitched	chr9	130676313	130679430	2	2702	8698.3002	636	1
3_MACS_peak_4963_lociStitched	chr11	10326477	10332207	3	5352	8693.556	637	1
1_MACS_peak_21112_lociStitched	chr3	12881150	12883791	1	2642	8689.4182	638	1
1_MACS_peak_21661_lociStitched	chr3	49129944	49132656	1	2713	8687.892	639	1
1_MACS_peak_30215_lociStitched	chr7	138790965	138795367	1	4403	8667.0978	640	1
1_MACS_peak_1655_lociStitched	chr1	143742622	143745698	1	3077	8666.9376	641	1
1_MACS_peak_1893_lociStitched	chr1	153606140	153607241	1	1102	8663.6589	642	1
3_MACS_peak_10102_lociStitched	chr15	44598132	44602655	3	4146	8650.6898	643	1
2_MACS_peak_2905_lociStitched	chr1	209278959	209283848	2	4831	8632.5073	644	1
2_MACS_peak_16690_lociStitched	chr2	47209242	47214169	2	4918	8630.1332	645	1
10_MACS_peak_26131_lociStitched	chr5	139037646	139044960	10	6485	8629.7886	646	1
2_MACS_peak_12416_lociStitched	chr17	3816558	3820981	2	4167	8627.9461	647	1
4_MACS_peak_12653_lociStitched	chr17	18085474	18090410	4	4496	8617.7624	648	1
1_MACS_peak_32618_lociStitched	chr9	110044757	110047119	1	2363	8610.1986	649	1
1_MACS_peak_2140_lociStitched	chr1	160173518	160176305	1	2788	8609.6004	650	1
1_MACS_peak_13929_lociStitched	chr17	77810371	77814019	1	3649	8597.9712	651	1
1_MACS_peak_32004_lociStitched	chr9	33288632	33291640	1	3009	8580.6208	652	1
1_MACS_peak_280_lociStitched	chr1	17066321	17067939	1	1619	8569.737	653	1
2_MACS_peak_23154_lociStitched	chr3	178865033	178867639	2	2528	8568.528	654	1
1_MACS_peak_6281_lociStitched	chr11	126137266	126139701	1	2436	8558.538	655	1
2_MACS_peak_1884_lociStitched	chr1	152019443	152021759	2	2285	8553.6828	656	1
1_MACS_peak_13492_lociStitched	chr17	60555131	60557648	1	2518	8551.2558	657	1
1_MACS_peak_26086_lociStitched	chr5	137877550	137880802	1	3253	8550.8088	658	1
1_MACS_peak_16582_lociStitched	chr2	39663267	39665609	1	2343	8545.4896	659	1
1_MACS_peak_24856_lociStitched	chr4	175203958	175205840	1	1883	8539.3868	660	1
4_MACS_peak_7733_lociStitched	chr12	104850261	104854625	4	4254	8529.0016	661	1
1_MACS_peak_31798_lociStitched	chr9	4983970	4986671	1	2702	8520.8447	662	1
3_MACS_peak_21294_lociStitched	chr3	25703605	25707341	3	3450	8505.7512	663	1
3_MACS_peak_13011_lociStitched	chr17	38081390	38085459	3	3909	8494.4444	664	1
1_MACS_peak_1927_lociStitched	chr1	154377042	154381212	1	4171	8490.537	665	1
2_MACS_peak_8471_lociStitched	chr13	50697110	50700605	2	3432	8474.3265	666	1
1_MACS_peak_17830_lociStitched	chr2	149401471	149403810	1	2340	8471.1563	667	1
1_MACS_peak_29236_lociStitched	chr7	44923930	44926375	1	2446	8466.057	668	1
3_MACS_peak_18387_lociStitched	chr2	203129585	203133977	3	3982	8450.208	669	1
1_MACS_peak_23227_lociStitched	chr3	183232853	183237525	1	4673	8449.312	670	1
4_MACS_peak_22360_lociStitched	chr3	121511465	121516647	4	4811	8447.1782	671	1
1_MACS_peak_18288_lociStitched	chr2	198298450	198301152	1	2703	8444.5606	672	1
1_MACS_peak_2597_lociStitched	chr1	193027361	193029847	1	2487	8439.97	673	1
1_MACS_peak_16377_lociStitched	chr2	25193889	25195958	1	2070	8438.4165	674	1
4_MACS_peak_51_lociStitched	chr1	1709209	1714459	4	4921	8436.75	675	1
2_MACS_peak_12997_lociStitched	chr17	37909578	37913521	2	3855	8426.9796	676	1
2_MACS_peak_3980_lociStitched	chr10	65025047	65029442	2	4380	8404.998	677	1
1_MACS_peak_21427_lociStitched	chr3	37283963	37286327	1	2365	8403.3108	678	1
4_MACS_peak_19495_lociStitched	chr20	47439385	47445431	4	5648	8388.825	679	1
3_MACS_peak_31994_lociStitched	chr9	33164295	33168396	3	4029	8380.3935	680	1
3_MACS_peak_5699_lociStitched	chr11	69061586	69066573	3	4581	8369.1834	681	1
1_MACS_peak_11686_lociStitched	chr16	30669486	30671726	1	2241	8369.088	682	1
1_MACS_peak_31016_lociStitched	chr8	81397146	81399970	1	2825	8367.7944	683	1
3_MACS_peak_9669_lociStitched	chr14	106051863	106055705	3	3674	8365.1866	684	1
2_MACS_peak_18792_lociStitched	chr20	360421	362785	2	2329	8356.0308	685	1
5_MACS_peak_29900_lociStitched	chr7	105923584	105927103	5	2954	8351.2908	686	1
1_MACS_peak_14637_lociStitched	chr19	1269038	1270857	1	1820	8350.8471	687	1
2_MACS_peak_7406_lociStitched	chr12	69200427	69203355	2	2917	8345.9712	688	1
2_MACS_peak_17592_lociStitched	chr2	112249861	112253559	2	3572	8340.4692	689	1
1_MACS_peak_11874_lociStitched	chr16	66549335	66552177	1	2843	8336.4386	690	1
1_MACS_peak_28147_lociStitched	chr6	109702334	109705012	1	2679	8333.936	691	1
4_MACS_peak_15693_lociStitched	chr19	42720593	42725238	4	4134	8325.698	692	1
3_MACS_peak_20791_lociStitched	chr22	42227375	42230530	3	3108	8325.414	693	1
1_MACS_peak_17635_lociStitched	chr2	114187962	114191628	1	3667	8288.0928	694	1
3_MACS_peak_15219_lociStitched	chr19	16434873	16439896	3	4712	8281.4201	695	1
1_MACS_peak_30912_lociStitched	chr8	71314087	71316989	1	2903	8265.4764	696	1
1_MACS_peak_15961_lociStitched	chr19	50353545	50355074	1	1530	8252.4717	697	1
1_MACS_peak_1920_lociStitched	chr1	154191999	154194690	1	2692	8249.5296	698	1
2_MACS_peak_15822_lociStitched	chr19	47103481	47105969	2	2159	8248.4664	699	1
2_MACS_peak_3893_lociStitched	chr10	52381497	52385794	2	4049	8242.0757	700	1
2_MACS_peak_4951_lociStitched	chr11	9481397	9483720	2	2240	8241.5394	701	1
2_MACS_peak_1575_lociStitched	chr1	118171380	118177076	2	5693	8240.9728	702	1
1_MACS_peak_26041_lociStitched	chr5	132386557	132388759	1	2203	8239.884	703	1
2_MACS_peak_29957_lociStitched	chr7	115850412	115852981	2	2535	8238.2692	704	1
1_MACS_peak_15133_lociStitched	chr19	14116351	14118356	1	2006	8236.54	705	1
2_MACS_peak_30194_lociStitched	chr7	137682747	137686968	2	3936	8228.8395	706	1
7_MACS_peak_14689_lociStitched	chr19	2082086	2088538	7	5628	8225.6548	707	1
1_MACS_peak_13935_lociStitched	chr17	77965617	77968393	1	2777	8221.9568	708	1
2_MACS_peak_30919_lociStitched	chr8	71518477	71521023	2	2523	8219.761	709	1
3_MACS_peak_18230_lociStitched	chr2	191744768	191749371	3	3930	8210.3711	710	1
1_MACS_peak_33743_lociStitched	chrX	102940696	102943184	1	2489	8206.4192	711	1
1_MACS_peak_16237_lociStitched	chr2	9694560	9696989	1	2430	8206.1336	712	1
1_MACS_peak_2940_lociStitched	chr1	212457683	212460281	1	2599	8197.2096	713	1
6_MACS_peak_5529_lociStitched	chr11	65339800	65346451	6	5836	8196.6924	714	1
1_MACS_peak_7419_lociStitched	chr12	70635778	70638449	1	2672	8184.7453	715	1
3_MACS_peak_18394_lociStitched	chr2	203141185	203145403	3	4129	8184.6072	716	1
1_MACS_peak_22086_lociStitched	chr3	98488058	98491516	1	3459	8181.628	717	1
2_MACS_peak_14428_lociStitched	chr18	56529596	56531902	2	2239	8180.9962	718	1
2_MACS_peak_11425_lociStitched	chr16	15068135	15070490	2	2278	8171.379	719	1
1_MACS_peak_27495_lociStitched	chr6	37786049	37788492	1	2444	8162.7959	720	1
2_MACS_peak_23254_lociStitched	chr3	184032140	184035458	2	2928	8159.9574	721	1
1_MACS_peak_10893_lociStitched	chr15	85290431	85293080	1	2650	8154.9465	722	1
3_MACS_peak_16665_lociStitched	chr2	46768737	46772474	3	3646	8154.5077	723	1
1_MACS_peak_6291_lociStitched	chr11	126334423	126337499	1	3077	8152.0152	724	1
3_MACS_peak_20051_lociStitched	chr21	44731173	44734779	3	3449	8149.9206	725	1
3_MACS_peak_12360_lociStitched	chr17	1618524	1621914	3	3330	8147.187	726	1
2_MACS_peak_3852_lociStitched	chr10	45913630	45917987	2	4296	8138.4403	727	1
2_MACS_peak_13119_lociStitched	chr17	41436992	41439636	2	2631	8136.91	728	1
1_MACS_peak_29302_lociStitched	chr7	48126418	48129416	1	2999	8135.073	729	1
2_MACS_peak_23718_lociStitched	chr4	14178371	14182803	2	4419	8118.0944	730	1
6_MACS_peak_24259_lociStitched	chr4	90218286	90224261	6	5558	8106.88	731	1
2_MACS_peak_22577_lociStitched	chr3	134203228	134206457	2	3175	8104.4671	732	1
2_MACS_peak_31131_lociStitched	chr8	95998153	96001828	2	3673	8104.11	733	1
3_MACS_peak_12462_lociStitched	chr17	4849949	4854132	3	3996	8103.7259	734	1
1_MACS_peak_18032_lociStitched	chr2	173419551	173423223	1	3673	8101.1664	735	1
1_MACS_peak_4473_lociStitched	chr10	104153545	104156246	1	2702	8095.7073	736	1
3_MACS_peak_21224_lociStitched	chr3	16925554	16929975	3	3710	8093.9668	737	1
4_MACS_peak_10258_lociStitched	chr15	55486951	55490111	4	2832	8093.392	738	1
2_MACS_peak_32267_lociStitched	chr9	70494187	70497556	2	3364	8084.5893	739	1
1_MACS_peak_25449_lociStitched	chr5	65220697	65223466	1	2770	8083.8186	740	1
1_MACS_peak_3119_lociStitched	chr1	226249221	226252074	1	2854	8082.549	741	1
1_MACS_peak_22130_lociStitched	chr3	101291663	101294186	1	2524	8075.6184	742	1
1_MACS_peak_32197_lociStitched	chr9	45726590	45729814	1	3225	8075.4752	743	1
1_MACS_peak_28586_lociStitched	chr6	151710253	151713196	1	2944	8059.4055	744	1
2_MACS_peak_9459_lociStitched	chr14	91974887	91977684	2	2795	8059.2758	745	1
1_MACS_peak_6344_lociStitched	chr11	132226406	132229365	1	2960	8050.5513	746	1
2_MACS_peak_26636_lociStitched	chr5	179048753	179051733	2	2871	8047.49	747	1
5_MACS_peak_29181_lociStitched	chr7	43686460	43691996	5	4653	8044.3616	748	1
1_MACS_peak_31731_lociStitched	chr9	183074	186459	1	3386	8036.3285	749	1
1_MACS_peak_13422_lociStitched	chr17	56407775	56411345	1	3571	8028.216	750	1
1_MACS_peak_26576_lociStitched	chr5	175874285	175876329	1	2045	8026.9924	751	1
1_MACS_peak_11251_lociStitched	chr16	2563227	2565592	1	2366	8022.3165	752	1
1_MACS_peak_20863_lociStitched	chr22	46447815	46451210	1	3396	8020.6875	753	1
1_MACS_peak_32851_lociStitched	chr9	127702496	127704770	1	2275	8010.8472	754	1
8_MACS_peak_4077_lociStitched	chr10	73526958	73533419	8	5123	8010.3478	755	1
2_MACS_peak_22334_lociStitched	chr3	119181041	119183050	2	1962	7999.4362	756	1
1_MACS_peak_21615_lociStitched	chr3	47421107	47423157	1	2051	7993.975	757	1
1_MACS_peak_27250_lociStitched	chr6	31169965	31172776	1	2812	7988.5809	758	1
2_MACS_peak_13007_lociStitched	chr17	38017298	38022194	2	4756	7975.0944	759	1
1_MACS_peak_689_lociStitched	chr1	36620689	36623229	1	2541	7973.06	760	1
2_MACS_peak_14357_lociStitched	chr18	48722003	48725180	2	2981	7962.1974	761	1
1_MACS_peak_29294_lociStitched	chr7	47708484	47711312	1	2829	7959.6888	762	1
2_MACS_peak_32240_lociStitched	chr9	69266632	69269979	2	3346	7941.0922	763	1
1_MACS_peak_12541_lociStitched	chr17	7744834	7748178	1	3345	7938.656	764	1
1_MACS_peak_29003_lociStitched	chr7	23570179	23572231	1	2053	7936.3152	765	1
1_MACS_peak_7027_lociStitched	chr12	48210295	48214744	1	4450	7934.3466	766	1
6_MACS_peak_1117_lociStitched	chr1	66797717	66803179	6	5097	7934.1012	767	1
1_MACS_peak_10292_lociStitched	chr15	57023898	57026201	1	2304	7928.7684	768	1
1_MACS_peak_1857_lociStitched	chr1	151253686	151256238	1	2553	7925.7464	769	1
1_MACS_peak_2946_lociStitched	chr1	212731374	212733158	1	1785	7923.2792	770	1
2_MACS_peak_12045_lociStitched	chr16	71841304	71843885	2	2577	7920.0566	771	1
1_MACS_peak_2764_lociStitched	chr1	204484601	204486754	1	2154	7919.8105	772	1
1_MACS_peak_31421_lociStitched	chr8	123792475	123795167	1	2693	7916.9028	773	1
6_MACS_peak_28405_lociStitched	chr6	137108609	137114245	6	4915	7912.3804	774	1
3_MACS_peak_9786_lociStitched	chr15	23665443	23669029	3	3546	7911.4332	775	1
4_MACS_peak_11826_lociStitched	chr16	57072573	57077666	4	3930	7898.7337	776	1
2_MACS_peak_1994_lociStitched	chr1	155914004	155918775	2	4704	7896.9592	777	1
1_MACS_peak_7811_lociStitched	chr12	109020545	109024833	1	4289	7894.208	778	1
1_MACS_peak_1998_lociStitched	chr1	155936205	155941187	1	4983	7892.9826	779	1
2_MACS_peak_1705_lociStitched	chr1	145453994	145457081	2	3049	7885.4328	780	1
2_MACS_peak_18440_lociStitched	chr2	208393374	208396294	2	2714	7882.54	781	1
1_MACS_peak_5124_lociStitched	chr11	34072516	34075117	1	2602	7877.9088	782	1
3_MACS_peak_31886_lociStitched	chr9	20353165	20358268	3	4619	7875.4599	783	1
2_MACS_peak_17322_lociStitched	chr2	96924769	96927866	2	3050	7871.3352	784	1
2_MACS_peak_22133_lociStitched	chr3	101402567	101406485	2	3673	7869.6948	785	1
5_MACS_peak_10721_lociStitched	chr15	75743541	75748766	5	4402	7863.1025	786	1
1_MACS_peak_23241_lociStitched	chr3	183352851	183355447	1	2597	7840.4392	787	1
3_MACS_peak_13050_lociStitched	chr17	39844347	39847093	3	2346	7831.0428	788	1
1_MACS_peak_28571_lociStitched	chr6	149637533	149639960	1	2428	7830.7155	789	1
1_MACS_peak_6642_lociStitched	chr12	14921579	14924524	1	2946	7826.3375	790	1
1_MACS_peak_21107_lociStitched	chr3	12704007	12706514	1	2508	7824.8484	791	1
1_MACS_peak_24899_lociStitched	chr4	183837452	183840304	1	2853	7822.4656	792	1
1_MACS_peak_16759_lociStitched	chr2	54342082	54343459	1	1378	7821.0846	793	1
5_MACS_peak_19503_lociStitched	chr20	47537419	47541669	5	3450	7816.6	794	1
1_MACS_peak_2724_lociStitched	chr1	203267854	203270827	1	2974	7812.1521	795	1
1_MACS_peak_17427_lociStitched	chr2	101922695	101925738	1	3044	7811.381	796	1
2_MACS_peak_18550_lociStitched	chr2	220142504	220145410	2	2894	7806.969	797	1
3_MACS_peak_24219_lociStitched	chr4	87926017	87930355	3	3848	7803.6282	798	1
1_MACS_peak_6157_lociStitched	chr11	116967499	116970005	1	2507	7798.4214	799	1
1_MACS_peak_30247_lociStitched	chr7	139615135	139618048	1	2914	7793.7315	800	1
6_MACS_peak_7256_lociStitched	chr12	57114431	57119801	6	4410	7779.519	801	1
1_MACS_peak_24440_lociStitched	chr4	114681291	114684660	1	3370	7778.6841	802	1
1_MACS_peak_32674_lociStitched	chr9	114244892	114247252	1	2361	7766.288	803	1
2_MACS_peak_23323_lociStitched	chr3	186703481	186707679	2	3920	7765.8802	804	1
3_MACS_peak_20562_lociStitched	chr22	37637097	37641543	3	4226	7758.27	805	1
1_MACS_peak_30137_lociStitched	chr7	134831857	134834275	1	2419	7757.6694	806	1
3_MACS_peak_6312_lociStitched	chr11	128587658	128592379	3	4638	7747.161	807	1
6_MACS_peak_10637_lociStitched	chr15	74915808	74921287	6	4950	7744.0186	808	1
1_MACS_peak_2794_lociStitched	chr1	205599447	205601791	1	2345	7743.404	809	1
2_MACS_peak_25680_lociStitched	chr5	89823677	89826392	2	2538	7742.3655	810	1
3_MACS_peak_26144_lociStitched	chr5	139047443	139052540	3	4746	7741.3236	811	1
2_MACS_peak_22306_lociStitched	chr3	114864645	114867429	2	2390	7734.5088	812	1
2_MACS_peak_22564_lociStitched	chr3	133192990	133197491	2	4488	7721.4655	813	1
2_MACS_peak_2192_lociStitched	chr1	161037429	161040840	2	3346	7714.3176	814	1
1_MACS_peak_26039_lociStitched	chr5	132298010	132300135	1	2126	7713.1125	815	1
1_MACS_peak_26033_lociStitched	chr5	131830207	131833990	1	3784	7712.7804	816	1
4_MACS_peak_1277_lociStitched	chr1	87793388	87798091	4	4181	7708.217	817	1
1_MACS_peak_9040_lociStitched	chr14	55568339	55571247	1	2909	7705.9092	818	1
2_MACS_peak_3528_lociStitched	chr10	6967481	6971371	2	3707	7704.923	819	1
2_MACS_peak_32365_lociStitched	chr9	82185091	82188677	2	3155	7702.3694	820	1
1_MACS_peak_25250_lociStitched	chr5	36875588	36878180	1	2593	7700.3136	821	1
1_MACS_peak_19306_lociStitched	chr20	39657311	39659067	1	1757	7697.2504	822	1
3_MACS_peak_26826_lociStitched	chr6	7886313	7890827	3	4410	7689.1476	823	1
3_MACS_peak_2436_lociStitched	chr1	178693810	178697603	3	3302	7688.7903	824	1
3_MACS_peak_26025_lociStitched	chr5	131798579	131803528	3	4759	7685.797	825	1
1_MACS_peak_28447_lociStitched	chr6	140202818	140205668	1	2851	7679.61	826	1
1_MACS_peak_2631_lociStitched	chr1	198125289	198128902	1	3614	7674.3733	827	1
1_MACS_peak_33123_lociStitched	chr9	139376099	139378507	1	2409	7673.8144	828	1
1_MACS_peak_2523_lociStitched	chr1	184019553	184022066	1	2514	7667.4143	829	1
1_MACS_peak_11587_lociStitched	chr16	28833853	28836874	1	3022	7666.9959	830	1
3_MACS_peak_21683_lociStitched	chr3	49759771	49762919	3	3011	7666.954	831	1
2_MACS_peak_26681_lociStitched	chr5	180686737	180689301	2	2471	7663.5396	832	1
1_MACS_peak_22101_lociStitched	chr3	99822290	99825673	1	3384	7655.3907	833	1
2_MACS_peak_24319_lociStitched	chr4	102267234	102270102	2	2849	7653.258	834	1
1_MACS_peak_8885_lociStitched	chr14	35450700	35453359	1	2660	7640.3706	835	1
1_MACS_peak_27884_lociStitched	chr6	86351418	86354659	1	3242	7640.0093	836	1
3_MACS_peak_1201_lociStitched	chr1	78442847	78445973	3	2721	7639.3188	837	1
1_MACS_peak_23550_lociStitched	chr4	774428	776298	1	1871	7637.454	838	1
1_MACS_peak_17874_lociStitched	chr2	157188643	157191852	1	3210	7637.42	839	1
2_MACS_peak_21920_lociStitched	chr3	64207707	64211897	2	3955	7634.599	840	1
4_MACS_peak_15194_lociStitched	chr19	15441529	15444804	4	2561	7631.7325	841	1
1_MACS_peak_27985_lociStitched	chr6	90993829	90996544	1	2716	7628.064	842	1
1_MACS_peak_282_lociStitched	chr1	17221690	17223490	1	1801	7621.02	843	1
2_MACS_peak_4982_lociStitched	chr11	11862775	11865766	2	2911	7618.077	844	1
1_MACS_peak_3425_lociStitched	chr1	249118828	249121404	1	2577	7617.4896	845	1
3_MACS_peak_5151_lociStitched	chr11	35184174	35188865	3	4112	7617.2458	846	1
1_MACS_peak_26082_lociStitched	chr5	137672649	137674940	1	2292	7607.4946	847	1
2_MACS_peak_21087_lociStitched	chr3	10360989	10363148	2	1990	7606.8047	848	1
3_MACS_peak_32425_lociStitched	chr9	91924675	91927597	3	2868	7605.0894	849	1
1_MACS_peak_24609_lociStitched	chr4	142557062	142559498	1	2437	7604.7048	850	1
1_MACS_peak_20940_lociStitched	chr22	50968385	50971195	1	2811	7599.645	851	1
2_MACS_peak_7652_lociStitched	chr12	96791975	96795082	2	2902	7596.9257	852	1
2_MACS_peak_16583_lociStitched	chr2	39694213	39698603	2	4369	7589.871	853	1
1_MACS_peak_15566_lociStitched	chr19	39892665	39895123	1	2459	7583.9132	854	1
3_MACS_peak_20999_lociStitched	chr3	5018508	5022550	3	3981	7573.8996	855	1
3_MACS_peak_16763_lociStitched	chr2	54784809	54788630	3	3780	7572.8399	856	1
4_MACS_peak_13172_lociStitched	chr17	43237390	43239909	4	2215	7572.114	857	1
2_MACS_peak_18760_lociStitched	chr2	242210256	242212871	2	2443	7565.718	858	1
5_MACS_peak_26436_lociStitched	chr5	162930774	162935775	5	4746	7565.5128	859	1
3_MACS_peak_16585_lociStitched	chr2	39718137	39722472	3	3813	7563.708	860	1
1_MACS_peak_32027_lociStitched	chr9	33816270	33818843	1	2574	7555.3572	861	1
2_MACS_peak_1555_lociStitched	chr1	117908583	117912600	2	3937	7552.7634	862	1
2_MACS_peak_33032_lociStitched	chr9	134268361	134271624	2	3192	7547.319	863	1
1_MACS_peak_28817_lociStitched	chr7	1198362	1200854	1	2493	7541.7888	864	1
5_MACS_peak_2716_lociStitched	chr1	203239943	203244185	5	4040	7536.3372	865	1
3_MACS_peak_24908_lociStitched	chr4	185186271	185191308	3	4731	7535.8557	866	1
1_MACS_peak_2322_lociStitched	chr1	167904388	167907341	1	2954	7535.1701	867	1
1_MACS_peak_8848_lociStitched	chr14	31494282	31496732	1	2451	7533.75	868	1
4_MACS_peak_18170_lociStitched	chr2	185461973	185466140	4	4096	7531.4358	869	1
1_MACS_peak_23458_lociStitched	chr3	195716051	195717869	1	1819	7525.9746	870	1
1_MACS_peak_7426_lociStitched	chr12	72055939	72058924	1	2986	7522.797	871	1
3_MACS_peak_20942_lociStitched	chr22	50976735	50980726	3	3644	7521.0395	872	1
3_MACS_peak_16466_lociStitched	chr2	28612850	28617476	3	4315	7520.0256	873	1
1_MACS_peak_28764_lociStitched	chr6	166794155	166797440	1	3286	7512.795	874	1
3_MACS_peak_25581_lociStitched	chr5	78530399	78533758	3	3096	7510.0522	875	1
3_MACS_peak_21401_lociStitched	chr3	33479742	33483308	3	3218	7509.996	876	1
1_MACS_peak_22024_lociStitched	chr3	81809710	81811700	1	1991	7508.668	877	1
2_MACS_peak_21998_lociStitched	chr3	73045261	73047436	2	2085	7506.1425	878	1
4_MACS_peak_16788_lociStitched	chr2	55235375	55240985	4	4936	7505.619	879	1
1_MACS_peak_24111_lociStitched	chr4	76649099	76650937	1	1839	7504.554	880	1
4_MACS_peak_15276_lociStitched	chr19	17957587	17961867	4	3506	7500.7	881	1
1_MACS_peak_1801_lociStitched	chr1	149821485	149824069	1	2585	7494.1168	882	1
1_MACS_peak_3123_lociStitched	chr1	226314351	226316901	1	2551	7492.665	883	1
1_MACS_peak_17119_lociStitched	chr2	85197187	85200089	1	2903	7491.2228	884	1
2_MACS_peak_7468_lociStitched	chr12	76423238	76426415	2	3143	7483.7412	885	1
1_MACS_peak_18289_lociStitched	chr2	198317361	198319196	1	1836	7480.928	886	1
1_MACS_peak_25822_lociStitched	chr5	107716174	107718956	1	2783	7478.8506	887	1
6_MACS_peak_12267_lociStitched	chr16	88846343	88851880	6	4918	7476.6111	888	1
2_MACS_peak_9168_lociStitched	chr14	69259375	69263154	2	3560	7472.5946	889	1
1_MACS_peak_25833_lociStitched	chr5	108743995	108747199	1	3205	7471.0872	890	1
1_MACS_peak_7115_lociStitched	chr12	51632103	51633922	1	1820	7469.7235	891	1
6_MACS_peak_26925_lociStitched	chr6	15244842	15249703	6	3804	7468.9265	892	1
7_MACS_peak_16672_lociStitched	chr2	46792127	46798334	7	5131	7462.6761	893	1
2_MACS_peak_21983_lociStitched	chr3	72494007	72496982	2	2953	7456.2425	894	1
4_MACS_peak_22695_lociStitched	chr3	142935243	142939519	4	3930	7455.206	895	1
2_MACS_peak_2289_lociStitched	chr1	167188986	167192195	2	3081	7454.1861	896	1
4_MACS_peak_21808_lociStitched	chr3	53222139	53228008	4	5224	7450.6955	897	1
1_MACS_peak_22359_lociStitched	chr3	121467264	121469528	1	2265	7442.4472	898	1
3_MACS_peak_9120_lociStitched	chr14	64969316	64972411	3	2591	7438.8325	899	1
5_MACS_peak_30140_lociStitched	chr7	134852504	134856475	5	3175	7434.9033	900	1
3_MACS_peak_16908_lociStitched	chr2	64750667	64754198	3	3090	7429.5771	901	1
1_MACS_peak_10454_lociStitched	chr15	66083257	66085871	1	2615	7428.7266	902	1
2_MACS_peak_1977_lociStitched	chr1	155531195	155534359	2	2841	7424.0096	903	1
3_MACS_peak_6955_lociStitched	chr12	46382948	46386205	3	2910	7419.7717	904	1
3_MACS_peak_18345_lociStitched	chr2	202047312	202052205	3	4757	7413.8736	905	1
2_MACS_peak_32272_lociStitched	chr9	70849510	70852784	2	3260	7405.1332	906	1
2_MACS_peak_8961_lociStitched	chr14	50466420	50470846	2	4398	7404.698	907	1
2_MACS_peak_6456_lociStitched	chr12	6640931	6645566	2	4535	7403.022	908	1
2_MACS_peak_22953_lociStitched	chr3	170072666	170076314	2	3150	7394.1312	909	1
1_MACS_peak_14352_lociStitched	chr18	48555798	48557618	1	1821	7392.84	910	1
1_MACS_peak_249_lociStitched	chr1	16009785	16011578	1	1794	7391.4632	911	1
2_MACS_peak_25156_lociStitched	chr5	26876524	26880273	2	3694	7390.0288	912	1
2_MACS_peak_23019_lociStitched	chr3	171869689	171873739	2	3990	7388.415	913	1
2_MACS_peak_27840_lociStitched	chr6	80252319	80255950	2	3235	7384.7278	914	1
2_MACS_peak_11213_lociStitched	chr16	1358655	1360631	2	1907	7381.348	915	1
2_MACS_peak_1687_lociStitched	chr1	144930505	144933350	2	2843	7381.068	916	1
2_MACS_peak_3164_lociStitched	chr1	227126066	227128942	2	2745	7372.9136	917	1
4_MACS_peak_13020_lociStitched	chr17	38254146	38257608	4	2894	7369.2132	918	1
1_MACS_peak_16111_lociStitched	chr19	57790663	57792683	1	2021	7367.142	919	1
2_MACS_peak_20498_lociStitched	chr22	36043218	36046149	2	2668	7362.9651	920	1
1_MACS_peak_29117_lociStitched	chr7	35839760	35841857	1	2098	7350.6141	921	1
1_MACS_peak_15207_lociStitched	chr19	15946430	15948362	1	1933	7349.5212	922	1
3_MACS_peak_2157_lociStitched	chr1	160641760	160646245	3	4481	7348.224	923	1
1_MACS_peak_2561_lociStitched	chr1	186343516	186346122	1	2607	7347.8776	924	1
1_MACS_peak_2922_lociStitched	chr1	211431239	211434433	1	3195	7347.4776	925	1
2_MACS_peak_12622_lociStitched	chr17	16876523	16880842	2	4300	7344.0276	926	1
1_MACS_peak_25247_lociStitched	chr5	36241017	36243114	1	2098	7341.1776	927	1
4_MACS_peak_13730_lociStitched	chr17	73290521	73295035	4	4404	7337.0556	928	1
1_MACS_peak_28439_lociStitched	chr6	139611130	139614107	1	2978	7335.6257	929	1
1_MACS_peak_28758_lociStitched	chr6	166755121	166756994	1	1874	7335.0426	930	1
3_MACS_peak_12294_lociStitched	chr16	89554655	89557806	3	2962	7326.075	931	1
3_MACS_peak_31416_lociStitched	chr8	121820959	121824909	3	3939	7321.72	932	1
1_MACS_peak_29667_lociStitched	chr7	92395545	92399574	1	4030	7321.0959	933	1
1_MACS_peak_23178_lociStitched	chr3	180629609	180631443	1	1835	7314.5422	934	1
2_MACS_peak_13810_lociStitched	chr17	74731829	74734635	2	2754	7310.1912	935	1
1_MACS_peak_31903_lociStitched	chr9	20620964	20624573	1	3610	7290.18	936	1
2_MACS_peak_23228_lociStitched	chr3	183242985	183246593	2	3577	7288.5208	937	1
1_MACS_peak_25773_lociStitched	chr5	96268900	96272667	1	3768	7286.8848	938	1
4_MACS_peak_22250_lociStitched	chr3	112214312	112218749	4	4140	7285.554	939	1
1_MACS_peak_16569_lociStitched	chr2	39346475	39349248	1	2774	7283.2845	940	1
3_MACS_peak_23469_lociStitched	chr3	195999224	196002812	3	3519	7282.5636	941	1
1_MACS_peak_17644_lociStitched	chr2	114407665	114411456	1	3792	7282.1319	942	1
2_MACS_peak_32344_lociStitched	chr9	77701438	77703932	2	2421	7280.4848	943	1
1_MACS_peak_13798_lociStitched	chr17	74487383	74490643	1	3261	7277.95	944	1
4_MACS_peak_22030_lociStitched	chr3	83279693	83284158	4	3790	7277.5035	945	1
3_MACS_peak_19106_lociStitched	chr20	30285432	30288774	3	3211	7276.8708	946	1
2_MACS_peak_1817_lociStitched	chr1	150335844	150338936	2	2863	7272.0748	947	1
4_MACS_peak_20616_lociStitched	chr22	38709830	38714343	4	4195	7271.3456	948	1
1_MACS_peak_33914_lociStitched	chrX	122993041	122995641	1	2601	7270.64	949	1
1_MACS_peak_667_lociStitched	chr1	35657474	35658990	1	1517	7268.462	950	1
2_MACS_peak_23877_lociStitched	chr4	40057225	40060130	2	2713	7261.919	951	1
3_MACS_peak_25776_lociStitched	chr5	98263334	98265989	3	2476	7256.9115	952	1
3_MACS_peak_363_lociStitched	chr1	23850700	23855430	3	4547	7252.036	953	1
2_MACS_peak_13396_lociStitched	chr17	55432502	55436041	2	3468	7251.7649	954	1
3_MACS_peak_20765_lociStitched	chr22	42014414	42018419	3	3925	7250.652	955	1
2_MACS_peak_8694_lociStitched	chr14	21149466	21153047	2	3331	7249.7345	956	1
3_MACS_peak_22489_lociStitched	chr3	128837588	128841197	3	3421	7246.872	957	1
2_MACS_peak_24578_lociStitched	chr4	140475864	140478511	2	2376	7245.8978	958	1
1_MACS_peak_18465_lociStitched	chr2	211034558	211036934	1	2377	7241.5728	959	1
2_MACS_peak_28594_lociStitched	chr6	152077615	152080376	2	2715	7228.8502	960	1
2_MACS_peak_3798_lociStitched	chr10	35415020	35417323	2	2302	7227.9655	961	1
1_MACS_peak_23987_lociStitched	chr4	57622798	57625752	1	2955	7221.9392	962	1
2_MACS_peak_19071_lociStitched	chr20	25288966	25292607	2	3334	7218.2825	963	1
2_MACS_peak_9861_lociStitched	chr15	31526471	31529640	2	3081	7213.9116	964	1
4_MACS_peak_3409_lociStitched	chr1	247373071	247377164	4	3212	7211.866	965	1
1_MACS_peak_23331_lociStitched	chr3	186729077	186732532	1	3456	7210.9305	966	1
1_MACS_peak_4264_lociStitched	chr10	85898554	85900733	1	2180	7210.5289	967	1
1_MACS_peak_22666_lociStitched	chr3	141205612	141208773	1	3162	7208.0283	968	1
1_MACS_peak_27515_lociStitched	chr6	41039106	41042013	1	2908	7202.0925	969	1
3_MACS_peak_10869_lociStitched	chr15	83477505	83480442	3	2292	7198.587	970	1
3_MACS_peak_33479_lociStitched	chrX	48793655	48798473	3	4497	7196.1648	971	1
1_MACS_peak_10636_lociStitched	chr15	74907237	74909855	1	2619	7194.7876	972	1
3_MACS_peak_27181_lociStitched	chr6	28889359	28892378	3	2893	7186.1257	973	1
1_MACS_peak_17173_lociStitched	chr2	86946212	86948679	1	2468	7184.6441	974	1
1_MACS_peak_26077_lociStitched	chr5	137088563	137091087	1	2525	7183.304	975	1
2_MACS_peak_5879_lociStitched	chr11	82867050	82869776	2	2531	7182.4648	976	1
1_MACS_peak_27038_lociStitched	chr6	25136347	25139888	1	3542	7171.9414	977	1
1_MACS_peak_16137_lociStitched	chr19	58694010	58695547	1	1538	7171.4883	978	1
1_MACS_peak_9200_lociStitched	chr14	70233183	70235112	1	1930	7170.4788	979	1
1_MACS_peak_28001_lociStitched	chr6	96968925	96970938	1	2014	7155.2085	980	1
2_MACS_peak_26001_lociStitched	chr5	131131489	131133599	2	2057	7154.166	981	1
2_MACS_peak_16028_lociStitched	chr19	54692521	54696055	2	3504	7153.8762	982	1
1_MACS_peak_24180_lociStitched	chr4	83811322	83813278	1	1957	7153.092	983	1
1_MACS_peak_17640_lociStitched	chr2	114340877	114342772	1	1896	7147.7505	984	1
2_MACS_peak_3304_lociStitched	chr1	235489953	235493024	2	2928	7144.9886	985	1
3_MACS_peak_30497_lociStitched	chr8	22297515	22300990	3	3421	7131.7425	986	1
2_MACS_peak_22936_lociStitched	chr3	169772597	169776337	2	3638	7128.814	987	1
3_MACS_peak_12282_lociStitched	chr16	89041445	89045814	3	4180	7125.4021	988	1
2_MACS_peak_25038_lociStitched	chr5	1313275	1317861	2	4583	7123.8924	989	1
1_MACS_peak_28494_lociStitched	chr6	143380272	143382951	1	2680	7117.8351	990	1
3_MACS_peak_18137_lociStitched	chr2	182175523	182179660	3	3744	7117.7085	991	1
2_MACS_peak_18904_lociStitched	chr20	5589449	5592265	2	2813	7112.0896	992	1
1_MACS_peak_16475_lociStitched	chr2	28973333	28975799	1	2467	7111.6974	993	1
2_MACS_peak_15910_lociStitched	chr19	49465382	49469656	2	4223	7108.0894	994	1
1_MACS_peak_19894_lociStitched	chr21	34914195	34916419	1	2225	7105.9024	995	1
1_MACS_peak_7776_lociStitched	chr12	105476303	105478482	1	2180	7101.7968	996	1
2_MACS_peak_31310_lociStitched	chr8	107510645	107514054	2	3199	7095.4926	997	1
2_MACS_peak_26350_lociStitched	chr5	154133801	154137071	2	3091	7094.919	998	1
1_MACS_peak_7276_lociStitched	chr12	57622845	57625379	1	2535	7094.1864	999	1
1_MACS_peak_2555_lociStitched	chr1	185285045	185287621	1	2577	7093.5312	1000	1
1_MACS_peak_2169_lociStitched	chr1	160679376	160682928	1	3553	7091.2128	1001	1
1_MACS_peak_21834_lociStitched	chr3	53924109	53926807	1	2699	7091.1534	1002	1
1_MACS_peak_27326_lociStitched	chr6	32820276	32823058	1	2783	7091.0398	1003	1
1_MACS_peak_26051_lociStitched	chr5	133706247	133708142	1	1896	7086.921	1004	1
1_MACS_peak_31354_lociStitched	chr8	110551052	110553353	1	2302	7084.5489	1005	1
1_MACS_peak_22103_lociStitched	chr3	99979307	99980826	1	1520	7084.3122	1006	1
1_MACS_peak_2092_lociStitched	chr1	157479817	157483146	1	3330	7082.7804	1007	1
1_MACS_peak_10278_lociStitched	chr15	55699308	55701338	1	2031	7082.264	1008	1
4_MACS_peak_31228_lociStitched	chr8	102215090	102219158	4	3656	7074.252	1009	1
2_MACS_peak_11148_lociStitched	chr15	101665904	101668651	2	2674	7071.6021	1010	1
1_MACS_peak_30399_lociStitched	chr7	157724645	157727166	1	2522	7066.8672	1011	1
2_MACS_peak_28318_lociStitched	chr6	130004450	130008800	2	4001	7066.575	1012	1
2_MACS_peak_5902_lociStitched	chr11	85777603	85781461	2	3413	7063.6122	1013	1
2_MACS_peak_25990_lociStitched	chr5	130714556	130718183	2	3522	7061.769	1014	1
1_MACS_peak_28128_lociStitched	chr6	109194445	109197356	1	2912	7057.1373	1015	1
1_MACS_peak_28854_lociStitched	chr7	4814106	4816287	1	2182	7056.6255	1016	1
2_MACS_peak_11642_lociStitched	chr16	30074841	30078596	2	3663	7056.0205	1017	1
1_MACS_peak_8952_lociStitched	chr14	50328009	50330808	1	2800	7053.48	1018	1
5_MACS_peak_7601_lociStitched	chr12	94564845	94569353	5	3952	7053.2168	1019	1
3_MACS_peak_10520_lociStitched	chr15	68569272	68573032	3	3242	7050	1020	1
4_MACS_peak_21298_lociStitched	chr3	25821501	25825775	4	4146	7047.826	1021	1
3_MACS_peak_22681_lociStitched	chr3	142799865	142803041	3	3096	7042.78	1022	1
2_MACS_peak_17020_lociStitched	chr2	70368440	70370907	2	2298	7029.4698	1023	1
3_MACS_peak_11650_lociStitched	chr16	30194031	30198764	3	4520	7020.4589	1024	1
1_MACS_peak_27835_lociStitched	chr6	79785755	79788869	1	3115	7017.7104	1025	1
1_MACS_peak_11262_lociStitched	chr16	2801419	2803457	1	2039	7016.6302	1026	1
1_MACS_peak_2698_lociStitched	chr1	202111873	202114437	1	2565	7015.3604	1027	1
1_MACS_peak_7786_lociStitched	chr12	106695443	106697586	1	2144	7011.2531	1028	1
1_MACS_peak_31325_lociStitched	chr8	107669198	107672134	1	2937	7007.3512	1029	1
1_MACS_peak_9267_lociStitched	chr14	75743328	75746521	1	3194	7005.442	1030	1
2_MACS_peak_12626_lociStitched	chr17	16890409	16894653	2	4219	6989.868	1031	1
2_MACS_peak_5408_lociStitched	chr11	62606624	62610217	2	3495	6988.0257	1032	1
2_MACS_peak_4795_lociStitched	chr11	694362	696853	2	2472	6985.2622	1033	1
1_MACS_peak_3163_lociStitched	chr1	227069293	227073307	1	4015	6977.9376	1034	1
1_MACS_peak_14980_lociStitched	chr19	10612151	10614314	1	2164	6975.2424	1035	1
2_MACS_peak_20566_lociStitched	chr22	37677988	37681176	2	3135	6972.4748	1036	1
2_MACS_peak_28511_lociStitched	chr6	144471147	144474072	2	2761	6969.3975	1037	1
2_MACS_peak_6737_lociStitched	chr12	26308443	26312252	2	3801	6963.2329	1038	1
1_MACS_peak_30820_lociStitched	chr8	61428894	61430450	1	1557	6952.0524	1039	1
4_MACS_peak_13941_lociStitched	chr17	78232606	78235857	4	3015	6951.9384	1040	1
1_MACS_peak_8874_lociStitched	chr14	35015066	35016851	1	1786	6943.8285	1041	1
1_MACS_peak_19337_lociStitched	chr20	42697076	42699494	1	2419	6943.7706	1042	1
1_MACS_peak_32756_lociStitched	chr9	123604298	123606416	1	2119	6943.4394	1043	1
1_MACS_peak_8950_lociStitched	chr14	50233540	50236116	1	2577	6939.4864	1044	1
1_MACS_peak_13583_lociStitched	chr17	62980371	62983263	1	2893	6934.1484	1045	1
3_MACS_peak_19065_lociStitched	chr20	25274881	25279521	3	4200	6932.16	1046	1
2_MACS_peak_21944_lociStitched	chr3	69099985	69101980	2	1981	6930.8295	1047	1
1_MACS_peak_31070_lociStitched	chr8	90769050	90770938	1	1889	6927.4496	1048	1
1_MACS_peak_7322_lociStitched	chr12	62653072	62655110	1	2039	6926.143	1049	1
1_MACS_peak_24080_lociStitched	chr4	74123037	74125545	1	2509	6922.08	1050	1
1_MACS_peak_22830_lociStitched	chr3	155569850	155573302	1	3453	6921.6052	1051	1
2_MACS_peak_4226_lociStitched	chr10	81106619	81109392	2	2730	6917.2485	1052	1
1_MACS_peak_5948_lociStitched	chr11	95521896	95524546	1	2651	6909.345	1053	1
1_MACS_peak_2512_lociStitched	chr1	183439495	183442470	1	2976	6908.545	1054	1
1_MACS_peak_31743_lociStitched	chr9	624773	627900	1	3128	6905.6668	1055	1
1_MACS_peak_31445_lociStitched	chr8	125383412	125385842	1	2431	6902.415	1056	1
1_MACS_peak_26049_lociStitched	chr5	133560593	133562851	1	2259	6899.7706	1057	1
2_MACS_peak_28129_lociStitched	chr6	109203382	109206804	2	3184	6898.752	1058	1
1_MACS_peak_27810_lociStitched	chr6	76310609	76313087	1	2479	6898.0086	1059	1
1_MACS_peak_23971_lociStitched	chr4	56261432	56264775	1	3344	6891.5945	1060	1
1_MACS_peak_33722_lociStitched	chrX	100877396	100879638	1	2243	6886.9756	1061	1
2_MACS_peak_13980_lociStitched	chr17	79817122	79820050	2	2815	6885.4848	1062	1
1_MACS_peak_30218_lociStitched	chr7	139043242	139045780	1	2539	6885.3402	1063	1
2_MACS_peak_2280_lociStitched	chr1	165865305	165868745	2	3406	6882.752	1064	1
2_MACS_peak_8915_lociStitched	chr14	39900063	39902826	2	2703	6882.0804	1065	1
1_MACS_peak_17178_lociStitched	chr2	87302350	87304642	1	2293	6863.394	1066	1
1_MACS_peak_19323_lociStitched	chr20	42309389	42311988	1	2600	6853.0432	1067	1
3_MACS_peak_7445_lociStitched	chr12	74931251	74934782	3	3180	6850.14	1068	1
2_MACS_peak_16091_lociStitched	chr19	56165012	56167319	2	2214	6845.3304	1069	1
1_MACS_peak_24493_lociStitched	chr4	122058843	122061829	1	2987	6843.3148	1070	1
4_MACS_peak_17693_lociStitched	chr2	127419879	127424212	4	3817	6842.6736	1071	1
2_MACS_peak_12689_lociStitched	chr17	18964528	18968077	2	3530	6839.6328	1072	1
2_MACS_peak_15946_lociStitched	chr19	50143561	50146376	2	2728	6838.198	1073	1
1_MACS_peak_254_lociStitched	chr1	16160867	16163831	1	2965	6832.9092	1074	1
2_MACS_peak_26916_lociStitched	chr6	13709767	13712982	2	2973	6830.589	1075	1
1_MACS_peak_21480_lociStitched	chr3	41240065	41241888	1	1824	6824.7651	1076	1
2_MACS_peak_2681_lociStitched	chr1	200859789	200863137	2	3245	6818.5368	1077	1
1_MACS_peak_31263_lociStitched	chr8	103874776	103877243	1	2468	6818.2946	1078	1
3_MACS_peak_31072_lociStitched	chr8	90994350	90997045	3	2542	6813.499	1079	1
2_MACS_peak_23282_lociStitched	chr3	185080448	185083622	2	3166	6813.3084	1080	1
1_MACS_peak_29163_lociStitched	chr7	39662237	39664328	1	2092	6810.387	1081	1
1_MACS_peak_46_lociStitched	chr1	1623139	1625177	1	2039	6809.7732	1082	1
1_MACS_peak_9036_lociStitched	chr14	55517812	55519733	1	1922	6807.8319	1083	1
2_MACS_peak_17171_lociStitched	chr2	86848160	86851126	2	2856	6805.487	1084	1
1_MACS_peak_11549_lociStitched	chr16	24550597	24552497	1	1901	6805.23	1085	1
2_MACS_peak_3729_lociStitched	chr10	28030972	28032905	2	1906	6800.8739	1086	1
7_MACS_peak_30981_lociStitched	chr8	81011427	81017469	7	5191	6797.8542	1087	1
1_MACS_peak_31949_lociStitched	chr9	26945862	26947796	1	1935	6785.2456	1088	1
7_MACS_peak_15641_lociStitched	chr19	42038031	42043589	7	4296	6785.2064	1089	1
1_MACS_peak_22438_lociStitched	chr3	126074399	126076424	1	2026	6782.7375	1090	1
1_MACS_peak_26955_lociStitched	chr6	16470852	16475150	1	4299	6779.6652	1091	1
1_MACS_peak_25318_lociStitched	chr5	49961902	49964495	1	2594	6779.6578	1092	1
1_MACS_peak_19185_lociStitched	chr20	33291354	33293144	1	1791	6775.329	1093	1
3_MACS_peak_17151_lociStitched	chr2	86223770	86227638	3	3462	6770.934	1094	1
2_MACS_peak_3441_lociStitched	chr10	975990	978778	2	2763	6770.3792	1095	1
2_MACS_peak_11495_lociStitched	chr16	21517457	21521488	2	3973	6768.8552	1096	1
1_MACS_peak_30374_lociStitched	chr7	154996719	154999066	1	2348	6765.6969	1097	1
1_MACS_peak_22684_lociStitched	chr3	142837461	142840177	1	2717	6764.4696	1098	1
3_MACS_peak_2778_lociStitched	chr1	204680666	204684886	3	3813	6762.55	1099	1
5_MACS_peak_4700_lociStitched	chr10	125822257	125828030	5	4802	6761.3376	1100	1
2_MACS_peak_25464_lociStitched	chr5	66489065	66493539	2	4409	6757.5296	1101	1
1_MACS_peak_30939_lociStitched	chr8	74204361	74207440	1	3080	6746.089	1102	1
2_MACS_peak_27330_lociStitched	chr6	33167116	33169936	2	2603	6745.44	1103	1
1_MACS_peak_19218_lociStitched	chr20	34541039	34543234	1	2196	6741.723	1104	1
1_MACS_peak_23079_lociStitched	chr3	174867114	174869847	1	2734	6739.3047	1105	1
1_MACS_peak_19259_lociStitched	chr20	35806722	35808764	1	2043	6739.0084	1106	1
2_MACS_peak_3086_lociStitched	chr1	225614377	225617093	2	2667	6735.9516	1107	1
2_MACS_peak_19791_lociStitched	chr21	18982952	18985648	2	2662	6729.7552	1108	1
1_MACS_peak_14897_lociStitched	chr19	7241607	7243866	1	2260	6723.0099	1109	1
5_MACS_peak_14586_lociStitched	chr19	659265	663961	5	4198	6718.5672	1110	1
1_MACS_peak_30349_lociStitched	chr7	150929258	150931088	1	1831	6718.113	1111	1
