#31_0EX7_0229Kronos_MM1S-No-Treatment-1_IRF4_hs_i45_peaks Enhancers
#Created from /data/projects/IRF4_mm_trn_data/p300_internal_ChIP/rose/31_0EX7_0229Kronos_MM1S-No-Treatment-1_IRF4_hs_i45_ROSE/31_0EX7_0229Kronos_MM1S-No-Treatment-1_IRF4_hs_i45_peaks_5KB_STITCHED_ENHANCER_REGION_MAP.txt
#Ranked by X31_0EX7_0229Kronos_MM1S.No.Treatment.1_IRF4_hs_i45.bam
#Using cutoff of 5127.1332 for Super-Enhancers
#Created on Jul 18 2024 
REGION_ID	CHROM	START	STOP	NUM_LOCI	CONSTITUENT_SIZE	X31_0EX7_0229Kronos_MM1S.No.Treatment.1_IRF4_hs_i45.bam	X35_0EXN_0229Kronos_MM1S.No.Treatment.1_Input_hs_i77.bam	enhancerRank	isSuper
11_MACS_peak_13052_lociStitched	chr19	2031167	2099465	11	48356	74615.565	16412.0094	1	1
16_MACS_peak_13068_lociStitched	chr19	2229377	2291629	16	43233	55086.7948	12506.4268	2	1
7_MACS_peak_13103_lociStitched	chr19	2594667	2638123	7	30864	53277.056	11572.3328	3	1
1_MACS_peak_21644_lociStitched	chr5	9890	12223	1	2334	42246.8972	5830.8669	4	1
13_MACS_peak_12181_lociStitched	chr17	76116680	76176677	13	33954	40161.9918	10781.4609	5	1
7_MACS_peak_5840_lociStitched	chr12	7045735	7081058	7	24146	36442.7391	7559.122	6	1
9_MACS_peak_15641_lociStitched	chr2	99060624	99108021	9	35777	41225.9106	12541.2462	7	1
12_MACS_peak_25617_lociStitched	chr7	102118197	102187826	12	40869	47939.5665	20032.2633	8	1
6_MACS_peak_12969_lociStitched	chr19	1061892	1105876	6	27169	35715.008	8906.76	9	1
4_MACS_peak_17996_lociStitched	chr21	45552309	45580899	4	21497	33953.484	7593.504	10	1
14_MACS_peak_9691_lociStitched	chr16	11761511	11819186	14	35545	37344.5625	11990.6325	11	1
4_MACS_peak_1786_lociStitched	chr1	156449509	156476087	4	19972	33052.4008	7941.5064	12	1
5_MACS_peak_1698_lociStitched	chr1	154907982	154935805	5	23012	33173.3629	9086.9918	13	1
4_MACS_peak_14035_lociStitched	chr19	39880842	39904006	4	18351	28651.5516	4790.3152	14	1
8_MACS_peak_23200_lociStitched	chr6	7878177	7918613	8	25687	33937.9348	10743.8452	15	1
4_MACS_peak_13093_lociStitched	chr19	2455420	2480651	4	14780	28321.7975	5205.1553	16	1
10_MACS_peak_13519_lociStitched	chr19	12867924	12918419	10	22161	29145.714	7261.181	17	1
5_MACS_peak_6298_lociStitched	chr12	53583168	53607830	5	20729	27848.3304	6056.9872	18	1
14_MACS_peak_12709_lociStitched	chr18	46439227	46480162	14	28305	29121.159	7761.276	19	1
4_MACS_peak_13645_lociStitched	chr19	16244277	16273727	4	23638	27205.91	6096.15	20	1
5_MACS_peak_13026_lociStitched	chr19	1648003	1673337	5	19202	26091.4866	5104.801	21	1
4_MACS_peak_12987_lociStitched	chr19	1258594	1280462	4	17849	26149.7544	5523.8568	22	1
6_MACS_peak_15614_lociStitched	chr2	97191188	97220821	6	19926	25896.2787	5905.8569	23	1
3_MACS_peak_6783_lociStitched	chr12	109009520	109031556	3	16234	24973.3988	5233.55	24	1
6_MACS_peak_25631_lociStitched	chr7	102244687	102283737	6	34302	31790.605	12234.365	25	1
7_MACS_peak_8184_lociStitched	chr14	106023210	106052696	7	20603	25113.2262	5655.4148	26	1
4_MACS_peak_1766_lociStitched	chr1	156115563	156137064	4	18170	26601.0372	7316.7903	27	1
2_MACS_peak_4884_lociStitched	chr11	65183440	65198121	2	14572	23938.8386	4753.7078	28	1
5_MACS_peak_26046_lociStitched	chr7	150063337	150084839	5	20818	25374.5102	6282.8844	29	1
4_MACS_peak_10855_lociStitched	chr17	7736800	7762194	4	13862	23118.6976	4134.1432	30	1
3_MACS_peak_11393_lociStitched	chr17	38466974	38483526	3	13898	22583.5488	3636.4744	31	1
5_MACS_peak_1582_lociStitched	chr1	150531959	150553342	5	16490	26130.026	7317.2626	32	1
2_MACS_peak_18224_lociStitched	chr22	23269415	23284417	2	10638	21724.3962	3902.0202	33	1
7_MACS_peak_28256_lociStitched	chr9	130532630	130568553	7	16939	23906.7565	6106.91	34	1
6_MACS_peak_10349_lociStitched	chr16	68269800	68299483	6	14889	23473.3164	5859.4242	35	1
10_MACS_peak_10300_lociStitched	chr16	67183286	67219812	10	19119	23566.5752	6096.1894	36	1
6_MACS_peak_5771_lociStitched	chr12	4377669	4405902	6	15003	22346.4195	4954.8915	37	1
5_MACS_peak_25611_lociStitched	chr7	102064085	102092845	5	18104	23025.256	5648.464	38	1
5_MACS_peak_11800_lociStitched	chr17	56402002	56422719	5	16711	22328.7826	5237.2576	39	1
5_MACS_peak_10001_lociStitched	chr16	30193971	30223403	5	16345	23198.3024	6292.5616	40	1
6_MACS_peak_18478_lociStitched	chr22	37611195	37642049	6	17942	23054.1088	6275.7036	41	1
5_MACS_peak_18949_lociStitched	chr3	13035643	13061704	5	15632	22086.6975	5464.9917	42	1
9_MACS_peak_8374_lociStitched	chr15	31628776	31660586	9	17975	22737.788	6142.511	43	1
8_MACS_peak_4037_lociStitched	chr10	125822571	125854486	8	18182	22519.224	5948.956	44	1
7_MACS_peak_28268_lociStitched	chr9	130673051	130706638	7	17936	22311.8441	5884.4424	45	1
6_MACS_peak_16512_lociStitched	chr2	219741138	219763686	6	12779	20775.7272	4464.504	46	1
3_MACS_peak_14820_lociStitched	chr2	20405776	20426269	3	16662	20738.916	4604.7771	47	1
6_MACS_peak_1745_lociStitched	chr1	155900962	155932471	6	16504	23827.1058	7760.6667	48	1
5_MACS_peak_8958_lociStitched	chr15	75063082	75083625	5	16604	19887.6783	4353.0617	49	1
3_MACS_peak_1680_lociStitched	chr1	154374627	154394360	3	14346	22126.6129	6598.7152	50	1
4_MACS_peak_17049_lociStitched	chr20	25260427	25281699	4	12673	19155.436	3792.7976	51	1
4_MACS_peak_18608_lociStitched	chr22	39914742	39931672	4	11969	18639.93	3386	52	1
8_MACS_peak_8191_lociStitched	chr14	106143533	106172987	8	16250	18750.4164	3558.0432	53	1
6_MACS_peak_28372_lociStitched	chr9	134127017	134154062	6	14749	19745.5545	4765.329	54	1
3_MACS_peak_13571_lociStitched	chr19	13943584	13959355	3	10293	17452.1886	2498.1264	55	1
5_MACS_peak_19882_lociStitched	chr3	129027011	129054625	5	14626	20218.9708	5406.8212	56	1
4_MACS_peak_13161_lociStitched	chr19	3970350	3991209	4	19257	19826.4795	5060.3934	57	1
4_MACS_peak_20401_lociStitched	chr3	193848179	193860355	4	10236	17400.7216	2689.6784	58	1
5_MACS_peak_13037_lociStitched	chr19	1847227	1866120	5	11192	18227.9664	3856.0613	59	1
7_MACS_peak_4819_lociStitched	chr11	63992311	64020463	7	15124	18963.1872	4633.8192	60	1
3_MACS_peak_22528_lociStitched	chr5	138717726	138730971	3	10401	17135.0565	2815.887	61	1
7_MACS_peak_12022_lociStitched	chr17	72732657	72756398	7	16015	18916.8288	4605.754	62	1
3_MACS_peak_26051_lociStitched	chr7	150101138	150118800	3	9499	18760.5764	4502.0438	63	1
4_MACS_peak_5038_lociStitched	chr11	67760359	67781715	4	13560	18449.4484	4281.878	64	1
2_MACS_peak_1559_lociStitched	chr1	149821561	149833969	2	7146	17693.808	3561.096	65	1
3_MACS_peak_2737_lociStitched	chr1	234735030	234749774	3	9392	18627.5696	4514.6128	66	1
6_MACS_peak_12121_lociStitched	chr17	74476184	74503176	6	10594	18594.7888	4542.7536	67	1
4_MACS_peak_17535_lociStitched	chr20	55958755	55975782	4	12619	17027	3015.4817	68	1
11_MACS_peak_14332_lociStitched	chr19	48406520	48461549	11	36286	34084.9626	20190.1401	69	1
2_MACS_peak_1557_lociStitched	chr1	149802803	149815486	2	8028	17456.8812	3636.2161	70	1
5_MACS_peak_8468_lociStitched	chr15	40387678	40409228	5	13806	18612.735	4814.27	71	1
6_MACS_peak_9557_lociStitched	chr16	3199147	3224853	6	10917	17462.0858	3711.9464	72	1
7_MACS_peak_23576_lociStitched	chr6	31781639	31810275	7	16895	18802.3976	5085.7536	73	1
4_MACS_peak_13236_lociStitched	chr19	5679327	5697101	4	12227	18163.2506	4487.935	74	1
3_MACS_peak_2315_lociStitched	chr1	204474929	204491866	3	13429	18979.6022	5308.0558	75	1
2_MACS_peak_2078_lociStitched	chr1	179846088	179853052	2	3643	15668.3036	2023.042	76	1
2_MACS_peak_614_lociStitched	chr1	31216059	31231247	2	14832	17311.2824	3772.6992	77	1
2_MACS_peak_15085_lociStitched	chr2	43444445	43457618	2	11915	16684.9218	3156.2508	78	1
3_MACS_peak_23568_lociStitched	chr6	31694573	31709144	3	11452	16863.0183	3428.5563	79	1
7_MACS_peak_11249_lociStitched	chr17	34409495	34432595	7	13164	19103.7	5717.25	80	1
5_MACS_peak_17972_lociStitched	chr21	44829971	44852035	5	18090	18235.896	4902.6208	81	1
4_MACS_peak_2332_lociStitched	chr1	205242283	205258620	4	12294	18377.4913	5172.2942	82	1
5_MACS_peak_12952_lociStitched	chr19	908424	927682	5	13634	16159.3878	3125.5734	83	1
5_MACS_peak_11261_lociStitched	chr17	34522297	34540251	5	13265	19568.0646	6626.8214	84	1
3_MACS_peak_4895_lociStitched	chr11	65264073	65278872	3	8835	16839.7821	3903.9762	85	1
2_MACS_peak_2066_lociStitched	chr1	179048155	179059435	2	11174	16055.952	3142.608	86	1
8_MACS_peak_10199_lociStitched	chr16	56964028	56986122	8	15557	18503.725	5640.5982	87	1
5_MACS_peak_9974_lociStitched	chr16	29815904	29833212	5	10552	15833.3584	2983.8992	88	1
2_MACS_peak_25822_lociStitched	chr7	128572284	128583597	2	9304	15945.6735	3126.9132	89	1
5_MACS_peak_9854_lociStitched	chr16	22194957	22219191	5	11947	17836.224	5026.1316	90	1
3_MACS_peak_13666_lociStitched	chr19	16694597	16711360	3	10181	16726.1214	3924.2183	91	1
2_MACS_peak_8370_lociStitched	chr15	31547182	31560441	2	8381	15547.5034	2850.685	92	1
4_MACS_peak_18220_lociStitched	chr22	23223204	23240124	4	12547	15779.592	3189.42	93	1
6_MACS_peak_3854_lociStitched	chr10	105244854	105268853	6	13170	17293.6794	4802.1999	94	1
2_MACS_peak_2286_lociStitched	chr1	203288829	203297737	2	7662	16033.5092	3596.1596	95	1
8_MACS_peak_4923_lociStitched	chr11	65640364	65670172	8	13160	17473.4496	5046.4944	96	1
6_MACS_peak_11272_lociStitched	chr17	34620681	34641797	6	14503	19701.228	7278.6852	97	1
8_MACS_peak_14570_lociStitched	chr19	56142856	56167531	8	12708	16364.46	3987.48	98	1
4_MACS_peak_7527_lociStitched	chr13	114554824	114568121	4	12089	15545.5227	3220.5334	99	1
1_MACS_peak_17928_lociStitched	chr21	43480720	43486718	1	5999	14972.8074	2793.8684	100	1
3_MACS_peak_21686_lociStitched	chr5	1312047	1325490	3	10226	15368.0376	3202.1226	101	1
4_MACS_peak_9958_lociStitched	chr16	29463837	29484071	4	11058	16466.4292	4350.31	102	1
3_MACS_peak_17961_lociStitched	chr21	44580640	44598152	3	11219	16667.9216	4568.8808	103	1
5_MACS_peak_13296_lociStitched	chr19	7178674	7199117	5	8058	16908.4053	4816.3708	104	1
3_MACS_peak_2283_lociStitched	chr1	203267781	203282024	3	12448	16486.2725	4411.0571	105	1
3_MACS_peak_12964_lociStitched	chr19	1015110	1029293	3	11294	15597.0451	3525.8938	106	1
2_MACS_peak_11561_lociStitched	chr17	43298073	43309896	2	10330	14457.1644	2471.007	107	1
3_MACS_peak_14352_lociStitched	chr19	48822910	48837987	3	11261	15990.6662	4007.4666	108	1
1_MACS_peak_1446_lociStitched	chr1	143742548	143746006	1	3459	13068.1278	1188.1688	109	1
1_MACS_peak_1706_lociStitched	chr1	154971109	154977447	1	6339	13672.9674	1798.0906	110	1
2_MACS_peak_2476_lociStitched	chr1	212779700	212789202	2	5147	14597.9226	2734.6756	111	1
5_MACS_peak_23849_lociStitched	chr6	44213350	44234119	5	12165	15846.747	4012.5708	112	1
6_MACS_peak_13216_lociStitched	chr19	4790573	4816739	6	11308	16905.8526	5102.37	113	1
6_MACS_peak_4759_lociStitched	chr11	62308238	62328619	6	12138	15872.7228	4108.8096	114	1
4_MACS_peak_4189_lociStitched	chr11	788603	810884	4	11152	14669.8104	3012.3912	115	1
5_MACS_peak_14432_lociStitched	chr19	50166404	50188323	5	10983	15165.7561	3509.2319	116	1
4_MACS_peak_23036_lociStitched	chr5	180228814	180248545	4	10723	15478.9695	3861.3567	117	1
2_MACS_peak_14765_lociStitched	chr2	11883624	11896392	2	12126	14667.8784	3057.936	118	1
6_MACS_peak_12958_lociStitched	chr19	982022	1007244	6	10940	15821.7606	4232.2516	119	1
4_MACS_peak_14357_lociStitched	chr19	48880515	48903828	4	10500	15890.1408	4331.5554	120	1
2_MACS_peak_27696_lociStitched	chr9	73026785	73036474	2	6750	13390.198	1876.7593	121	1
2_MACS_peak_18248_lociStitched	chr22	24179093	24192456	2	10579	14842.2841	3334.0685	122	1
2_MACS_peak_4338_lociStitched	chr11	10323498	10332684	2	9176	13779	2279.0466	123	1
2_MACS_peak_13921_lociStitched	chr19	35695703	35705987	2	6724	13982.1264	2494.8984	124	1
4_MACS_peak_1726_lociStitched	chr1	155213357	155232776	4	8524	15909.9867	4437.2415	125	1
4_MACS_peak_17982_lociStitched	chr21	45194032	45210735	4	15562	16100.0217	4653.4558	126	1
3_MACS_peak_3226_lociStitched	chr10	43890937	43905955	3	9101	14100.4002	2727.2688	127	1
1_MACS_peak_21689_lociStitched	chr5	1334787	1346553	1	11767	13633.2642	2380.2618	128	1
5_MACS_peak_13417_lociStitched	chr19	10522241	10539523	5	12246	14497.8698	3255.9288	129	1
2_MACS_peak_310_lociStitched	chr1	16962592	16975681	2	9545	18331.1445	7113.8715	130	1
3_MACS_peak_1899_lociStitched	chr1	161121987	161138193	3	8279	16011.528	4858.5588	131	1
2_MACS_peak_326_lociStitched	chr1	17221555	17233304	2	7035	15803.5799	4671.4024	132	1
3_MACS_peak_5927_lociStitched	chr12	12866814	12879386	3	9247	14345.9092	3218.432	133	1
8_MACS_peak_2970_lociStitched	chr10	11279204	11304261	8	15072	16607.7796	5512.54	134	1
2_MACS_peak_10279_lociStitched	chr16	66549134	66559802	2	8575	13672.1088	2705.4048	135	1
2_MACS_peak_12967_lociStitched	chr19	1036156	1045121	2	7568	13343.506	2381.104	136	1
4_MACS_peak_17607_lociStitched	chr20	61272908	61290868	4	11431	13870.508	2983.156	137	1
2_MACS_peak_13044_lociStitched	chr19	1894663	1906662	2	10088	13689.6591	2824.5646	138	1
4_MACS_peak_24196_lociStitched	chr6	108878142	108895682	4	10064	14319.656	3492.214	139	1
5_MACS_peak_2961_lociStitched	chr10	11202886	11223166	5	13546	16232.112	5426.928	140	1
3_MACS_peak_8259_lociStitched	chr15	22460615	22473201	3	5443	13503.5194	2704.7314	141	1
1_MACS_peak_1540_lociStitched	chr1	149221975	149225284	1	3310	13460.6811	2695.5114	142	1
4_MACS_peak_10754_lociStitched	chr17	4267004	4281416	4	11532	13786.5192	3058.2264	143	1
1_MACS_peak_20210_lociStitched	chr3	177074270	177079448	1	5179	12481.569	1783.3032	144	1
4_MACS_peak_12983_lociStitched	chr19	1232794	1250273	4	10853	13860.847	3212.6402	145	1
4_MACS_peak_3555_lociStitched	chr10	81001429	81020203	4	12655	14204.4084	3578.3244	146	1
2_MACS_peak_1751_lociStitched	chr1	155939606	155950588	2	8134	13421.1022	2797.1154	147	1
6_MACS_peak_14420_lociStitched	chr19	49989942	50010466	6	13349	14177.9792	3554.7568	148	1
5_MACS_peak_23629_lociStitched	chr6	33537539	33561535	5	10003	14949.508	4336.0772	149	1
2_MACS_peak_2626_lociStitched	chr1	226840100	226852427	2	9275	14584.0737	4008.7404	150	1
3_MACS_peak_20468_lociStitched	chr3	196358358	196371123	3	8560	14201.0625	3638.025	151	1
5_MACS_peak_27281_lociStitched	chr8	145688111	145705237	5	11200	12877.0394	2377.0888	152	1
5_MACS_peak_6159_lociStitched	chr12	48200946	48214908	5	11720	13682.76	3183.336	153	1
4_MACS_peak_10777_lociStitched	chr17	4837329	4854537	4	9429	13461.8184	2968.38	154	1
7_MACS_peak_13151_lociStitched	chr19	3698966	3726679	7	10594	14768.2577	4350.941	155	1
4_MACS_peak_12148_lociStitched	chr17	75129091	75144751	4	10550	13671.18	3265.11	156	1
3_MACS_peak_10815_lociStitched	chr17	6915234	6927900	3	7454	12752.1288	2406.54	157	1
3_MACS_peak_9713_lociStitched	chr16	12056373	12071754	3	12131	13530.6657	3234.6243	158	1
4_MACS_peak_5122_lociStitched	chr11	72523516	72543213	4	8102	13506.2329	3220.4595	159	1
5_MACS_peak_12110_lociStitched	chr17	74257586	74276158	5	12878	13156.4048	2951.0908	160	1
1_MACS_peak_26054_lociStitched	chr7	150129676	150133638	1	3963	11485.0456	1297.1588	161	1
7_MACS_peak_12998_lociStitched	chr19	1397610	1420536	7	12170	14067.3936	3883.6644	162	1
3_MACS_peak_4718_lociStitched	chr11	60673010	60683792	3	8037	12977.2152	2795.7726	163	1
4_MACS_peak_13005_lociStitched	chr19	1433927	1448265	4	12165	12811.003	2629.5892	164	1
3_MACS_peak_20490_lociStitched	chr3	197379765	197393095	3	7796	13347.329	3175.206	165	1
1_MACS_peak_1469_lociStitched	chr1	145208183	145210703	1	2521	11491.704	1356.264	166	1
4_MACS_peak_13144_lociStitched	chr19	3605849	3628174	4	7795	13964.2875	3839.9	167	1
4_MACS_peak_15440_lociStitched	chr2	74681538	74701098	4	7936	13212.78	3092.436	168	1
3_MACS_peak_11108_lociStitched	chr17	27045938	27056830	3	8527	12450.6452	2335.2448	169	1
5_MACS_peak_25597_lociStitched	chr7	101915226	101935611	5	11043	13649.796	3534.759	170	1
5_MACS_peak_23071_lociStitched	chr6	390354	403699	5	12573	13062.086	2959.921	171	1
3_MACS_peak_14443_lociStitched	chr19	50368195	50382034	3	8575	12817.6818	2737.3542	172	1
4_MACS_peak_27294_lociStitched	chr8	146010989	146031422	4	8641	13365.2253	3308.1027	173	1
1_MACS_peak_17692_lociStitched	chr21	11167485	11170963	1	3479	12035.2712	1995.3286	174	1
2_MACS_peak_17827_lociStitched	chr21	36258073	36264054	2	5960	11697.0417	1672.2876	175	1
3_MACS_peak_13284_lociStitched	chr19	6765319	6779292	3	9017	13710.3076	3695.8585	176	1
3_MACS_peak_23067_lociStitched	chr6	315611	330468	3	14552	16549.2123	6599.4794	177	1
3_MACS_peak_3458_lociStitched	chr10	74007195	74024134	3	7916	13237.8285	3292.9416	178	1
1_MACS_peak_13654_lociStitched	chr19	16434272	16443078	1	8807	11754.2488	1870.3944	179	1
3_MACS_peak_20532_lociStitched	chr4	1712645	1728669	3	8143	12059.6624	2177.6616	180	1
3_MACS_peak_17643_lociStitched	chr20	62358454	62371018	3	8397	12242.3616	2363.2884	181	1
2_MACS_peak_8975_lociStitched	chr15	75334588	75341075	2	5809	11721.3603	1842.9567	182	1
2_MACS_peak_5477_lociStitched	chr11	118795107	118801709	2	6245	11430.7028	1595.0432	183	1
4_MACS_peak_1711_lociStitched	chr1	155042793	155064517	4	11951	14694.1136	4861.8312	184	1
3_MACS_peak_27253_lociStitched	chr8	145047538	145064410	3	9528	12687.744	2866.5528	185	1
2_MACS_peak_25537_lociStitched	chr7	100025084	100035078	2	6217	11422.1426	1621.0268	186	1
5_MACS_peak_23519_lociStitched	chr6	30639724	30659119	5	10678	12845.3085	3045.015	187	1
4_MACS_peak_12142_lociStitched	chr17	75078666	75092985	4	11848	13146.2739	3347.7822	188	1
3_MACS_peak_13532_lociStitched	chr19	12991147	13003183	3	6807	11981.838	2208.606	189	1
3_MACS_peak_17322_lociStitched	chr20	43270811	43282144	3	10684	12204.5077	2434.3284	190	1
2_MACS_peak_1804_lociStitched	chr1	156709288	156722615	2	9161	13426.9525	3660.9269	191	1
5_MACS_peak_11014_lociStitched	chr17	19078339	19106484	5	10805	14052.7985	4297.7415	192	1
3_MACS_peak_10849_lociStitched	chr17	7475286	7488534	3	8173	12604.1472	2866.8672	193	1
1_MACS_peak_23606_lociStitched	chr6	32935137	32941515	1	6379	11483.589	1757.7768	194	1
2_MACS_peak_2612_lociStitched	chr1	226308178	226316833	2	7543	12620.721	2897.694	195	1
4_MACS_peak_13539_lociStitched	chr19	13043559	13057435	4	9033	12044.368	2346.4316	196	1
2_MACS_peak_4787_lociStitched	chr11	62598226	62610470	2	7042	12175.4336	2478.1856	197	1
2_MACS_peak_10713_lociStitched	chr17	2294925	2305825	2	7118	11347.99	1664.43	198	1
3_MACS_peak_11004_lociStitched	chr17	18958333	18974704	3	7973	12464.8794	2786.3442	199	1
1_MACS_peak_2282_lociStitched	chr1	203255503	203261108	1	5606	12006.4705	2350.737	200	1
5_MACS_peak_12211_lociStitched	chr17	76712613	76733397	5	12116	14016.7296	4364.64	201	1
1_MACS_peak_27632_lociStitched	chr9	66454553	66459092	1	4540	12447.7536	2797.3857	202	1
2_MACS_peak_1668_lociStitched	chr1	153929754	153941419	2	8342	13127.791	3479.6695	203	1
3_MACS_peak_4774_lociStitched	chr11	62431595	62448704	3	8212	12378.3615	2747.7054	204	1
2_MACS_peak_19323_lociStitched	chr3	49054883	49067369	2	7292	12276.2352	2652.0264	205	1
5_MACS_peak_13638_lociStitched	chr19	16177190	16198113	5	9753	13298.6588	3676.1711	206	1
2_MACS_peak_11361_lociStitched	chr17	37909405	37915227	2	5169	11120.02	1498.5828	207	1
4_MACS_peak_10973_lociStitched	chr17	17725626	17744313	4	6984	12467.9664	2866.5858	208	1
3_MACS_peak_9483_lociStitched	chr16	2008625	2022872	3	8199	12077.1819	2497.4991	209	1
3_MACS_peak_12932_lociStitched	chr19	653729	665782	3	8228	11804.7082	2232.2156	210	1
4_MACS_peak_20154_lociStitched	chr3	169480600	169491969	4	7006	12530.9118	2963.8983	211	1
1_MACS_peak_1447_lociStitched	chr1	143912225	143917069	1	4845	11313.162	1758.8564	212	1
1_MACS_peak_15771_lociStitched	chr2	111874339	111882353	1	8015	11004.8248	1462.555	213	1
3_MACS_peak_20438_lociStitched	chr3	195350795	195363920	3	7019	12723.375	3199.875	214	1
2_MACS_peak_1471_lociStitched	chr1	145394610	145401054	2	6343	11576.0016	2062.7244	215	1
3_MACS_peak_16353_lociStitched	chr2	201979841	201992672	3	8983	13050.4101	3549.0546	216	1
2_MACS_peak_3518_lociStitched	chr10	77159242	77169985	2	8301	10826.7954	1334.2806	217	1
3_MACS_peak_18271_lociStitched	chr22	24819120	24832079	3	9570	11911.9128	2468.6895	218	1
5_MACS_peak_14084_lociStitched	chr19	41104111	41120919	5	9810	12653.0624	3243.944	219	1
3_MACS_peak_22968_lociStitched	chr5	176726907	176740581	3	9853	12257.3736	2860.6008	220	1
2_MACS_peak_15948_lociStitched	chr2	133024362	133031956	2	7442	15565.4218	6175.4408	221	1
2_MACS_peak_15314_lociStitched	chr2	65657325	65664839	2	6109	10775.076	1393.0956	222	1
1_MACS_peak_2356_lociStitched	chr1	206133845	206139842	1	5998	11218.5879	1881.2589	223	1
3_MACS_peak_1902_lociStitched	chr1	161144443	161156930	3	9390	13088.8734	3773.5714	224	1
1_MACS_peak_27152_lociStitched	chr8	134579409	134585639	1	6231	10800.328	1500.184	225	1
5_MACS_peak_17083_lociStitched	chr20	30279433	30298203	5	8958	13810.966	4517.939	226	1
3_MACS_peak_14386_lociStitched	chr19	49369310	49385785	3	9084	12448.51	3173.085	227	1
1_MACS_peak_1677_lociStitched	chr1	154296736	154302801	1	6066	11161.4195	1888.641	228	1
2_MACS_peak_11325_lociStitched	chr17	36856550	36863138	2	6482	10716.6996	1467.1476	229	1
4_MACS_peak_22870_lociStitched	chr5	171601252	171616077	4	10003	12294.3725	3052.4675	230	1
1_MACS_peak_11469_lociStitched	chr17	40826886	40835233	1	8348	10972.1315	1740.3495	231	1
1_MACS_peak_8881_lociStitched	chr15	70387298	70394699	1	7402	10684.8237	1503.1431	232	1
2_MACS_peak_22431_lociStitched	chr5	131824377	131837515	2	9868	11981.856	2853.5736	233	1
1_MACS_peak_7539_lociStitched	chr13	114829299	114835017	1	5719	10574.8692	1462.6644	234	1
2_MACS_peak_1983_lociStitched	chr1	167682334	167692158	2	6225	11727.8912	2633.8144	235	1
1_MACS_peak_3902_lociStitched	chr10	112113134	112119013	1	5880	11204.7861	2113.5005	236	1
5_MACS_peak_18566_lociStitched	chr22	39398331	39421809	5	8758	13056.1158	3965.4342	237	1
6_MACS_peak_5625_lociStitched	chr11	128586090	128605282	6	10253	13307.7328	4227.9976	238	1
2_MACS_peak_3828_lociStitched	chr10	104401469	104413231	2	7033	10858.6784	1781.943	239	1
2_MACS_peak_12919_lociStitched	chr19	505848	514724	2	7719	11647.9748	2592.6796	240	1
4_MACS_peak_12302_lociStitched	chr17	79817483	79830638	4	8956	11188.3275	2137.6875	241	1
4_MACS_peak_4899_lociStitched	chr11	65306687	65326846	4	7861	12045.0025	3007.7228	242	1
3_MACS_peak_2653_lociStitched	chr1	228288540	228300516	3	6973	11682.588	2656.2768	243	1
4_MACS_peak_18447_lociStitched	chr22	36772669	36784979	4	8528	11219.334	2205.952	244	1
3_MACS_peak_3818_lociStitched	chr10	104153334	104164552	3	7265	11078.8968	2086.548	245	1
3_MACS_peak_10876_lociStitched	chr17	8087546	8104702	3	9959	12429.522	3463.7964	246	1
2_MACS_peak_5446_lociStitched	chr11	117877664	117884051	2	5672	10541.1048	1578.8664	247	1
3_MACS_peak_2222_lociStitched	chr1	200850630	200863323	3	8231	12234.7827	3311.6037	248	1
3_MACS_peak_10229_lociStitched	chr16	57569104	57579123	3	6541	10748.3832	1832.4751	249	1
3_MACS_peak_23048_lociStitched	chr5	180642894	180651727	3	6628	10922.8878	2028.9401	250	1
4_MACS_peak_13210_lociStitched	chr19	4722523	4735159	4	8163	11263.7304	2388.204	251	1
2_MACS_peak_2370_lociStitched	chr1	206728549	206737746	2	9071	12163.0325	3301.723	252	1
3_MACS_peak_9433_lociStitched	chr16	685079	700305	3	7524	10580.5474	1722.0606	253	1
5_MACS_peak_16638_lociStitched	chr2	232687398	232714085	5	12087	12580.2518	3768.2044	254	1
4_MACS_peak_4766_lociStitched	chr11	62357540	62370485	4	7497	11382.5385	2574.7605	255	1
4_MACS_peak_26190_lociStitched	chr8	2028581	2041163	4	8819	11732.715	2930.3478	256	1
2_MACS_peak_22978_lociStitched	chr5	176852299	176859716	2	7364	10498.7635	1727.4193	257	1
3_MACS_peak_4864_lociStitched	chr11	64850751	64864578	3	6838	11144.562	2387.9229	258	1
4_MACS_peak_25809_lociStitched	chr7	128162379	128177961	4	9217	11586.7752	2839.0404	259	1
4_MACS_peak_14235_lociStitched	chr19	45970269	45989616	4	11215	11826.8211	3105.1935	260	1
7_MACS_peak_8027_lociStitched	chr14	91829926	91846273	7	13778	11169.9051	2473.3011	261	1
2_MACS_peak_13643_lociStitched	chr19	16220957	16231769	2	7122	11028.24	2351.61	262	1
3_MACS_peak_16503_lociStitched	chr2	219260062	219272059	3	6722	10345.0131	1677.1806	263	1
8_MACS_peak_12943_lociStitched	chr19	850322	880246	8	12134	12693.7608	4033.7552	264	1
1_MACS_peak_22239_lociStitched	chr5	96269749	96272947	1	3199	9373.0182	716.6718	265	1
4_MACS_peak_515_lociStitched	chr1	27018327	27029672	4	7590	11078.3925	2440.3095	266	1
1_MACS_peak_15215_lociStitched	chr2	60776185	60783206	1	7022	9851.1651	1213.2288	267	1
4_MACS_peak_24708_lociStitched	chr7	5459929	5476957	4	10201	10853.6472	2230.668	268	1
1_MACS_peak_2125_lociStitched	chr1	183439096	183442901	1	3806	10115.5925	1493.4625	269	1
4_MACS_peak_18530_lociStitched	chr22	38701405	38715028	4	9862	11162.6862	2550.2256	270	1
6_MACS_peak_14907_lociStitched	chr2	27293585	27310653	6	9185	11497.0048	2896.4396	271	1
4_MACS_peak_6789_lociStitched	chr12	109161486	109179513	4	8949	11950.0983	3365.6409	272	1
5_MACS_peak_11993_lociStitched	chr17	70583712	70602113	5	11256	11916.4876	3341.6216	273	1
2_MACS_peak_11556_lociStitched	chr17	43223993	43230345	2	5129	9841.7888	1289.456	274	1
3_MACS_peak_1660_lociStitched	chr1	153755360	153770654	3	7398	12157.2006	3607.8546	275	1
2_MACS_peak_13266_lociStitched	chr19	6458620	6465171	2	4548	10032.2014	1485.1117	276	1
6_MACS_peak_5834_lociStitched	chr12	7022601	7038652	6	10001	11588.822	3065.741	277	1
2_MACS_peak_58_lociStitched	chr1	1668671	1679004	2	6668	10356.7659	1836.1741	278	1
3_MACS_peak_25307_lociStitched	chr7	74057425	74076290	3	9290	11509.5365	3012.7405	279	1
1_MACS_peak_25165_lociStitched	chr7	55599709	55605515	1	5807	10074.5712	1593.747	280	1
2_MACS_peak_8177_lociStitched	chr14	105946946	105958485	2	7008	9913.1549	1434.2977	281	1
3_MACS_peak_25654_lociStitched	chr7	104576504	104586929	3	6980	10870.1475	2397.75	282	1
2_MACS_peak_2651_lociStitched	chr1	228268728	228279136	2	9481	11543.5128	3084.9312	283	1
2_MACS_peak_10030_lociStitched	chr16	30661116	30672664	2	6602	10817.0116	2360.4112	284	1
3_MACS_peak_11707_lociStitched	chr17	48225363	48239504	3	8298	10820.6932	2379.9303	285	1
3_MACS_peak_28205_lociStitched	chr9	127623158	127635572	3	7597	10761.6966	2330.1078	286	1
6_MACS_peak_8462_lociStitched	chr15	40330506	40357668	6	9169	13431.609	5000.5242	287	1
3_MACS_peak_23994_lociStitched	chr6	74220222	74233948	3	7073	11421.4046	3022.4652	288	1
2_MACS_peak_5807_lociStitched	chr12	6641010	6648501	2	7090	10197.4983	1807.5783	289	1
3_MACS_peak_17261_lociStitched	chr20	37498926	37505223	3	5888	10329.5988	1985.4441	290	1
3_MACS_peak_25281_lociStitched	chr7	73148894	73158757	3	7342	10209.1913	1885.8056	291	1
4_MACS_peak_3575_lociStitched	chr10	81946682	81966011	4	9414	11868.006	3544.9386	292	1
3_MACS_peak_11061_lociStitched	chr17	21178437	21192552	3	8470	10833.2625	2512.47	293	1
3_MACS_peak_14019_lociStitched	chr19	39338644	39349046	3	8391	9990.0808	1671.6014	294	1
7_MACS_peak_11210_lociStitched	chr17	32690785	32718972	7	13234	14998.3027	6688.7751	295	1
2_MACS_peak_28350_lociStitched	chr9	132646404	132657514	2	7681	10613.383	2323.101	296	1
2_MACS_peak_2097_lociStitched	chr1	181096797	181104905	2	8077	10584.994	2312.4016	297	1
3_MACS_peak_8953_lociStitched	chr15	74906242	74920705	3	6312	10991.88	2720.4903	298	1
5_MACS_peak_13330_lociStitched	chr19	7980784	7994578	5	9441	10933.1244	2688.4506	299	1
1_MACS_peak_22427_lociStitched	chr5	131799224	131804086	1	4863	9625.7876	1383.239	300	1
3_MACS_peak_81_lociStitched	chr1	2476930	2489259	3	7391	10133.2051	1904.8305	301	1
3_MACS_peak_26068_lociStitched	chr7	150776605	150785680	3	7737	10212.0975	1988.3325	302	1
4_MACS_peak_18496_lociStitched	chr22	38067986	38083264	4	8997	10465.43	2247.3938	303	1
2_MACS_peak_14309_lociStitched	chr19	47728135	47735281	2	7135	9602.0802	1397.043	304	1
2_MACS_peak_25602_lociStitched	chr7	101946364	101952207	2	5780	9393.2068	1191.972	305	1
3_MACS_peak_22882_lociStitched	chr5	172191677	172205372	3	6680	11135.4045	2971.815	306	1
6_MACS_peak_4697_lociStitched	chr11	59317155	59334016	6	9062	10993.372	2832.648	307	1
2_MACS_peak_14377_lociStitched	chr19	49137346	49150475	2	8277	10580.6611	2432.8037	308	1
1_MACS_peak_1247_lociStitched	chr1	92947523	92953041	1	5519	8896.6714	753.207	309	1
2_MACS_peak_27081_lociStitched	chr8	126441172	126449195	2	7975	9998.2626	1864.5452	310	1
5_MACS_peak_23623_lociStitched	chr6	33377114	33396889	5	8379	11226.2675	3100.72	311	1
2_MACS_peak_20162_lociStitched	chr3	169754884	169764308	2	5455	10495.5088	2383.3296	312	1
3_MACS_peak_10872_lociStitched	chr17	8053753	8067410	3	8919	10526.8156	2417.289	313	1
5_MACS_peak_23377_lociStitched	chr6	26183694	26206544	5	10608	12512.66	4419.19	314	1
1_MACS_peak_25729_lociStitched	chr7	113722758	113728723	1	5966	9776.0385	1688.095	315	1
2_MACS_peak_8289_lociStitched	chr15	23660171	23669138	2	6210	9948.8865	1874.103	316	1
2_MACS_peak_26138_lociStitched	chr7	156802642	156810927	2	4617	9828.4955	1768.019	317	1
4_MACS_peak_15063_lociStitched	chr2	42323225	42333995	4	8423	10422.129	2361.861	318	1
5_MACS_peak_13510_lociStitched	chr19	12776926	12793685	5	7702	10442.5329	2396.537	319	1
5_MACS_peak_1822_lociStitched	chr1	157133024	157152796	5	9289	13223.5136	5186.1956	320	1
1_MACS_peak_5070_lociStitched	chr11	69061072	69066777	1	5706	9320.2585	1302.4515	321	1
3_MACS_peak_18318_lociStitched	chr22	29185642	29198855	3	9258	10829.3748	2824.9394	322	1
5_MACS_peak_12218_lociStitched	chr17	76764860	76779702	5	11572	10895.5122	2894.19	323	1
3_MACS_peak_5486_lociStitched	chr11	118964497	118979472	3	7424	10853.88	2854.235	324	1
1_MACS_peak_313_lociStitched	chr1	16991435	16994760	1	3326	9746.24	1769.565	325	1
3_MACS_peak_23616_lociStitched	chr6	33279694	33292598	3	8167	10573.5376	2604.0272	326	1
4_MACS_peak_25072_lociStitched	chr7	44663114	44679690	4	8491	11652.928	3684.8448	327	1
3_MACS_peak_6405_lociStitched	chr12	57075041	57084024	3	8470	9864.2323	1896.3113	328	1
4_MACS_peak_13138_lociStitched	chr19	3544725	3558882	4	7930	10426.6305	2504.3733	329	1
2_MACS_peak_18841_lociStitched	chr22	50962414	50970531	2	6342	9067.5007	1179.4001	330	1
2_MACS_peak_21905_lociStitched	chr5	43037098	43043778	2	6433	9547.056	1665.992	331	1
1_MACS_peak_417_lociStitched	chr1	23850643	23858426	1	7784	9829.929	1952.7547	332	1
1_MACS_peak_27838_lociStitched	chr9	93952944	93957420	1	4477	9001.6836	1128.3996	333	1
3_MACS_peak_2896_lociStitched	chr10	3817803	3829305	3	8519	10040.0958	2166.9768	334	1
6_MACS_peak_25003_lociStitched	chr7	38383981	38408385	6	11212	13248.9316	5425.0092	335	1
3_MACS_peak_4867_lociStitched	chr11	64877543	64890462	3	7975	10767.9865	2961.0348	336	1
3_MACS_peak_18232_lociStitched	chr22	23515610	23526563	3	9800	10415.2077	2614.4811	337	1
1_MACS_peak_20400_lociStitched	chr3	193817183	193822940	1	5758	10293.516	2496.2352	338	1
10_MACS_peak_14453_lociStitched	chr19	50595418	50633232	10	30658	18600.7066	10807.2412	339	1
2_MACS_peak_3032_lociStitched	chr10	14995142	15003274	2	5100	9247.7104	1455.628	340	1
3_MACS_peak_18957_lociStitched	chr3	13455236	13470539	3	7284	10211.6919	2425.5255	341	1
2_MACS_peak_25860_lociStitched	chr7	130790061	130796075	2	5913	9728.8478	1945.529	342	1
3_MACS_peak_727_lociStitched	chr1	36614347	36627124	3	6814	10153.8819	2399.5206	343	1
2_MACS_peak_23044_lociStitched	chr5	180609673	180619752	2	8289	9664.7531	1911.9863	344	1
6_MACS_peak_28730_lociStitched	chrX	39953224	39969125	6	10616	8821.8748	1076.4977	345	1
1_MACS_peak_321_lociStitched	chr1	17066189	17069165	1	2977	9513.6768	1769.5296	346	1
4_MACS_peak_18822_lociStitched	chr22	50679281	50691356	4	9277	9885.8025	2150.5575	347	1
1_MACS_peak_13455_lociStitched	chr19	11199533	11207788	1	8256	9456.928	1736.0265	348	1
2_MACS_peak_10944_lociStitched	chr17	16889545	16895507	2	5755	9458.1168	1748.0584	349	1
4_MACS_peak_11267_lociStitched	chr17	34578754	34600093	4	16335	13260.0546	5550.2739	350	1
3_MACS_peak_22980_lociStitched	chr5	176872099	176885049	3	7844	9812.215	2105.67	351	1
2_MACS_peak_1606_lociStitched	chr1	151161205	151172503	2	6817	10457.4288	2752.1928	352	1
3_MACS_peak_23219_lociStitched	chr6	10411283	10427298	3	6877	9684.2705	1998.672	353	1
1_MACS_peak_3624_lociStitched	chr10	89621046	89624480	1	3435	8624.1476	940.916	354	1
4_MACS_peak_9441_lociStitched	chr16	761505	778911	4	7072	9757.8036	2074.7952	355	1
6_MACS_peak_20238_lociStitched	chr3	181412906	181431510	6	8728	10823.8072	3149.6572	356	1
2_MACS_peak_60_lociStitched	chr1	1709007	1714785	2	5561	9051.8148	1379.2086	357	1
3_MACS_peak_18573_lociStitched	chr22	39459169	39474417	3	7971	10701.0464	3038.9264	358	1
2_MACS_peak_17763_lociStitched	chr21	32924639	32932959	2	6556	9888.32	2229.76	359	1
2_MACS_peak_2746_lociStitched	chr1	235112822	235117285	2	3889	8791.6637	1165.2893	360	1
2_MACS_peak_7484_lociStitched	chr13	111357687	111368846	2	6278	9597.8559	1974.0271	361	1
5_MACS_peak_3718_lociStitched	chr10	99159272	99187297	5	9473	11958.2675	4341.0725	362	1
1_MACS_peak_16933_lociStitched	chr20	10650967	10656141	1	5175	8564.5222	954.603	363	1
6_MACS_peak_9417_lociStitched	chr16	430728	452802	6	8119	10226.8842	2626.806	364	1
2_MACS_peak_15135_lociStitched	chr2	47204807	47214855	2	7561	9628.9984	2038.7392	365	1
1_MACS_peak_1799_lociStitched	chr1	156626187	156634366	1	8180	9850.7876	2286.0305	366	1
2_MACS_peak_6603_lociStitched	chr12	89739092	89749368	2	7025	10131.1084	2573.1104	367	1
2_MACS_peak_3908_lociStitched	chr10	112216725	112225328	2	7057	9614.7128	2072.4627	368	1
1_MACS_peak_1942_lociStitched	chr1	163290887	163292506	1	1620	8298.1845	764.8156	369	1
4_MACS_peak_3464_lociStitched	chr10	74087826	74100886	4	5217	9575.592	2042.584	370	1
3_MACS_peak_26545_lociStitched	chr8	37749042	37762250	3	6728	9993.1728	2471.2168	371	1
2_MACS_peak_10743_lociStitched	chr17	3813703	3820582	2	6501	9342.3699	1837.3809	372	1
1_MACS_peak_9836_lociStitched	chr16	21528328	21533541	1	5214	9502.7777	2001.792	373	1
4_MACS_peak_27909_lociStitched	chr9	98268197	98279902	4	8795	8982.417	1488.876	374	1
4_MACS_peak_19371_lociStitched	chr3	50373432	50389006	4	6775	10211.8718	2725.45	375	1
1_MACS_peak_14943_lociStitched	chr2	28612696	28616943	1	4248	8205.6287	723.2641	376	1
2_MACS_peak_23864_lociStitched	chr6	45386906	45392585	2	5602	8619.5862	1142.0469	377	1
1_MACS_peak_1054_lociStitched	chr1	59247160	59252107	1	4948	8641.9143	1182.8277	378	1
4_MACS_peak_9097_lociStitched	chr15	81585444	81595565	4	7029	10185.7744	2737.7305	379	1
1_MACS_peak_18005_lociStitched	chr21	45659760	45664925	1	5166	9213.8435	1776.76	380	1
2_MACS_peak_380_lociStitched	chr1	21615638	21622177	2	6103	8766.8373	1332.6482	381	1
4_MACS_peak_18592_lociStitched	chr22	39704379	39717245	4	9570	10110.1028	2676.128	382	1
2_MACS_peak_7536_lociStitched	chr13	114784310	114794245	2	6170	9386.588	1953.221	383	1
2_MACS_peak_17966_lociStitched	chr21	44725465	44734075	2	6513	9917.859	2487.429	384	1
3_MACS_peak_6400_lociStitched	chr12	57022505	57031221	3	7615	9462.9612	2034.3144	385	1
4_MACS_peak_22948_lociStitched	chr5	175962982	175978464	4	7126	9807.847	2393.5172	386	1
2_MACS_peak_2597_lociStitched	chr1	226062885	226071947	2	8067	10204.7182	2811.9386	387	1
3_MACS_peak_464_lociStitched	chr1	25558190	25574851	3	7509	10411.4589	3022.3054	388	1
2_MACS_peak_5506_lociStitched	chr11	119592137	119600902	2	6684	8708.904	1331.4035	389	1
3_MACS_peak_23436_lociStitched	chr6	27791328	27807522	3	6262	10161.735	2785.368	390	1
1_MACS_peak_20073_lociStitched	chr3	152877682	152881656	1	3975	8345.7974	973.2326	391	1
4_MACS_peak_10770_lociStitched	chr17	4692443	4710882	4	6188	9709.9774	2343.5969	392	1
2_MACS_peak_10832_lociStitched	chr17	7208787	7219702	2	7862	9506.965	2143.706	393	1
4_MACS_peak_10598_lociStitched	chr16	89033764	89045690	4	7313	8652.313	1290.3932	394	1
2_MACS_peak_1528_lociStitched	chr1	148240559	148248458	2	7191	9778.962	2431.3122	395	1
5_MACS_peak_585_lociStitched	chr1	28827205	28846224	5	9097	10749.5388	3415.8124	396	1
1_MACS_peak_20093_lociStitched	chr3	156391348	156394290	1	2943	8207.0032	880.2464	397	1
7_MACS_peak_7951_lociStitched	chr14	77488476	77507543	7	10818	9167.4136	1845.6856	398	1
1_MACS_peak_25660_lociStitched	chr7	104651994	104656122	1	4129	8603.5776	1306.512	399	1
1_MACS_peak_18651_lociStitched	chr22	41839087	41845086	1	6000	8781.9361	1485.3524	400	1
3_MACS_peak_16364_lociStitched	chr2	202116295	202126960	3	7172	9473.7195	2187.3915	401	1
1_MACS_peak_26026_lociStitched	chr7	148822379	148825228	1	2850	8050.7042	765.2414	402	1
1_MACS_peak_25896_lociStitched	chr7	134853149	134857205	1	4057	8532.2016	1252.4928	403	1
3_MACS_peak_14229_lociStitched	chr19	45922096	45932403	3	6968	9125.8178	1857.3214	404	1
3_MACS_peak_5599_lociStitched	chr11	126172446	126189816	3	9047	10694.709	3439.26	405	1
3_MACS_peak_1760_lociStitched	chr1	156060122	156077430	3	7797	11440.588	4188.536	406	1
3_MACS_peak_18581_lociStitched	chr22	39539530	39549697	3	8194	9234.6861	1998.8322	407	1
3_MACS_peak_4231_lociStitched	chr11	2547639	2555641	3	4781	8593.3478	1359.5398	408	1
6_MACS_peak_13727_lociStitched	chr19	18207869	18231172	6	9072	10379.1562	3148.2353	409	1
1_MACS_peak_17981_lociStitched	chr21	45134760	45141073	1	6314	8838.8313	1612.3402	410	1
3_MACS_peak_5472_lociStitched	chr11	118738733	118744042	3	4891	8345.2171	1120.199	411	1
3_MACS_peak_13942_lociStitched	chr19	36230875	36240211	3	7426	9089.5296	1867.2	412	1
1_MACS_peak_27589_lociStitched	chr9	42250237	42256704	1	6468	8440.0817	1220.9696	413	1
2_MACS_peak_12939_lociStitched	chr19	795370	805855	2	5891	9180.666	1978.5195	414	1
2_MACS_peak_27250_lociStitched	chr8	145010027	145018852	2	7468	9000.6175	1806.4775	415	1
4_MACS_peak_13742_lociStitched	chr19	18382934	18394240	4	8948	9145.4234	1953.6768	416	1
3_MACS_peak_12159_lociStitched	chr17	75314931	75328881	3	6382	9547.38	2356.155	417	1
1_MACS_peak_27969_lociStitched	chr9	102581304	102587670	1	6367	8484.6048	1293.5712	418	1
2_MACS_peak_17933_lociStitched	chr21	43647562	43655852	2	6333	9908.208	2718.291	419	1
1_MACS_peak_2602_lociStitched	chr1	226127896	226133674	1	5779	9193.3758	2012.4774	420	1
1_MACS_peak_20495_lociStitched	chr3	197460502	197465239	1	4738	9054.7755	1873.9572	421	1
2_MACS_peak_27180_lociStitched	chr8	141518731	141529078	2	4895	8602.4958	1439.2677	422	1
1_MACS_peak_13923_lociStitched	chr19	35738076	35741195	1	3120	7844.9088	683.9967	423	1
4_MACS_peak_13317_lociStitched	chr19	7690415	7709272	4	5988	10812.6038	3671.4579	424	1
1_MACS_peak_13282_lociStitched	chr19	6735748	6741720	1	5973	9124.6188	1984.4956	425	1
2_MACS_peak_25114_lociStitched	chr7	47513385	47522258	2	8854	9371.6626	2232.4468	426	1
2_MACS_peak_28276_lociStitched	chr9	130732076	130744082	2	7309	9497.9466	2361.5802	427	1
2_MACS_peak_15785_lociStitched	chr2	112456047	112465002	2	8602	9547.821	2416.9545	428	1
2_MACS_peak_26429_lociStitched	chr8	26428481	26437209	2	6791	9311.9032	2186.364	429	1
3_MACS_peak_17115_lociStitched	chr20	31255108	31270678	3	8715	10045.764	2922.489	430	1
2_MACS_peak_20359_lociStitched	chr3	187455030	187464057	2	7680	9343.8477	2220.642	431	1
2_MACS_peak_24664_lociStitched	chr7	2439122	2447370	2	7239	8504.5128	1393.0872	432	1
4_MACS_peak_15294_lociStitched	chr2	65158904	65178310	4	8255	11542.6888	4432.3304	433	1
3_MACS_peak_13086_lociStitched	chr19	2326627	2336016	3	9176	9179.6253	2083.4191	434	1
4_MACS_peak_11885_lociStitched	chr17	62150283	62173701	4	11711	12795.5952	5702.283	435	1
5_MACS_peak_20815_lociStitched	chr4	40194055	40207708	5	10710	10678.0113	3586.6431	436	1
2_MACS_peak_1703_lociStitched	chr1	154942224	154948886	2	5343	9394.7524	2307.7168	437	1
1_MACS_peak_21329_lociStitched	chr4	141071082	141076012	1	4931	7951.597	868.173	438	1
2_MACS_peak_20449_lociStitched	chr3	195632945	195642613	2	6390	9847.8248	2769.882	439	1
3_MACS_peak_18299_lociStitched	chr22	27005660	27014716	3	6294	9423.6736	2348.2208	440	1
1_MACS_peak_19655_lociStitched	chr3	105084720	105088936	1	4217	8087.9744	1014.3696	441	1
3_MACS_peak_19301_lociStitched	chr3	48506490	48521642	3	6216	9724.5536	2651.6	442	1
3_MACS_peak_28279_lociStitched	chr9	130828563	130845114	3	10208	10473.4728	3404.5407	443	1
1_MACS_peak_1864_lociStitched	chr1	159890792	159896201	1	5410	8579.2149	1513.4382	444	1
2_MACS_peak_3910_lociStitched	chr10	112255916	112264840	2	8444	9402.3264	2341.6576	445	1
3_MACS_peak_1716_lociStitched	chr1	155099084	155113607	3	7905	10489.9629	3434.6895	446	1
2_MACS_peak_2748_lociStitched	chr1	235144242	235152473	2	6266	8975.9055	1925.2309	447	1
3_MACS_peak_14232_lociStitched	chr19	45942433	45955770	3	6387	9495.944	2455.3417	448	1
3_MACS_peak_10010_lociStitched	chr16	30381580	30394951	3	6367	9411.8469	2372.0154	449	1
3_MACS_peak_10825_lociStitched	chr17	7136996	7147008	3	6924	9191.016	2154.5824	450	1
2_MACS_peak_3674_lociStitched	chr10	94831444	94840748	2	5797	8714.1264	1683.0936	451	1
3_MACS_peak_11381_lociStitched	chr17	38250969	38261676	3	9594	9612.7446	2585.7405	452	1
3_MACS_peak_3836_lociStitched	chr10	104531310	104542297	3	6210	9682.8431	2658.854	453	1
3_MACS_peak_18875_lociStitched	chr3	5018429	5029356	3	7102	8786.4007	1769.0813	454	1
3_MACS_peak_3783_lociStitched	chr10	102819816	102831733	3	6925	9267.8509	2259.4632	455	1
4_MACS_peak_12084_lociStitched	chr17	73850874	73862155	4	7044	9096.9984	2089.2412	456	1
2_MACS_peak_12838_lociStitched	chr18	60822080	60830574	2	8452	9448.7256	2446.272	457	1
3_MACS_peak_23160_lociStitched	chr6	5996061	6009901	3	7623	9085.96	2085.688	458	1
4_MACS_peak_23539_lociStitched	chr6	31157783	31172800	4	7560	9783.5755	2784.1518	459	1
7_MACS_peak_14111_lociStitched	chr19	42037616	42059985	7	13178	11665.4335	4670.6472	460	1
3_MACS_peak_28082_lociStitched	chr9	116162661	116174214	3	5658	8899.2759	1906.245	461	1
2_MACS_peak_27462_lociStitched	chr9	33445171	33457668	2	8014	9600.1954	2611.873	462	1
3_MACS_peak_751_lociStitched	chr1	37934696	37947547	3	8431	9162.763	2185.9551	463	1
1_MACS_peak_1561_lociStitched	chr1	149856044	149860924	1	4881	9370.088	2398.52	464	1
2_MACS_peak_443_lociStitched	chr1	24645290	24649639	2	3682	8074.3534	1124.2165	465	1
4_MACS_peak_23413_lociStitched	chr6	27094481	27116200	4	9102	11154.8784	4209.1422	466	1
2_MACS_peak_18549_lociStitched	chr22	39096186	39103177	2	6169	8516.4362	1578.5678	467	1
2_MACS_peak_9199_lociStitched	chr15	89177020	89184828	2	5613	8908.928	1979.328	468	1
2_MACS_peak_17053_lociStitched	chr20	25289524	25300746	2	6446	9479.2234	2553.005	469	1
1_MACS_peak_2759_lociStitched	chr1	235666247	235669608	1	3362	8124.5453	1203.238	470	1
1_MACS_peak_23706_lociStitched	chr6	36645912	36651367	1	5456	8150.861	1239.376	471	1
1_MACS_peak_26476_lociStitched	chr8	29204749	29210773	1	6025	8126.9784	1216.2456	472	1
6_MACS_peak_12307_lociStitched	chr17	79868497	79886809	6	8325	9350.1072	2446.4832	473	1
5_MACS_peak_8751_lociStitched	chr15	63765258	63780261	5	7872	9648.4293	2745.549	474	1
3_MACS_peak_16582_lociStitched	chr2	227655541	227666436	3	8204	8684.4045	1787.8695	475	1
4_MACS_peak_14739_lociStitched	chr2	10574825	10589744	4	6722	9585.4575	2689.8957	476	1
2_MACS_peak_17147_lociStitched	chr20	32462198	32473207	2	5695	9390.677	2502.3457	477	1
2_MACS_peak_16634_lociStitched	chr2	232570762	232579439	2	6777	7965.486	1079.4188	478	1
2_MACS_peak_17969_lociStitched	chr21	44772225	44783255	2	5868	9556.392	2679.187	479	1
1_MACS_peak_1610_lociStitched	chr1	151252507	151257292	1	4786	8290.491	1414.446	480	1
3_MACS_peak_10868_lociStitched	chr17	8021532	8030425	3	8494	8651.1104	1776.8214	481	1
3_MACS_peak_17182_lociStitched	chr20	34198980	34208098	3	5500	8672.1298	1805.364	482	1
4_MACS_peak_14373_lociStitched	chr19	49111574	49128153	4	4644	9151.608	2292.8757	483	1
2_MACS_peak_8756_lociStitched	chr15	63789043	63798253	2	4346	8743.053	1885.287	484	1
11_MACS_peak_4139_lociStitched	chr10	135471268	135495723	11	16373	10745.527	3890.7905	485	1
4_MACS_peak_21827_lociStitched	chr5	32530703	32543814	4	7596	9732.2953	2887.0422	486	1
3_MACS_peak_4903_lociStitched	chr11	65336926	65344494	3	6974	8514	1674.0416	487	1
2_MACS_peak_10021_lociStitched	chr16	30537101	30547647	2	6039	8559.1336	1725.3256	488	1
3_MACS_peak_11520_lociStitched	chr17	42287413	42300290	3	7414	8804.0049	1979.1949	489	1
2_MACS_peak_27178_lociStitched	chr8	141466881	141475588	2	4048	8199.3819	1375.706	490	1
3_MACS_peak_10428_lociStitched	chr16	71841592	71853418	3	6501	8941.6386	2118.0366	491	1
3_MACS_peak_4235_lociStitched	chr11	2792882	2801077	3	6257	8580.165	1771.759	492	1
2_MACS_peak_6006_lociStitched	chr12	26274399	26280005	2	5451	7977.338	1182.3054	493	1
2_MACS_peak_14215_lociStitched	chr19	45577750	45583479	2	4060	7990.8092	1197.9339	494	1
1_MACS_peak_14099_lociStitched	chr19	41767759	41772495	1	4737	8088.6144	1300.032	495	1
2_MACS_peak_12080_lociStitched	chr17	73774565	73782126	2	4019	8570.3935	1796.4936	496	1
3_MACS_peak_25519_lociStitched	chr7	99716091	99729244	3	6213	8879.5903	2124.2095	497	1
3_MACS_peak_9256_lociStitched	chr15	90721348	90735793	3	6891	9366.138	2611.656	498	1
2_MACS_peak_2225_lociStitched	chr1	200987333	200996254	2	8466	9309.9556	2556.7586	499	1
2_MACS_peak_14286_lociStitched	chr19	47216778	47222592	2	5774	7690.1778	961.0542	500	1
5_MACS_peak_20423_lociStitched	chr3	194864851	194882434	5	8051	10555.0749	3829.5774	501	1
3_MACS_peak_28140_lociStitched	chr9	123630325	123641148	3	7880	8969.0201	2245.7725	502	1
2_MACS_peak_14551_lociStitched	chr19	55764360	55771979	2	7211	8528.7086	1822.4648	503	1
3_MACS_peak_14439_lociStitched	chr19	50311573	50322405	3	5773	8871.408	2179.3984	504	1
2_MACS_peak_9250_lociStitched	chr15	90638442	90646770	2	8242	9156.636	2466.7536	505	1
1_MACS_peak_25778_lociStitched	chr7	123387486	123390095	1	2610	7465.3926	781.6564	506	1
2_MACS_peak_11570_lociStitched	chr17	43505049	43510846	2	5716	7658.9964	978.5336	507	1
3_MACS_peak_25585_lociStitched	chr7	101375969	101391805	3	9493	9029.6872	2351.646	508	1
1_MACS_peak_1502_lociStitched	chr1	146642984	146645329	1	2346	7530.0295	857.0975	509	1
1_MACS_peak_1429_lociStitched	chr1	120835226	120840374	1	5149	8160.0948	1487.2572	510	1
3_MACS_peak_16884_lociStitched	chr20	5093000	5108826	3	5910	9411.7222	2741.0632	511	1
2_MACS_peak_12288_lociStitched	chr17	79477468	79487387	2	7532	8123.661	1454.1254	512	1
3_MACS_peak_11116_lociStitched	chr17	27219705	27230749	3	5873	9039.514	2373.3556	513	1
1_MACS_peak_22544_lociStitched	chr5	139046851	139051836	1	4986	8165.9285	1502.479	514	1
3_MACS_peak_21832_lociStitched	chr5	32581249	32592193	3	5625	8811.0144	2155.968	515	1
2_MACS_peak_26396_lociStitched	chr8	23076386	23084015	2	6394	8191.2573	1538.0064	516	1
3_MACS_peak_23596_lociStitched	chr6	32156938	32166063	3	6815	8528.225	1879.75	517	1
5_MACS_peak_29153_lociStitched	chrX	128903153	128920967	5	7624	8684.325	2045.0472	518	1
4_MACS_peak_10403_lociStitched	chr16	70461491	70473900	4	6321	8665.2047	2038.7987	519	1
6_MACS_peak_24085_lociStitched	chr6	90054786	90068244	6	8514	9459.6282	2835.6006	520	1
2_MACS_peak_23330_lociStitched	chr6	21586979	21597410	2	7177	8124.7059	1506.2364	521	1
4_MACS_peak_24717_lociStitched	chr7	5594971	5610965	4	8505	8671.9468	2060.0272	522	1
2_MACS_peak_23722_lociStitched	chr6	37136614	37144516	2	5319	8155.6542	1547.2116	523	1
2_MACS_peak_9284_lociStitched	chr15	91473016	91479452	2	5621	8089.4084	1491.2212	524	1
1_MACS_peak_18565_lociStitched	chr22	39377049	39382387	1	5339	7740.6338	1145.5348	525	1
1_MACS_peak_27759_lociStitched	chr9	86593940	86596801	1	2862	7335.3179	749.8681	526	1
3_MACS_peak_4133_lociStitched	chr10	135201417	135215418	3	6781	8662.4187	2084.7489	527	1
4_MACS_peak_12358_lociStitched	chr17	80447536	80458147	4	7639	8551.4049	1975.7682	528	1
5_MACS_peak_6445_lociStitched	chr12	58135443	58151155	5	7963	9628.3136	3060.6976	529	1
1_MACS_peak_1634_lociStitched	chr1	152006754	152012167	1	5414	8512.4838	1944.8909	530	1
1_MACS_peak_6428_lociStitched	chr12	57631592	57638076	1	6485	7861.85	1296.8	531	1
2_MACS_peak_13694_lociStitched	chr19	17444637	17450103	2	4972	7617.4176	1055.4846	532	1
5_MACS_peak_25167_lociStitched	chr7	55625171	55641525	5	9807	9941.5966	3390.1842	533	1
1_MACS_peak_20128_lociStitched	chr3	160471853	160475550	1	3698	7500.4736	949.3896	534	1
2_MACS_peak_26518_lociStitched	chr8	33419988	33425656	2	5634	7468.1568	921.05	535	1
2_MACS_peak_14314_lociStitched	chr19	47758480	47766576	2	4716	8020.7072	1480.7584	536	1
2_MACS_peak_5062_lociStitched	chr11	68605800	68612187	2	6388	7726.3539	1194.369	537	1
2_MACS_peak_2817_lociStitched	chr1	245132620	245136381	2	3403	7563.7471	1038.036	538	1
1_MACS_peak_3258_lociStitched	chr10	45913635	45918168	1	4534	7571.0166	1058.9088	539	1
3_MACS_peak_20568_lociStitched	chr4	3042009	3050269	3	5723	8261.652	1758.554	540	1
2_MACS_peak_12196_lociStitched	chr17	76246440	76255038	2	6686	8467.3104	1964.643	541	1
2_MACS_peak_25839_lociStitched	chr7	129418189	129425969	2	6803	7913.038	1413.626	542	1
1_MACS_peak_17779_lociStitched	chr21	33983689	33986158	1	2470	7487.4894	988.3407	543	1
3_MACS_peak_19634_lociStitched	chr3	101394488	101406516	3	5726	8544.6912	2048.3684	544	1
3_MACS_peak_14250_lociStitched	chr19	46141835	46149990	3	6086	8152.5535	1656.2805	545	1
1_MACS_peak_4126_lociStitched	chr10	135088003	135093092	1	5090	7262.5119	771.4924	546	1
3_MACS_peak_2279_lociStitched	chr1	203232211	203244320	3	5075	10205.4652	3715.0412	547	1
3_MACS_peak_20266_lociStitched	chr3	183233498	183246589	3	10108	10921.8213	4432.6126	548	1
2_MACS_peak_20548_lociStitched	chr4	2413412	2421461	2	5171	8090.0499	1617.0441	549	1
1_MACS_peak_14294_lociStitched	chr19	47287325	47292710	1	5386	8028.4965	1556.8035	550	1
2_MACS_peak_18419_lociStitched	chr22	35739920	35749561	2	5247	8357.7829	1886.7437	551	1
5_MACS_peak_15006_lociStitched	chr2	37570357	37586058	5	8157	9918.3217	3449.5097	552	1
4_MACS_peak_13393_lociStitched	chr19	10216362	10231414	4	6713	8767.79	2305.9664	553	1
2_MACS_peak_11416_lociStitched	chr17	39818682	39824526	2	4122	7770.1824	1311.3936	554	1
2_MACS_peak_13136_lociStitched	chr19	3499993	3507795	2	4646	8269.3398	1813.1848	555	1
2_MACS_peak_18688_lociStitched	chr22	42928203	42936166	2	5990	9040.3939	2589.5676	556	1
3_MACS_peak_11053_lociStitched	chr17	20936901	20947493	3	6197	8289.2992	1839.8304	557	1
1_MACS_peak_3310_lociStitched	chr10	52381529	52385721	1	4193	7185.5072	736.5344	558	1
3_MACS_peak_17541_lociStitched	chr20	56047784	56057811	3	7642	8733.517	2292.1722	559	1
3_MACS_peak_13385_lociStitched	chr19	9928640	9939318	3	5062	8102.4664	1661.4968	560	1
5_MACS_peak_4238_lociStitched	chr11	2905430	2924252	5	7434	8995.0338	2554.1454	561	1
5_MACS_peak_18321_lociStitched	chr22	29207375	29226005	5	9553	10112.364	3671.973	562	1
3_MACS_peak_4815_lociStitched	chr11	63948811	63959261	3	7012	8319.245	1886.225	563	1
2_MACS_peak_11633_lociStitched	chr17	46124523	46134162	2	4786	8114.1102	1682.9694	564	1
1_MACS_peak_2328_lociStitched	chr1	205179544	205181665	1	2122	7138.8618	713.5044	565	1
1_MACS_peak_5763_lociStitched	chr12	4224221	4229543	1	5323	8242.7136	1825.446	566	1
3_MACS_peak_13773_lociStitched	chr19	19050448	19062947	3	6972	8791.7966	2374.81	567	1
4_MACS_peak_11890_lociStitched	chr17	62197955	62210152	4	7886	8998.9466	2600.4004	568	1
2_MACS_peak_1892_lociStitched	chr1	161007388	161017213	2	5047	9490.95	3101.7525	569	1
3_MACS_peak_18597_lociStitched	chr22	39783679	39796514	3	5237	8309.379	1922.683	570	1
2_MACS_peak_2751_lociStitched	chr1	235242104	235248269	2	5853	8306.721	1921.6305	571	1
4_MACS_peak_8520_lociStitched	chr15	41230026	41246783	4	6786	8931.481	2560.4696	572	1
1_MACS_peak_6127_lociStitched	chr12	46120474	46124776	1	4303	7208.001	837.5994	573	1
1_MACS_peak_25929_lociStitched	chr7	139024158	139026974	1	2817	7756.3904	1387.7248	574	1
2_MACS_peak_24806_lociStitched	chr7	20256694	20260375	2	2701	7691.4495	1333.2582	575	1
3_MACS_peak_22446_lociStitched	chr5	132386686	132400282	3	5289	8414.5644	2058.4344	576	1
2_MACS_peak_19369_lociStitched	chr3	50358152	50366827	2	3895	7765.86	1410.555	577	1
3_MACS_peak_11491_lociStitched	chr17	41436999	41450671	3	6429	8815.7056	2465.0616	578	1
1_MACS_peak_8857_lociStitched	chr15	69109185	69114222	1	5038	7027.6224	683.0172	579	1
2_MACS_peak_1475_lociStitched	chr1	145448731	145457928	2	7118	9552.9239	3214.3515	580	1
3_MACS_peak_5622_lociStitched	chr11	128556545	128566227	3	5546	7716.554	1378.7168	581	1
4_MACS_peak_9536_lociStitched	chr16	3009072	3020957	4	6868	7758.528	1428.577	582	1
2_MACS_peak_10152_lociStitched	chr16	50307405	50316826	2	6171	7995.6027	1668.4591	583	1
4_MACS_peak_10940_lociStitched	chr17	16870650	16883190	4	9308	8927.226	2602.05	584	1
2_MACS_peak_25528_lociStitched	chr7	99814503	99820707	2	5469	7804.632	1480.8948	585	1
3_MACS_peak_15360_lociStitched	chr2	70310278	70323002	3	6202	9083.6636	2761.108	586	1
1_MACS_peak_17598_lociStitched	chr20	60911378	60916293	1	4916	7198.509	887.649	587	1
1_MACS_peak_20101_lociStitched	chr3	156876654	156879129	1	2476	7383.42	1075.8825	588	1
2_MACS_peak_28471_lociStitched	chr9	139432562	139441999	2	5962	7790.2435	1484.4401	589	1
2_MACS_peak_20086_lociStitched	chr3	155571169	155578790	2	4451	8133.8933	1829.04	590	1
3_MACS_peak_10320_lociStitched	chr16	67554681	67572864	3	8048	9249.6921	2945.646	591	1
1_MACS_peak_2152_lociStitched	chr1	185284857	185287830	1	2974	7318.0395	1024.1985	592	1
2_MACS_peak_25406_lociStitched	chr7	86845893	86850460	2	3522	7364.7442	1071.4182	593	1
4_MACS_peak_19310_lociStitched	chr3	48690386	48702151	4	6316	8040.201	1751.8085	594	1
2_MACS_peak_23910_lociStitched	chr6	52430640	52442797	2	7155	8998.6114	2712.2267	595	1
3_MACS_peak_15042_lociStitched	chr2	39346673	39356696	3	5468	8026.4184	1742.9997	596	1
3_MACS_peak_8877_lociStitched	chr15	70306668	70316387	3	5274	8639.2191	2357.8294	597	1
2_MACS_peak_18552_lociStitched	chr22	39146420	39152695	2	5871	7726.4075	1445.76	598	1
2_MACS_peak_9834_lociStitched	chr16	21512290	21520861	2	5868	8379.0096	2099.895	599	1
6_MACS_peak_4286_lociStitched	chr11	6624185	6644158	6	7565	9622.9914	3345.4775	600	1
3_MACS_peak_17362_lociStitched	chr20	44597867	44604408	3	4354	7382.1726	1113.9323	601	1
1_MACS_peak_25699_lociStitched	chr7	107383050	107385519	1	2470	7278.1182	1010.3148	602	1
1_MACS_peak_13247_lociStitched	chr19	5902565	5906194	1	3630	7558.8441	1294.4643	603	1
2_MACS_peak_13010_lociStitched	chr19	1469621	1480226	2	5440	8337.651	2074.338	604	1
3_MACS_peak_2686_lociStitched	chr1	230238961	230248755	3	7109	9213.2158	2954.8498	605	1
1_MACS_peak_22467_lociStitched	chr5	133859491	133863936	1	4446	6968.871	712.5335	606	1
2_MACS_peak_26559_lociStitched	chr8	38238786	38245082	2	5424	7690.564	1434.2288	607	1
4_MACS_peak_11572_lociStitched	chr17	43517295	43531713	4	6839	8917.533	2663.0046	608	1
3_MACS_peak_1_lociStitched	chr1	9886	16088	3	4668	8362.7768	2111.1608	609	1
3_MACS_peak_13423_lociStitched	chr19	10608503	10616757	3	6975	7563.1402	1326.4178	610	1
3_MACS_peak_17022_lociStitched	chr20	23330237	23343829	3	6095	8629.5608	2415.2984	611	1
2_MACS_peak_2359_lociStitched	chr1	206287427	206292993	2	5247	8271.6326	2058.3068	612	1
3_MACS_peak_28110_lociStitched	chr9	117369291	117380151	3	6057	8278.578	2066.658	613	1
4_MACS_peak_10013_lociStitched	chr16	30406024	30421406	4	6098	8863.1084	2651.8568	614	1
2_MACS_peak_5127_lociStitched	chr11	72863095	72869240	2	5416	7660.9715	1452.0635	615	1
3_MACS_peak_2850_lociStitched	chr1	249112067	249122008	3	8358	9481.7258	3273.5713	616	1
1_MACS_peak_8985_lociStitched	chr15	75490783	75497749	1	6967	7827.6942	1627.9542	617	1
3_MACS_peak_13506_lociStitched	chr19	12714043	12726057	3	6261	8487.891	2289.8684	618	1
3_MACS_peak_11130_lociStitched	chr17	27887045	27900425	3	6564	8153.772	1960.17	619	1
3_MACS_peak_17304_lociStitched	chr20	42570782	42585078	3	5641	9066.5232	2873.496	620	1
4_MACS_peak_9404_lociStitched	chr16	115410	135755	4	6706	9037.249	2850.3345	621	1
1_MACS_peak_25023_lociStitched	chr7	39987727	39991915	1	4189	7058.874	880.3176	622	1
2_MACS_peak_1890_lociStitched	chr1	160982875	160992095	2	3791	8789.426	2612.948	623	1
1_MACS_peak_23065_lociStitched	chr6	289469	294062	1	4594	7993.6572	1820.6652	624	1
2_MACS_peak_14540_lociStitched	chr19	55573143	55583360	2	5864	8033.6271	1861.5374	625	1
1_MACS_peak_16426_lociStitched	chr2	208488836	208492578	1	3743	6924.1968	755.1356	626	1
2_MACS_peak_9733_lociStitched	chr16	14492428	14502093	2	4859	7882.774	1729.0685	627	1
3_MACS_peak_25770_lociStitched	chr7	121944069	121957464	3	6875	8635.7565	2482.0935	628	1
1_MACS_peak_21606_lociStitched	chr4	187110805	187113991	1	3187	6916.1688	762.7284	629	1
1_MACS_peak_22629_lociStitched	chr5	142781323	142785651	1	4329	7022.18	874.256	630	1
2_MACS_peak_25930_lociStitched	chr7	139042330	139045935	2	3591	7282.4605	1140.622	631	1
2_MACS_peak_25924_lociStitched	chr7	138792796	138797319	2	3610	7237.2523	1100.4459	632	1
1_MACS_peak_27373_lociStitched	chr9	6680475	6683999	1	3525	7211.866	1079.0488	633	1
3_MACS_peak_14266_lociStitched	chr19	46385363	46397574	3	6361	7811.3767	1680.2336	634	1
3_MACS_peak_9438_lociStitched	chr16	729204	741284	3	5604	7918.44	1790.256	635	1
4_MACS_peak_9511_lociStitched	chr16	2550389	2571792	4	7261	9006.3824	2878.7035	636	1
2_MACS_peak_23832_lociStitched	chr6	43736917	43743236	2	5810	7480.4322	1352.8979	637	1
1_MACS_peak_8781_lociStitched	chr15	65183864	65188601	1	4738	7599.0954	1473.207	638	1
2_MACS_peak_20152_lociStitched	chr3	169378377	169387668	2	5755	8037.6441	1912.0878	639	1
5_MACS_peak_4886_lociStitched	chr11	65207646	65223261	5	9791	8391.501	2267.298	640	1
4_MACS_peak_9705_lociStitched	chr16	11826595	11837774	4	7549	8498.2758	2380.0091	641	1
2_MACS_peak_14197_lociStitched	chr19	45250077	45258687	2	5094	7666.344	1557.549	642	1
3_MACS_peak_21292_lociStitched	chr4	129724061	129734250	3	5285	7572.4648	1465.1782	643	1
3_MACS_peak_2400_lociStitched	chr1	207994747	208005854	3	6868	9585.341	3492.0408	644	1
3_MACS_peak_23433_lociStitched	chr6	27774334	27784002	3	6132	8089.2156	2000.3092	645	1
5_MACS_peak_10287_lociStitched	chr16	66901431	66915359	5	5901	8266.268	2185.3032	646	1
5_MACS_peak_796_lociStitched	chr1	40033302	40048449	5	8493	8489.8935	2418.9759	647	1
1_MACS_peak_14305_lociStitched	chr19	47614096	47618303	1	4208	6907.4733	841.8207	648	1
1_MACS_peak_2657_lociStitched	chr1	228326611	228330207	1	3597	7131.5872	1074.1252	649	1
5_MACS_peak_5137_lociStitched	chr11	73070026	73088927	5	8022	9284.1712	3230.1809	650	1
1_MACS_peak_17807_lociStitched	chr21	34913112	34916330	1	3219	7198.3442	1144.6426	651	1
3_MACS_peak_12339_lociStitched	chr17	80249291	80259377	3	5821	7803.5382	1750.9296	652	1
4_MACS_peak_10660_lociStitched	chr17	1010905	1027183	4	7700	8843.8374	2793.3048	653	1
2_MACS_peak_13587_lociStitched	chr19	14182258	14193184	2	6592	7541.1252	1495.7694	654	1
2_MACS_peak_23524_lociStitched	chr6	30683758	30691002	2	6478	7851.0472	1817.5196	655	1
3_MACS_peak_10689_lociStitched	chr17	1618991	1629022	3	5762	7940.5396	1910.9055	656	1
4_MACS_peak_15445_lociStitched	chr2	74724867	74742059	4	5946	8357.0312	2329.516	657	1
1_MACS_peak_27671_lociStitched	chr9	70645129	70651684	1	6556	6889.305	871.1595	658	1
2_MACS_peak_1915_lociStitched	chr1	161493005	161501759	2	5246	7977.5202	1964.3976	659	1
3_MACS_peak_13691_lociStitched	chr19	17413229	17421447	3	6400	7608.2244	1604.1536	660	1
2_MACS_peak_17835_lociStitched	chr21	36594071	36600839	2	4020	8042.4144	2041.9056	661	1
3_MACS_peak_23609_lociStitched	chr6	33167339	33176998	3	6075	7754.2452	1758.9039	662	1
1_MACS_peak_5696_lociStitched	chr12	73289	75351	1	2063	6839.654	848.513	663	1
2_MACS_peak_21987_lociStitched	chr5	56466603	56474627	2	6076	7330.7264	1345.6248	664	1
6_MACS_peak_8034_lociStitched	chr14	91854308	91867148	6	7705	7547.352	1562.628	665	1
1_MACS_peak_25445_lociStitched	chr7	92461552	92466303	1	4752	6765.424	781.0644	666	1
2_MACS_peak_2645_lociStitched	chr1	227915175	227924394	2	5490	7884.0888	1900.9578	667	1
2_MACS_peak_22424_lociStitched	chr5	131755110	131764213	2	8356	8705.1989	2739.0927	668	1
7_MACS_peak_12454_lociStitched	chr18	9101997	9117849	7	8538	9341.5836	3379.6464	669	1
3_MACS_peak_17131_lociStitched	chr20	32250765	32263100	3	5610	8002.948	2041.4425	670	1
2_MACS_peak_18385_lociStitched	chr22	31884829	31893441	2	4184	7395.1244	1436.4816	671	1
3_MACS_peak_4881_lociStitched	chr11	65148295	65157255	3	6974	7786.24	1830.528	672	1
1_MACS_peak_26097_lociStitched	chr7	152159162	152162491	1	3330	6758.8687	805.2851	673	1
2_MACS_peak_13327_lociStitched	chr19	7929807	7937479	2	6833	7782.4768	1829.0048	674	1
2_MACS_peak_17910_lociStitched	chr21	42791366	42798741	2	3286	7458.3375	1514.825	675	1
2_MACS_peak_6520_lociStitched	chr12	69200788	69205081	2	3961	7035.3684	1092.1392	676	1
1_MACS_peak_16318_lociStitched	chr2	198363302	198365844	1	2543	6455.9174	515.5176	677	1
3_MACS_peak_10886_lociStitched	chr17	8275450	8287914	3	4698	8069.1936	2135.0832	678	1
2_MACS_peak_20204_lociStitched	chr3	176909381	176920111	2	7139	8891.951	2961.48	679	1
4_MACS_peak_27842_lociStitched	chr9	94182859	94192497	4	6768	8087.2458	2156.9844	680	1
3_MACS_peak_4891_lociStitched	chr11	65236025	65246080	3	5437	7976.6315	2048.2035	681	1
1_MACS_peak_2266_lociStitched	chr1	202583488	202586164	1	2677	7048.0488	1124.1876	682	1
1_MACS_peak_514_lociStitched	chr1	26946329	26948645	1	2317	6449.5968	525.9636	683	1
2_MACS_peak_4921_lociStitched	chr11	65624106	65629111	2	4923	7302.7955	1380.8795	684	1
3_MACS_peak_4998_lociStitched	chr11	67116744	67125107	3	5368	7837.8036	1916.7996	685	1
2_MACS_peak_1708_lociStitched	chr1	155016143	155025706	2	5843	8644.952	2725.455	686	1
1_MACS_peak_21568_lociStitched	chr4	185393187	185396901	1	3715	6740.5386	821.1654	687	1
3_MACS_peak_14311_lociStitched	chr19	47742306	47751315	3	6971	7821.6138	1904.5026	688	1
2_MACS_peak_10197_lociStitched	chr16	56944066	56952760	2	6278	8168.013	2257.8318	689	1
2_MACS_peak_17395_lociStitched	chr20	46386640	46397928	2	7480	8065.276	2158.2656	690	1
2_MACS_peak_1629_lociStitched	chr1	151802491	151813242	2	6269	8717.9859	2816.762	691	1
2_MACS_peak_13191_lociStitched	chr19	4398713	4404004	2	5027	7499.4634	1601.5857	692	1
1_MACS_peak_20927_lociStitched	chr4	57840423	57846393	1	5971	7274.445	1379.667	693	1
1_MACS_peak_8995_lociStitched	chr15	75742390	75749089	1	6700	7579.9185	1693.5072	694	1
1_MACS_peak_21157_lociStitched	chr4	103746624	103750050	1	3427	6923.6034	1038.4206	695	1
2_MACS_peak_41_lociStitched	chr1	1334080	1343916	2	5299	7376.0164	1493.1048	696	1
1_MACS_peak_20500_lociStitched	chr3	197806567	197809069	1	2503	6687.5958	808.3962	697	1
3_MACS_peak_13552_lociStitched	chr19	13204343	13216560	3	5606	7548.8843	1672.5073	698	1
4_MACS_peak_12253_lociStitched	chr17	78228132	78238570	4	6062	7225.1836	1356.94	699	1
2_MACS_peak_27497_lociStitched	chr9	35095416	35103908	2	3731	7417.762	1550.6392	700	1
2_MACS_peak_2854_lociStitched	chr1	249151383	249158298	2	4335	7791.822	1934.817	701	1
2_MACS_peak_21187_lociStitched	chr4	109087272	109095004	2	5984	7278.1316	1422.688	702	1
3_MACS_peak_5463_lociStitched	chr11	118559776	118567823	3	6102	7604.415	1750.2225	703	1
1_MACS_peak_8634_lociStitched	chr15	50645991	50648256	1	2266	6472.917	625.593	704	1
1_MACS_peak_21548_lociStitched	chr4	184641939	184645561	1	3623	6580.4496	733.455	705	1
2_MACS_peak_9522_lociStitched	chr16	2731442	2738007	2	5102	7035.7105	1190.891	706	1
1_MACS_peak_23027_lociStitched	chr5	179244951	179249261	1	4311	6907.637	1064.57	707	1
1_MACS_peak_22511_lociStitched	chr5	137799156	137802008	1	2853	6369.3716	527.0496	708	1
4_MACS_peak_19998_lociStitched	chr3	141120330	141132630	4	8846	8958.09	3119.28	709	1
1_MACS_peak_12088_lociStitched	chr17	73871331	73875810	1	4480	7003.3644	1166.3316	710	1
1_MACS_peak_28178_lociStitched	chr9	126100051	126103596	1	3546	7022.9995	1191.4745	711	1
2_MACS_peak_16277_lociStitched	chr2	191878284	191886180	2	2797	7488.5664	1660.5288	712	1
3_MACS_peak_6670_lociStitched	chr12	96792462	96802742	3	5996	7652.432	1825.728	713	1
2_MACS_peak_22506_lociStitched	chr5	137667008	137675037	2	3686	7539.231	1714.9944	714	1
2_MACS_peak_27150_lociStitched	chr8	134508382	134515819	2	7028	7881.7326	2057.8179	715	1
5_MACS_peak_16704_lociStitched	chr2	238599773	238613363	5	7758	7274.727	1454.13	716	1
5_MACS_peak_5764_lociStitched	chr12	4251624	4263437	5	6254	8115.531	2295.2659	717	1
2_MACS_peak_23208_lociStitched	chr6	7960773	7964213	2	3348	6685.64	871.696	718	1
2_MACS_peak_14567_lociStitched	chr19	56110096	56118344	2	5319	7180.7088	1369.168	719	1
1_MACS_peak_20399_lociStitched	chr3	193800620	193803286	1	2667	6974.7892	1168.2412	720	1
2_MACS_peak_20327_lociStitched	chr3	185654589	185661898	2	4415	7846.2115	2041.4037	721	1
4_MACS_peak_11440_lociStitched	chr17	40259477	40273868	4	5891	8238.8475	2434.9572	722	1
1_MACS_peak_2394_lociStitched	chr1	207493831	207496013	1	2183	6515.8884	715.0414	723	1
4_MACS_peak_11137_lociStitched	chr17	27939885	27950513	4	5943	7551.194	1751.4944	724	1
1_MACS_peak_14217_lociStitched	chr19	45594210	45598166	1	3957	6663.4864	869.1332	725	1
2_MACS_peak_5951_lociStitched	chr12	14921757	14928271	2	4552	7141.2982	1351.655	726	1
1_MACS_peak_1667_lociStitched	chr1	153917184	153919834	1	2651	6648.585	866.815	727	1
2_MACS_peak_17547_lociStitched	chr20	56192774	56198199	2	5338	7012.355	1231.475	728	1
3_MACS_peak_591_lociStitched	chr1	28902727	28914073	3	7391	8141.8896	2361.1026	729	1
1_MACS_peak_17782_lociStitched	chr21	34142808	34145805	1	2998	6605.9874	826.2729	730	1
3_MACS_peak_28488_lociStitched	chr9	139736382	139744881	3	5444	6852.7437	1073.4237	731	1
2_MACS_peak_6450_lociStitched	chr12	58158298	58167409	2	3628	7196.7789	1417.6716	732	1
2_MACS_peak_6128_lociStitched	chr12	46378231	46386238	2	3791	7633.8738	1856.0226	733	1
3_MACS_peak_22539_lociStitched	chr5	139012370	139018804	3	4969	7743.9624	1968.1606	734	1
3_MACS_peak_12451_lociStitched	chr18	9061246	9070877	3	6614	8504.173	2728.4623	735	1
1_MACS_peak_18068_lociStitched	chr22	17516654	17519306	1	2653	6387.342	613.1424	736	1
5_MACS_peak_13442_lociStitched	chr19	10974692	10990402	5	7517	8155.061	2381.636	737	1
1_MACS_peak_3167_lociStitched	chr10	31606840	31610268	1	3429	6174.1708	404.1612	738	1
2_MACS_peak_907_lociStitched	chr1	45186166	45198317	2	7134	7777.8551	2013.4207	739	1
2_MACS_peak_13935_lociStitched	chr19	36133282	36140090	2	5181	7072.1504	1314.6248	740	1
3_MACS_peak_11156_lociStitched	chr17	29034416	29046905	3	5432	7353.5232	1598.592	741	1
1_MACS_peak_21647_lociStitched	chr5	188102	192833	1	4732	6930.915	1179.9114	742	1
2_MACS_peak_22187_lociStitched	chr5	87969727	87976876	2	4158	6924.5214	1176.7254	743	1
2_MACS_peak_23393_lociStitched	chr6	26357658	26365990	2	5712	7812.9164	2068.8356	744	1
2_MACS_peak_26188_lociStitched	chr8	1990863	2000274	2	5836	7486.4505	1742.9172	745	1
2_MACS_peak_10764_lociStitched	chr17	4606715	4614901	2	4466	7126.7316	1392.4386	746	1
1_MACS_peak_5134_lociStitched	chr11	72980641	72984192	1	3552	6767.1407	1033.6961	747	1
3_MACS_peak_6309_lociStitched	chr12	53713406	53720628	3	5409	7341.8852	1609.0616	748	1
1_MACS_peak_24443_lociStitched	chr6	139693943	139697375	1	3433	6635.4288	906.7344	749	1
4_MACS_peak_4828_lociStitched	chr11	64064398	64074814	4	5745	7335.9888	1612.3968	750	1
1_MACS_peak_20293_lociStitched	chr3	184078389	184082491	1	4103	6911.4598	1195.3228	751	1
1_MACS_peak_17971_lociStitched	chr21	44817479	44820885	1	3407	6356.6178	642.3716	752	1
2_MACS_peak_20338_lociStitched	chr3	186283573	186289318	2	4601	7336.9395	1622.9625	753	1
1_MACS_peak_2178_lociStitched	chr1	193026801	193029571	1	2771	6789.27	1082.516	754	1
12_MACS_peak_21631_lociStitched	chr4	190992109	191013764	12	12999	8395.6435	2691.7165	755	1
3_MACS_peak_23246_lociStitched	chr6	12008344	12013881	3	4772	6663.7795	961.7769	756	1
1_MACS_peak_2757_lociStitched	chr1	235489783	235494188	1	4406	7046.238	1344.8465	757	1
1_MACS_peak_3424_lociStitched	chr10	72237137	72241885	1	4749	6679.4864	981.8864	758	1
2_MACS_peak_13048_lociStitched	chr19	1939345	1946478	2	5655	7235.7152	1545.0078	759	1
3_MACS_peak_10329_lociStitched	chr16	67693063	67702629	3	6569	7555.2268	1868.2398	760	1
2_MACS_peak_23601_lociStitched	chr6	32805205	32813935	2	5096	7605.576	1918.854	761	1
4_MACS_peak_20821_lociStitched	chr4	40302824	40312700	4	5966	8093.382	2408.7564	762	1
1_MACS_peak_1773_lociStitched	chr1	156194146	156199334	1	5189	7297.4408	1619.1748	763	1
2_MACS_peak_21216_lociStitched	chr4	113435348	113445830	2	5927	7337.4	1668.7344	764	1
1_MACS_peak_15823_lociStitched	chr2	114340738	114342693	1	1956	6556.288	892.8485	765	1
2_MACS_peak_2448_lociStitched	chr1	211750697	211756266	2	3980	7460.7893	1800.4577	766	1
2_MACS_peak_25503_lociStitched	chr7	99096062	99103366	2	4884	6892.0544	1232.9152	767	1
1_MACS_peak_21313_lociStitched	chr4	140096858	140100611	1	3754	6224.3505	565.5771	768	1
1_MACS_peak_19224_lociStitched	chr3	45634282	45639709	1	5428	6756.615	1100.0529	769	1
4_MACS_peak_28821_lociStitched	chrX	48768204	48777339	4	6540	7178.283	1521.891	770	1
2_MACS_peak_4599_lociStitched	chr11	45838149	45846636	2	3989	7489.7775	1838.2842	771	1
3_MACS_peak_18228_lociStitched	chr22	23478091	23488541	3	7284	8293.12	2641.76	772	1
1_MACS_peak_25842_lociStitched	chr7	129588313	129593857	1	5545	7597.4976	1948.1616	773	1
1_MACS_peak_6201_lociStitched	chr12	49452968	49455426	1	2459	6088.7118	442.1942	774	1
3_MACS_peak_9464_lociStitched	chr16	1457930	1472210	3	4759	7711.2	2066.316	775	1
2_MACS_peak_21140_lociStitched	chr4	100866952	100872540	2	4372	6909.562	1265.682	776	1
4_MACS_peak_16297_lociStitched	chr2	197033495	197043596	4	6358	8159.5878	2516.1591	777	1
1_MACS_peak_2065_lociStitched	chr1	178994013	178996370	1	2358	6271.977	629.0833	778	1
1_MACS_peak_5455_lociStitched	chr11	118305204	118309818	1	4615	6553.2642	911.7264	779	1
1_MACS_peak_20146_lociStitched	chr3	167965655	167969716	1	4062	6805.8299	1170.7863	780	1
3_MACS_peak_11488_lociStitched	chr17	41386772	41402338	3	6471	9305.3548	3672.0194	781	1
1_MACS_peak_2437_lociStitched	chr1	211431320	211435434	1	4115	6706.6428	1078.2794	782	1
1_MACS_peak_21901_lociStitched	chr5	42991095	42995667	1	4573	6793.0776	1167.2316	783	1
1_MACS_peak_1523_lociStitched	chr1	147930143	147933549	1	3407	6466.291	842.6444	784	1
2_MACS_peak_25953_lociStitched	chr7	140372243	140377222	2	4549	7273.8211	1655.0196	785	1
2_MACS_peak_25963_lociStitched	chr7	141249208	141259076	2	4558	8204.2552	2586.4028	786	1
2_MACS_peak_5023_lociStitched	chr11	67373459	67383332	2	4454	7267.5153	1650.7656	787	1
1_MACS_peak_27096_lociStitched	chr8	128745908	128751676	1	5769	6552.448	937.3	788	1
3_MACS_peak_24874_lociStitched	chr7	26002353	26009557	3	6067	7786.0832	2174.8876	789	1
2_MACS_peak_472_lociStitched	chr1	25869462	25877461	2	4498	7527.8589	1929.3588	790	1
1_MACS_peak_11735_lociStitched	chr17	48942510	48945680	1	3171	6394.207	799.791	791	1
2_MACS_peak_17568_lociStitched	chr20	57578916	57583434	2	3874	6486.4926	897.7266	792	1
3_MACS_peak_8949_lociStitched	chr15	74831808	74839310	3	5703	7174.9128	1587.4232	793	1
1_MACS_peak_15519_lociStitched	chr2	86262214	86266672	1	4459	7001.7348	1419.4272	794	1
2_MACS_peak_28192_lociStitched	chr9	126963843	126971562	2	3532	7216.4931	1637.9718	795	1
1_MACS_peak_3462_lociStitched	chr10	74055919	74058780	1	2862	6379.4578	803.6549	796	1
2_MACS_peak_17886_lociStitched	chr21	40684108	40686899	2	2779	6190.438	616.2528	797	1
1_MACS_peak_2856_lociStitched	chr1	249166390	249169211	1	2822	6698.7466	1127.5537	798	1
2_MACS_peak_17873_lociStitched	chr21	38929246	38937889	2	4014	7928.2239	2364.7248	799	1
1_MACS_peak_24055_lociStitched	chr6	86351195	86354426	1	3232	6342.7761	783.8406	800	1
1_MACS_peak_10060_lociStitched	chr16	31189910	31192848	1	2939	6340.7916	784.1522	801	1
2_MACS_peak_20702_lociStitched	chr4	15779534	15787384	2	3212	7057.935	1503.275	802	1
1_MACS_peak_26067_lociStitched	chr7	150753759	150757984	1	4226	6825.91	1276.3725	803	1
1_MACS_peak_12997_lociStitched	chr19	1382401	1385400	1	3000	6551.0156	1003.4654	804	1
3_MACS_peak_23681_lociStitched	chr6	35695176	35704678	3	5181	6920.3066	1380.6406	805	1
3_MACS_peak_13177_lociStitched	chr19	4179599	4187060	3	4985	7284.1743	1748.8584	806	1
3_MACS_peak_6256_lociStitched	chr12	51714326	51721877	3	6030	7464.1635	1929.2805	807	1
3_MACS_peak_8586_lociStitched	chr15	45016250	45022188	3	5015	6879.7668	1346.7384	808	1
3_MACS_peak_16498_lociStitched	chr2	219148435	219157698	3	5859	7414.1052	1885.9468	809	1
2_MACS_peak_23905_lociStitched	chr6	52393276	52403469	2	5358	7662.0781	2134.4142	810	1
3_MACS_peak_25118_lociStitched	chr7	47610490	47622377	3	5713	7349.7321	1822.2771	811	1
4_MACS_peak_23364_lociStitched	chr6	26017578	26034752	4	7907	8478.8038	2955.6454	812	1
2_MACS_peak_27375_lociStitched	chr9	6749923	6759918	2	4710	7262.367	1741.129	813	1
2_MACS_peak_27044_lociStitched	chr8	124168156	124174435	2	4334	6899.9931	1383.2637	814	1
2_MACS_peak_13188_lociStitched	chr19	4337544	4345505	2	5290	7199.1323	1682.9554	815	1
2_MACS_peak_26297_lociStitched	chr8	12444244	12450905	2	4289	7540.252	2033.6033	816	1
1_MACS_peak_26119_lociStitched	chr7	155087635	155092091	1	4457	7022.2104	1519.0504	817	1
2_MACS_peak_19873_lociStitched	chr3	128901466	128908677	2	5033	6787.7143	1289.3268	818	1
3_MACS_peak_27494_lociStitched	chr9	35066539	35081027	3	5405	8233.5304	2735.3344	819	1
4_MACS_peak_27287_lociStitched	chr8	145742104	145754790	4	5976	7359.1486	1861.0362	820	1
4_MACS_peak_7000_lociStitched	chr12	123371681	123386405	4	6086	7510.7124	2012.7708	821	1
1_MACS_peak_28194_lociStitched	chr9	126977980	126981937	1	3958	6440.4132	944.1402	822	1
1_MACS_peak_4826_lociStitched	chr11	64035768	64039514	1	3747	6475.3356	981.0774	823	1
1_MACS_peak_11824_lociStitched	chr17	57695945	57697999	1	2055	5949.8218	456.3988	824	1
2_MACS_peak_12461_lociStitched	chr18	9134654	9144332	2	6185	7605.9402	2116.5786	825	1
3_MACS_peak_16613_lociStitched	chr2	231729232	231739088	3	8630	6690.2528	1201.4464	826	1
1_MACS_peak_22134_lociStitched	chr5	77655108	77657426	1	2319	6119.0564	631.1914	827	1
1_MACS_peak_20318_lociStitched	chr3	185215348	185218096	1	2749	6220.098	733.9908	828	1
1_MACS_peak_1707_lociStitched	chr1	154987665	154991047	1	3383	6362.8948	878.3054	829	1
2_MACS_peak_20463_lociStitched	chr3	196227050	196231555	2	4034	6728.668	1246.984	830	1
4_MACS_peak_4847_lociStitched	chr11	64611381	64620189	4	5806	7221.6792	1744.8648	831	1
2_MACS_peak_25576_lociStitched	chr7	100886892	100896567	2	4228	6896.34	1422.225	832	1
2_MACS_peak_5049_lociStitched	chr11	68033204	68041840	2	5265	7268.0576	1796.288	833	1
3_MACS_peak_20433_lociStitched	chr3	195264383	195273462	3	4571	8124.7971	2654.6996	834	1
1_MACS_peak_27943_lociStitched	chr9	100744518	100748609	1	4092	6178.6373	711.834	835	1
1_MACS_peak_19190_lociStitched	chr3	44036017	44041482	1	5466	6597.8945	1131.8015	836	1
4_MACS_peak_10512_lociStitched	chr16	81842023	81857462	4	5951	7466.3004	2003.9822	837	1
2_MACS_peak_10312_lociStitched	chr16	67277770	67283587	2	5729	6580.1904	1120.3542	838	1
1_MACS_peak_18559_lociStitched	chr22	39266000	39271143	1	5144	6428.2357	969.9698	839	1
1_MACS_peak_13023_lociStitched	chr19	1603687	1609233	1	5547	7004.0434	1549.5524	840	1
3_MACS_peak_9993_lociStitched	chr16	30102534	30108793	3	5533	6695.8782	1248.6705	841	1
1_MACS_peak_25958_lociStitched	chr7	140770666	140774902	1	4237	6482.3508	1036.1256	842	1
2_MACS_peak_20419_lociStitched	chr3	194402983	194409578	2	4898	7003.89	1559.7175	843	1
1_MACS_peak_4218_lociStitched	chr11	1871032	1875797	1	4766	6328.873	884.8605	844	1
1_MACS_peak_8904_lociStitched	chr15	72521982	72524595	1	2614	5994.4833	551.6043	845	1
2_MACS_peak_23327_lociStitched	chr6	20400946	20410607	2	5383	6903.7506	1476.2008	846	1
3_MACS_peak_2594_lociStitched	chr1	226034362	226045186	3	7996	8586.6792	3160.608	847	1
2_MACS_peak_8372_lociStitched	chr15	31617175	31622500	2	5295	6233.445	807.8025	848	1
2_MACS_peak_25794_lociStitched	chr7	127224371	127229771	2	4356	6838.02	1416.96	849	1
3_MACS_peak_22971_lociStitched	chr5	176777743	176790482	3	5248	7942.7665	2522.322	850	1
2_MACS_peak_14631_lociStitched	chr19	58891068	58899577	2	4791	6797.8401	1379.3089	851	1
1_MACS_peak_2497_lociStitched	chr1	214160576	214164322	1	3747	6418.771	1000.9312	852	1
1_MACS_peak_12154_lociStitched	chr17	75204945	75210191	1	5247	6974.0324	1564.8818	853	1
4_MACS_peak_28825_lociStitched	chrX	48793923	48805787	4	6636	7105.3496	1700.1112	854	1
1_MACS_peak_2466_lociStitched	chr1	212457497	212460302	1	2806	6431.5845	1028.0325	855	1
3_MACS_peak_3690_lociStitched	chr10	97049996	97056073	3	4918	6656.7458	1259.1544	856	1
2_MACS_peak_19284_lociStitched	chr3	47822406	47831446	2	4747	6770.056	1373.176	857	1
4_MACS_peak_23182_lociStitched	chr6	7135393	7147499	4	6157	7792.6322	2395.7774	858	1
3_MACS_peak_26375_lociStitched	chr8	22455589	22463106	3	3708	6533.7764	1137.3221	859	1
1_MACS_peak_1895_lociStitched	chr1	161037351	161040919	1	3569	6645.7568	1249.8704	860	1
2_MACS_peak_25080_lociStitched	chr7	44830368	44838185	2	4707	6677.2814	1282.7697	861	1
4_MACS_peak_22655_lociStitched	chr5	148205028	148214905	4	6812	7708.0108	2318.1319	862	1
1_MACS_peak_3053_lociStitched	chr10	17269818	17273228	1	3411	6100.831	712.008	863	1
2_MACS_peak_5830_lociStitched	chr12	6975932	6983525	2	6632	7005.3018	1624.1427	864	1
2_MACS_peak_20397_lociStitched	chr3	193787545	193794256	2	3869	6882.8016	1501.9218	865	1
5_MACS_peak_19520_lociStitched	chr3	69128691	69145415	5	7742	8318.5176	2940.0792	866	1
3_MACS_peak_9411_lociStitched	chr16	278530	286403	3	5245	6630.6406	1254.9562	867	1
1_MACS_peak_25629_lociStitched	chr7	102211220	102216785	1	5566	7514.4195	2140.299	868	1
2_MACS_peak_23051_lociStitched	chr5	180668106	180674522	2	6383	6776.5792	1402.5376	869	1
3_MACS_peak_6313_lociStitched	chr12	53763928	53775259	3	5819	7250.7069	1883.2122	870	1
2_MACS_peak_20350_lociStitched	chr3	186780695	186792199	2	7999	9017.9856	3653.6704	871	1
2_MACS_peak_7356_lociStitched	chr13	77899377	77904548	2	4125	6460.6474	1097.8033	872	1
1_MACS_peak_1573_lociStitched	chr1	150240099	150242121	1	2023	6010.1928	652.2972	873	1
1_MACS_peak_20496_lociStitched	chr3	197475841	197479251	1	3411	6327.255	969.804	874	1
1_MACS_peak_2814_lociStitched	chr1	245025889	245028492	1	2604	5963.9936	614.8286	875	1
3_MACS_peak_6779_lociStitched	chr12	108953055	108963225	3	8046	8149.221	2801.835	876	1
1_MACS_peak_56_lociStitched	chr1	1622386	1626211	1	3826	6097.815	757.35	877	1
3_MACS_peak_9533_lociStitched	chr16	2953387	2966785	3	6331	7634.1804	2295.0774	878	1
1_MACS_peak_2157_lociStitched	chr1	186343483	186345663	1	2181	6286.248	947.864	879	1
3_MACS_peak_7432_lociStitched	chr13	100148023	100154674	3	5682	6613.0893	1277.6571	880	1
1_MACS_peak_22499_lociStitched	chr5	137088398	137091723	1	3326	6121.6575	788.025	881	1
1_MACS_peak_20144_lociStitched	chr3	167812076	167814766	1	2691	6339.523	1014.399	882	1
2_MACS_peak_14163_lociStitched	chr19	44029361	44038948	2	5470	6708.0239	1385.3215	883	1
2_MACS_peak_14730_lociStitched	chr2	10259751	10264775	2	4874	6678.4032	1366.528	884	1
2_MACS_peak_13807_lociStitched	chr19	19773607	19780552	2	4530	6474.129	1163.2875	885	1
1_MACS_peak_28101_lociStitched	chr9	117146930	117151307	1	4378	6389.5446	1083.3075	886	1
1_MACS_peak_26161_lociStitched	chr7	158620120	158623460	1	3341	6007.324	702.068	887	1
1_MACS_peak_6456_lociStitched	chr12	58237998	58241672	1	3675	5979.0676	677.853	888	1
1_MACS_peak_1460_lociStitched	chr1	144930384	144934179	1	3796	7106.517	1808.3175	889	1
4_MACS_peak_1216_lociStitched	chr1	87793403	87803015	4	6719	6820.6752	1524.4632	890	1
1_MACS_peak_4156_lociStitched	chr11	266978	271240	1	4263	6354.2158	1060.8118	891	1
2_MACS_peak_17088_lociStitched	chr20	30304818	30312400	2	7468	7205.1746	1916.7296	892	1
1_MACS_peak_25737_lociStitched	chr7	116164322	116167488	1	3167	6287.0428	999.1896	893	1
1_MACS_peak_24883_lociStitched	chr7	26238854	26242474	1	3621	6156.534	869.524	894	1
6_MACS_peak_6972_lociStitched	chr12	122227565	122241655	6	6111	6639.208	1352.64	895	1
2_MACS_peak_12600_lociStitched	chr18	29664918	29673763	2	3531	6441.8135	1156.926	896	1
3_MACS_peak_6636_lociStitched	chr12	94541267	94552689	3	5775	7266.6764	1986.2858	897	1
2_MACS_peak_26361_lociStitched	chr8	21994455	22004907	2	6600	6946.3992	1667.094	898	1
1_MACS_peak_1601_lociStitched	chr1	151041740	151045142	1	3403	6408.6876	1135.5876	899	1
2_MACS_peak_1568_lociStitched	chr1	150130436	150138991	2	4863	8031.434	2760.6985	900	1
1_MACS_peak_13288_lociStitched	chr19	6799028	6803576	1	4549	6894.768	1625.0004	901	1
2_MACS_peak_5021_lociStitched	chr11	67350020	67356236	2	5323	6634.9584	1370.0064	902	1
1_MACS_peak_6631_lociStitched	chr12	93962972	93966993	1	4022	5945.4506	682.3637	903	1
3_MACS_peak_13427_lociStitched	chr19	10675756	10683656	3	5960	6436.92	1173.94	904	1
4_MACS_peak_21562_lociStitched	chr4	185330296	185348988	4	7541	9086.1812	3824.3832	905	1
1_MACS_peak_17550_lociStitched	chr20	56253065	56258252	1	5188	6568.8168	1308.6801	906	1
1_MACS_peak_1782_lociStitched	chr1	156389307	156392890	1	3584	6287.0901	1029.0376	907	1
2_MACS_peak_4715_lociStitched	chr11	60603653	60610782	2	6247	7132.5645	1874.927	908	1
1_MACS_peak_18718_lociStitched	chr22	44419317	44423783	1	4467	6391.7392	1134.8106	909	1
2_MACS_peak_25501_lociStitched	chr7	99062752	99071765	2	4866	6612.8381	1362.7656	910	1
3_MACS_peak_20483_lociStitched	chr3	197228104	197237763	3	4984	7628.6782	2381.9094	911	1
3_MACS_peak_27531_lociStitched	chr9	36144361	36153586	3	5242	7192.7325	1948.32	912	1
2_MACS_peak_11525_lociStitched	chr17	42400821	42405083	2	4236	6050.3352	812.7634	913	1
2_MACS_peak_1691_lociStitched	chr1	154756419	154765059	2	4557	8053.344	2815.776	914	1
1_MACS_peak_5412_lociStitched	chr11	115371856	115376420	1	4565	6120.7804	884.0468	915	1
2_MACS_peak_13655_lociStitched	chr19	16476081	16484028	2	5452	6933.7575	1699.8633	916	1
3_MACS_peak_18422_lociStitched	chr22	35767126	35777794	3	4697	7220.1024	1986.3816	917	1
2_MACS_peak_23553_lociStitched	chr6	31508614	31516352	2	4703	6824.916	1595.5756	918	1
2_MACS_peak_22697_lociStitched	chr5	149864016	149870470	2	5149	6362.3532	1135.904	919	1
1_MACS_peak_18603_lociStitched	chr22	39841455	39845289	1	3835	6315.3648	1093.8402	920	1
1_MACS_peak_14092_lociStitched	chr19	41220139	41223821	1	3683	5933.9112	712.467	921	1
2_MACS_peak_858_lociStitched	chr1	42186449	42195293	2	4361	7377.6648	2158.8204	922	1
1_MACS_peak_24029_lociStitched	chr6	82460911	82464115	1	3205	5819.1048	605.556	923	1
1_MACS_peak_23304_lociStitched	chr6	16759430	16763361	1	3932	5910.2585	705.6145	924	1
1_MACS_peak_1896_lociStitched	chr1	161066849	161069316	1	2468	6068.3266	866.4104	925	1
4_MACS_peak_17655_lociStitched	chr20	62600139	62613087	4	6497	6956.9604	1760.928	926	1
1_MACS_peak_3821_lociStitched	chr10	104178828	104183170	1	4343	6172.5872	980.8578	927	1
2_MACS_peak_18668_lociStitched	chr22	42335561	42344004	2	5201	6908.9069	1721.5277	928	1
4_MACS_peak_19025_lociStitched	chr3	20080926	20091058	4	5131	6892.7996	1706.2288	929	1
2_MACS_peak_18297_lociStitched	chr22	26984615	26991788	2	6668	6744.7719	1564.4313	930	1
1_MACS_peak_16043_lociStitched	chr2	153573217	153575885	1	2669	5910.1536	732.6328	931	1
1_MACS_peak_20273_lociStitched	chr3	183352205	183355274	1	3070	6023.2194	852.2613	932	1
2_MACS_peak_20758_lociStitched	chr4	26319966	26323919	2	3799	5781.6578	613.1103	933	1
2_MACS_peak_28099_lociStitched	chr9	117128072	117136742	2	5428	7092.06	1924.74	934	1
1_MACS_peak_1420_lociStitched	chr1	120610870	120613304	1	2435	6113.9646	951.2072	935	1
2_MACS_peak_13046_lociStitched	chr19	1922437	1930673	2	4622	6923.1816	1767.4456	936	1
1_MACS_peak_17870_lociStitched	chr21	38638825	38640895	1	2071	5839.677	686.619	937	1
1_MACS_peak_10281_lociStitched	chr16	66582750	66587369	1	4620	6155.7413	1005.0944	938	1
2_MACS_peak_22160_lociStitched	chr5	81045298	81048441	2	3054	5663.3717	515.452	939	1
2_MACS_peak_13469_lociStitched	chr19	11484686	11493941	2	4850	7385.49	2240.6355	940	1
1_MACS_peak_3463_lociStitched	chr10	74078414	74081692	1	3279	5902.039	761.1516	941	1
1_MACS_peak_14844_lociStitched	chr2	24148472	24151609	1	3138	5859.6023	720.8826	942	1
2_MACS_peak_16284_lociStitched	chr2	192540122	192544749	2	3946	6199.7173	1063.7473	943	1
1_MACS_peak_439_lociStitched	chr1	24513188	24518276	1	5089	6520.7808	1388.0064	944	1
2_MACS_peak_14578_lociStitched	chr19	56185627	56190668	2	3969	6223.6186	1091.3765	945	1
4_MACS_peak_14708_lociStitched	chr2	8817952	8826596	4	6377	6770.8452	1638.9024	946	1
2_MACS_peak_2484_lociStitched	chr1	212964395	212968553	2	3351	6426.189	1297.7118	947	1
1_MACS_peak_2086_lociStitched	chr1	180470387	180472898	1	2512	6279.5088	1152.2979	948	1
