#05_0EWR_0229Kronos_MM1S-KB-3hr-1_H3K18Ac_hs-dm_i07_peaks Enhancers
#Created from /data/projects/IRF4_mm_trn_data/p300_internal_ChIP/rose/05_0EWR_0229Kronos_MM1S-KB-3hr-1_H3K18Ac_hs-dm_i07_ROSE/05_0EWR_0229Kronos_MM1S-KB-3hr-1_H3K18Ac_hs-dm_i07_peaks_6KB_STITCHED_ENHANCER_REGION_MAP.txt
#Ranked by X05_0EWR_0229Kronos_MM1S.KB.3hr.1_H3K18Ac_hs.dm_i07.bam
#Using cutoff of 15067.1378 for Super-Enhancers
#Created on Jul 18 2024 
REGION_ID	CHROM	START	STOP	NUM_LOCI	CONSTITUENT_SIZE	X05_0EWR_0229Kronos_MM1S.KB.3hr.1_H3K18Ac_hs.dm_i07.bam	X39_0EXR_0229Kronos_MM1S.KB.3hr.1_Input_hs_i82.bam	enhancerRank	isSuper
9_MACS_peak_19694_lociStitched	chr3	141079115	141149704	9	54770	286090.1581	13701.3249	1	1
7_MACS_peak_14537_lociStitched	chr2	37526039	37606605	7	60669	180588.689	14775.8044	2	1
6_MACS_peak_1428_lociStitched	chr1	118141784	118219442	6	62029	170769.942	8627.8038	3	1
3_MACS_peak_8701_lociStitched	chr14	106024588	106056510	3	30296	155757.0146	5024.5228	4	1
1_MACS_peak_17874_lociStitched	chr22	23265984	23286150	1	20167	151626.1374	3855.7392	5	1
4_MACS_peak_23259_lociStitched	chr6	289858	338070	4	34851	149799.5052	15967.8144	6	1
3_MACS_peak_23374_lociStitched	chr6	7886838	7921261	3	32721	136359.8299	7056.715	7	1
4_MACS_peak_17870_lociStitched	chr22	23217705	23247429	4	25521	117353.3244	4283.2284	8	1
1_MACS_peak_5018_lociStitched	chr11	65183400	65200051	1	16652	116736.8308	4302.6184	9	1
2_MACS_peak_21047_lociStitched	chr4	90205018	90230204	2	24302	117056.9722	5319.2832	10	1
5_MACS_peak_15212_lociStitched	chr2	99060431	99107707	5	40965	119896.6636	8925.7088	11	1
9_MACS_peak_2367_lociStitched	chr1	203236344	203281360	9	31932	120885.9664	11267.5048	12	1
4_MACS_peak_8707_lociStitched	chr14	106143826	106173455	4	27614	106990.319	3522.8881	13	1
5_MACS_peak_13107_lociStitched	chr19	2594364	2629109	5	22128	110725.366	7730.7625	14	1
9_MACS_peak_8534_lociStitched	chr14	91813045	91885879	9	52364	109527.7692	7414.5012	15	1
3_MACS_peak_16840_lociStitched	chr20	30271747	30312318	3	36847	110259.8067	8244.0272	16	1
3_MACS_peak_11164_lociStitched	chr17	16863364	16895583	3	23374	106986.4114	6356.8087	17	1
1_MACS_peak_24410_lociStitched	chr6	106531130	106556651	1	25522	104832.6117	5068.4706	18	1
1_MACS_peak_3090_lociStitched	chr10	11202615	11223608	1	20994	102563.4008	4868.2767	19	1
4_MACS_peak_26001_lociStitched	chr7	102063696	102093231	4	22488	102657.753	5068.206	20	1
3_MACS_peak_1747_lociStitched	chr1	154907819	154935560	3	20205	104847.1095	8133.6612	21	1
4_MACS_peak_26512_lociStitched	chr7	150053120	150084853	4	24535	101050.5652	7225.6041	22	1
5_MACS_peak_11398_lociStitched	chr17	32688414	32726806	5	34857	98337.2688	7309.8368	23	1
4_MACS_peak_12475_lociStitched	chr18	9054294	9085040	4	22226	94230.3408	5445.1166	24	1
1_MACS_peak_6475_lociStitched	chr12	53587985	53604091	1	16107	92003.9144	3918.5898	25	1
5_MACS_peak_2447_lociStitched	chr1	206271698	206311966	5	26340	95515.696	9346.2028	26	1
1_MACS_peak_16105_lociStitched	chr2	201979788	201995039	1	15252	88326.1665	3501.6296	27	1
6_MACS_peak_24444_lociStitched	chr6	108878301	108952013	6	61872	95250.6464	10931.4896	28	1
2_MACS_peak_6054_lociStitched	chr12	12866145	12881739	2	15447	86527.9872	2877.093	29	1
2_MACS_peak_4622_lociStitched	chr11	22676619	22703786	2	22737	87015.901	4528.7389	30	1
2_MACS_peak_13083_lociStitched	chr19	2081521	2098400	2	15091	85871.9125	4771.6933	31	1
5_MACS_peak_4088_lociStitched	chr10	112103850	112128980	5	15046	84793.646	4420.367	32	1
6_MACS_peak_16884_lociStitched	chr20	32398673	32452633	6	36661	88586.132	9130.032	33	1
1_MACS_peak_23570_lociStitched	chr6	25402810	25415926	1	13117	80332.8768	2833.056	34	1
3_MACS_peak_11910_lociStitched	chr17	56404788	56431099	3	19391	82185.0396	5288.511	35	1
5_MACS_peak_16816_lociStitched	chr20	25261675	25301552	5	21420	81341.1046	6288.6029	36	1
2_MACS_peak_7073_lociStitched	chr12	109020364	109035887	2	13644	78231.2631	3213.261	37	1
3_MACS_peak_5208_lociStitched	chr11	72850932	72869979	3	16928	78370.7862	3630.3582	38	1
2_MACS_peak_1804_lociStitched	chr1	156115168	156136713	2	19461	78768.52	5735.279	39	1
1_MACS_peak_29217_lociStitched	chrX	19469942	19470868	1	927	73154.7408	183.5332	40	1
1_MACS_peak_12900_lociStitched	chr18	60821834	60831684	1	9851	73809.005	2303.915	41	1
4_MACS_peak_17707_lociStitched	chr21	45552590	45581226	4	18675	77655.1048	6729.46	42	1
1_MACS_peak_2376_lociStitched	chr1	203288024	203298305	1	10282	72884.0652	3297.1167	43	1
3_MACS_peak_17897_lociStitched	chr22	24178852	24200867	3	15562	72708.9405	3405.7205	44	1
9_MACS_peak_24054_lociStitched	chr6	52392366	52443062	9	33780	75815.868	8937.7048	45	1
4_MACS_peak_4223_lociStitched	chr10	125821843	125854784	4	26849	72160.5546	6120.4378	46	1
1_MACS_peak_20676_lociStitched	chr4	40191051	40209314	1	18264	69152.8495	3721.9994	47	1
7_MACS_peak_11450_lociStitched	chr17	34597787	34641905	7	33150	73447.6464	8735.364	48	1
3_MACS_peak_5874_lociStitched	chr12	4216221	4231172	3	10276	67496.2895	2987.2098	49	1
3_MACS_peak_26620_lociStitched	chr8	2027712	2051009	3	17131	67892.1174	3995.4355	50	1
5_MACS_peak_26516_lociStitched	chr7	150100840	150134155	5	17272	70654.452	7059.4485	51	1
4_MACS_peak_17000_lociStitched	chr20	37486724	37511328	4	12275	66425.8792	3700.4416	52	1
2_MACS_peak_10063_lociStitched	chr16	12055945	12072062	2	12068	66049.0777	3452.2614	53	1
2_MACS_peak_12479_lociStitched	chr18	9094887	9123273	2	23122	67209.5322	5027.1606	54	1
1_MACS_peak_21730_lociStitched	chr5	1311433	1320546	1	9114	63893.9769	1844.4712	55	1
1_MACS_peak_7947_lociStitched	chr13	114828913	114835103	1	6191	63346.603	1403.892	56	1
4_MACS_peak_10191_lociStitched	chr16	23343229	23365498	4	13661	65272.6659	3939.3861	57	1
1_MACS_peak_23422_lociStitched	chr6	11826992	11838479	1	11488	62934.9756	2227.3293	58	1
4_MACS_peak_11445_lociStitched	chr17	34509815	34540220	4	26026	67222.4145	6728.6265	59	1
2_MACS_peak_14936_lociStitched	chr2	70310224	70323466	2	8789	62641.281	2484.1992	60	1
4_MACS_peak_253_lociStitched	chr1	17221336	17241677	4	9045	65542.7702	5736.162	61	1
1_MACS_peak_15379_lociStitched	chr2	112455349	112466629	1	11281	61809.888	2386.848	62	1
4_MACS_peak_10053_lociStitched	chr16	11808454	11843185	4	26427	65704.1058	6345.3537	63	1
1_MACS_peak_25576_lociStitched	chr7	55597317	55605495	1	8179	61042.2276	1747.6386	64	1
2_MACS_peak_4596_lociStitched	chr11	19449590	19466349	2	15921	62333.4246	3623.2958	65	1
4_MACS_peak_1603_lociStitched	chr1	149802918	149834086	4	15909	66403.424	7707.8464	66	1
5_MACS_peak_15188_lociStitched	chr2	97190297	97220458	5	17555	63570.3397	5085.1446	67	1
4_MACS_peak_14858_lociStitched	chr2	65156420	65178753	4	16759	62979.06	4629.6309	68	1
5_MACS_peak_20121_lociStitched	chr3	183228277	183260906	5	25349	66396.7521	8571.6383	69	1
5_MACS_peak_4112_lociStitched	chr10	112597069	112633197	5	23725	63252.9024	6015.312	70	1
3_MACS_peak_14345_lociStitched	chr2	20397820	20426304	3	20986	61810.28	4591.6208	71	1
2_MACS_peak_1630_lociStitched	chr1	150532193	150553305	2	16361	63236.7736	6052.8104	72	1
1_MACS_peak_498_lociStitched	chr1	31214210	31233610	1	19401	60958.68	3876.12	73	1
2_MACS_peak_21619_lociStitched	chr4	185200847	185210976	2	10018	58706.6711	2338.7861	74	1
1_MACS_peak_25787_lociStitched	chr7	78113699	78128450	1	14752	59015.8008	3075.5835	75	1
6_MACS_peak_18863_lociStitched	chr3	46574118	46608414	6	18106	60628.4688	5288.4432	76	1
1_MACS_peak_17651_lociStitched	chr21	43480420	43486906	1	6487	57344.6718	2150.109	77	1
2_MACS_peak_17624_lociStitched	chr21	41324289	41344453	2	16805	61248.15	6131.8724	78	1
3_MACS_peak_22663_lociStitched	chr5	131744956	131774347	3	21330	59807.7459	5172.816	79	1
2_MACS_peak_1726_lociStitched	chr1	154374337	154394662	2	17021	59649.81	5361.735	80	1
4_MACS_peak_12222_lociStitched	chr17	75128683	75146224	4	15494	57506.4144	3262.626	81	1
2_MACS_peak_10554_lociStitched	chr16	66549294	66561568	2	11842	56837.2118	2610.6798	82	1
1_MACS_peak_11698_lociStitched	chr17	43298055	43308735	1	10681	54726.456	2153.088	83	1
3_MACS_peak_341_lociStitched	chr1	24511971	24533891	3	17106	56444	4061.776	84	1
4_MACS_peak_21627_lociStitched	chr4	185317560	185350078	4	20818	57150.385	5511.801	85	1
2_MACS_peak_19975_lociStitched	chr3	171801878	171827189	2	21602	56608.0515	6016.4247	86	1
2_MACS_peak_8840_lociStitched	chr15	31546272	31560817	2	11342	53317.6065	2746.096	87	1
2_MACS_peak_7070_lociStitched	chr12	108952831	108970761	2	16765	53816.895	3824.469	88	1
4_MACS_peak_18209_lociStitched	chr22	39823148	39846165	4	13772	53818.3494	3984.2427	89	1
2_MACS_peak_13751_lociStitched	chr19	39880916	39904073	2	18091	53286.5727	3881.1132	90	1
1_MACS_peak_4100_lociStitched	chr10	112214932	112226153	1	11222	51665.9724	2261.0315	91	1
1_MACS_peak_18529_lociStitched	chr3	13049703	13061634	1	11932	52032.2841	2646.2958	92	1
6_MACS_peak_9662_lociStitched	chr15	89646665	89676910	6	18613	54374.461	5190.042	93	1
4_MACS_peak_9346_lociStitched	chr15	68568582	68599491	4	26459	54075.2955	5548.1655	94	1
7_MACS_peak_8842_lociStitched	chr15	31616636	31657548	7	26262	54482.5104	6173.6208	95	1
4_MACS_peak_10048_lociStitched	chr16	11762505	11786186	4	19387	52285.2799	4511.2305	96	1
5_MACS_peak_4474_lociStitched	chr11	10314571	10345028	5	19299	52632.7417	5305.6094	97	1
1_MACS_peak_23786_lociStitched	chr6	32934768	32941772	1	7005	48675.6988	1814.7364	98	1
7_MACS_peak_12743_lociStitched	chr18	46439346	46480151	7	35749	53768.7485	7010.299	99	1
4_MACS_peak_16890_lociStitched	chr20	32461572	32477528	4	11296	48960.986	2477.9668	100	1
2_MACS_peak_17958_lociStitched	chr22	29185846	29199851	2	12951	49213.57	2730.975	101	1
3_MACS_peak_2856_lociStitched	chr1	234734119	234749834	3	11451	49370.244	4013.611	102	1
2_MACS_peak_18839_lociStitched	chr3	46245628	46257535	2	11487	47831.6097	2774.331	103	1
4_MACS_peak_19628_lociStitched	chr3	133178833	133200914	4	16960	49017.6119	4268.2573	104	1
1_MACS_peak_2516_lociStitched	chr1	209274499	209285254	1	10756	47185.4115	2634.975	105	1
4_MACS_peak_2241_lociStitched	chr1	192497930	192521368	4	18039	49240.8942	4774.3206	106	1
1_MACS_peak_10484_lociStitched	chr16	56943356	56953187	1	9832	46188.9873	1958.3352	107	1
2_MACS_peak_21770_lociStitched	chr5	6475930	6487725	2	10457	46367.3245	2237.5115	108	1
1_MACS_peak_4848_lociStitched	chr11	58340157	58348018	1	7862	45789.5389	1664.1737	109	1
5_MACS_peak_3093_lociStitched	chr10	11278696	11304734	5	20260	48787.4006	4699.859	110	1
7_MACS_peak_16150_lociStitched	chr2	204548117	204585712	7	22719	50505.123	6500.1755	111	1
1_MACS_peak_1024_lociStitched	chr1	66736145	66751640	1	15496	46777.8555	2899.1145	112	1
1_MACS_peak_21626_lociStitched	chr4	185301456	185307750	1	6295	45402.3984	1650.2868	113	1
2_MACS_peak_5570_lociStitched	chr11	115089774	115102523	2	9910	45693.6909	1988.844	114	1
7_MACS_peak_9746_lociStitched	chr15	93346133	93389263	7	16933	49426.98	5891.558	115	1
6_MACS_peak_5942_lociStitched	chr12	7045833	7085599	6	22381	50196.6218	6776.1264	116	1
3_MACS_peak_5764_lociStitched	chr11	128585354	128609979	3	23943	48304.4	4976.7125	117	1
1_MACS_peak_20003_lociStitched	chr3	174865664	174871850	1	6187	45084.1866	1782.8052	118	1
6_MACS_peak_11995_lociStitched	chr17	62150070	62186695	6	25840	49480.375	6229.9125	119	1
4_MACS_peak_25577_lociStitched	chr7	55616047	55643228	4	24776	47805.9428	4949.6601	120	1
2_MACS_peak_26145_lociStitched	chr7	114561536	114574119	2	10619	45462.379	3007.337	121	1
1_MACS_peak_22345_lociStitched	chr5	88171185	88187009	1	15825	45620.592	3179.0416	122	1
2_MACS_peak_5025_lociStitched	chr11	65263331	65278737	2	14808	45626.4096	3444.7816	123	1
3_MACS_peak_317_lociStitched	chr1	23850189	23866831	3	10614	44825.227	2982.2464	124	1
4_MACS_peak_17678_lociStitched	chr21	44725328	44747520	4	14034	45917.4672	4145.4656	125	1
2_MACS_peak_17224_lociStitched	chr20	52194699	52215748	2	20396	45042.7551	3443.6164	126	1
1_MACS_peak_24413_lociStitched	chr6	106609655	106618234	1	8580	42969.6373	1756.1213	127	1
3_MACS_peak_14681_lociStitched	chr2	47526797	47551094	3	15298	45163.2636	4057.599	128	1
2_MACS_peak_9193_lociStitched	chr15	56648155	56666319	2	11779	43802.486	2860.83	129	1
2_MACS_peak_12481_lociStitched	chr18	9132830	9157685	2	23804	44659.464	4198.0095	130	1
2_MACS_peak_20209_lociStitched	chr3	186779626	186792502	2	9293	44328.2052	3931.0428	131	1
1_MACS_peak_7939_lociStitched	chr13	114556507	114568333	1	11827	42708.4164	2632.4676	132	1
5_MACS_peak_3394_lociStitched	chr10	45913578	45934050	5	13404	43077.1824	3025.7616	133	1
3_MACS_peak_9289_lociStitched	chr15	65169183	65189700	3	10920	43202.6469	3249.8928	134	1
2_MACS_peak_11557_lociStitched	chr17	38465906	38484503	2	18034	43433.2935	3565.0449	135	1
2_MACS_peak_20205_lociStitched	chr3	186703109	186719968	2	13463	44342.5418	4494.6094	136	1
4_MACS_peak_5523_lociStitched	chr11	111230436	111251654	4	16136	43624.208	3938.0608	137	1
2_MACS_peak_20649_lociStitched	chr4	38307067	38322680	2	13777	41961.4988	2488.7122	138	1
3_MACS_peak_1816_lociStitched	chr1	156450437	156476148	3	20410	45657.5938	6304.3372	139	1
6_MACS_peak_27533_lociStitched	chr8	120918272	120947737	6	19353	44212.2325	4870.5645	140	1
4_MACS_peak_8969_lociStitched	chr15	40833449	40862658	4	18431	44406.4427	5070.6824	141	1
3_MACS_peak_8953_lociStitched	chr15	40386972	40408959	3	15604	43087.9239	3852.1224	142	1
1_MACS_peak_11499_lociStitched	chr17	36856073	36863707	1	7635	40446.4588	1484.813	143	1
2_MACS_peak_2748_lociStitched	chr1	226838419	226852593	2	13126	42665.1574	3749.023	144	1
2_MACS_peak_16116_lociStitched	chr2	202116037	202129014	2	12712	41462.8127	2687.5367	145	1
5_MACS_peak_13452_lociStitched	chr19	16244131	16273088	5	20748	42720.2621	4983.4997	146	1
1_MACS_peak_248_lociStitched	chr1	16992069	16994738	1	2670	39204.941	1509.0526	147	1
1_MACS_peak_6161_lociStitched	chr12	26265722	26280417	1	14696	40525.871	3013.9445	148	1
2_MACS_peak_18115_lociStitched	chr22	37610696	37628395	2	14611	40750.1776	3300.8635	149	1
2_MACS_peak_251_lociStitched	chr1	17065678	17075470	2	3704	40673.0304	3269.5488	150	1
1_MACS_peak_26034_lociStitched	chr7	104651617	104657223	1	5607	38594.507	1217.6232	151	1
4_MACS_peak_6361_lociStitched	chr12	48196282	48219001	4	15375	41091.8553	3746.3631	152	1
5_MACS_peak_20007_lociStitched	chr3	175051771	175074655	5	16257	42225.5568	4958.9628	153	1
2_MACS_peak_5730_lociStitched	chr11	126056485	126068944	2	7994	39604.6692	2353.5051	154	1
2_MACS_peak_26925_lociStitched	chr8	29622103	29634721	2	7666	39445.1298	2402.4672	155	1
3_MACS_peak_8771_lociStitched	chr15	23658666	23682801	3	18196	40532.319	3564.7395	156	1
4_MACS_peak_11053_lociStitched	chr17	6914999	6940196	4	10632	40509.2169	3850.1016	157	1
2_MACS_peak_17960_lociStitched	chr22	29207020	29221442	2	11824	39301.3922	2722.8736	158	1
2_MACS_peak_21893_lociStitched	chr5	32570721	32589793	2	13694	39515.2768	3000.0256	159	1
2_MACS_peak_20645_lociStitched	chr4	38123670	38136842	2	11608	38732.266	2285.342	160	1
2_MACS_peak_29407_lociStitched	chrX	48790707	48805036	2	11677	37913.1011	1610.5796	161	1
2_MACS_peak_14593_lociStitched	chr2	42323088	42334846	2	11653	38534.4934	2458.5978	162	1
5_MACS_peak_2401_lociStitched	chr1	204474906	204493936	5	12992	40400.69	4531.043	163	1
4_MACS_peak_22350_lociStitched	chr5	88595642	88617501	4	12143	39381.1744	3541.158	164	1
3_MACS_peak_19843_lociStitched	chr3	156804657	156824534	3	14277	41085.759	5581.4616	165	1
1_MACS_peak_17129_lociStitched	chr20	45978429	45987349	1	8921	37318.604	1824.14	166	1
2_MACS_peak_23749_lociStitched	chr6	31694406	31709345	2	12006	38426.0958	2960.9098	167	1
2_MACS_peak_23602_lociStitched	chr6	26355138	26367919	2	12629	37753.7959	2322.3077	168	1
2_MACS_peak_1588_lociStitched	chr1	149214034	149225829	2	6214	39019.0395	3867.5805	169	1
2_MACS_peak_25574_lociStitched	chr7	55569105	55585893	2	16715	38115.4752	2993.3004	170	1
1_MACS_peak_11527_lociStitched	chr17	37909246	37916380	1	7135	36546.0552	1462.47	171	1
1_MACS_peak_20033_lociStitched	chr3	176911699	176920848	1	9150	37811.9021	2731.8914	172	1
3_MACS_peak_20041_lociStitched	chr3	177062557	177080114	3	10557	39338.2142	4375.2044	173	1
3_MACS_peak_15146_lociStitched	chr2	89049124	89066775	3	11547	37789.0259	2898.2942	174	1
1_MACS_peak_15687_lociStitched	chr2	158295087	158302451	1	7365	36399.5156	1922.004	175	1
2_MACS_peak_2459_lociStitched	chr1	206727730	206738666	2	10811	37641.712	3243.6176	176	1
4_MACS_peak_17032_lociStitched	chr20	40709725	40727312	4	13374	36948.5283	2571.2194	177	1
7_MACS_peak_10616_lociStitched	chr16	68269855	68320002	7	24342	42454.4502	8183.9904	178	1
1_MACS_peak_26446_lociStitched	chr7	142503413	142509334	1	5922	35877.1153	1615.2488	179	1
2_MACS_peak_12272_lociStitched	chr17	76711249	76733706	2	18565	38731.5879	4556.5253	180	1
1_MACS_peak_9456_lociStitched	chr15	75334199	75341536	1	7338	35717.9834	1762.3474	181	1
1_MACS_peak_14612_lociStitched	chr2	43444248	43457016	1	12769	36290.4864	2339.0976	182	1
4_MACS_peak_11439_lociStitched	chr17	34408917	34432734	4	19691	38188.1778	4325.1672	183	1
6_MACS_peak_14938_lociStitched	chr2	70334941	70360787	6	12202	37680.8834	3900.1614	184	1
3_MACS_peak_1789_lociStitched	chr1	155939566	155954060	3	12789	37649.6144	3929.3234	185	1
2_MACS_peak_2388_lociStitched	chr1	203722160	203736548	2	8486	37007.3748	3359.598	186	1
1_MACS_peak_22344_lociStitched	chr5	88110661	88130586	1	19926	37678.175	4070.6775	187	1
4_MACS_peak_5179_lociStitched	chr11	71412145	71427045	4	13729	36510.96	2950.2	188	1
4_MACS_peak_19250_lociStitched	chr3	98472532	98496032	4	16732	37313.3	3788.2	189	1
2_MACS_peak_20260_lociStitched	chr3	193815446	193823412	2	7531	36014.286	2519.6458	190	1
3_MACS_peak_23567_lociStitched	chr6	25365924	25390507	3	18721	37727.5301	4274.9837	191	1
4_MACS_peak_9435_lociStitched	chr15	75063079	75083986	4	18522	37298.088	3936.7881	192	1
3_MACS_peak_23233_lociStitched	chr5	180228543	180249684	3	15127	36565.4736	3443.8689	193	1
1_MACS_peak_17062_lociStitched	chr20	42695444	42700989	1	5546	34148.328	1158.905	194	1
3_MACS_peak_23946_lociStitched	chr6	42737820	42752362	3	8796	35257.079	2293.2734	195	1
1_MACS_peak_6899_lociStitched	chr12	94597179	94603658	1	6480	34175.4292	1240.0806	196	1
2_MACS_peak_22052_lociStitched	chr5	55436289	55453664	2	17094	35858.525	2960.7	197	1
3_MACS_peak_1912_lociStitched	chr1	161144899	161163454	3	11659	37238.0295	4378.98	198	1
4_MACS_peak_17559_lociStitched	chr21	36236218	36262852	4	13275	38536.7346	5715.6564	199	1
2_MACS_peak_14289_lociStitched	chr2	11883357	11896693	2	12935	35359.0704	2556.5112	200	1
1_MACS_peak_8714_lociStitched	chr14	106323793	106329585	1	5793	33285.4656	503.904	201	1
3_MACS_peak_2420_lociStitched	chr1	205242280	205258827	3	11852	37192.6919	4452.7977	202	1
5_MACS_peak_18458_lociStitched	chr3	5222463	5256329	5	22033	38265.1934	5614.9828	203	1
1_MACS_peak_10485_lociStitched	chr16	56963243	56975518	1	12276	35126.14	2545.835	204	1
1_MACS_peak_11041_lociStitched	chr17	6062968	6071515	1	8548	34133.2992	1630.7676	205	1
1_MACS_peak_13946_lociStitched	chr19	47613834	47617755	1	3922	33137.1552	998.6787	206	1
1_MACS_peak_1724_lociStitched	chr1	154296608	154302935	1	6328	33999.3999	1948.0833	207	1
1_MACS_peak_3296_lociStitched	chr10	30989334	30997042	1	7709	33229.188	1415.1888	208	1
5_MACS_peak_22337_lociStitched	chr5	87954719	87976678	5	10343	34945.5526	3243.3443	209	1
3_MACS_peak_1888_lociStitched	chr1	160633521	160656127	3	12272	37152.961	5466.1308	210	1
5_MACS_peak_14822_lociStitched	chr2	64430348	64456514	5	16955	36056.748	4474.386	211	1
3_MACS_peak_3733_lociStitched	chr10	81001140	81020584	3	16639	34487.8228	2926.322	212	1
3_MACS_peak_1892_lociStitched	chr1	160694671	160715484	3	12385	36443.563	5111.6728	213	1
4_MACS_peak_5332_lociStitched	chr11	82763881	82790315	4	13770	35545.7998	4612.733	214	1
3_MACS_peak_4096_lociStitched	chr10	112168372	112186622	3	16632	33844.625	3126.225	215	1
2_MACS_peak_15689_lociStitched	chr2	158323779	158337840	2	7717	32981.4816	2452.2384	216	1
2_MACS_peak_25275_lociStitched	chr7	26002319	26012257	2	9322	32427.694	1901.1394	217	1
4_MACS_peak_23416_lociStitched	chr6	11713784	11735971	4	14014	33728.6774	3239.302	218	1
2_MACS_peak_7008_lociStitched	chr12	104318406	104325718	2	6348	31793.3072	1441.9264	219	1
2_MACS_peak_10196_lociStitched	chr16	23404691	23419578	2	8753	32816.9028	2474.2194	220	1
1_MACS_peak_5883_lociStitched	chr12	4377424	4387646	1	10223	32130.8126	1807.2496	221	1
1_MACS_peak_20834_lociStitched	chr4	69434569	69443455	1	8887	31906.9602	1695.4488	222	1
2_MACS_peak_22750_lociStitched	chr5	138719805	138730466	2	9869	32417.9688	2339.0234	223	1
1_MACS_peak_415_lociStitched	chr1	27018306	27030866	1	12561	32580.64	2508.232	224	1
1_MACS_peak_19887_lociStitched	chr3	160116017	160123670	1	7654	31654.3386	1685.1906	225	1
1_MACS_peak_15920_lociStitched	chr2	182168549	182180123	1	11575	32128.2666	2159.7084	226	1
6_MACS_peak_9804_lociStitched	chr15	101661413	101692415	6	17984	34511.4264	4644.0996	227	1
4_MACS_peak_26865_lociStitched	chr8	27208654	27239415	4	18915	35492.0418	5647.7196	228	1
2_MACS_peak_19941_lociStitched	chr3	169656045	169668515	2	11473	33158.977	3315.773	229	1
5_MACS_peak_12174_lociStitched	chr17	73850654	73875852	5	12112	33745.1616	3930.888	230	1
4_MACS_peak_23182_lociStitched	chr5	176717494	176740748	4	13128	33483.4346	3850.8624	231	1
1_MACS_peak_24306_lociStitched	chr6	90057007	90071434	1	14428	32253.0012	2755.557	232	1
2_MACS_peak_9557_lociStitched	chr15	81576228	81595949	2	13308	33170.722	3699.6596	233	1
5_MACS_peak_23137_lociStitched	chr5	173310137	173343972	5	24020	35025.992	5613.2265	234	1
1_MACS_peak_21126_lociStitched	chr4	105407384	105417414	1	10031	31194.303	1811.418	235	1
5_MACS_peak_20869_lociStitched	chr4	74453968	74475132	5	14090	32660.2848	3320.6316	236	1
2_MACS_peak_17517_lociStitched	chr21	34600840	34613019	2	9286	32236.5951	2925.3958	237	1
1_MACS_peak_2940_lociStitched	chr1	245132511	245136139	1	3629	30216.8864	935.2984	238	1
2_MACS_peak_24692_lociStitched	chr6	135190420	135204032	2	7783	31494.0844	2239.174	239	1
1_MACS_peak_15090_lociStitched	chr2	86219778	86229096	1	9319	30885.4428	1666.9902	240	1
2_MACS_peak_9202_lociStitched	chr15	58582590	58595844	2	11136	31430.5356	2213.418	241	1
3_MACS_peak_28635_lociStitched	chr9	112904151	112925532	3	20165	33236.7645	4032.4566	242	1
2_MACS_peak_13674_lociStitched	chr19	35695033	35708244	2	11102	31588.8221	2450.6405	243	1
3_MACS_peak_2317_lociStitched	chr1	200850721	200864132	3	8698	32158.2369	3079.1656	244	1
5_MACS_peak_18842_lociStitched	chr3	46317808	46347316	5	21801	34323.7056	5281.932	245	1
3_MACS_peak_28625_lociStitched	chr9	112668678	112683060	3	9710	31736.7594	2738.3328	246	1
1_MACS_peak_11361_lociStitched	chr17	29635090	29649445	1	14356	31497.741	2530.7865	247	1
4_MACS_peak_3073_lociStitched	chr10	7511539	7535977	4	15047	32135.97	3257.5854	248	1
1_MACS_peak_1523_lociStitched	chr1	145448614	145458052	1	9439	32046.729	3241.0092	249	1
5_MACS_peak_2145_lociStitched	chr1	181095442	181129585	5	18357	36116.4654	7398.7881	250	1
2_MACS_peak_17868_lociStitched	chr22	23189769	23210156	2	16012	31069.788	2432.1691	251	1
1_MACS_peak_24409_lociStitched	chr6	106439102	106446600	1	7499	30049.7346	1423.1204	252	1
3_MACS_peak_9457_lociStitched	chr15	75352742	75370977	3	11691	31355.0825	2738.897	253	1
3_MACS_peak_26911_lociStitched	chr8	29404203	29416870	3	9791	30570.5378	2147.0565	254	1
3_MACS_peak_1092_lociStitched	chr1	75595509	75612511	3	15493	30765.119	2516.296	255	1
2_MACS_peak_14672_lociStitched	chr2	47204551	47215093	2	7926	30429.483	2182.194	256	1
5_MACS_peak_13056_lociStitched	chr19	1647575	1672863	5	12348	32629.1064	4427.9288	257	1
1_MACS_peak_26144_lociStitched	chr7	113723842	113728513	1	4672	29346.9588	1277.5185	258	1
1_MACS_peak_25191_lociStitched	chr7	20254689	20262549	1	7861	29642.418	1613.658	259	1
2_MACS_peak_12064_lociStitched	chr17	66230194	66245347	2	8717	30449.9535	2422.9647	260	1
1_MACS_peak_2178_lociStitched	chr1	183808937	183815793	1	6857	29895.588	2078.7392	261	1
2_MACS_peak_22666_lociStitched	chr5	131790462	131804301	2	11940	30923.2455	3170.5149	262	1
3_MACS_peak_12256_lociStitched	chr17	76136796	76152843	3	12625	30184.407	2493.7038	263	1
1_MACS_peak_16389_lociStitched	chr2	231728836	231739873	1	11038	28508.571	868.6119	264	1
4_MACS_peak_12217_lociStitched	chr17	75078939	75093191	4	13057	30372.4372	2877.4788	265	1
1_MACS_peak_15092_lociStitched	chr2	86261884	86266879	1	4996	28505.9655	1093.4055	266	1
2_MACS_peak_11017_lociStitched	chr17	4842254	4855057	2	8250	29925.7322	2517.0698	267	1
3_MACS_peak_19115_lociStitched	chr3	69128259	69145998	3	15557	30574.9404	3207.2112	268	1
6_MACS_peak_10284_lociStitched	chr16	29815641	29837463	6	13117	30413.3214	3295.122	269	1
4_MACS_peak_3751_lociStitched	chr10	81946292	81966445	4	13868	30499.5502	3399.8111	270	1
3_MACS_peak_26028_lociStitched	chr7	104576290	104586957	3	10062	28821.1673	1792.056	271	1
2_MACS_peak_23148_lociStitched	chr5	173696356	173710139	2	9926	29233.743	2378.9458	272	1
2_MACS_peak_17622_lociStitched	chr21	41295743	41309699	2	9808	29983.0704	3195.924	273	1
3_MACS_peak_8482_lociStitched	chr14	81930666	81953222	3	15872	28984.46	2275.9004	274	1
1_MACS_peak_25198_lociStitched	chr7	20367253	20373475	1	6223	27944.8686	1241.9112	275	1
1_MACS_peak_1343_lociStitched	chr1	111172853	111181463	1	8611	27726.783	1039.227	276	1
2_MACS_peak_20267_lociStitched	chr3	194021558	194034234	2	7399	29588.3192	2925.6208	277	1
2_MACS_peak_27718_lociStitched	chr8	137188950	137201389	2	12419	29124.6746	2491.5317	278	1
1_MACS_peak_25515_lociStitched	chr7	47513132	47522813	1	9682	28763.2191	2195.6508	279	1
3_MACS_peak_17698_lociStitched	chr21	45195021	45210493	3	11014	30007.944	3485.8416	280	1
2_MACS_peak_24411_lociStitched	chr6	106585312	106596064	2	9488	28707.84	2205.2352	281	1
3_MACS_peak_28410_lociStitched	chr9	93671022	93690239	3	11936	29767.133	3278.4202	282	1
3_MACS_peak_13475_lociStitched	chr19	16694113	16711412	3	11101	30027.6042	3681.2272	283	1
2_MACS_peak_2106_lociStitched	chr1	178544257	178552406	2	7525	28714.6313	2375.4335	284	1
4_MACS_peak_19574_lociStitched	chr3	129026563	129054585	4	14757	30602.8262	4267.7506	285	1
4_MACS_peak_23587_lociStitched	chr6	26183645	26207201	4	13380	30542.7096	4218.8796	286	1
1_MACS_peak_7760_lociStitched	chr13	78689051	78696443	1	7393	27298.656	1074.0576	287	1
2_MACS_peak_12316_lociStitched	chr17	78873583	78887506	2	8425	28216.3518	2004.912	288	1
5_MACS_peak_6027_lociStitched	chr12	11901632	11920371	5	14272	29350.8957	3219.3602	289	1
2_MACS_peak_10975_lociStitched	chr17	3459501	3466808	2	4917	27457.5139	1334.9889	290	1
3_MACS_peak_3068_lociStitched	chr10	6953768	6972785	3	9278	29139.7491	3025.6047	291	1
1_MACS_peak_26321_lociStitched	chr7	130790008	130797064	1	7057	28035.6048	1937.5776	292	1
3_MACS_peak_5217_lociStitched	chr11	72979558	73001784	3	11259	29525.0184	3465.0334	293	1
2_MACS_peak_2735_lociStitched	chr1	226308563	226317132	2	7891	28560.477	2530.4257	294	1
9_MACS_peak_24751_lociStitched	chr6	138246796	138297452	9	20904	34076.2912	8064.4352	295	1
2_MACS_peak_17943_lociStitched	chr22	27004542	27015531	2	10927	27991.1808	2007.6903	296	1
1_MACS_peak_6635_lociStitched	chr12	62995227	62998199	1	2973	26482.6004	565.2744	297	1
4_MACS_peak_2180_lociStitched	chr1	183865314	183885722	4	11296	30089.5552	4277.5168	298	1
2_MACS_peak_1680_lociStitched	chr1	152006419	152021892	2	9718	29961.9172	4221.0344	299	1
5_MACS_peak_10176_lociStitched	chr16	22194966	22219233	5	15695	29977.0251	4341.3663	300	1
3_MACS_peak_13405_lociStitched	chr19	13949126	13962111	3	9107	27641.1695	2084.0925	301	1
3_MACS_peak_6694_lociStitched	chr12	68752091	68770604	3	10313	28663.6779	3156.4665	302	1
1_MACS_peak_25029_lociStitched	chr7	2393165	2395622	1	2458	25957.2222	457.4934	303	1
1_MACS_peak_2937_lociStitched	chr1	244996353	245000316	1	3964	26727.2646	1241.2116	304	1
4_MACS_peak_9650_lociStitched	chr15	89163691	89184438	4	13802	29093.5181	3649.3973	305	1
4_MACS_peak_5910_lociStitched	chr12	6551937	6571985	4	9296	28686.6832	3265.8192	306	1
1_MACS_peak_2279_lociStitched	chr1	197740067	197748958	1	8892	27855.503	2457.4724	307	1
3_MACS_peak_2480_lociStitched	chr1	207093374	207107015	3	7976	28819.3407	3448.4448	308	1
1_MACS_peak_18543_lociStitched	chr3	14160504	14168346	1	7843	26927.0754	1667.2092	309	1
1_MACS_peak_22658_lociStitched	chr5	131434677	131441725	1	7049	26843.7176	1585.8	310	1
1_MACS_peak_3014_lociStitched	chr10	3824185	3828982	1	4798	26064.0198	819.3276	311	1
1_MACS_peak_22382_lociStitched	chr5	90674671	90680949	1	6279	26547.7786	1339.7252	312	1
2_MACS_peak_26084_lociStitched	chr7	106503891	106513667	2	8860	27833.2496	2641.4752	313	1
2_MACS_peak_17289_lociStitched	chr20	56047525	56058219	2	9337	27052.6118	1870.3806	314	1
1_MACS_peak_16257_lociStitched	chr2	217080032	217088865	1	8834	26895.6017	1756.8837	315	1
2_MACS_peak_17230_lociStitched	chr20	52267923	52279267	2	10624	26963.5536	1854.744	316	1
1_MACS_peak_27517_lociStitched	chr8	118450356	118457713	1	7358	26438.8509	1336.0312	317	1
4_MACS_peak_24913_lociStitched	chr6	157976439	157999841	4	14732	26996.5472	1947.0464	318	1
2_MACS_peak_27699_lociStitched	chr8	134576771	134585888	2	8819	26501.2956	1460.5434	319	1
1_MACS_peak_6992_lociStitched	chr12	102870387	102879317	1	8931	26649.799	1652.943	320	1
2_MACS_peak_1902_lociStitched	chr1	161007722	161017718	2	5591	27635.9412	2646.9408	321	1
3_MACS_peak_25475_lociStitched	chr7	44661749	44680203	3	14157	28247.5378	3277.4304	322	1
4_MACS_peak_5128_lociStitched	chr11	67644685	67661842	4	10948	27886.9878	2952.7197	323	1
2_MACS_peak_10866_lociStitched	chr16	89033361	89046317	2	8974	26102.4532	1280.0528	324	1
2_MACS_peak_7961_lociStitched	chr13	115039731	115048679	2	7809	26177.374	1411.0996	325	1
1_MACS_peak_3161_lociStitched	chr10	15824669	15833159	1	8491	26240.892	1550.274	326	1
1_MACS_peak_15852_lociStitched	chr2	175457264	175464233	1	6970	26084.967	1421.676	327	1
3_MACS_peak_10079_lociStitched	chr16	14486531	14503349	3	9257	27335.9772	2687.5164	328	1
8_MACS_peak_27597_lociStitched	chr8	126285365	126315963	8	19016	29750.4354	5112.9258	329	1
1_MACS_peak_23134_lociStitched	chr5	173168747	173174643	1	5897	25806.2024	1184.5064	330	1
5_MACS_peak_28932_lociStitched	chr9	134127110	134153357	5	13728	28525.2396	3918.6771	331	1
1_MACS_peak_21385_lociStitched	chr4	144272912	144282265	1	9354	26404.4543	1819.1585	332	1
4_MACS_peak_16038_lociStitched	chr2	197023849	197048510	4	18600	28710.3362	4192.37	333	1
1_MACS_peak_1027_lociStitched	chr1	66795613	66803501	1	7889	26158.9744	1727.472	334	1
4_MACS_peak_21684_lociStitched	chr4	187749089	187775407	4	11409	27731.2766	3321.3316	335	1
1_MACS_peak_22833_lociStitched	chr5	142774601	142785948	1	11348	26051.5773	1692.9724	336	1
1_MACS_peak_14300_lociStitched	chr2	13661695	13666421	1	4727	25206.121	864.3854	337	1
1_MACS_peak_1743_lociStitched	chr1	154830180	154835015	1	4836	25875.953	1553.002	338	1
4_MACS_peak_23626_lociStitched	chr6	27094383	27115989	4	11276	27519.5622	3234.4182	339	1
2_MACS_peak_1521_lociStitched	chr1	145427271	145441189	2	8105	27323.8176	3100.9304	340	1
3_MACS_peak_7255_lociStitched	chr12	122227704	122243226	3	7723	25234.1154	1095.8532	341	1
3_MACS_peak_12106_lociStitched	chr17	70582418	70602044	3	14293	27284.0652	3151.9356	342	1
2_MACS_peak_6559_lociStitched	chr12	56726307	56734172	2	7266	25484.9595	1380.3075	343	1
4_MACS_peak_14301_lociStitched	chr2	13680616	13702546	4	14554	27359.868	3280.728	344	1
5_MACS_peak_8454_lociStitched	chr14	77487769	77507845	5	13653	25639.0596	1567.9356	345	1
4_MACS_peak_13981_lociStitched	chr19	48880216	48902453	4	10363	27193.6273	3124.2985	346	1
1_MACS_peak_18159_lociStitched	chr22	38900563	38903745	1	3183	24706.0026	727.087	347	1
1_MACS_peak_28413_lociStitched	chr9	93702286	93708330	1	6045	25169.0292	1192.4812	348	1
1_MACS_peak_25524_lociStitched	chr7	47708066	47712507	1	4442	24896.246	939.7156	349	1
1_MACS_peak_21635_lociStitched	chr4	185392080	185397313	1	5234	25066.07	1131.3746	350	1
3_MACS_peak_23646_lociStitched	chr6	27791039	27808028	3	8633	26689.719	2791.2927	351	1
1_MACS_peak_12052_lociStitched	chr17	65642458	65648909	1	6452	25230.5061	1333.4217	352	1
2_MACS_peak_8180_lociStitched	chr14	50465585	50476695	2	7830	24976.391	1172.105	353	1
5_MACS_peak_9058_lociStitched	chr15	45001882	45029234	5	13415	28380.4352	4606.0768	354	1
3_MACS_peak_7601_lociStitched	chr13	46269327	46281228	3	9382	24706.476	977.0721	355	1
1_MACS_peak_1891_lociStitched	chr1	160675048	160685115	1	10068	26953.3858	3300.9693	356	1
1_MACS_peak_5786_lociStitched	chr11	129871179	129874570	1	3392	24427.4076	838.5943	357	1
2_MACS_peak_25542_lociStitched	chr7	50343340	50357900	2	13143	26100.256	2578.576	358	1
5_MACS_peak_27777_lociStitched	chr8	145002137	145027954	5	14603	26712.8499	3193.5629	359	1
3_MACS_peak_16415_lociStitched	chr2	232687328	232714548	3	25818	26896.082	3492.326	360	1
3_MACS_peak_24006_lociStitched	chr6	45386778	45402221	3	11183	25476.3171	2137.3112	361	1
2_MACS_peak_13448_lociStitched	chr19	16180365	16191352	2	7445	25058.0509	1765.6109	362	1
5_MACS_peak_12276_lociStitched	chr17	76754366	76779779	5	15989	26942.8626	3656.9307	363	1
4_MACS_peak_16288_lociStitched	chr2	219743183	219763215	4	14055	26832.864	3573.7088	364	1
3_MACS_peak_15311_lociStitched	chr2	109829175	109843996	3	12434	25782.6116	2549.212	365	1
1_MACS_peak_22560_lociStitched	chr5	118667701	118678568	1	10868	25588.5249	2464.6356	366	1
3_MACS_peak_14039_lociStitched	chr19	50369596	50382041	3	7113	25513.4945	2410.5965	367	1
3_MACS_peak_13858_lociStitched	chr19	44257428	44271667	3	8240	25362.5068	2303.8702	368	1
2_MACS_peak_1826_lociStitched	chr1	156709230	156722901	2	9994	26378.1945	3461.4972	369	1
2_MACS_peak_26356_lociStitched	chr7	134843934	134857370	2	7093	25916.7004	3013.6948	370	1
3_MACS_peak_14351_lociStitched	chr2	20615290	20631030	3	11659	25128.91	2288.596	371	1
2_MACS_peak_3513_lociStitched	chr10	63803218	63814929	2	11127	25314.4976	2475.7054	372	1
6_MACS_peak_25403_lociStitched	chr7	38383690	38408547	6	16454	28061.0673	5224.9414	373	1
2_MACS_peak_20310_lociStitched	chr3	196357947	196371056	2	9445	25815.5537	2982.2975	374	1
2_MACS_peak_15593_lociStitched	chr2	137132630	137142841	2	8735	24878.0804	2059.5587	375	1
3_MACS_peak_16011_lociStitched	chr2	192531009	192546123	3	9305	25427.7936	2650.9956	376	1
4_MACS_peak_4014_lociStitched	chr10	104531326	104543771	4	10521	25071.697	2318.5035	377	1
5_MACS_peak_10304_lociStitched	chr16	30193834	30223861	5	15307	28552.6743	5855.265	378	1
2_MACS_peak_26283_lociStitched	chr7	128572291	128582164	2	7262	25188.9849	2522.5515	379	1
7_MACS_peak_14904_lociStitched	chr2	68936359	68965675	7	14221	27152.4792	4529.322	380	1
4_MACS_peak_13951_lociStitched	chr19	47728640	47748384	4	12190	25459.888	2843.136	381	1
1_MACS_peak_9695_lociStitched	chr15	90637437	90646580	1	9144	24431.9246	1820.3713	382	1
3_MACS_peak_3359_lociStitched	chr10	43890854	43906094	3	10142	24807.672	2203.704	383	1
1_MACS_peak_14504_lociStitched	chr2	33699930	33705419	1	5490	23771.7612	1237.7695	384	1
1_MACS_peak_293_lociStitched	chr1	21615476	21622676	1	7201	23880.96	1357.92	385	1
1_MACS_peak_5599_lociStitched	chr11	117877298	117884275	1	6978	23739.9402	1227.2543	386	1
1_MACS_peak_6853_lociStitched	chr12	92754128	92760327	1	6200	23783.0834	1305.5094	387	1
2_MACS_peak_5685_lociStitched	chr11	122930577	122941648	2	7330	24549.9425	2115.6681	388	1
1_MACS_peak_21618_lociStitched	chr4	185184647	185191640	1	6994	24027.948	1593.7047	389	1
1_MACS_peak_9351_lociStitched	chr15	69108941	69114883	1	5943	23366.915	938.2418	390	1
1_MACS_peak_14857_lociStitched	chr2	65140194	65146920	1	6727	23829.5454	1426.5846	391	1
1_MACS_peak_11536_lociStitched	chr17	38016270	38025107	1	8838	24039.2911	1648.9842	392	1
2_MACS_peak_20362_lociStitched	chr4	1712589	1724714	2	6535	24151.7875	1766.6125	393	1
1_MACS_peak_15367_lociStitched	chr2	112249830	112253748	1	3919	23312.8836	944.6298	394	1
2_MACS_peak_20844_lociStitched	chr4	71541965	71554948	2	8898	24414.5315	2083.7715	395	1
6_MACS_peak_8946_lociStitched	chr15	40330234	40358322	6	14063	26231.3832	3991.3048	396	1
6_MACS_peak_23754_lociStitched	chr6	31773745	31804710	6	15059	27147.0155	4951.3035	397	1
1_MACS_peak_29024_lociStitched	chr9	139792729	139798278	1	5550	23287.4883	1112.0196	398	1
2_MACS_peak_17589_lociStitched	chr21	37905629	37916294	2	7057	24586.0245	2415.6225	399	1
1_MACS_peak_4311_lociStitched	chr11	267472	271087	1	3616	23026.104	865.0695	400	1
3_MACS_peak_1750_lociStitched	chr1	154942391	154957818	3	9583	26463.4758	4308.7611	401	1
3_MACS_peak_23888_lociStitched	chr6	37121765	37140802	3	10052	25126.9363	2975.4831	402	1
3_MACS_peak_13089_lociStitched	chr19	2254933	2271738	3	11024	25851.1315	3794.569	403	1
2_MACS_peak_19425_lociStitched	chr3	119354804	119362914	2	7503	23935.854	1912.338	404	1
3_MACS_peak_22669_lociStitched	chr5	131823096	131842312	3	12728	25353.5904	3378.1728	405	1
3_MACS_peak_25201_lociStitched	chr7	20471577	20490632	3	11484	24607.627	2656.267	406	1
5_MACS_peak_11703_lociStitched	chr17	43504975	43531532	5	15070	25871.8294	3959.6487	407	1
2_MACS_peak_26857_lociStitched	chr8	26428063	26437551	2	8324	23693.4336	1832.1328	408	1
3_MACS_peak_5021_lociStitched	chr11	65236142	65246279	3	6444	23230.9629	1425.2622	409	1
1_MACS_peak_6689_lociStitched	chr12	68381089	68387301	1	6213	23059.5652	1311.9744	410	1
1_MACS_peak_22354_lociStitched	chr5	88635038	88641797	1	6760	23172.5556	1456.5645	411	1
1_MACS_peak_26214_lociStitched	chr7	121944189	121951805	1	7617	23325.5232	1613.8304	412	1
1_MACS_peak_5205_lociStitched	chr11	72523577	72527724	1	4148	22532.7245	904.8754	413	1
3_MACS_peak_18183_lociStitched	chr22	39459146	39474303	3	11309	24101.1457	2496.3579	414	1
2_MACS_peak_27640_lociStitched	chr8	129664656	129673130	2	8389	23234.8606	1682.089	415	1
1_MACS_peak_22881_lociStitched	chr5	148204788	148215927	1	11140	23951.0778	2408.2518	416	1
3_MACS_peak_21890_lociStitched	chr5	32530591	32544535	3	11560	24224.9112	2698.164	417	1
2_MACS_peak_12171_lociStitched	chr17	73774450	73782514	2	6324	22978.368	1459.584	418	1
2_MACS_peak_22348_lociStitched	chr5	88563890	88570438	2	6277	22646.258	1222.5116	419	1
1_MACS_peak_1607_lociStitched	chr1	149855688	149861252	1	5565	23657.0152	2247.2996	420	1
2_MACS_peak_23714_lociStitched	chr6	30683742	30690758	2	6742	22937.4088	1529.488	421	1
1_MACS_peak_17293_lociStitched	chr20	56192040	56197996	1	5957	22532.7392	1178.6924	422	1
1_MACS_peak_28418_lociStitched	chr9	93795373	93799693	1	4321	22244.976	901.152	423	1
2_MACS_peak_1737_lociStitched	chr1	154755754	154765975	2	7923	23902.8306	2595.1119	424	1
4_MACS_peak_17054_lociStitched	chr20	42565312	42585505	4	13217	24556.7073	3257.1309	425	1
7_MACS_peak_10572_lociStitched	chr16	67184027	67218842	7	14152	26212.2135	4922.841	426	1
2_MACS_peak_24451_lociStitched	chr6	108986894	108997136	2	10228	22843.7568	1609.0182	427	1
3_MACS_peak_17940_lociStitched	chr22	26974810	26992478	3	11338	24203.3932	3017.6944	428	1
1_MACS_peak_13626_lociStitched	chr19	29121078	29125248	1	4171	22202.748	1027.488	429	1
2_MACS_peak_6444_lociStitched	chr12	51711844	51721920	2	9387	23059.9336	1889.25	430	1
3_MACS_peak_13279_lociStitched	chr19	10329342	10348035	3	9616	23841.0522	2693.6613	431	1
2_MACS_peak_17077_lociStitched	chr20	43270414	43282271	2	11292	23502.9454	2357.1716	432	1
7_MACS_peak_8590_lociStitched	chr14	95946313	95985826	7	17561	24162.1995	3054.3549	433	1
4_MACS_peak_5136_lociStitched	chr11	67760498	67778614	4	11007	23635.9452	2588.7764	434	1
4_MACS_peak_7079_lociStitched	chr12	109161772	109181054	4	11085	24127.5666	3081.2636	435	1
4_MACS_peak_13098_lociStitched	chr19	2455446	2480350	4	12437	25875.256	4876.2032	436	1
6_MACS_peak_4032_lociStitched	chr10	105244578	105268331	6	17060	24919.2723	3933.4968	437	1
2_MACS_peak_8401_lociStitched	chr14	72980240	72990146	2	9612	21965.5644	986.6376	438	1
3_MACS_peak_14843_lociStitched	chr2	64862792	64883410	3	11665	24500.3694	3533.9252	439	1
1_MACS_peak_24747_lociStitched	chr6	138186919	138196046	1	9128	22757.2618	1791.6301	440	1
1_MACS_peak_28141_lociStitched	chr9	37527698	37533179	1	5482	22261.6296	1310.5071	441	1
1_MACS_peak_13799_lociStitched	chr19	41767667	41772089	1	4423	21969.8226	1020.1554	442	1
3_MACS_peak_17419_lociStitched	chr21	19151782	19169225	3	13864	23579.4474	2644.3588	443	1
3_MACS_peak_24169_lociStitched	chr6	74220363	74234406	3	9726	23505.1734	2675.1915	444	1
4_MACS_peak_17656_lociStitched	chr21	43638711	43657808	4	11375	25041.8961	4220.437	445	1
4_MACS_peak_5655_lociStitched	chr11	120368045	120383209	4	11924	22606.4912	1863.6556	446	1
3_MACS_peak_17336_lociStitched	chr20	61272854	61291151	3	11332	23193.2772	2451.798	447	1
1_MACS_peak_20893_lociStitched	chr4	76023290	76029640	1	6351	22183.725	1461.77	448	1
1_MACS_peak_25996_lociStitched	chr7	101946493	101952135	1	5643	21626.3502	920.2102	449	1
2_MACS_peak_4101_lociStitched	chr10	112256018	112272896	2	10565	23646.078	2950.2744	450	1
1_MACS_peak_4889_lociStitched	chr11	60601992	60613086	1	11095	23014.503	2356.3656	451	1
1_MACS_peak_1483_lociStitched	chr1	143742202	143746225	1	4024	21882.3039	1249.5438	452	1
1_MACS_peak_7945_lociStitched	chr13	114789302	114794559	1	5258	21701.9474	1114.484	453	1
5_MACS_peak_29794_lociStitched	chrX	128902351	128921281	5	12621	22589.169	2002.794	454	1
4_MACS_peak_29948_lociStitched	chrX	153234300	153252441	4	8731	22128.3918	1549.2414	455	1
2_MACS_peak_2805_lociStitched	chr1	230256872	230270034	2	7631	23355.969	2806.1384	456	1
2_MACS_peak_6823_lociStitched	chr12	89738104	89749534	2	9741	22619.97	2095.119	457	1
1_MACS_peak_17626_lociStitched	chr21	41384244	41389998	1	5755	22467.0684	1950.606	458	1
7_MACS_peak_4974_lociStitched	chr11	63992827	64020261	7	13916	24674.1396	4205.6322	459	1
3_MACS_peak_17526_lociStitched	chr21	34696164	34712723	3	8396	24494.0728	4030.4606	460	1
4_MACS_peak_13976_lociStitched	chr19	48823926	48838010	4	10799	22976.6376	2535.12	461	1
2_MACS_peak_2123_lociStitched	chr1	179846146	179853678	2	4925	22531.2248	2099.9216	462	1
4_MACS_peak_13039_lociStitched	chr19	1258501	1277226	4	10189	24793.7725	4394.7575	463	1
5_MACS_peak_22927_lociStitched	chr5	150512932	150538161	5	15473	24605.8437	4235.9491	464	1
5_MACS_peak_13063_lociStitched	chr19	1847417	1865652	5	9499	23577.855	3229.4185	465	1
2_MACS_peak_7940_lociStitched	chr13	114581702	114594842	2	9743	22542.984	2199.636	466	1
1_MACS_peak_2010_lociStitched	chr1	167596326	167601883	1	5558	21966.2653	1630.4238	467	1
3_MACS_peak_17082_lociStitched	chr20	43587395	43608938	3	12432	23921.3472	3638.6127	468	1
4_MACS_peak_13079_lociStitched	chr19	2040986	2062756	4	9579	24785.145	4515.098	469	1
3_MACS_peak_26065_lociStitched	chr7	105984904	105998558	3	7572	22997.4322	2756.7426	470	1
3_MACS_peak_8888_lociStitched	chr15	34619287	34635781	3	9571	22905.2178	2672.028	471	1
2_MACS_peak_12021_lociStitched	chr17	62980051	62986668	2	6434	21495.3245	1266.4938	472	1
2_MACS_peak_29767_lociStitched	chrX	119434950	119445549	2	10030	21319.8885	1109.7153	473	1
2_MACS_peak_12230_lociStitched	chr17	75229347	75244042	2	8394	22499.5145	2295.359	474	1
2_MACS_peak_15668_lociStitched	chr2	153913802	153928899	2	10185	22787.4118	2652.5429	475	1
1_MACS_peak_18165_lociStitched	chr22	39146318	39153232	1	6915	21277.835	1165.009	476	1
1_MACS_peak_17045_lociStitched	chr20	42308719	42312370	1	3652	20887.371	802.8549	477	1
7_MACS_peak_6490_lociStitched	chr12	53845922	53874674	7	24661	25250.0064	5244.3648	478	1
3_MACS_peak_6092_lociStitched	chr12	15101004	15116240	3	14975	23010.9308	3024.346	479	1
2_MACS_peak_20053_lociStitched	chr3	178230469	178241400	2	10913	22790.0419	2813.6394	480	1
3_MACS_peak_11528_lociStitched	chr17	37924977	37937794	3	11427	22020.8877	2104.5514	481	1
1_MACS_peak_8711_lociStitched	chr14	106207073	106212055	1	4983	20266.2778	352.7256	482	1
3_MACS_peak_18534_lociStitched	chr3	13455291	13470827	3	7279	22171.4256	2314.864	483	1
3_MACS_peak_7040_lociStitched	chr12	106528878	106544046	3	10189	22334.88	2490.5856	484	1
1_MACS_peak_8364_lociStitched	chr14	69258113	69263988	1	5876	20297.5375	482.3375	485	1
1_MACS_peak_2633_lociStitched	chr1	218336129	218339887	1	3759	20649.8342	842.1678	486	1
1_MACS_peak_16738_lociStitched	chr20	17945738	17951467	1	5730	21173.8111	1368.6581	487	1
1_MACS_peak_4718_lociStitched	chr11	35159644	35169187	1	9544	22020.4725	2250.2394	488	1
1_MACS_peak_17397_lociStitched	chr21	11168029	11172460	1	4432	22110.2469	2341.7835	489	1
6_MACS_peak_21556_lociStitched	chr4	173896103	173920816	6	15682	23432.8666	3674.8231	490	1
1_MACS_peak_27692_lociStitched	chr8	134244543	134248882	1	4340	20721.7623	965.8614	491	1
4_MACS_peak_14123_lociStitched	chr19	56145530	56167785	4	10627	22773.5415	3024.4545	492	1
3_MACS_peak_3384_lociStitched	chr10	45454016	45475202	3	13093	22904.1846	3160.9512	493	1
1_MACS_peak_9550_lociStitched	chr15	81291397	81295320	1	3924	20401.1692	659.8486	494	1
2_MACS_peak_4009_lociStitched	chr10	104401125	104412722	2	7975	21303.689	1570.2338	495	1
1_MACS_peak_4227_lociStitched	chr10	125863351	125867820	1	4470	20736.6069	1026.9762	496	1
1_MACS_peak_25838_lociStitched	chr7	90337478	90345428	1	7951	21158.925	1469.16	497	1
2_MACS_peak_24285_lociStitched	chr6	88625618	88640212	2	13257	22123.0446	2510.168	498	1
5_MACS_peak_23394_lociStitched	chr6	10403364	10430964	5	10136	22665.12	3066.36	499	1
4_MACS_peak_3627_lociStitched	chr10	74006973	74024534	4	9679	22495.641	2901.0772	500	1
1_MACS_peak_12875_lociStitched	chr18	56806260	56811898	1	5639	20815.496	1221.1908	501	1
2_MACS_peak_29316_lociStitched	chrX	40028240	40037134	2	6509	20367.26	783.5614	502	1
2_MACS_peak_7318_lociStitched	chr12	125398332	125412421	2	8941	21085.5974	1542.7455	503	1
1_MACS_peak_3382_lociStitched	chr10	45389411	45395465	1	6055	20586.0216	1081.2444	504	1
2_MACS_peak_18156_lociStitched	chr22	38782232	38797113	2	14783	21958.4036	2474.7103	505	1
3_MACS_peak_28735_lociStitched	chr9	123630404	123641552	3	7701	21390.7824	1923.03	506	1
1_MACS_peak_14262_lociStitched	chr2	10259687	10265050	1	5364	20542.4352	1135.3471	507	1
1_MACS_peak_19248_lociStitched	chr3	98448514	98455419	1	6906	20878.6485	1478.3605	508	1
2_MACS_peak_14864_lociStitched	chr2	65255129	65261239	2	5733	20390.903	1002.651	509	1
5_MACS_peak_12127_lociStitched	chr17	72733239	72756808	5	18443	23076.4079	3763.9693	510	1
1_MACS_peak_28427_lociStitched	chr9	94181265	94192794	1	11530	21159.1737	1887.2973	511	1
2_MACS_peak_12254_lociStitched	chr17	76116469	76129389	2	8516	21146.164	1925.08	512	1
3_MACS_peak_25950_lociStitched	chr7	100020434	100034966	3	6327	21399.8232	2182.7064	513	1
4_MACS_peak_16640_lociStitched	chr20	5570502	5592514	4	17469	22837.45	3640.7848	514	1
3_MACS_peak_14911_lociStitched	chr2	68988921	69003403	3	8066	21793.9618	2645.8614	515	1
2_MACS_peak_23712_lociStitched	chr6	30649177	30659479	2	9093	21068.6202	1959.4404	516	1
3_MACS_peak_10943_lociStitched	chr17	1618334	1628826	3	6111	20925.2448	1821.4112	517	1
1_MACS_peak_2034_lociStitched	chr1	169861663	169864507	1	2845	19989.054	897.282	518	1
1_MACS_peak_13812_lociStitched	chr19	42051477	42062515	1	11039	21197.3752	2142.4758	519	1
1_MACS_peak_15340_lociStitched	chr2	111431773	111437532	1	5760	20147.2856	1097.6654	520	1
2_MACS_peak_1362_lociStitched	chr1	112134529	112147967	2	8915	20484.8872	1448.6164	521	1
3_MACS_peak_19498_lociStitched	chr3	124500816	124512325	3	10500	20860.0625	1850.6472	522	1
9_MACS_peak_10735_lociStitched	chr16	78768609	78804938	9	21756	22516.7142	3523.913	523	1
2_MACS_peak_12377_lociStitched	chr17	80405971	80417669	2	6524	21116.0598	2145.4132	524	1
2_MACS_peak_28913_lociStitched	chr9	132646262	132657555	2	7624	21002.7214	2057.5846	525	1
1_MACS_peak_26396_lociStitched	chr7	139613628	139618367	1	4740	20326.9927	1399.4267	526	1
2_MACS_peak_20922_lociStitched	chr4	77608745	77625176	2	15350	21922.2402	3010.1592	527	1
3_MACS_peak_1909_lociStitched	chr1	161122858	161137347	3	6261	22727.4454	3819.3004	528	1
5_MACS_peak_23808_lociStitched	chr6	33537769	33561578	5	10963	22163.7981	3257.0712	529	1
1_MACS_peak_883_lociStitched	chr1	53100811	53104911	1	4101	19800.95	898.31	530	1
1_MACS_peak_2245_lociStitched	chr1	192542428	192551748	1	9321	21576.732	2679.5	531	1
8_MACS_peak_10588_lociStitched	chr16	67547927	67587211	8	14057	24796.0608	5912.242	532	1
1_MACS_peak_3312_lociStitched	chr10	32634938	32637115	1	2178	19308.6838	429.3044	533	1
1_MACS_peak_15555_lociStitched	chr2	134707712	134714583	1	6872	20331.9761	1458.7133	534	1
2_MACS_peak_20294_lociStitched	chr3	195632260	195642421	2	6438	21328.9551	2458.962	535	1
2_MACS_peak_12238_lociStitched	chr17	75435019	75442967	2	7315	20105.2608	1252.6048	536	1
1_MACS_peak_15971_lociStitched	chr2	188730738	188735805	1	5068	19754.7129	913.5801	537	1
1_MACS_peak_26484_lociStitched	chr7	148579610	148582847	1	3238	19496.1273	664.5561	538	1
2_MACS_peak_17530_lociStitched	chr21	34746129	34757256	2	7209	21391.6575	2581.464	539	1
2_MACS_peak_21623_lociStitched	chr4	185263662	185277135	2	7936	21066.3828	2260.7694	540	1
3_MACS_peak_9086_lociStitched	chr15	46994483	47008928	3	12271	20848.4685	2075.7465	541	1
2_MACS_peak_6706_lociStitched	chr12	69195720	69206017	2	6516	20374.6739	1608.3914	542	1
4_MACS_peak_17914_lociStitched	chr22	24819800	24831699	4	7990	20412.7345	1649.2014	543	1
1_MACS_peak_27698_lociStitched	chr8	134508408	134515674	1	7267	20420.3664	1673.3598	544	1
1_MACS_peak_23708_lociStitched	chr6	30582201	30586837	1	4637	19779.0304	1085.2876	545	1
3_MACS_peak_26272_lociStitched	chr7	128162774	128173706	3	6898	20665.8528	1976.5056	546	1
2_MACS_peak_14862_lociStitched	chr2	65204869	65220748	2	9575	21042.8508	2389.7895	547	1
1_MACS_peak_17970_lociStitched	chr22	29662555	29666094	1	3540	19312.6769	693.644	548	1
3_MACS_peak_364_lociStitched	chr1	25347199	25364598	3	7992	20958.8354	2352.3448	549	1
2_MACS_peak_9420_lociStitched	chr15	74665527	74679217	2	7316	21105.873	2510.746	550	1
3_MACS_peak_14437_lociStitched	chr2	27374765	27389969	3	10758	21001.2852	2423.5176	551	1
2_MACS_peak_28415_lociStitched	chr9	93732207	93742372	2	7290	20419.452	1841.898	552	1
5_MACS_peak_18407_lociStitched	chr22	50962873	50983173	5	10562	21235.83	2661.33	553	1
1_MACS_peak_26916_lociStitched	chr8	29464580	29475045	1	10466	20100.1255	1559.285	554	1
4_MACS_peak_25700_lociStitched	chr7	74057122	74076864	4	10790	21275.9534	2740.1896	555	1
4_MACS_peak_22923_lociStitched	chr5	150459510	150475945	4	10013	21054.8785	2534.277	556	1
3_MACS_peak_14828_lociStitched	chr2	64497400	64511534	3	8753	20874.5046	2358.9646	557	1
2_MACS_peak_5572_lociStitched	chr11	115125344	115136890	2	9086	20259.7662	1776.9294	558	1
1_MACS_peak_21565_lociStitched	chr4	174253698	174257358	1	3661	19060.182	598.044	559	1
6_MACS_peak_13369_lociStitched	chr19	12885665	12918416	6	13663	23092.7301	4634.2665	560	1
1_MACS_peak_11938_lociStitched	chr17	57695431	57698613	1	3183	19022.6324	595.9886	561	1
3_MACS_peak_7277_lociStitched	chr12	123371199	123387326	3	14441	20260.3501	1843.3161	562	1
2_MACS_peak_18174_lociStitched	chr22	39377272	39385776	2	8308	19885.7536	1478.8456	563	1
3_MACS_peak_9698_lociStitched	chr15	90721606	90736320	3	7525	20799.7104	2401.3248	564	1
3_MACS_peak_16196_lociStitched	chr2	207997090	208015071	3	8022	21088.1168	2715.131	565	1
2_MACS_peak_2782_lociStitched	chr1	228665895	228676451	2	5208	20377.3024	2025.6964	566	1
1_MACS_peak_2553_lociStitched	chr1	211430924	211434924	1	4001	19448	1099.2	567	1
3_MACS_peak_5775_lociStitched	chr11	129233581	129249305	3	9984	20963.2368	2614.9012	568	1
1_MACS_peak_24621_lociStitched	chr6	130003262	130010483	1	7222	19833.1986	1492.5807	569	1
1_MACS_peak_18082_lociStitched	chr22	36725607	36730253	1	4647	19300.4132	1011.4342	570	1
2_MACS_peak_28276_lociStitched	chr9	73026835	73036765	2	7090	19652.463	1384.242	571	1
1_MACS_peak_983_lociStitched	chr1	62900839	62904371	1	3533	18885.604	637.526	572	1
3_MACS_peak_5528_lociStitched	chr11	111279991	111294295	3	12624	20643.5328	2405.9328	573	1
1_MACS_peak_231_lociStitched	chr1	16160045	16163518	1	3474	18912.2215	683.8337	574	1
1_MACS_peak_1647_lociStitched	chr1	151042019	151044554	1	2536	19086.2685	899.6715	575	1
1_MACS_peak_12783_lociStitched	chr18	48677372	48681782	1	4411	19008.864	884.205	576	1
2_MACS_peak_1476_lociStitched	chr1	143461514	143469667	2	7997	21810.0903	3726.7363	577	1
2_MACS_peak_29306_lociStitched	chrX	39712512	39720897	2	5794	18758.0835	677.508	578	1
5_MACS_peak_6942_lociStitched	chr12	96878445	96902080	5	11528	21228.957	3157.636	579	1
2_MACS_peak_23727_lociStitched	chr6	31164608	31172948	2	6026	19474.734	1416.966	580	1
1_MACS_peak_6959_lociStitched	chr12	98908088	98912687	1	4600	18822.3273	766.6533	581	1
2_MACS_peak_2114_lociStitched	chr1	179049126	179058499	2	5844	20370.3409	2317.0056	582	1
1_MACS_peak_12229_lociStitched	chr17	75204068	75210068	1	6001	19290	1242	583	1
3_MACS_peak_19937_lociStitched	chr3	169481406	169492266	3	6225	20404.854	2365.308	584	1
2_MACS_peak_11303_lociStitched	chr17	27046086	27056583	2	6725	20168.9358	2137.1892	585	1
2_MACS_peak_17863_lociStitched	chr22	23087904	23101857	2	10750	20265.3372	2235.2706	586	1
1_MACS_peak_20200_lociStitched	chr3	186499861	186503740	1	3880	19210.7475	1186.974	587	1
2_MACS_peak_21669_lociStitched	chr4	186507057	186514966	2	6587	19396.0316	1373.7933	588	1
2_MACS_peak_1823_lociStitched	chr1	156627206	156635250	2	7442	20236.2908	2228.188	589	1
1_MACS_peak_5916_lociStitched	chr12	6640889	6646058	1	5170	19088.6001	1102.5477	590	1
1_MACS_peak_3836_lociStitched	chr10	91645690	91651109	1	5420	18825.606	891.4255	591	1
2_MACS_peak_20987_lociStitched	chr4	84132381	84144228	2	9434	20142.2694	2210.6502	592	1
4_MACS_peak_21631_lociStitched	chr4	185366644	185381058	4	8885	20493.8252	2571.4576	593	1
2_MACS_peak_6978_lociStitched	chr12	102129617	102140190	2	7344	19638.2902	1717.0552	594	1
2_MACS_peak_6432_lociStitched	chr12	51311871	51323069	2	10951	19995.1488	2083.9478	595	1
1_MACS_peak_5424_lociStitched	chr11	96070503	96077106	1	6604	19189.6386	1282.9629	596	1
1_MACS_peak_17538_lociStitched	chr21	34913042	34916686	1	3645	19132.0932	1233.1296	597	1
1_MACS_peak_17046_lociStitched	chr20	42378049	42382427	1	4379	18970.3118	1078.3014	598	1
2_MACS_peak_22484_lociStitched	chr5	109190097	109202252	2	7545	20142.0505	2262.0455	599	1
1_MACS_peak_23595_lociStitched	chr6	26269943	26275399	1	5457	19163.1088	1294.7088	600	1
1_MACS_peak_12283_lociStitched	chr17	76884414	76889087	1	4674	19047.148	1197.6899	601	1
1_MACS_peak_23426_lociStitched	chr6	12007935	12014005	1	6071	18705.919	938.422	602	1
2_MACS_peak_17234_lociStitched	chr20	52345513	52358305	2	8245	19965.7536	2205.3408	603	1
2_MACS_peak_18835_lociStitched	chr3	46129453	46141268	2	10574	19946.083	2191.6825	604	1
2_MACS_peak_22511_lociStitched	chr5	112256438	112266857	2	7703	19522.0803	1821.2412	605	1
1_MACS_peak_14129_lociStitched	chr19	56328937	56333493	1	4557	18650.8972	955.8488	606	1
1_MACS_peak_5614_lociStitched	chr11	118659644	118663805	1	4162	18491.484	804.3213	607	1
1_MACS_peak_26307_lociStitched	chr7	129587919	129593297	1	5379	19360.2622	1686.5408	608	1
2_MACS_peak_17880_lociStitched	chr22	23477914	23488677	2	9507	19684.4507	2013.7573	609	1
2_MACS_peak_27242_lociStitched	chr8	72911311	72918511	2	5602	18851.76	1203.84	610	1
1_MACS_peak_7072_lociStitched	chr12	109009063	109013151	1	4089	18487.1624	881.3728	611	1
3_MACS_peak_1713_lociStitched	chr1	153929541	153941517	3	7673	21004.7064	3405.9744	612	1
1_MACS_peak_2083_lociStitched	chr1	174967119	174970425	1	3307	18801.5526	1205.6982	613	1
3_MACS_peak_11251_lociStitched	chr17	20204883	20224576	3	12293	20342.869	2760.9586	614	1
1_MACS_peak_2938_lociStitched	chr1	245025371	245029086	1	3716	18488.069	931.3505	615	1
1_MACS_peak_16412_lociStitched	chr2	232570536	232576900	1	6365	18101.7616	554.3044	616	1
2_MACS_peak_20680_lociStitched	chr4	40302522	40319893	2	11843	20579.4237	3062.5073	617	1
1_MACS_peak_12874_lociStitched	chr18	56751290	56757378	1	6089	18718.7736	1227.9496	618	1
1_MACS_peak_28530_lociStitched	chr9	100744431	100748057	1	3627	17931.6578	441.2842	619	1
1_MACS_peak_15836_lociStitched	chr2	174827234	174831629	1	4396	18189.5865	714.1875	620	1
1_MACS_peak_17294_lociStitched	chr20	56253017	56258863	1	5847	18759.2294	1306.581	621	1
3_MACS_peak_6324_lociStitched	chr12	46119625	46132416	3	9292	19392.4351	1948.0693	622	1
1_MACS_peak_18167_lociStitched	chr22	39265545	39271332	1	5788	18494.6733	1052.0766	623	1
1_MACS_peak_11709_lociStitched	chr17	43660549	43664597	1	4049	18307.8896	886.512	624	1
2_MACS_peak_4002_lociStitched	chr10	104153104	104159850	2	5276	18605.468	1193.3674	625	1
3_MACS_peak_14394_lociStitched	chr2	25624148	25645573	3	9401	20857.2375	3475.135	626	1
4_MACS_peak_18216_lociStitched	chr22	39910844	39929416	4	8894	20405.0564	3069.9516	627	1
2_MACS_peak_5807_lociStitched	chr11	132218163	132231680	2	8571	19679.4003	2357.3648	628	1
1_MACS_peak_6162_lociStitched	chr12	26305949	26312533	1	6585	18691.976	1374.7392	629	1
3_MACS_peak_4891_lociStitched	chr11	60672541	60684063	3	8664	19780.9696	2468.0124	630	1
4_MACS_peak_28855_lociStitched	chr9	130828672	130845669	4	11978	19753.9134	2442.4689	631	1
2_MACS_peak_10332_lociStitched	chr16	30661114	30673009	2	7310	19403.124	2093.52	632	1
1_MACS_peak_19956_lociStitched	chr3	170072318	170076708	1	4391	18073.63	831.905	633	1
1_MACS_peak_13937_lociStitched	chr19	47103228	47105623	1	2396	17640.612	403.797	634	1
1_MACS_peak_13207_lociStitched	chr19	6799366	6804103	1	4738	18619.7259	1398.3624	635	1
3_MACS_peak_15675_lociStitched	chr2	157188637	157207781	3	7604	19657.0592	2530.8368	636	1
3_MACS_peak_20470_lociStitched	chr4	9599244	9611026	3	7916	19162.2448	2045.3552	637	1
3_MACS_peak_21312_lociStitched	chr4	129723888	129741278	3	8396	19598.53	2488.509	638	1
2_MACS_peak_13450_lociStitched	chr19	16221379	16231712	2	7529	18838.0923	1741.1105	639	1
1_MACS_peak_22619_lociStitched	chr5	126111036	126116158	1	5123	17901.39	806.715	640	1
3_MACS_peak_29312_lociStitched	chrX	39953461	39969637	3	11724	18262.704	1175.9952	641	1
1_MACS_peak_17004_lociStitched	chr20	37519286	37523352	1	4067	17810.7064	726.1876	642	1
5_MACS_peak_16111_lociStitched	chr2	202083712	202102096	5	12654	20161.7328	3082.9968	643	1
2_MACS_peak_1857_lociStitched	chr1	159036039	159048482	2	7066	19892.6241	2829.5382	644	1
3_MACS_peak_23112_lociStitched	chr5	171601176	171616117	3	9887	19539.8398	2481.7001	645	1
2_MACS_peak_11035_lociStitched	chr17	5835650	5848885	2	6850	19039.871	1986.5735	646	1
3_MACS_peak_28738_lociStitched	chr9	123653143	123667637	3	8307	19259.6272	2208.8856	647	1
1_MACS_peak_23236_lociStitched	chr5	180256642	180259941	1	3300	17769.7336	728.0893	648	1
5_MACS_peak_19782_lociStitched	chr3	151985405	152001812	5	12200	19726.1361	2703.8736	649	1
1_MACS_peak_18533_lociStitched	chr3	13372071	13376941	1	4871	18043.35	1033.901	650	1
2_MACS_peak_17682_lociStitched	chr21	44771928	44783182	2	4865	19195.9478	2186.6522	651	1
3_MACS_peak_5632_lociStitched	chr11	118964300	118979482	3	8581	19533.1612	2526.2848	652	1
2_MACS_peak_23651_lociStitched	chr6	27857678	27871329	2	7792	19369.4039	2376.6391	653	1
1_MACS_peak_6897_lociStitched	chr12	94563368	94569340	1	5973	18307.166	1315.6316	654	1
2_MACS_peak_18265_lociStitched	chr22	42141685	42150934	2	7986	18747.723	1765.6341	655	1
1_MACS_peak_22127_lociStitched	chr5	61984804	61991068	1	6265	18316.5624	1344.2544	656	1
1_MACS_peak_23227_lociStitched	chr5	179245015	179249253	1	4239	17677.5456	710.7126	657	1
1_MACS_peak_1627_lociStitched	chr1	150335377	150339048	1	3672	18054.7122	1094.3251	658	1
1_MACS_peak_26910_lociStitched	chr8	29385520	29390055	1	4536	17858.3765	965.955	659	1
3_MACS_peak_5751_lociStitched	chr11	128274303	128286644	3	8075	18657.1238	1785.7427	660	1
2_MACS_peak_25273_lociStitched	chr7	25979918	25992244	2	7222	18783.5914	1914.2278	661	1
2_MACS_peak_10325_lociStitched	chr16	30537174	30547189	2	5050	18406.5685	1548.319	662	1
1_MACS_peak_20643_lociStitched	chr4	38089420	38095133	1	5714	18044.5105	1212.2986	663	1
3_MACS_peak_3011_lociStitched	chr10	3798582	3808562	3	7691	18139.648	1327.34	664	1
3_MACS_peak_19287_lociStitched	chr3	101495712	101513326	3	9835	19789.329	2980.2888	665	1
4_MACS_peak_6066_lociStitched	chr12	13242216	13256009	4	10501	19030.2021	2230.3281	666	1
2_MACS_peak_11755_lociStitched	chr17	46124117	46134591	2	5757	18525.3638	1759.632	667	1
2_MACS_peak_26219_lociStitched	chr7	122822979	122833586	2	7575	18978.0444	2223.2272	668	1
2_MACS_peak_13738_lociStitched	chr19	39338899	39349174	2	7472	18578.2275	1827.9225	669	1
3_MACS_peak_24810_lociStitched	chr6	143162951	143179997	3	10415	18298.881	1566.5274	670	1
3_MACS_peak_6334_lociStitched	chr12	46776155	46785553	3	8283	18689.8026	1971.7004	671	1
4_MACS_peak_17244_lociStitched	chr20	52545705	52566990	4	13218	20103.6825	3390.7005	672	1
4_MACS_peak_23359_lociStitched	chr6	7135100	7147982	4	10288	19200.621	2510.7018	673	1
3_MACS_peak_5905_lociStitched	chr12	6468453	6477653	3	6583	18364.12	1689.12	674	1
1_MACS_peak_12592_lociStitched	chr18	22929059	22941551	1	12493	18092.1636	1427.8356	675	1
2_MACS_peak_2722_lociStitched	chr1	226062472	226071668	2	8057	19070.6648	2407.5128	676	1
1_MACS_peak_4910_lociStitched	chr11	61559092	61561621	1	2530	17383.0815	743.7789	677	1
2_MACS_peak_26905_lociStitched	chr8	29203339	29210257	2	6894	17550.2742	924.2448	678	1
3_MACS_peak_4093_lociStitched	chr10	112146900	112158418	3	9426	18451.836	1833.6656	679	1
1_MACS_peak_12820_lociStitched	chr18	52930617	52937835	1	7219	17871.0462	1253.0448	680	1
2_MACS_peak_16734_lociStitched	chr20	17826761	17839347	2	9586	18753.14	2137.1028	681	1
2_MACS_peak_13126_lociStitched	chr19	3499715	3507430	2	4119	18311.5525	1737.418	682	1
1_MACS_peak_9465_lociStitched	chr15	75491030	75497576	1	6547	17833.2678	1259.4504	683	1
1_MACS_peak_14884_lociStitched	chr2	66659703	66668578	1	8876	17832.5375	1272.675	684	1
3_MACS_peak_2688_lociStitched	chr1	223899531	223915785	3	9952	20141.9568	3597.0102	685	1
2_MACS_peak_13008_lociStitched	chr19	506017	512466	2	4681	18079.7715	1573.556	686	1
3_MACS_peak_23576_lociStitched	chr6	26020298	26034915	3	9569	19390.9122	2897.0894	687	1
2_MACS_peak_29945_lociStitched	chrX	153189368	153200547	2	6423	17504.0782	1038.5291	688	1
3_MACS_peak_6486_lociStitched	chr12	53763915	53776128	3	7177	18561.3174	2104.2999	689	1
1_MACS_peak_1753_lociStitched	chr1	154971143	154977644	1	6502	17910.9051	1463.3751	690	1
1_MACS_peak_1536_lociStitched	chr1	145967756	145970643	1	2888	17380.6061	945.2038	691	1
3_MACS_peak_594_lociStitched	chr1	36614205	36627343	3	8398	18435.2416	2007.4864	692	1
1_MACS_peak_18372_lociStitched	chr22	48491940	48496955	1	5016	17344.879	922.2585	693	1
1_MACS_peak_17330_lociStitched	chr20	60911261	60916869	1	5609	17556.4048	1134.4984	694	1
1_MACS_peak_22302_lociStitched	chr5	81145840	81152224	1	6385	17599.4112	1184.232	695	1
1_MACS_peak_6572_lociStitched	chr12	57076637	57083706	1	7070	17907.1908	1504.9901	696	1
1_MACS_peak_1555_lociStitched	chr1	147509547	147512352	1	2806	17139.672	817.0965	697	1
1_MACS_peak_4270_lociStitched	chr10	130854024	130858498	1	4475	17109.9182	792.3454	698	1
1_MACS_peak_27643_lociStitched	chr8	130763356	130767463	1	4108	17173.4205	860.4165	699	1
3_MACS_peak_1509_lociStitched	chr1	145126649	145145978	3	10741	22808.22	6498.4098	700	1
4_MACS_peak_17284_lociStitched	chr20	55957943	55975398	4	11352	19043.405	2735.1985	701	1
2_MACS_peak_5447_lociStitched	chr11	102185953	102193667	2	7703	17894.1658	1614.5402	702	1
3_MACS_peak_18177_lociStitched	chr22	39409229	39422073	3	7845	18594.2588	2332.4704	703	1
1_MACS_peak_15122_lociStitched	chr2	87753988	87757671	1	3684	16960.9516	723.3412	704	1
4_MACS_peak_5938_lociStitched	chr12	7022765	7038376	4	11256	18647.3395	2415.0217	705	1
1_MACS_peak_16685_lociStitched	chr20	9489968	9498492	1	8525	17684.7428	1491.7	706	1
1_MACS_peak_19848_lociStitched	chr3	156876238	156879546	1	3309	17112.9456	934.1792	707	1
2_MACS_peak_12236_lociStitched	chr17	75361575	75369887	2	6509	17631.4144	1456.2624	708	1
1_MACS_peak_15069_lociStitched	chr2	85764526	85767895	1	3370	16872.6258	707.49	709	1
1_MACS_peak_22441_lociStitched	chr5	100234953	100241719	1	6767	17756.6904	1594.7462	710	1
2_MACS_peak_14544_lociStitched	chr2	37614960	37622829	2	7417	17993.2554	1835.8377	711	1
2_MACS_peak_27690_lociStitched	chr8	134221444	134232134	2	6365	17557.256	1404.666	712	1
1_MACS_peak_419_lociStitched	chr1	27112819	27116143	1	3325	16916.8332	769.1736	713	1
3_MACS_peak_23744_lociStitched	chr6	31619103	31634514	3	7009	19011.0096	2866.446	714	1
2_MACS_peak_12209_lociStitched	chr17	74721459	74734922	2	7058	18346.0301	2202.5468	715	1
2_MACS_peak_64_lociStitched	chr1	2476819	2489248	2	6909	17646.6942	1508.8806	716	1
2_MACS_peak_26618_lociStitched	chr8	1991045	2000098	2	6364	17395.3395	1261.0829	717	1
1_MACS_peak_22764_lociStitched	chr5	139047022	139052203	1	5182	17334.0717	1207.6911	718	1
2_MACS_peak_27928_lociStitched	chr9	9605472	9615865	2	9066	17595.349	1488.2776	719	1
5_MACS_peak_26879_lociStitched	chr8	27934062	27951570	5	12413	19372.602	3284.5008	720	1
3_MACS_peak_19591_lociStitched	chr3	129890695	129900386	3	7797	18036.8892	1954.6747	721	1
2_MACS_peak_12001_lociStitched	chr17	62197184	62210368	2	12146	18800.384	2723.8144	722	1
3_MACS_peak_2194_lociStitched	chr1	184711177	184725861	3	9292	19522.378	3453.6768	723	1
4_MACS_peak_2415_lociStitched	chr1	205196279	205217908	4	11352	21062.3202	4994.1361	724	1
2_MACS_peak_10557_lociStitched	chr16	66582849	66587958	2	4916	16963.4127	902.2494	725	1
2_MACS_peak_4030_lociStitched	chr10	105229143	105237074	2	5280	17371.2693	1317.3391	726	1
1_MACS_peak_16199_lociStitched	chr2	208028310	208032522	1	4213	16820.622	788.0652	727	1
3_MACS_peak_2041_lociStitched	chr1	171219574	171228889	3	8164	18135.3735	2135.9295	728	1
1_MACS_peak_2715_lociStitched	chr1	225653925	225656717	1	2793	16769.5896	770.3128	729	1
3_MACS_peak_2564_lociStitched	chr1	211688144	211703001	3	8689	19006.5601	3038.2565	730	1
2_MACS_peak_3897_lociStitched	chr10	97049439	97057782	2	8035	17280.8559	1340.7201	731	1
2_MACS_peak_21977_lociStitched	chr5	43007041	43021162	2	8298	18204.7932	2300.3109	732	1
2_MACS_peak_15955_lociStitched	chr2	187810724	187820989	2	7560	17216.458	1350.874	733	1
4_MACS_peak_11086_lociStitched	chr17	7736841	7762210	4	12512	19214.4806	3358.8556	734	1
2_MACS_peak_2591_lociStitched	chr1	212779505	212788843	2	5913	18099.8454	2263.5312	735	1
1_MACS_peak_19800_lociStitched	chr3	152877330	152882051	1	4722	16789.2923	955.0583	736	1
4_MACS_peak_6865_lociStitched	chr12	92931027	92950998	4	12584	18860.6124	3027.6036	737	1
5_MACS_peak_8732_lociStitched	chr15	20969632	20996151	5	10151	19419.8637	3598.6283	738	1
2_MACS_peak_20418_lociStitched	chr4	5705352	5715526	2	7916	17606.107	1785.537	739	1
3_MACS_peak_23798_lociStitched	chr6	33279513	33292765	3	8190	18041.2728	2226.336	740	1
2_MACS_peak_21731_lociStitched	chr5	1335508	1346203	2	8130	17803.9665	1990.3395	741	1
1_MACS_peak_17112_lociStitched	chr20	44599143	44601896	1	2754	16419.9932	639.2466	742	1
3_MACS_peak_18607_lociStitched	chr3	20080448	20098222	3	11443	18474.2956	2696.3158	743	1
3_MACS_peak_1786_lociStitched	chr1	155903051	155917849	3	9725	19090.8998	3313.2722	744	1
3_MACS_peak_1526_lociStitched	chr1	145501306	145517405	3	7374	19650.4394	3875.0293	745	1
2_MACS_peak_6895_lociStitched	chr12	94540979	94552956	2	8563	17725.96	1953.4487	746	1
1_MACS_peak_20675_lociStitched	chr4	40055745	40060337	1	4593	16720.8496	962.9424	747	1
1_MACS_peak_25283_lociStitched	chr7	26238743	26242799	1	4057	16554.1584	805.5216	748	1
1_MACS_peak_26891_lociStitched	chr8	28346939	28353175	1	6237	17030.516	1296.4644	749	1
2_MACS_peak_20727_lociStitched	chr4	48194675	48205927	2	8350	17743.2788	2021.9844	750	1
3_MACS_peak_615_lociStitched	chr1	37930768	37946363	3	11391	18243.031	2541.985	751	1
4_MACS_peak_4331_lociStitched	chr11	788901	811052	4	9879	18427.4169	2733.4334	752	1
2_MACS_peak_6933_lociStitched	chr12	96586903	96593709	2	6628	16679.4642	1001.1626	753	1
1_MACS_peak_25843_lociStitched	chr7	90558710	90564175	1	5466	16710.877	1047.6405	754	1
2_MACS_peak_2901_lociStitched	chr1	240074725	240082585	2	6472	17499.504	1844.742	755	1
3_MACS_peak_14595_lociStitched	chr2	42344321	42361109	3	11700	18485.2668	2838.8508	756	1
3_MACS_peak_18739_lociStitched	chr3	39248007	39263830	3	8440	18090.4359	2450.9827	757	1
1_MACS_peak_26385_lociStitched	chr7	139042758	139046317	1	3560	16769.6521	1132.1179	758	1
4_MACS_peak_24694_lociStitched	chr6	135323017	135344031	4	11045	18645.7222	3017.6104	759	1
1_MACS_peak_205_lociStitched	chr1	15160772	15164649	1	3878	16201.5953	605.9751	760	1
2_MACS_peak_28846_lociStitched	chr9	130672558	130681239	2	6696	17014.76	1428.0245	761	1
2_MACS_peak_20662_lociStitched	chr4	38986031	38999694	2	7409	17588.3799	2005.7284	762	1
1_MACS_peak_1217_lociStitched	chr1	92947728	92953308	1	5581	16525.17	950.832	763	1
2_MACS_peak_28689_lociStitched	chr9	117127809	117136608	2	6779	17270.6772	1706.1261	764	1
1_MACS_peak_9810_lociStitched	chr15	101738273	101743735	1	5463	16577.7162	1052.5274	765	1
1_MACS_peak_18620_lociStitched	chr3	23846803	23854704	1	7902	16981.6193	1464.0553	766	1
4_MACS_peak_10786_lociStitched	chr16	81841547	81857696	4	10027	16970.9841	1479.2484	767	1
2_MACS_peak_17386_lociStitched	chr21	9962982	9969558	2	6140	18639.672	3149.2464	768	1
3_MACS_peak_20262_lociStitched	chr3	193847774	193860489	3	10204	18408.777	2938.4365	769	1
2_MACS_peak_5802_lociStitched	chr11	130696938	130705902	2	8365	17105.1048	1638.6192	770	1
1_MACS_peak_28873_lociStitched	chr9	131417755	131420028	1	2274	15881.451	421.8688	771	1
2_MACS_peak_9170_lociStitched	chr15	52968393	52977069	2	8636	17089.1172	1654.5132	772	1
1_MACS_peak_27870_lociStitched	chr9	3524393	3528060	1	3668	16141.4006	708.4644	773	1
1_MACS_peak_4174_lociStitched	chr10	121064076	121067648	1	3573	16318.3248	891.214	774	1
1_MACS_peak_2761_lociStitched	chr1	227125859	227129077	1	3219	16389.9176	980.2028	775	1
2_MACS_peak_27738_lociStitched	chr8	142126464	142140617	2	8003	17310.5343	1913.4856	776	1
2_MACS_peak_25556_lociStitched	chr7	52774335	52788431	2	8456	17037.8352	1666.1472	777	1
2_MACS_peak_23263_lociStitched	chr6	381438	400757	2	12884	18412.9389	3046.6063	778	1
2_MACS_peak_26510_lociStitched	chr7	150009546	150021515	2	5706	17936.7434	2579.3195	779	1
1_MACS_peak_14787_lociStitched	chr2	61762973	61766848	1	3876	16142.8625	795.5375	780	1
1_MACS_peak_20648_lociStitched	chr4	38177108	38183166	1	6059	16552.8792	1227.3508	781	1
3_MACS_peak_5735_lociStitched	chr11	126173021	126189804	3	9677	18328.7143	3044.4362	782	1
2_MACS_peak_9368_lociStitched	chr15	70387100	70396564	2	8562	16915.9536	1640.1112	783	1
2_MACS_peak_3838_lociStitched	chr10	91805534	91813167	2	7435	16490.3332	1225.8598	784	1
1_MACS_peak_19329_lociStitched	chr3	108787448	108792966	1	5519	16361.4218	1103.0482	785	1
3_MACS_peak_19836_lociStitched	chr3	156533869	156544879	3	6530	17433.234	2182.182	786	1
2_MACS_peak_11803_lociStitched	chr17	47816199	47827367	2	8728	17200.9536	1983.4368	787	1
1_MACS_peak_15880_lociStitched	chr2	178127638	178130900	1	3263	15817.438	609.994	788	1
2_MACS_peak_23294_lociStitched	chr6	3023144	3032772	2	6919	16710.3568	1525.0752	789	1
1_MACS_peak_5804_lociStitched	chr11	130715325	130719839	1	4515	16158.7658	997.1426	790	1
1_MACS_peak_20774_lociStitched	chr4	56811498	56817023	1	5526	16340.1875	1188.98	791	1
2_MACS_peak_14181_lociStitched	chr19	59065571	59071869	2	4762	16238.1334	1088.9242	792	1
5_MACS_peak_689_lociStitched	chr1	40839056	40858461	5	12096	18533.7155	3386.1725	793	1
3_MACS_peak_4303_lociStitched	chr10	135201406	135215537	3	6636	17210.1449	2078.6701	794	1
1_MACS_peak_5615_lociStitched	chr11	118689358	118693215	1	3858	15906.268	776.4141	795	1
1_MACS_peak_19432_lociStitched	chr3	119811797	119815621	1	3825	15942.6384	830.9552	796	1
2_MACS_peak_10370_lociStitched	chr16	31879777	31890414	2	8203	16985.1616	1881.6853	797	1
