#MM Enhancers
#Created from /data/projects/IRF4_mm_trn_data/myeloma_public_data/rose/MM.1S.H3K27ac_ROSE/MM_0KB_STITCHED_ENHANCER_REGION_MAP.txt
#Ranked by MM.1S.jin.bam
#Using cutoff of 6466.383 for Super-Enhancers
#Created on Jul 16 2024 
REGION_ID	CHROM	START	STOP	NUM_LOCI	CONSTITUENT_SIZE	MM.1S.jin.bam	enhancerRank	isSuperStretch
3_MACS_peak_9255_lociStitched	chr14	106024774	106049819	3	25011	71518.502	1	1
3_MACS_peak_25977_lociStitched	chr6	7895054	7921561	3	25959	62543.2665	2	1
5_MACS_peak_19944_lociStitched	chr22	23268548	23287346	5	18455	63040.9728	3	1
5_MACS_peak_22027_lociStitched	chr3	141090735	141111287	5	20161	47540.8864	4	1
4_MACS_peak_25851_lociStitched	chr6	311744	329584	4	17309	47843.312	5	1
8_MACS_peak_6278_lociStitched	chr11	128585733	128607300	8	20231	36858.003	6	1
3_MACS_peak_22316_lociStitched	chr3	171809625	171827038	3	17241	45124.0482	7	1
2_MACS_peak_12485_lociStitched	chr17	34522387	34539899	2	17330	43909.5888	8	1
2_MACS_peak_12501_lociStitched	chr17	34624012	34641428	2	17269	42752.7968	9	1
4_MACS_peak_3365_lociStitched	chr10	11204635	11223195	4	18356	38059.136	10	1
7_MACS_peak_23449_lociStitched	chr4	90210365	90230034	7	19315	31968.0257	11	1
5_MACS_peak_22032_lociStitched	chr3	141115901	141132773	5	15909	36651.0456	12	1
2_MACS_peak_6589_lociStitched	chr12	12866317	12879973	2	13615	41213.808	13	1
5_MACS_peak_29439_lociStitched	chr7	150069416	150084623	5	15007	34875.7338	14	1
6_MACS_peak_10843_lociStitched	chr16	11820117	11837556	6	16620	28674.9477	15	1
2_MACS_peak_16837_lociStitched	chr2	99094020	99108342	2	14284	35014.4256	16	1
6_MACS_peak_598_lociStitched	chr1	31214618	31231144	6	15901	28631.295	17	1
4_MACS_peak_15847_lociStitched	chr2	20404120	20418366	4	14053	32573.479	18	1
10_MACS_peak_24522_lociStitched	chr5	55437016	55454217	10	15702	26099.0773	19	1
6_MACS_peak_9068_lociStitched	chr14	91829936	91846209	6	15507	26845.5681	20	1
7_MACS_peak_2732_lociStitched	chr1	206727810	206743132	7	14212	29923.866	21	1
3_MACS_peak_13500_lociStitched	chr17	76711364	76726376	3	14631	27577.044	22	1
9_MACS_peak_7050_lociStitched	chr12	53853434	53870143	9	15607	21178.6575	23	1
7_MACS_peak_23074_lociStitched	chr4	40191868	40207625	7	15024	23685.9224	24	1
5_MACS_peak_2011_lociStitched	chr1	156118517	156133324	5	13859	28333.1945	25	1
10_MACS_peak_20664_lociStitched	chr3	5226352	5241943	10	14464	23589.183	26	1
4_MACS_peak_18169_lociStitched	chr2	232687268	232703050	4	15538	17475.4086	27	1
4_MACS_peak_25187_lociStitched	chr5	131753798	131767712	4	13243	28021.4046	28	1
3_MACS_peak_4561_lociStitched	chr10	125823089	125836307	3	12881	27887.3364	29	1
4_MACS_peak_17803_lociStitched	chr2	201980360	201992722	4	11973	28951.804	30	1
5_MACS_peak_27008_lociStitched	chr6	90058550	90070965	5	12113	28240.4005	31	1
4_MACS_peak_20313_lociStitched	chr22	38782147	38795584	4	12996	24974.0082	32	1
2_MACS_peak_3018_lociStitched	chr1	226839383	226852263	2	12859	25135.32	33	1
2_MACS_peak_19941_lociStitched	chr22	23228637	23241257	2	12584	26170.094	34	1
1_MACS_peak_5412_lociStitched	chr11	65183878	65192645	1	8768	34045.7678	35	1
2_MACS_peak_26194_lociStitched	chr6	25403329	25415276	2	11923	25635.8726	36	1
2_MACS_peak_9267_lociStitched	chr14	106157435	106168957	2	11140	28127.5064	37	1
3_MACS_peak_22455_lociStitched	chr3	183228023	183239468	3	11343	26989.599	38	1
2_MACS_peak_2638_lociStitched	chr1	203288256	203297486	2	9157	31426.304	39	1
5_MACS_peak_12129_lociStitched	chr17	16869394	16882822	5	12375	21153.1284	40	1
1_MACS_peak_19742_lociStitched	chr21	45572804	45580853	1	8050	33336.5433	41	1
2_MACS_peak_1817_lociStitched	chr1	150532554	150542749	2	9944	28796.797	42	1
3_MACS_peak_13431_lociStitched	chr17	75135740	75146541	3	10648	26412.7654	43	1
2_MACS_peak_22384_lociStitched	chr3	178230184	178241314	2	11099	23843.799	44	1
2_MACS_peak_7636_lociStitched	chr12	109021027	109031682	2	10636	25215.0575	45	1
5_MACS_peak_28632_lociStitched	chr7	78115086	78127922	5	12082	19282.2392	46	1
6_MACS_peak_7623_lociStitched	chr12	108954120	108966332	6	11668	20976.5524	47	1
2_MACS_peak_14415_lociStitched	chr19	2082173	2091358	2	9124	28650.7705	48	1
1_MACS_peak_7032_lociStitched	chr12	53590696	53601183	1	10488	24833.216	49	1
5_MACS_peak_16065_lociStitched	chr2	37540792	37553230	5	11998	18597.2976	50	1
2_MACS_peak_1933_lociStitched	chr1	154908534	154918950	2	10199	24436.9776	51	1
1_MACS_peak_19981_lociStitched	chr22	24183011	24191883	1	8873	28074.5568	52	1
10_MACS_peak_13293_lociStitched	chr17	72744063	72757192	10	11777	18127.2103	53	1
4_MACS_peak_20742_lociStitched	chr3	13049272	13060825	4	11028	20653.2981	54	1
5_MACS_peak_12408_lociStitched	chr17	32688789	32699949	5	10870	20504.268	55	1
2_MACS_peak_10376_lociStitched	chr15	90637116	90646423	2	9256	25506.7642	56	1
1_MACS_peak_22367_lociStitched	chr3	176912674	176921062	1	8389	26623.512	57	1
5_MACS_peak_17059_lociStitched	chr2	112455596	112465688	5	9901	21773.49	58	1
1_MACS_peak_1914_lociStitched	chr1	154374149	154383535	1	9387	23032.3054	59	1
3_MACS_peak_13729_lociStitched	chr18	9060503	9070992	3	10250	19962.6648	60	1
2_MACS_peak_24188_lociStitched	chr5	1311517	1320346	2	8775	24676.1721	61	1
4_MACS_peak_21822_lociStitched	chr3	124502155	124512681	4	10034	19927.8232	62	1
1_MACS_peak_18173_lociStitched	chr2	232703596	232714823	1	11228	14216.7501	63	1
1_MACS_peak_20075_lociStitched	chr22	29212130	29221390	1	9261	22335.12	64	1
3_MACS_peak_31473_lociStitched	chr9	94182539	94192465	3	9627	20685.784	65	1
1_MACS_peak_14195_lociStitched	chr18	60822294	60830719	1	8426	23735.7525	66	1
3_MACS_peak_18310_lociStitched	chr2	239166818	239176766	3	9929	17682.57	67	1
4_MACS_peak_12625_lociStitched	chr17	38473593	38483797	4	9929	17642.716	68	1
3_MACS_peak_32637_lociStitched	chrX	58124264	58135315	3	10678	13718.7114	69	1
2_MACS_peak_18716_lociStitched	chr20	30292054	30301516	2	9448	19179.474	70	1
2_MACS_peak_22548_lociStitched	chr3	186711511	186719690	2	8180	22915.9222	71	1
5_MACS_peak_2799_lociStitched	chr1	209275199	209284092	5	8434	21828.7578	72	1
6_MACS_peak_9261_lociStitched	chr14	106145425	106155331	6	9283	18831.306	73	1
5_MACS_peak_3095_lociStitched	chr1	230238646	230248929	5	9712	16944.3274	74	1
1_MACS_peak_18909_lociStitched	chr20	37498452	37506097	1	7646	23591.7055	75	1
4_MACS_peak_16663_lociStitched	chr2	86219781	86228882	4	8612	20769.3921	76	1
4_MACS_peak_10094_lociStitched	chr15	75072726	75083139	4	10069	14869.764	77	1
7_MACS_peak_28395_lociStitched	chr7	55569331	55580740	7	10079	14393.5944	78	1
7_MACS_peak_27124_lociStitched	chr6	106544997	106555565	7	10010	14673.668	79	1
3_MACS_peak_18126_lociStitched	chr2	231729551	231739437	3	9599	16597.6054	80	1
3_MACS_peak_27181_lociStitched	chr6	108911650	108921421	3	9701	15695.1573	81	1
1_MACS_peak_19748_lociStitched	chr21	45660072	45665671	1	5600	26763.22	82	1
5_MACS_peak_26248_lociStitched	chr6	26357595	26367273	5	9017	18352.3914	83	1
1_MACS_peak_2632_lociStitched	chr1	203254979	203261357	1	6379	25159.2966	84	1
3_MACS_peak_4846_lociStitched	chr11	10323799	10332929	3	9088	17718.591	85	1
5_MACS_peak_19255_lociStitched	chr20	55966098	55975319	5	8862	18132.1744	86	1
1_MACS_peak_22377_lociStitched	chr3	177073666	177079911	1	6246	24720.8325	87	1
3_MACS_peak_27201_lociStitched	chr6	108987781	108997167	3	9076	16753.0714	88	1
3_MACS_peak_832_lociStitched	chr1	40846914	40856490	3	9529	14264.4096	89	1
5_MACS_peak_31449_lociStitched	chr9	93681163	93690145	5	8768	17528.373	90	1
5_MACS_peak_20255_lociStitched	chr22	37610784	37621227	5	9169	15837.8538	91	1
2_MACS_peak_10829_lociStitched	chr16	11773675	11783220	2	9473	14367.134	92	1
6_MACS_peak_9549_lociStitched	chr15	40834038	40843891	6	9132	15938.2128	93	1
1_MACS_peak_19699_lociStitched	chr21	44580515	44587243	1	6729	23229.0928	94	1
1_MACS_peak_15186_lociStitched	chr19	39891285	39899281	1	7997	19622.9836	95	1
2_MACS_peak_15791_lociStitched	chr2	11883616	11892052	2	8353	18117.1536	96	1
3_MACS_peak_3148_lociStitched	chr1	234741902	234749271	3	7128	21728.2334	97	1
5_MACS_peak_11357_lociStitched	chr16	56944102	56953159	5	8293	18307.8198	98	1
1_MACS_peak_2990_lociStitched	chr1	226127454	226133546	1	6093	23923.8932	99	1
1_MACS_peak_6918_lociStitched	chr12	48200854	48209035	1	8182	18460.4265	100	1
3_MACS_peak_20068_lociStitched	chr22	29191011	29199658	3	7927	19130.6228	101	1
1_MACS_peak_1916_lociStitched	chr1	154386688	154394445	1	7758	19152.8087	102	1
3_MACS_peak_19640_lociStitched	chr21	41325040	41334192	3	8703	15249.9776	103	1
6_MACS_peak_23082_lociStitched	chr4	40302506	40312310	6	9049	13316.7732	104	1
3_MACS_peak_12008_lociStitched	chr17	6062770	6071223	3	8081	17404.727	105	1
1_MACS_peak_13457_lociStitched	chr17	75435102	75442959	1	7858	18149.67	106	1
2_MACS_peak_26705_lociStitched	chr6	45386941	45394971	2	7874	17934.202	107	1
1_MACS_peak_8505_lociStitched	chr13	114829470	114835046	1	5577	23537.4112	108	1
3_MACS_peak_16831_lociStitched	chr2	99075172	99083338	3	8002	17288.2386	109	1
2_MACS_peak_2633_lociStitched	chr1	203264098	203271944	2	7800	17589.9474	110	1
3_MACS_peak_4740_lociStitched	chr11	2793066	2801186	3	7911	17168.928	111	1
1_MACS_peak_25290_lociStitched	chr5	138723050	138730403	1	7354	18908.2395	112	1
1_MACS_peak_19672_lociStitched	chr21	43480281	43486121	1	5841	22502.688	113	1
3_MACS_peak_1720_lociStitched	chr1	145449112	145457332	3	8068	15692.802	114	1
2_MACS_peak_24851_lociStitched	chr5	88177473	88186007	2	8355	14375.523	115	1
2_MACS_peak_26027_lociStitched	chr6	11829265	11837745	2	8100	15345.408	116	1
2_MACS_peak_22592_lociStitched	chr3	193817616	193822904	2	5256	22845.7464	117	1
6_MACS_peak_1606_lociStitched	chr1	118195816	118204492	6	8239	14253.8004	118	1
6_MACS_peak_2488_lociStitched	chr1	192506356	192515523	6	8177	14494.8604	119	1
1_MACS_peak_9416_lociStitched	chr15	31553979	31560827	1	6849	19001.1456	120	1
4_MACS_peak_16825_lociStitched	chr2	99060739	99069499	4	8333	13688.376	121	1
2_MACS_peak_12581_lociStitched	chr17	37909625	37915791	2	6077	20733.175	122	1
2_MACS_peak_14036_lociStitched	chr18	46453946	46462779	2	8497	12499.5783	123	1
4_MACS_peak_4996_lociStitched	chr11	22686112	22694573	4	8240	13705.1278	124	1
2_MACS_peak_16735_lociStitched	chr2	89049021	89056077	2	6998	18147.3264	125	1
4_MACS_peak_10857_lociStitched	chr16	12056687	12065035	4	8258	13538.7864	126	1
4_MACS_peak_12471_lociStitched	chr17	34415847	34423957	4	7580	16138.089	127	1
5_MACS_peak_23794_lociStitched	chr4	144273296	144282065	5	8247	13413.9393	128	1
2_MACS_peak_20038_lociStitched	chr22	26984597	26992260	2	7643	15763.5573	129	1
2_MACS_peak_24240_lociStitched	chr5	6480022	6486951	2	6900	18142.2007	130	1
1_MACS_peak_398_lociStitched	chr1	23850740	23857910	1	7171	17036.637	131	1
3_MACS_peak_4973_lociStitched	chr11	19451466	19459096	3	7500	15864.296	132	1
1_MACS_peak_25200_lociStitched	chr5	131829848	131837088	1	7241	16488.376	133	1
2_MACS_peak_16073_lociStitched	chr2	37570748	37578401	2	7400	15802.6797	134	1
5_MACS_peak_9802_lociStitched	chr15	56657025	56665596	5	8114	12828.2157	135	1
2_MACS_peak_22364_lociStitched	chr3	176859301	176866795	2	7326	16017.6756	136	1
1_MACS_peak_18778_lociStitched	chr20	32424053	32432149	1	8097	12632.9984	137	1
2_MACS_peak_15263_lociStitched	chr19	42054949	42062539	2	7579	14833.896	138	1
2_MACS_peak_19336_lociStitched	chr20	61277257	61285118	2	7771	13997.2966	139	1
5_MACS_peak_32553_lociStitched	chrX	48791301	48799401	5	7471	14963.94	140	1
2_MACS_peak_23346_lociStitched	chr4	78736215	78743041	2	6450	18151.0166	141	1
1_MACS_peak_6418_lociStitched	chr12	4378085	4385300	1	7216	15763.332	142	1
3_MACS_peak_23240_lociStitched	chr4	71541681	71549477	3	7545	14504.458	143	1
4_MACS_peak_21967_lociStitched	chr3	133192061	133199699	4	7133	15841.212	144	1
3_MACS_peak_17966_lociStitched	chr2	217080682	217088744	3	7940	12593.6502	145	1
1_MACS_peak_17250_lociStitched	chr2	133022192	133027648	1	5457	20259.2192	146	1
3_MACS_peak_9532_lociStitched	chr15	40387041	40394506	3	7365	14944.93	147	1
5_MACS_peak_12780_lociStitched	chr17	43298394	43307156	5	7773	12767.1102	148	1
3_MACS_peak_5237_lociStitched	chr11	58340357	58347600	3	6824	16309.0631	149	1
3_MACS_peak_17291_lociStitched	chr2	135162881	135170616	3	7636	13109.278	150	1
5_MACS_peak_16438_lociStitched	chr2	65615337	65623671	5	7485	13576.9194	151	1
3_MACS_peak_14426_lociStitched	chr19	2254851	2261821	3	6820	15978.028	152	1
4_MACS_peak_27185_lociStitched	chr6	108925678	108934817	4	7818	11940.1035	153	1
2_MACS_peak_18991_lociStitched	chr20	43270804	43278135	2	7176	14648.0711	154	1
3_MACS_peak_7545_lociStitched	chr12	102871205	102878979	3	7637	12450.061	155	1
2_MACS_peak_19739_lociStitched	chr21	45562258	45568058	2	5742	18633.08	156	1
6_MACS_peak_24844_lociStitched	chr5	88118257	88127249	6	8117	9821.9616	157	1
2_MACS_peak_27132_lociStitched	chr6	106588730	106595836	2	7104	14538.1654	158	1
5_MACS_peak_27116_lociStitched	chr6	106531250	106539436	5	8007	10346.2854	159	1
3_MACS_peak_27393_lociStitched	chr6	130003433	130010814	3	6925	15091.1926	160	1
1_MACS_peak_19079_lociStitched	chr20	46386238	46392722	1	6485	16503.7252	161	1
6_MACS_peak_22887_lociStitched	chr4	12697314	12705360	6	7587	12409.3458	162	1
2_MACS_peak_26439_lociStitched	chr6	32935684	32941001	2	5124	19708.5239	163	1
2_MACS_peak_27166_lociStitched	chr6	108878419	108884467	2	5995	17570.0448	164	1
1_MACS_peak_1996_lociStitched	chr1	155946162	155952062	1	5901	17796.76	165	1
2_MACS_peak_2689_lociStitched	chr1	205252547	205258278	2	5641	18358.1123	166	1
2_MACS_peak_28405_lociStitched	chr7	55598389	55604753	2	6126	17011.6084	167	1
4_MACS_peak_18158_lociStitched	chr2	232570664	232576139	4	5268	19005.915	168	1
1_MACS_peak_24022_lociStitched	chr4	185201280	185206922	1	5643	18097.2792	169	1
5_MACS_peak_24038_lociStitched	chr4	185324256	185332330	5	7595	11409.3694	170	1
4_MACS_peak_4930_lociStitched	chr11	16979276	16986334	4	6886	14379.9692	171	1
5_MACS_peak_4434_lociStitched	chr10	112256471	112264679	5	7609	11185.8624	172	1
4_MACS_peak_11943_lociStitched	chr17	4273998	4281620	4	7257	12797.338	173	1
6_MACS_peak_208_lociStitched	chr1	11623230	11631491	6	7329	12478.2405	174	1
3_MACS_peak_29558_lociStitched	chr8	2028828	2035872	3	6704	14848.752	175	1
4_MACS_peak_17276_lociStitched	chr2	134935271	134942926	4	7486	11577.422	176	1
5_MACS_peak_32649_lociStitched	chrX	58216820	58225229	5	7861	9342.399	177	1
2_MACS_peak_27134_lociStitched	chr6	106610604	106617176	2	6553	15095.2268	178	1
3_MACS_peak_32655_lociStitched	chrX	58231149	58238840	3	7629	10495.1386	179	1
2_MACS_peak_12549_lociStitched	chr17	36856351	36862715	2	6305	15783.3564	180	1
1_MACS_peak_2430_lociStitched	chr1	183809123	183815236	1	6114	16336.9925	181	1
1_MACS_peak_4419_lociStitched	chr10	112113599	112119406	1	5808	17152.1359	182	1
2_MACS_peak_11022_lociStitched	chr16	23343818	23350253	2	6385	15390.5895	183	1
2_MACS_peak_11430_lociStitched	chr16	66553426	66559856	2	6232	15829.374	184	1
3_MACS_peak_14388_lociStitched	chr19	1647722	1653578	3	5730	17172.1344	185	1
1_MACS_peak_2574_lociStitched	chr1	200859423	200865112	1	5690	17242.2212	186	1
4_MACS_peak_28712_lociStitched	chr7	92438151	92445495	4	7080	12682.3536	187	1
5_MACS_peak_28064_lociStitched	chr7	26002362	26009473	5	6644	14361.3756	188	1
2_MACS_peak_9614_lociStitched	chr15	42894976	42901996	2	6925	13091.598	189	1
2_MACS_peak_14887_lociStitched	chr19	16694123	16700587	2	6442	14664.8768	190	1
3_MACS_peak_5983_lociStitched	chr11	111238450	111246001	3	7142	11901.8862	191	1
2_MACS_peak_16038_lociStitched	chr2	33717481	33724397	2	6777	13246.2148	192	1
4_MACS_peak_18293_lociStitched	chr2	238599829	238607644	4	7222	11309.868	193	1
5_MACS_peak_13963_lociStitched	chr18	42289006	42296854	5	7338	10616.7744	194	1
2_MACS_peak_3817_lociStitched	chr10	63656890	63664072	2	7123	11629.8126	195	1
1_MACS_peak_13026_lociStitched	chr17	56411709	56417701	1	5993	15652.3024	196	1
2_MACS_peak_18786_lociStitched	chr20	32468011	32473665	2	5653	16469.5366	197	1
2_MACS_peak_3826_lociStitched	chr10	63804789	63811747	2	6812	12686.5214	198	1
4_MACS_peak_29819_lociStitched	chr8	27217309	27225866	4	7397	9839.6943	199	1
5_MACS_peak_9768_lociStitched	chr15	52969785	52976972	5	6496	13729.3261	200	1
2_MACS_peak_10340_lociStitched	chr15	89654500	89661045	2	6544	13539.6415	201	1
2_MACS_peak_17824_lociStitched	chr2	202120587	202127078	2	6454	13790.1295	202	1
1_MACS_peak_6044_lociStitched	chr11	115090125	115096502	1	6378	13936.2958	203	1
5_MACS_peak_22109_lociStitched	chr3	150315502	150322952	5	6758	12438.52	204	1
4_MACS_peak_19958_lociStitched	chr22	23478087	23485101	4	6674	12710.0694	205	1
2_MACS_peak_25178_lociStitched	chr5	131435892	131441654	2	5722	15706.6358	206	1
1_MACS_peak_22551_lociStitched	chr3	186780867	186785839	1	4973	17532.7636	207	1
1_MACS_peak_18978_lociStitched	chr20	42695430	42700669	1	5240	16884.2492	208	1
3_MACS_peak_28876_lociStitched	chr7	101946489	101952768	3	6061	14642.628	209	1
2_MACS_peak_28282_lociStitched	chr7	44668041	44674977	2	6882	11449.9488	210	1
2_MACS_peak_30698_lociStitched	chr8	134579712	134585653	2	5931	14901.8103	211	1
5_MACS_peak_18738_lociStitched	chr20	31255745	31263179	5	6650	12346.3872	212	1
2_MACS_peak_24044_lociStitched	chr4	185338280	185345088	2	6767	11845.2392	213	1
2_MACS_peak_29347_lociStitched	chr7	141014712	141021900	2	6904	11141.4	214	1
5_MACS_peak_11832_lociStitched	chr17	977898	985121	5	6840	11426.0637	215	1
1_MACS_peak_426_lociStitched	chr1	24512887	24518947	1	6061	14359.17	216	1
4_MACS_peak_7123_lociStitched	chr12	57076649	57083415	4	6526	12657.8328	217	1
6_MACS_peak_23233_lociStitched	chr4	71528931	71536796	6	7055	10237.8705	218	1
5_MACS_peak_32663_lociStitched	chrX	58270850	58278852	5	7264	9010.252	219	1
3_MACS_peak_20334_lociStitched	chr22	39377430	39384406	3	6398	13059.072	220	1
4_MACS_peak_19061_lociStitched	chr20	45980320	45986987	4	6578	12249.2791	221	1
2_MACS_peak_5272_lociStitched	chr11	60604163	60610865	2	6601	12131.9604	222	1
3_MACS_peak_16840_lociStitched	chr2	99116438	99123353	3	6799	11217.513	223	1
3_MACS_peak_9535_lociStitched	chr15	40395110	40402066	3	6593	12063.0952	224	1
2_MACS_peak_1935_lociStitched	chr1	154923355	154929758	2	6332	13046.1125	225	1
6_MACS_peak_10080_lociStitched	chr15	74832158	74840043	6	6813	10889.9735	226	1
4_MACS_peak_14971_lociStitched	chr19	19054162	19061235	4	6732	11246.07	227	1
1_MACS_peak_19647_lociStitched	chr21	41383973	41389930	1	5958	14131.1954	228	1
1_MACS_peak_24035_lociStitched	chr4	185302339	185307859	1	5521	15289.296	229	1
2_MACS_peak_4431_lociStitched	chr10	112216489	112223197	2	6351	12521.1528	230	1
2_MACS_peak_29824_lociStitched	chr8	27231753	27238600	2	6741	10847.7021	231	1
2_MACS_peak_18012_lociStitched	chr2	219756896	219763029	2	5988	13772.2648	232	1
2_MACS_peak_10504_lociStitched	chr15	101738080	101743853	2	5674	14746.5512	233	1
1_MACS_peak_16140_lociStitched	chr2	42328318	42334131	1	5814	14292.4231	234	1
1_MACS_peak_29444_lociStitched	chr7	150101282	150105869	1	4588	17347.5753	235	1
7_MACS_peak_27189_lociStitched	chr6	108936181	108944274	7	6991	9295.6198	236	1
6_MACS_peak_1476_lociStitched	chr1	111173579	111180762	6	6679	10826.2176	237	1
1_MACS_peak_29222_lociStitched	chr7	130790792	130795903	1	5112	16012.2519	238	1
2_MACS_peak_22633_lociStitched	chr3	195631945	195637188	2	5199	15787.1973	239	1
3_MACS_peak_30258_lociStitched	chr8	80634684	80641214	3	6364	12090.948	240	1
5_MACS_peak_14843_lociStitched	chr19	16251559	16258487	5	6400	11908.5392	241	1
5_MACS_peak_8520_lociStitched	chr13	115042086	115048249	5	5937	13521.0057	242	1
1_MACS_peak_29438_lociStitched	chr7	150064010	150068135	1	4126	17865.375	243	1
3_MACS_peak_19188_lociStitched	chr20	52205475	52211932	3	6232	12351.5953	244	1
5_MACS_peak_26406_lociStitched	chr6	31702208	31708842	5	6502	11237.996	245	1
1_MACS_peak_3460_lociStitched	chr10	15826392	15832801	1	6410	11629.7714	246	1
1_MACS_peak_17627_lociStitched	chr2	182168638	182175020	1	6383	11672.678	247	1
1_MACS_peak_29201_lociStitched	chr7	129588773	129592925	1	4153	17723.6424	248	1
2_MACS_peak_25303_lociStitched	chr5	139046842	139051798	2	4849	16264.1052	249	1
4_MACS_peak_4346_lociStitched	chr10	104531319	104538466	4	6446	11255.8103	250	1
4_MACS_peak_3596_lociStitched	chr10	30989987	30996679	4	6109	12577.614	251	1
3_MACS_peak_19726_lociStitched	chr21	45198194	45204477	3	5993	12986.961	252	1
1_MACS_peak_3100_lociStitched	chr1	230256773	230262319	1	5547	14400.7436	253	1
1_MACS_peak_19639_lociStitched	chr21	41303068	41309149	1	6082	12642.399	254	1
4_MACS_peak_30693_lociStitched	chr8	134508814	134515264	4	6155	12337.56	255	1
4_MACS_peak_26980_lociStitched	chr6	88630632	88637517	4	6515	10820.466	256	1
2_MACS_peak_12417_lociStitched	chr17	32713379	32719486	2	6062	12609.1229	257	1
1_MACS_peak_19278_lociStitched	chr20	56253207	56258685	1	5479	14452.6074	258	1
2_MACS_peak_1993_lociStitched	chr1	155912834	155918867	2	6025	12650.5977	259	1
6_MACS_peak_10323_lociStitched	chr15	89176700	89183924	6	6778	9308.124	260	1
2_MACS_peak_14455_lociStitched	chr19	2607119	2611805	2	4578	16491.4398	261	1
2_MACS_peak_2534_lociStitched	chr1	197743047	197748727	2	5509	14144.336	262	1
3_MACS_peak_5706_lociStitched	chr11	74659583	74666051	3	6400	10925.7456	263	1
6_MACS_peak_28417_lociStitched	chr7	55636289	55642645	6	6064	12249.2832	264	1
3_MACS_peak_23541_lociStitched	chr4	105407794	105414161	3	6234	11544.0077	265	1
2_MACS_peak_31456_lociStitched	chr9	93702323	93708262	2	5840	12952.3651	266	1
4_MACS_peak_27449_lociStitched	chr6	135190239	135196565	4	5933	12619.1048	267	1
5_MACS_peak_10371_lociStitched	chr15	90613265	90620314	5	6289	11232.5815	268	1
2_MACS_peak_16230_lociStitched	chr2	47208583	47214354	2	5737	13274.4542	269	1
2_MACS_peak_16227_lociStitched	chr2	47167451	47173859	2	6299	11139.0264	270	1
3_MACS_peak_24366_lociStitched	chr5	32581123	32587193	3	5958	12295.999	271	1
4_MACS_peak_10217_lociStitched	chr15	81585601	81592653	4	6646	9230.3628	272	1
4_MACS_peak_18675_lociStitched	chr20	25274428	25281151	4	6429	10229.0445	273	1
1_MACS_peak_32066_lociStitched	chr9	134549781	134555458	1	5678	13153.0413	274	1
3_MACS_peak_21284_lociStitched	chr3	52738719	52745302	3	6527	9680.9598	275	1
3_MACS_peak_14040_lociStitched	chr18	46465553	46472961	3	6678	8854.0416	276	1
1_MACS_peak_28933_lociStitched	chr7	104652026	104656836	1	4811	15511.769	277	1
4_MACS_peak_23408_lociStitched	chr4	87855390	87862114	4	6567	9414.2724	278	1
3_MACS_peak_23282_lociStitched	chr4	76023359	76029371	3	5581	13384.5156	279	1
4_MACS_peak_23136_lociStitched	chr4	48195288	48201509	4	5892	12316.3358	280	1
2_MACS_peak_6410_lociStitched	chr12	4224666	4230033	2	5093	14758.1766	281	1
3_MACS_peak_25981_lociStitched	chr6	7958740	7965291	3	6211	10912.6558	282	1
2_MACS_peak_1691_lociStitched	chr1	144930492	144936959	2	6031	11544.8884	283	1
4_MACS_peak_20222_lociStitched	chr22	36778522	36784786	4	6040	11466.252	284	1
2_MACS_peak_31700_lociStitched	chr9	112908461	112915328	2	6692	8258.2542	285	1
4_MACS_peak_1598_lociStitched	chr1	118171210	118177842	4	6313	10273.6312	286	1
4_MACS_peak_4849_lociStitched	chr11	10334290	10341271	4	6234	10575.5169	287	1
2_MACS_peak_25300_lociStitched	chr5	139013583	139019214	2	5546	13112.3466	288	1
2_MACS_peak_5665_lociStitched	chr11	72427669	72434158	2	6350	9938.5524	289	1
2_MACS_peak_17402_lociStitched	chr2	158295777	158302005	2	6209	10533.4164	290	1
3_MACS_peak_25191_lociStitched	chr5	131790001	131795823	3	5761	12313.53	291	1
4_MACS_peak_11473_lociStitched	chr16	67595292	67601310	4	5331	13677.7104	292	1
1_MACS_peak_8495_lociStitched	chr13	114562507	114567915	1	5409	13432.3904	293	1
1_MACS_peak_1924_lociStitched	chr1	154755867	154760918	1	5052	14427.6764	294	1
3_MACS_peak_24057_lociStitched	chr4	185454533	185460819	3	6098	10933.8684	295	1
1_MACS_peak_7462_lociStitched	chr12	94597590	94603358	1	5769	12179.7088	296	1
3_MACS_peak_28887_lociStitched	chr7	102080590	102087141	3	5892	11686.984	297	1
3_MACS_peak_20308_lociStitched	chr22	38708550	38714797	3	5813	11961.7556	298	1
4_MACS_peak_20858_lociStitched	chr3	23847008	23853532	4	5690	12357.1084	299	1
1_MACS_peak_2362_lociStitched	chr1	178546885	178551737	1	4853	14801.026	300	1
3_MACS_peak_28901_lociStitched	chr7	102251331	102257760	3	5914	11491.1946	301	1
5_MACS_peak_29253_lociStitched	chr7	134675984	134682318	5	6256	9989.9848	302	1
3_MACS_peak_25722_lociStitched	chr5	175076493	175083124	3	6435	9075.8497	303	1
4_MACS_peak_31563_lociStitched	chr9	98267438	98273909	4	6043	10870.6329	304	1
3_MACS_peak_13211_lociStitched	chr17	65642796	65648687	3	5803	11781.4109	305	1
2_MACS_peak_12993_lociStitched	chr17	55431534	55436661	2	5096	14019.7815	306	1
3_MACS_peak_16795_lociStitched	chr2	97190382	97196260	3	5448	12975.685	307	1
3_MACS_peak_5990_lociStitched	chr11	111284537	111290920	3	6186	10106.8422	308	1
2_MACS_peak_27309_lociStitched	chr6	117865455	117871622	2	6142	10275.4554	309	1
2_MACS_peak_4567_lociStitched	chr10	125848778	125854509	2	5510	12684.9954	310	1
3_MACS_peak_30597_lociStitched	chr8	126441384	126447789	3	6226	9777.2325	311	1
2_MACS_peak_32019_lociStitched	chr9	132646830	132652121	2	5219	13487.8172	312	1
3_MACS_peak_9271_lociStitched	chr14	106323746	106329491	3	5584	12292.002	313	1
2_MACS_peak_31258_lociStitched	chr9	71250946	71257286	2	6304	9230.406	314	1
2_MACS_peak_12134_lociStitched	chr17	16889799	16895335	2	5500	12518.5568	315	1
4_MACS_peak_2445_lociStitched	chr1	184710949	184717433	4	6308	9170.3212	316	1
3_MACS_peak_10015_lociStitched	chr15	70387731	70393794	3	5548	12329.1105	317	1
2_MACS_peak_30269_lociStitched	chr8	81011429	81017465	2	6023	10475.478	318	1
2_MACS_peak_16965_lociStitched	chr2	109829591	109835895	2	5892	11018.7616	319	1
2_MACS_peak_1943_lociStitched	chr1	154971093	154976710	2	5497	12405.7062	320	1
5_MACS_peak_13969_lociStitched	chr18	42300416	42307217	5	6438	8252.3334	321	1
1_MACS_peak_9989_lociStitched	chr15	69109118	69114061	1	4944	14038.6143	322	1
4_MACS_peak_9575_lociStitched	chr15	41304213	41311005	4	6331	8847.2592	323	1
4_MACS_peak_23033_lociStitched	chr4	38129514	38135624	4	6017	10333.232	324	1
4_MACS_peak_28074_lociStitched	chr7	26191359	26197554	4	5781	11289.768	325	1
2_MACS_peak_7010_lociStitched	chr12	51712248	51718530	2	6057	10083.8664	326	1
1_MACS_peak_16667_lociStitched	chr2	86262204	86267222	1	5019	13681.577	327	1
1_MACS_peak_20387_lociStitched	chr22	39840584	39845329	1	4746	14384.942	328	1
3_MACS_peak_3703_lociStitched	chr10	45389590	45395477	3	5555	11941.7795	329	1
2_MACS_peak_2145_lociStitched	chr1	161151073	161156934	2	5784	11038.6074	330	1
1_MACS_peak_3102_lociStitched	chr1	230280939	230287124	1	6186	9213.7945	331	1
2_MACS_peak_13128_lociStitched	chr17	62150288	62156354	2	5745	11133.5364	332	1
1_MACS_peak_22222_lociStitched	chr3	160116628	160120630	1	4003	15898.7454	333	1
2_MACS_peak_6477_lociStitched	chr12	7057907	7063910	2	5642	11454.3243	334	1
3_MACS_peak_19722_lociStitched	chr21	45136183	45140678	3	4443	14872.6065	335	1
1_MACS_peak_2762_lociStitched	chr1	207094106	207098127	1	4022	15714.8722	336	1
3_MACS_peak_2338_lociStitched	chr1	174933527	174939578	3	5821	10575.3327	337	1
2_MACS_peak_20326_lociStitched	chr22	39146631	39152640	2	5599	11393.6649	338	1
4_MACS_peak_14043_lociStitched	chr18	46473564	46479744	4	5529	11648.682	339	1
5_MACS_peak_27223_lociStitched	chr6	109214751	109222140	5	6409	7401.5613	340	1
3_MACS_peak_25184_lociStitched	chr5	131745874	131751541	3	5444	11863.8645	341	1
4_MACS_peak_28379_lociStitched	chr7	52774600	52781458	4	6309	7870.2408	342	1
1_MACS_peak_29033_lociStitched	chr7	113724303	113728093	1	3791	15922.927	344	1
2_MACS_peak_20764_lociStitched	chr3	14162046	14167299	2	5243	12331.4175	345	1
5_MACS_peak_32454_lociStitched	chrX	39953464	39959972	5	6065	9020.088	346	1
2_MACS_peak_11030_lociStitched	chr16	23413722	23419285	2	5507	11380.2291	347	1
2_MACS_peak_29896_lociStitched	chr8	29629681	29634340	2	4613	14069.2482	348	1
4_MACS_peak_2118_lociStitched	chr1	160676949	160683400	4	6185	8218.574	349	1
1_MACS_peak_4415_lociStitched	chr10	111967198	111972424	1	5227	12178.6704	350	1
1_MACS_peak_17555_lociStitched	chr2	175457848	175463614	1	5767	10089.9234	351	1
2_MACS_peak_16416_lociStitched	chr2	65140526	65146567	2	6036	8793.2796	352	1
1_MACS_peak_16799_lociStitched	chr2	97201416	97205757	1	4342	14511.0948	353	1
3_MACS_peak_6373_lociStitched	chr12	1638801	1644796	3	5558	10897.711	354	1
3_MACS_peak_25857_lociStitched	chr6	389216	395083	3	5568	10834.5889	355	1
2_MACS_peak_21099_lociStitched	chr3	46246047	46251512	2	5438	11314.1895	356	1
1_MACS_peak_19264_lociStitched	chr20	56047973	56053124	1	5152	12224.3532	357	1
2_MACS_peak_4446_lociStitched	chr10	112600307	112605862	2	5155	12180.4485	358	1
2_MACS_peak_5782_lociStitched	chr11	82677959	82683644	2	5302	11679.264	359	1
5_MACS_peak_28329_lociStitched	chr7	47516478	47522585	5	5673	10177.9262	360	1
2_MACS_peak_5995_lociStitched	chr11	111306882	111312440	2	5130	12145.8974	361	1
2_MACS_peak_16165_lociStitched	chr2	43451240	43455759	2	4428	14018.3899	362	1
6_MACS_peak_24147_lociStitched	chr5	217792	224844	6	5837	9294.536	363	1
2_MACS_peak_1694_lociStitched	chr1	144962995	144968310	2	5255	11598.9245	364	1
2_MACS_peak_12475_lociStitched	chr17	34426135	34432330	2	5990	8397.942	365	1
2_MACS_peak_24889_lociStitched	chr5	90675138	90680696	2	5514	10584.6552	366	1
3_MACS_peak_3042_lociStitched	chr1	228269211	228274045	3	4669	13224.8572	367	1
2_MACS_peak_31459_lociStitched	chr9	93732905	93738170	2	5222	11540.88	368	1
2_MACS_peak_1796_lociStitched	chr1	149856079	149860960	2	4667	13218.2361	369	1
3_MACS_peak_16834_lociStitched	chr2	99086370	99092389	3	5777	9287.317	370	1
2_MACS_peak_32157_lociStitched	chr9	139792675	139798150	2	5274	11322.8475	371	1
2_MACS_peak_16242_lociStitched	chr2	47535494	47540170	2	4639	13255.0572	372	1
1_MACS_peak_16515_lociStitched	chr2	70311921	70315918	1	3998	14699.3672	373	1
2_MACS_peak_14171_lociStitched	chr18	56806566	56811899	2	5233	11285.6946	374	1
5_MACS_peak_30517_lociStitched	chr8	120942382	120948746	5	5513	10209.1288	375	1
1_MACS_peak_22458_lociStitched	chr3	183241751	183246566	1	4816	12596.04	376	1
2_MACS_peak_29878_lociStitched	chr8	29204646	29209977	2	5306	10900.8288	377	1
1_MACS_peak_16420_lociStitched	chr2	65163529	65168588	1	5060	11723.7266	378	1
3_MACS_peak_13960_lociStitched	chr18	42259012	42264177	3	4974	11990.5475	379	1
1_MACS_peak_25848_lociStitched	chr6	291100	294496	1	3397	15552.6612	380	1
3_MACS_peak_6760_lociStitched	chr12	31247869	31254344	3	5612	9487.17	381	1
1_MACS_peak_6479_lociStitched	chr12	7066524	7071488	1	4965	11898.2116	382	1
3_MACS_peak_26224_lociStitched	chr6	26195248	26200827	3	5541	9754.3236	383	1
5_MACS_peak_23389_lociStitched	chr4	84138042	84144032	5	5590	9388.726	384	1
2_MACS_peak_19623_lociStitched	chr21	39639336	39644758	2	5278	10649.3502	385	1
3_MACS_peak_13736_lociStitched	chr18	9102075	9108195	3	5690	8842.788	386	1
1_MACS_peak_28925_lociStitched	chr7	104582261	104587190	1	4930	11772.9165	387	1
2_MACS_peak_2982_lociStitched	chr1	226066101	226071187	2	5025	11458.2494	388	1
2_MACS_peak_3347_lociStitched	chr10	6967335	6972379	2	5040	11396.4136	389	1
7_MACS_peak_13743_lociStitched	chr18	9135009	9140974	7	5446	9858.952	390	1
3_MACS_peak_22702_lociStitched	chr4	1208039	1213876	3	5392	10081.0827	391	1
4_MACS_peak_14117_lociStitched	chr18	52931519	52938163	4	5800	8125.612	392	1
3_MACS_peak_29036_lociStitched	chr7	114568043	114573753	3	5193	10766.776	393	1
1_MACS_peak_1910_lociStitched	chr1	154297232	154301840	1	4609	12618.5472	394	1
1_MACS_peak_28884_lociStitched	chr7	102064056	102068509	1	4454	13032.1498	395	1
2_MACS_peak_25195_lociStitched	chr5	131798426	131803933	2	5482	9571.166	396	1
3_MACS_peak_14873_lociStitched	chr19	16544801	16550666	3	5196	10643.2155	397	1
1_MACS_peak_21068_lociStitched	chr3	45605880	45611515	1	5636	8765.806	398	1
3_MACS_peak_25165_lociStitched	chr5	130712862	130719062	3	5643	8706.66	399	1
2_MACS_peak_13386_lociStitched	chr17	74257649	74262769	2	4667	12330.496	400	1
1_MACS_peak_21819_lociStitched	chr3	124487835	124493590	1	5756	8085.775	401	1
5_MACS_peak_26547_lociStitched	chr6	36719632	36725858	5	5698	8366.4988	402	1
2_MACS_peak_6883_lociStitched	chr12	46608315	46614064	2	5711	8275.6855	403	1
3_MACS_peak_5426_lociStitched	chr11	65263642	65268553	3	4892	11534.4657	404	1
6_MACS_peak_10819_lociStitched	chr16	11712442	11719233	6	5693	8267.3634	405	1
1_MACS_peak_16164_lociStitched	chr2	43444499	43449826	1	5328	9933.2569	406	1
2_MACS_peak_25424_lociStitched	chr5	148210374	148216031	2	5613	8655.7757	407	1
2_MACS_peak_11575_lociStitched	chr16	70669135	70674357	2	5143	10601.1822	408	1
2_MACS_peak_1871_lociStitched	chr1	152006718	152012208	2	5430	9364.293	409	1
2_MACS_peak_13441_lociStitched	chr17	75204564	75209696	2	4982	11031.234	410	1
3_MACS_peak_17717_lociStitched	chr2	197039061	197044574	3	5332	9681.9306	411	1
4_MACS_peak_13861_lociStitched	chr18	20803986	20809967	4	5651	8110.8341	412	1
4_MACS_peak_23320_lociStitched	chr4	77614827	77620465	4	5316	9671.989	413	1
1_MACS_peak_24610_lociStitched	chr5	61985391	61990662	1	5272	9806.6955	414	1
3_MACS_peak_13476_lociStitched	chr17	76123423	76128869	3	5427	9124.2284	415	1
2_MACS_peak_19240_lociStitched	chr20	55126446	55131872	2	5399	9236.6798	416	1
2_MACS_peak_6440_lociStitched	chr12	6468392	6473504	2	5077	10523.5632	417	1
1_MACS_peak_11515_lociStitched	chr16	68305260	68311003	1	5744	7418.8074	418	1
2_MACS_peak_8313_lociStitched	chr13	78689263	78694833	2	5435	9013.374	419	1
1_MACS_peak_2266_lociStitched	chr1	167596484	167601180	1	4697	11732.4864	420	1
4_MACS_peak_3706_lociStitched	chr10	45454292	45460249	4	5507	8633.4801	421	1
1_MACS_peak_22601_lociStitched	chr3	194022634	194026694	1	4061	13358.618	422	1
2_MACS_peak_1674_lociStitched	chr1	143948518	143954459	2	5784	6981.2691	423	1
1_MACS_peak_2367_lociStitched	chr1	179049559	179053500	1	3942	13581.4742	424	1
1_MACS_peak_2431_lociStitched	chr1	183878807	183883409	1	4603	11803.6698	425	1
2_MACS_peak_2635_lociStitched	chr1	203272736	203278374	2	5248	9525.401	426	1
3_MACS_peak_8516_lociStitched	chr13	115024122	115030226	3	5626	7694.7024	427	1
5_MACS_peak_19000_lociStitched	chr20	43594567	43601086	5	5726	7073.7669	428	1
5_MACS_peak_19050_lociStitched	chr20	45178999	45184827	5	5353	9006.5912	429	1
6_MACS_peak_30511_lociStitched	chr8	120934890	120941295	6	5646	7506.66	430	1
1_MACS_peak_25850_lociStitched	chr6	303929	308329	1	4401	12296.24	431	1
2_MACS_peak_31175_lociStitched	chr9	42250602	42256376	2	5570	7905.7608	432	1
2_MACS_peak_21128_lociStitched	chr3	46578374	46583546	2	4812	11018.4288	433	1
2_MACS_peak_2123_lociStitched	chr1	160708923	160714574	2	5616	7555.387	434	1
2_MACS_peak_15851_lociStitched	chr2	20420869	20426155	2	5101	9931.3368	435	1
3_MACS_peak_10126_lociStitched	chr15	75743251	75748675	3	4951	10485.6768	436	1
1_MACS_peak_19328_lociStitched	chr20	60911381	60916173	1	4793	11015.3704	437	1
2_MACS_peak_17005_lociStitched	chr2	111432095	111437233	2	5019	10217.9406	438	1
3_MACS_peak_6048_lociStitched	chr11	115126361	115131936	3	5352	8834.145	439	1
1_MACS_peak_5620_lociStitched	chr11	69061498	69066695	1	5198	9490.2417	440	1
4_MACS_peak_3948_lociStitched	chr10	74018480	74024175	4	5037	10087.5535	441	1
2_MACS_peak_25710_lociStitched	chr5	173697301	173702343	2	4952	10378.957	442	1
1_MACS_peak_29865_lociStitched	chr8	28347809	28352829	1	5021	10120.32	443	1
1_MACS_peak_2117_lociStitched	chr1	160641397	160646293	1	4897	10559.6928	444	1
4_MACS_peak_32619_lociStitched	chrX	56789084	56794997	4	5490	8036.3583	445	1
3_MACS_peak_16154_lociStitched	chr2	43357272	43362731	3	5103	9750.3199	446	1
4_MACS_peak_21431_lociStitched	chr3	69140040	69146004	4	5493	7958.3616	447	1
1_MACS_peak_12021_lociStitched	chr17	6915445	6920171	1	4727	11063.566	448	1
1_MACS_peak_22314_lociStitched	chr3	171801650	171806891	1	5242	9134.0148	449	1
1_MACS_peak_19644_lociStitched	chr21	41338153	41343578	1	5426	8270.955	450	1
4_MACS_peak_14851_lociStitched	chr19	16264442	16270166	4	5206	9276.3144	451	1
3_MACS_peak_23584_lociStitched	chr4	108953699	108959086	3	5299	8852.9958	452	1
2_MACS_peak_22232_lociStitched	chr3	161486424	161491168	2	4728	11034.0696	453	1
3_MACS_peak_2707_lociStitched	chr1	206097088	206102918	3	5523	7734.078	454	1
1_MACS_peak_29378_lociStitched	chr7	142504106	142508644	1	4539	11602.3046	455	1
2_MACS_peak_24804_lociStitched	chr5	81146536	81151870	2	5238	8963.2536	456	1
1_MACS_peak_31471_lociStitched	chr9	93952900	93957352	1	4453	11736.3624	457	1
6_MACS_peak_29642_lociStitched	chr8	11386930	11392737	6	5449	7833.643	458	1
3_MACS_peak_31685_lociStitched	chr9	112678380	112682878	3	4458	11648.9204	459	1
2_MACS_peak_15168_lociStitched	chr19	39339381	39344122	2	4418	11709.7959	460	1
3_MACS_peak_23317_lociStitched	chr4	77608462	77613858	3	5254	8692.956	461	1
3_MACS_peak_11936_lociStitched	chr17	4002639	4007441	3	4696	10848.6784	462	1
4_MACS_peak_23045_lociStitched	chr4	38664609	38669633	4	4880	10165.0592	463	1
1_MACS_peak_24991_lociStitched	chr5	109190758	109195647	1	4890	10050.8062	465	1
1_MACS_peak_1719_lociStitched	chr1	145434485	145439172	1	4688	10744.0101	466	1
1_MACS_peak_451_lociStitched	chr1	25071725	25076819	1	5095	9226.2528	467	1
4_MACS_peak_24734_lociStitched	chr5	76031686	76038110	4	5520	7085.0296	468	1
4_MACS_peak_6104_lociStitched	chr11	118562286	118568475	4	5453	7443.5103	469	1
1_MACS_peak_4338_lociStitched	chr10	104402035	104406857	1	4823	10199.9766	470	1
3_MACS_peak_12700_lociStitched	chr17	40827078	40832487	3	4991	9562.0302	471	1
3_MACS_peak_13141_lociStitched	chr17	62176904	62182802	3	5453	7361.2938	472	1
3_MACS_peak_31702_lociStitched	chr9	112915854	112921318	3	5312	8099.2872	473	1
3_MACS_peak_4426_lociStitched	chr10	112171948	112177568	3	5269	8265.896	474	1
2_MACS_peak_32855_lociStitched	chrX	109167143	109172335	2	5153	8782.268	475	1
2_MACS_peak_25443_lociStitched	chr5	149155966	149161377	2	5397	7572.1534	476	1
2_MACS_peak_6960_lociStitched	chr12	49759968	49764743	2	4568	10932.3625	477	1
1_MACS_peak_31461_lociStitched	chr9	93795500	93799533	1	4034	12386.9562	478	1
2_MACS_peak_18247_lociStitched	chr2	236407359	236412222	2	4670	10529.8539	479	1
2_MACS_peak_32641_lociStitched	chrX	58148833	58154223	2	5319	7778.848	480	1
2_MACS_peak_9904_lociStitched	chr15	65183823	65188533	2	4665	10441.599	481	1
1_MACS_peak_16037_lociStitched	chr2	33700209	33705054	1	4846	9772.8495	482	1
2_MACS_peak_28764_lociStitched	chr7	98475749	98480727	2	4807	9865.4004	483	1
2_MACS_peak_12795_lociStitched	chr17	43516175	43521388	2	5089	8710.4017	484	1
1_MACS_peak_18217_lociStitched	chr2	234873606	234878075	1	4470	10983.9082	485	1
2_MACS_peak_21559_lociStitched	chr3	98487602	98492466	2	4773	9964.8768	486	1
2_MACS_peak_6687_lociStitched	chr12	26274122	26279772	2	5264	7850.675	487	1
1_MACS_peak_1791_lociStitched	chr1	149811522	149815637	1	4116	11952.8405	488	1
1_MACS_peak_15399_lociStitched	chr19	47614174	47617630	1	3457	13440.0384	489	1
1_MACS_peak_23303_lociStitched	chr4	77117696	77122410	1	4715	10122.3722	490	1
5_MACS_peak_9974_lociStitched	chr15	68569323	68574796	5	5103	8553.7517	491	1
2_MACS_peak_24088_lociStitched	chr4	186227932	186233240	2	5207	8023.042	492	1
3_MACS_peak_14330_lociStitched	chr19	659907	663876	3	3763	12744.459	493	1
1_MACS_peak_24725_lociStitched	chr5	75696822	75700991	1	4170	11735.3181	494	1
2_MACS_peak_14837_lociStitched	chr19	16186567	16191162	2	4499	10759.652	495	1
4_MACS_peak_19421_lociStitched	chr21	19152377	19158194	4	5148	8227.5648	496	1
4_MACS_peak_16078_lociStitched	chr2	37600639	37606015	4	4921	9218.7648	497	1
2_MACS_peak_45_lociStitched	chr1	1708577	1713250	2	4441	10879.6786	498	1
1_MACS_peak_1357_lociStitched	chr1	92948252	92953042	1	4791	9678.674	499	1
4_MACS_peak_12787_lociStitched	chr17	43388866	43395256	4	5278	7469.91	500	1
3_MACS_peak_10803_lociStitched	chr16	11402178	11407224	3	4925	9113.076	501	1
2_MACS_peak_25668_lociStitched	chr5	172260735	172265944	2	5104	8328.1492	502	1
3_MACS_peak_10296_lociStitched	chr15	86232143	86237573	3	5252	7540.641	503	1
3_MACS_peak_29006_lociStitched	chr7	110719856	110725303	3	5365	6902.9831	504	1
1_MACS_peak_12751_lociStitched	chr17	42294478	42299381	1	4904	9113.2061	505	1
3_MACS_peak_1792_lociStitched	chr1	149821500	149825466	3	3936	12164.9118	506	1
2_MACS_peak_2717_lociStitched	chr1	206287038	206291700	2	4662	10012.1112	507	1
2_MACS_peak_508_lociStitched	chr1	27021413	27025422	2	3795	12484.4269	508	1
1_MACS_peak_2906_lociStitched	chr1	218336050	218339538	1	3489	13141.3888	509	1
3_MACS_peak_13408_lociStitched	chr17	74776336	74781740	3	4834	9297.582	510	1
2_MACS_peak_7460_lociStitched	chr12	94583265	94588392	2	5093	8179.6158	511	1
4_MACS_peak_17693_lociStitched	chr2	192539423	192544513	4	4852	9205.774	512	1
1_MACS_peak_29750_lociStitched	chr8	22297700	22302302	1	4603	10032.36	514	1
3_MACS_peak_4988_lociStitched	chr11	21432096	21437648	3	5186	7556.272	515	1
2_MACS_peak_23040_lociStitched	chr4	38310709	38316252	2	5199	7484.1586	516	1
2_MACS_peak_30749_lociStitched	chr8	142126606	142131577	2	4778	9365.364	517	1
1_MACS_peak_25761_lociStitched	chr5	176726700	176731705	1	5006	8388.8805	518	1
1_MACS_peak_21071_lociStitched	chr3	45634441	45639425	1	4985	8476.7872	519	1
2_MACS_peak_17027_lociStitched	chr2	111877118	111881192	2	4005	11750.6382	520	1
3_MACS_peak_28061_lociStitched	chr7	25987040	25991878	3	4620	9864.1982	521	1
2_MACS_peak_19664_lociStitched	chr21	43284423	43289682	2	4955	8526.4167	522	1
2_MACS_peak_18946_lociStitched	chr20	40720350	40724855	2	4436	10470.521	523	1
2_MACS_peak_7388_lociStitched	chr12	89744233	89749070	2	4683	9589.8362	524	1
3_MACS_peak_24144_lociStitched	chr5	188367	192788	3	3943	11849.6063	525	1
2_MACS_peak_24020_lociStitched	chr4	185186156	185191501	2	4909	8659.969	526	1
2_MACS_peak_3682_lociStitched	chr10	43901108	43905527	2	4389	10564.0614	527	1
2_MACS_peak_15750_lociStitched	chr2	10259876	10264021	2	4100	11410.356	528	1
1_MACS_peak_4350_lociStitched	chr10	104539118	104543780	1	4663	9627.4962	529	1
1_MACS_peak_2652_lociStitched	chr1	203732014	203735676	1	3663	12481.927	530	1
3_MACS_peak_30674_lociStitched	chr8	133962012	133967732	3	5282	6725.576	531	1
1_MACS_peak_16245_lociStitched	chr2	47546291	47550801	1	4511	10120.44	532	1
2_MACS_peak_12908_lociStitched	chr17	47822686	47827411	2	4618	9727.83	533	1
1_MACS_peak_28716_lociStitched	chr7	92461390	92466002	1	4613	9668.1356	534	1
2_MACS_peak_7854_lociStitched	chr12	122237656	122242755	2	4667	9452.5262	535	1
3_MACS_peak_25681_lociStitched	chr5	173169028	173174027	3	4409	10341.4313	536	1
1_MACS_peak_22463_lociStitched	chr3	183269412	183274296	1	4885	8564.094	537	1
1_MACS_peak_16913_lociStitched	chr2	106411740	106416359	1	4620	9583.9631	538	1
1_MACS_peak_32065_lociStitched	chr9	134529466	134534346	1	4881	8533.656	539	1
3_MACS_peak_21568_lociStitched	chr3	99341807	99346803	3	4625	9516.3808	540	1
1_MACS_peak_5986_lociStitched	chr11	111246816	111251321	1	4506	9928.119	542	1
2_MACS_peak_7509_lociStitched	chr12	98908397	98912929	2	4399	10248.6648	543	1
3_MACS_peak_16659_lociStitched	chr2	86084593	86089992	3	5204	6807.5991	544	1
2_MACS_peak_31637_lociStitched	chr9	104187669	104192762	2	4820	8639.7652	546	1
2_MACS_peak_18780_lociStitched	chr20	32444156	32448835	2	4215	10758.4247	548	1
4_MACS_peak_23190_lociStitched	chr4	57840665	57845796	4	4823	8544.6543	549	1
1_MACS_peak_2526_lociStitched	chr1	194797438	194801732	1	4295	10455.0312	550	1
3_MACS_peak_3921_lociStitched	chr10	72334478	72339947	3	5104	7164.9369	551	1
5_MACS_peak_13974_lociStitched	chr18	42336245	42341694	5	4971	7813.3211	552	1
1_MACS_peak_14170_lociStitched	chr18	56751830	56756522	1	4693	8981.4264	553	1
5_MACS_peak_26029_lociStitched	chr6	12008411	12013531	5	4830	8371.2	554	1
2_MACS_peak_30879_lociStitched	chr9	624814	630256	2	4972	7673.22	555	1
3_MACS_peak_1316_lociStitched	chr1	87793493	87798421	3	4742	8669.8304	556	1
5_MACS_peak_24986_lociStitched	chr5	109074437	109080154	5	5116	6822.0961	557	1
3_MACS_peak_3421_lociStitched	chr10	14597380	14602398	3	4971	7571.6602	559	1
1_MACS_peak_13516_lociStitched	chr17	76884928	76889208	1	4281	10255.308	560	1
1_MACS_peak_3027_lociStitched	chr1	227069445	227074415	1	4971	7489.293	561	1
4_MACS_peak_898_lociStitched	chr1	44297376	44302947	4	4994	7364.3049	562	1
3_MACS_peak_24439_lociStitched	chr5	43038190	43043508	3	4796	8295.5482	563	1
3_MACS_peak_32070_lociStitched	chr9	134602517	134607821	3	5101	6774.7992	564	1
2_MACS_peak_14443_lociStitched	chr19	2474617	2479709	2	4923	7657.3496	565	1
2_MACS_peak_22596_lociStitched	chr3	193851431	193855608	2	4137	10545.2542	566	1
3_MACS_peak_31507_lociStitched	chr9	95523437	95528391	3	4814	8022.0122	567	1
2_MACS_peak_13225_lociStitched	chr17	66230581	66235819	2	4856	7826.6196	568	1
2_MACS_peak_3295_lociStitched	chr10	3824683	3828858	2	3973	10967.3075	569	1
3_MACS_peak_21842_lociStitched	chr3	125634014	125639193	3	4984	7158.9317	570	1
4_MACS_peak_12597_lociStitched	chr17	38019533	38024689	4	4839	7839.698	571	1
3_MACS_peak_2022_lociStitched	chr1	156194400	156199273	3	4764	8176.4067	572	1
2_MACS_peak_20043_lociStitched	chr22	27010083	27014923	2	4832	7866.452	573	1
5_MACS_peak_5570_lociStitched	chr11	67568968	67573981	5	4914	7470.8739	574	1
4_MACS_peak_16102_lociStitched	chr2	38890252	38895537	4	5021	6871.557	575	1
2_MACS_peak_15239_lociStitched	chr19	41768318	41772131	2	3411	12245.0682	576	1
2_MACS_peak_18297_lociStitched	chr2	238608196	238613288	2	5031	6775.9244	577	1
2_MACS_peak_6092_lociStitched	chr11	117878134	117883122	2	4922	7280.9836	579	1
2_MACS_peak_17317_lociStitched	chr2	137138036	137142396	2	4355	9611.62	580	1
3_MACS_peak_19363_lociStitched	chr20	62358047	62363060	3	4881	7433.7777	581	1
5_MACS_peak_27976_lociStitched	chr7	20256050	20261497	5	4765	7979.3103	582	1
2_MACS_peak_534_lociStitched	chr1	27761617	27766543	2	4897	7345.1586	583	1
1_MACS_peak_25810_lociStitched	chr5	179245110	179248933	1	3824	11163.16	584	1
1_MACS_peak_4569_lociStitched	chr10	125863709	125868005	1	4297	9769.104	585	1
4_MACS_peak_6113_lociStitched	chr11	118738856	118744005	4	4650	8447.4494	586	1
3_MACS_peak_20752_lociStitched	chr3	13372145	13376890	3	4502	9028.786	587	1
2_MACS_peak_28284_lociStitched	chr7	44675517	44680240	2	4679	8290.7542	589	1
2_MACS_peak_21641_lociStitched	chr3	108787704	108792618	2	4833	7586.2332	590	1
1_MACS_peak_2178_lociStitched	chr1	161774114	161778848	1	4735	8026.497	591	1
3_MACS_peak_14452_lociStitched	chr19	2594930	2600157	3	4685	8202.2084	592	1
2_MACS_peak_3013_lociStitched	chr1	226592944	226596941	2	3957	10703.5663	594	1
2_MACS_peak_28343_lociStitched	chr7	47708419	47712200	2	3688	11405.7646	595	1
1_MACS_peak_22281_lociStitched	chr3	169760633	169765112	1	4480	8980.395	596	1
3_MACS_peak_29808_lociStitched	chr8	26432191	26436804	3	4450	9065.9289	597	1
1_MACS_peak_20006_lociStitched	chr22	24822635	24826340	1	3706	11323.5915	598	1
1_MACS_peak_8875_lociStitched	chr14	69258790	69263291	1	4502	8838.1636	599	1
1_MACS_peak_24289_lociStitched	chr5	14211716	14216051	1	4336	9436.428	600	1
2_MACS_peak_2777_lociStitched	chr1	207996082	208000641	2	4555	8597.3622	601	1
1_MACS_peak_27323_lociStitched	chr6	119668452	119672262	1	3811	11007.09	602	1
2_MACS_peak_31898_lociStitched	chr9	129765985	129770902	2	4809	7459.089	603	1
1_MACS_peak_5674_lociStitched	chr11	72862350	72866476	1	4127	10074.4542	604	1
3_MACS_peak_10750_lociStitched	chr16	9053796	9058588	3	4440	8991.7088	605	1
1_MACS_peak_26753_lociStitched	chr6	52399515	52403637	1	4123	10062.2142	606	1
1_MACS_peak_5644_lociStitched	chr11	71419217	71423706	1	4490	8778.2395	607	1
4_MACS_peak_27228_lociStitched	chr6	109222965	109228068	4	4830	7274.3265	608	1
2_MACS_peak_3765_lociStitched	chr10	52381578	52385922	2	4332	9355.6728	609	1
1_MACS_peak_18777_lociStitched	chr20	32413343	32418197	1	4855	7144.6026	610	1
2_MACS_peak_28686_lociStitched	chr7	90559453	90563993	2	4536	8578.33	611	1
3_MACS_peak_2575_lociStitched	chr1	200987956	200992772	3	4625	8209.3536	612	1
2_MACS_peak_22638_lociStitched	chr3	195820570	195825242	2	4347	9287.0016	613	1
1_MACS_peak_15387_lociStitched	chr19	47217012	47221630	1	4619	8227.8906	614	1
2_MACS_peak_7490_lociStitched	chr12	96587463	96590864	2	3339	12028.3167	615	1
4_MACS_peak_30344_lociStitched	chr8	95971153	95976257	4	4961	6502.496	616	1
2_MACS_peak_2038_lociStitched	chr1	156468591	156472884	2	3866	10733.7879	617	1
3_MACS_peak_21555_lociStitched	chr3	98479816	98484687	3	4608	8204.7124	618	1
4_MACS_peak_7270_lociStitched	chr12	69200508	69205748	4	4357	9155.852	619	1
3_MACS_peak_24030_lociStitched	chr4	185264313	185269709	3	4759	7483.1728	620	1
2_MACS_peak_18580_lociStitched	chr20	17834849	17839414	2	4546	8426.077	621	1
1_MACS_peak_30927_lociStitched	chr9	5626132	5630254	1	4123	9898.5708	622	1
2_MACS_peak_26543_lociStitched	chr6	36559114	36563057	2	3900	10506.1235	623	1
3_MACS_peak_23801_lociStitched	chr4	144338186	144343316	3	4710	7555.464	625	1
3_MACS_peak_4421_lociStitched	chr10	112152330	112157667	3	4800	7087.536	626	1
1_MACS_peak_19404_lociStitched	chr21	11168477	11172044	1	3568	11298.4725	629	1
3_MACS_peak_9748_lociStitched	chr15	52754521	52759402	3	4536	8251.3305	630	1
1_MACS_peak_1670_lociStitched	chr1	143742248	143745891	1	3644	11107.507	631	1
1_MACS_peak_22679_lociStitched	chr3	197460659	197464551	1	3893	10409.5432	632	1
2_MACS_peak_11578_lociStitched	chr16	70769928	70773740	2	3730	10834.8476	633	1
2_MACS_peak_24054_lociStitched	chr4	185393262	185396998	2	3658	11009.6184	634	1
2_MACS_peak_2033_lociStitched	chr1	156457448	156462141	2	4596	7896.4418	635	1
1_MACS_peak_20260_lociStitched	chr22	37624541	37628528	1	3988	10097.0775	636	1
4_MACS_peak_17131_lociStitched	chr2	114643705	114648600	4	4608	7834.4475	637	1
3_MACS_peak_22621_lociStitched	chr3	195269090	195273764	3	4573	7969.17	638	1
4_MACS_peak_18967_lociStitched	chr20	42576123	42581108	4	4645	7645.993	639	1
3_MACS_peak_27848_lociStitched	chr7	5461408	5466578	3	4829	6724.619	640	1
3_MACS_peak_9418_lociStitched	chr15	31617360	31622064	3	4539	8113.9296	641	1
5_MACS_peak_23521_lociStitched	chr4	103533469	103538897	5	4728	7245.2944	642	1
1_MACS_peak_31468_lociStitched	chr9	93923871	93927736	1	3866	10426.997	643	1
4_MACS_peak_24259_lociStitched	chr5	7868666	7873508	4	4699	7384.5342	644	1
2_MACS_peak_13954_lociStitched	chr18	35011832	35016682	2	4836	6674.57	645	1
2_MACS_peak_31153_lociStitched	chr9	37528112	37532816	2	4518	8172.2592	646	1
1_MACS_peak_4055_lociStitched	chr10	81001733	81006241	1	4509	8200.052	647	1
3_MACS_peak_427_lociStitched	chr1	24528422	24533356	3	4473	8296.0276	649	1
2_MACS_peak_21907_lociStitched	chr3	129032043	129036860	2	4604	7731.285	650	1
2_MACS_peak_14864_lociStitched	chr19	16434774	16439342	2	4371	8680.1136	651	1
3_MACS_peak_16722_lociStitched	chr2	88903180	88908525	3	4802	6733.0965	652	1
3_MACS_peak_19540_lociStitched	chr21	34751727	34756749	3	4707	7221.636	653	1
1_MACS_peak_13359_lociStitched	chr17	73871273	73875169	1	3897	10248.8176	654	1
1_MACS_peak_19538_lociStitched	chr21	34702076	34705824	1	3749	10649.5672	656	1
1_MACS_peak_25382_lociStitched	chr5	142781792	142785608	1	3817	10460.4192	658	1
2_MACS_peak_11508_lociStitched	chr16	68284185	68288218	2	4027	9842.9398	659	1
4_MACS_peak_21919_lociStitched	chr3	129607849	129612625	4	4459	8279.6736	660	1
1_MACS_peak_28886_lociStitched	chr7	102071634	102075526	1	3893	10210.2728	661	1
2_MACS_peak_18578_lociStitched	chr20	17826454	17831233	2	4623	7519.7565	662	1
3_MACS_peak_14733_lociStitched	chr19	12721152	12725715	3	4461	8217.963	663	1
2_MACS_peak_21858_lociStitched	chr3	126629068	126633135	2	4040	9722.5702	664	1
1_MACS_peak_11974_lociStitched	chr17	4850475	4854156	1	3682	10708.029	665	1
2_MACS_peak_19577_lociStitched	chr21	36258554	36262514	2	3938	9950.688	666	1
2_MACS_peak_3185_lociStitched	chr1	240075105	240079571	2	4405	8239.3234	668	1
3_MACS_peak_18964_lociStitched	chr20	42569136	42573873	3	4427	8130.1131	670	1
2_MACS_peak_30802_lociStitched	chr8	145009527	145014156	2	4602	7349.0004	671	1
1_MACS_peak_19265_lociStitched	chr20	56054266	56058323	1	4058	9451.9986	672	1
1_MACS_peak_23730_lociStitched	chr4	129730395	129734365	1	3971	9710.223	676	1
3_MACS_peak_32928_lociStitched	chrX	119435226	119440749	3	4659	6995.9841	677	1
2_MACS_peak_19276_lociStitched	chr20	56192627	56196916	2	4253	8737.5508	678	1
1_MACS_peak_13550_lociStitched	chr17	78882469	78886854	1	4386	8203.8965	679	1
2_MACS_peak_15982_lociStitched	chr2	28612905	28616980	2	4033	9466.6325	680	1
2_MACS_peak_8496_lociStitched	chr13	114581773	114586277	2	4204	8877.8344	681	1
4_MACS_peak_10722_lociStitched	chr16	5144060	5148911	4	4656	6914.1303	682	1
4_MACS_peak_22492_lociStitched	chr3	184779058	184783671	4	4430	7956.9637	683	1
1_MACS_peak_22429_lociStitched	chr3	182430548	182435073	1	4526	7514.6675	684	1
1_MACS_peak_7653_lociStitched	chr12	109176602	109180903	1	4302	8450.1747	685	1
2_MACS_peak_17202_lociStitched	chr2	128585817	128589883	2	4048	9354.2396	686	1
2_MACS_peak_7170_lociStitched	chr12	58289940	58294456	2	4428	7921.064	687	1
1_MACS_peak_19731_lociStitched	chr21	45283445	45287615	1	4171	8828.307	691	1
2_MACS_peak_29885_lociStitched	chr8	29410676	29415372	2	4606	6991.8744	692	1
1_MACS_peak_24862_lociStitched	chr5	88636788	88641324	1	4537	7311.1248	694	1
1_MACS_peak_29179_lociStitched	chr7	128577459	128581938	1	4480	7572.6453	695	1
1_MACS_peak_14081_lociStitched	chr18	48677485	48681456	1	3972	9481.5567	696	1
2_MACS_peak_28334_lociStitched	chr7	47533447	47538161	2	4615	6918.2664	697	1
2_MACS_peak_4564_lociStitched	chr10	125837224	125841976	2	4397	7884.9936	698	1
2_MACS_peak_12249_lociStitched	chr17	20943668	20947864	2	4119	8932.4448	699	1
3_MACS_peak_19677_lociStitched	chr21	43535371	43539941	3	4319	8178.472	700	1
1_MACS_peak_22919_lociStitched	chr4	15002882	15007066	1	4185	8661.2984	701	1
6_MACS_peak_19964_lociStitched	chr22	23521133	23526186	6	4641	6654.2957	703	1
2_MACS_peak_21890_lociStitched	chr3	128821463	128825581	2	4108	8905.5868	705	1
1_MACS_peak_3914_lociStitched	chr10	72237551	72241589	1	4039	9136.3788	707	1
3_MACS_peak_14417_lociStitched	chr19	2093421	2098074	3	4359	7937.5527	708	1
3_MACS_peak_26869_lociStitched	chr6	74229288	74233733	3	4230	8446.389	709	1
2_MACS_peak_14434_lociStitched	chr19	2393201	2397034	2	3585	10434.5759	710	1
2_MACS_peak_24508_lociStitched	chr5	55287285	55291661	2	4371	7823.4128	711	1
1_MACS_peak_19750_lociStitched	chr21	45717301	45721119	1	3819	9772.5528	712	1
2_MACS_peak_13512_lociStitched	chr17	76775503	76779509	2	3840	9676.493	714	1
1_MACS_peak_27039_lociStitched	chr6	91181887	91186412	1	4526	7062.1675	715	1
1_MACS_peak_6927_lociStitched	chr12	48284245	48288862	1	4618	6584.3037	716	1
3_MACS_peak_28193_lociStitched	chr7	37380436	37385440	3	4559	6854.9796	717	1
1_MACS_peak_1710_lociStitched	chr1	145194138	145197627	1	3490	10596.4419	718	1
3_MACS_peak_11386_lociStitched	chr16	57640489	57645097	3	4165	8535.8592	720	1
1_MACS_peak_102_lociStitched	chr1	6660585	6664579	1	3995	9104.7224	721	1
4_MACS_peak_560_lociStitched	chr1	28570656	28575798	4	4589	6643.9782	722	1
3_MACS_peak_18911_lociStitched	chr20	37518877	37523246	3	4251	8062.1157	723	1
2_MACS_peak_31060_lociStitched	chr9	33452864	33457426	2	4541	6741.2674	724	1
3_MACS_peak_6322_lociStitched	chr11	130700506	130705425	3	4572	6568.8326	725	1
1_MACS_peak_22300_lociStitched	chr3	170072526	170076283	1	3758	9709.5908	726	1
3_MACS_peak_20679_lociStitched	chr3	8698019	8702817	3	4379	7451.294	727	1
3_MACS_peak_15461_lociStitched	chr19	49375551	49379769	3	4135	8387.9148	728	1
3_MACS_peak_26118_lociStitched	chr6	16759686	16763870	3	4171	8244.1536	729	1
2_MACS_peak_7555_lociStitched	chr12	104321067	104325059	2	3851	9334.4936	731	1
2_MACS_peak_19696_lociStitched	chr21	44526748	44531029	2	4072	8590.6827	732	1
3_MACS_peak_6300_lociStitched	chr11	129285696	129290068	3	4341	7515.9052	733	1
3_MACS_peak_28251_lociStitched	chr7	43686044	43690814	3	4394	7258.509	736	1
3_MACS_peak_26315_lociStitched	chr6	27858737	27863466	3	4335	7516.7455	737	1
2_MACS_peak_24413_lociStitched	chr5	39073496	39077310	2	3730	9668.1086	738	1
1_MACS_peak_9424_lociStitched	chr15	31636190	31640469	1	4280	7683.3724	740	1
1_MACS_peak_19671_lociStitched	chr21	43450235	43453791	1	3557	10101.1736	741	1
1_MACS_peak_14571_lociStitched	chr19	6799563	6803618	1	4056	8554.428	742	1
2_MACS_peak_25661_lociStitched	chr5	171611225	171615776	2	4473	6787.8165	743	1
1_MACS_peak_22178_lociStitched	chr3	156804974	156808542	1	3569	10058.9056	744	1
3_MACS_peak_9982_lociStitched	chr15	68588943	68593304	3	4209	7947.4864	745	1
1_MACS_peak_7246_lociStitched	chr12	68381532	68385653	1	4122	8238.7032	746	1
2_MACS_peak_23186_lociStitched	chr4	57622665	57626749	2	3951	8846.7608	747	1
1_MACS_peak_29447_lociStitched	chr7	150129553	150133780	1	4228	7794.1653	748	1
1_MACS_peak_21111_lociStitched	chr3	46390015	46394238	1	4224	7779.6106	750	1
2_MACS_peak_26750_lociStitched	chr6	52392665	52397141	2	4475	6624.0324	751	1
1_MACS_peak_5681_lociStitched	chr11	72980389	72984612	1	4224	7727.2454	752	1
2_MACS_peak_30028_lociStitched	chr8	42945638	42949813	2	4139	8048.9825	755	1
1_MACS_peak_3023_lociStitched	chr1	226924765	226928628	1	3864	9023.5817	756	1
3_MACS_peak_14423_lociStitched	chr19	2235192	2239352	3	3769	9294.272	758	1
2_MACS_peak_790_lociStitched	chr1	39973774	39977953	2	3861	8994.4617	759	1
1_MACS_peak_29167_lociStitched	chr7	128145169	128148950	1	3782	9237.7392	760	1
4_MACS_peak_15257_lociStitched	chr19	42039390	42043734	4	4229	7594.1808	761	1
3_MACS_peak_25130_lociStitched	chr5	126111971	126115913	3	3720	9397.728	762	1
1_MACS_peak_20212_lociStitched	chr22	36555507	36559939	1	4433	6637.3632	763	1
2_MACS_peak_31382_lociStitched	chr9	88965828	88970028	2	4201	7678.02	764	1
2_MACS_peak_2536_lociStitched	chr1	197774840	197778944	2	3881	8862.9984	765	1
3_MACS_peak_864_lociStitched	chr1	42265690	42270414	3	4409	6704.3008	768	1
2_MACS_peak_8462_lociStitched	chr13	111564349	111568403	2	4035	8276.6464	770	1
1_MACS_peak_10688_lociStitched	chr16	3672463	3676764	1	4302	7149.5523	773	1
4_MACS_peak_30501_lociStitched	chr8	120918922	120923639	4	4243	7404.7466	774	1
1_MACS_peak_25292_lociStitched	chr5	138748827	138752709	1	3883	8774.0964	775	1
2_MACS_peak_31759_lociStitched	chr9	117147123	117151465	2	4254	7346.664	776	1
3_MACS_peak_14667_lociStitched	chr19	10762131	10765950	3	3586	9678.4917	777	1
4_MACS_peak_6267_lociStitched	chr11	128337524	128342719	4	4374	6752.461	778	1
2_MACS_peak_31934_lociStitched	chr9	130731522	130736123	2	4214	7475.2447	779	1
2_MACS_peak_29371_lociStitched	chr7	142188551	142192862	2	4299	7094.1816	780	1
2_MACS_peak_6297_lociStitched	chr11	129242899	129247033	2	3916	8604.0942	781	1
2_MACS_peak_20570_lociStitched	chr22	48492249	48496018	2	3764	9093.8432	783	1
2_MACS_peak_25456_lociStitched	chr5	149717785	149722289	2	4391	6603.7648	784	1
1_MACS_peak_11362_lociStitched	chr16	56963739	56967233	1	3495	9861.1162	785	1
2_MACS_peak_32465_lociStitched	chrX	40032904	40036824	2	3882	8690.64	786	1
2_MACS_peak_18532_lociStitched	chr20	10651354	10655682	2	4121	7798.1904	787	1
1_MACS_peak_7086_lociStitched	chr12	56320170	56324508	1	4339	6828.8796	788	1
1_MACS_peak_8501_lociStitched	chr13	114789735	114793983	1	4249	7214.8032	789	1
4_MACS_peak_11510_lociStitched	chr16	68288741	68293752	4	4266	7129.6508	790	1
1_MACS_peak_27814_lociStitched	chr7	2443145	2447106	1	3962	8334.3401	792	1
2_MACS_peak_27515_lociStitched	chr6	138246903	138250854	2	3901	8549.1738	793	1
1_MACS_peak_1931_lociStitched	chr1	154830839	154834219	1	3381	10077.132	795	1
2_MACS_peak_14341_lociStitched	chr19	923598	927452	2	3853	8681.5204	797	1
1_MACS_peak_20716_lociStitched	chr3	10435311	10439160	1	3850	8681.4195	798	1
1_MACS_peak_6451_lociStitched	chr12	6641146	6645169	1	4024	8055.6552	799	1
6_MACS_peak_8439_lociStitched	chr13	110437667	110442097	6	4003	8132.594	800	1
2_MACS_peak_26139_lociStitched	chr6	20401175	20404982	2	3553	9585.6453	801	1
1_MACS_peak_26491_lociStitched	chr6	34623277	34627183	1	3907	8445.1626	803	1
2_MACS_peak_27360_lociStitched	chr6	126067698	126071845	2	4118	7639.6034	804	1
1_MACS_peak_2379_lociStitched	chr1	179970776	179975011	1	4236	7129.6225	805	1
3_MACS_peak_10109_lociStitched	chr15	75299635	75304313	3	4177	7385.1586	806	1
1_MACS_peak_6277_lociStitched	chr11	128562561	128566061	1	3501	9684.5	807	1
1_MACS_peak_20029_lociStitched	chr22	26896881	26901050	1	4170	7386.2173	808	1
2_MACS_peak_7458_lociStitched	chr12	94564754	94568781	2	4026	7949.298	810	1
1_MACS_peak_22182_lociStitched	chr3	156851745	156855441	1	3697	9072.5712	811	1
1_MACS_peak_28897_lociStitched	chr7	102154462	102158284	1	3823	8666.7672	812	1
1_MACS_peak_12086_lociStitched	chr17	8149354	8153188	1	3835	8620.749	813	1
4_MACS_peak_19291_lociStitched	chr20	57463868	57468152	4	4117	7566.8292	814	1
1_MACS_peak_24855_lociStitched	chr5	88565542	88569605	1	4064	7769.6749	815	1
2_MACS_peak_28078_lociStitched	chr7	26238920	26242484	2	3396	9895.8024	817	1
1_MACS_peak_29561_lociStitched	chr8	2037474	2041319	1	3846	8542.052	819	1
3_MACS_peak_18105_lociStitched	chr2	230997261	231001784	3	4090	7628.4918	820	1
2_MACS_peak_27590_lociStitched	chr6	143264889	143269103	2	4166	7304.1262	821	1
2_MACS_peak_14728_lociStitched	chr19	12591989	12595995	2	3974	8059.6714	822	1
3_MACS_peak_22860_lociStitched	chr4	9602988	9607772	3	4240	6938.7136	823	1
3_MACS_peak_22854_lociStitched	chr4	9495403	9499752	3	4139	7228.4729	828	1
1_MACS_peak_17904_lociStitched	chr2	208005883	208009922	1	4040	7628.0554	829	1
3_MACS_peak_25018_lociStitched	chr5	112213002	112217296	3	4100	7379.6684	830	1
1_MACS_peak_10987_lociStitched	chr16	21528626	21532355	1	3730	8742.6405	831	1
3_MACS_peak_15102_lociStitched	chr19	35701791	35706062	3	4098	7381.1422	832	1
3_MACS_peak_26359_lociStitched	chr6	30582307	30586622	3	4120	7273.364	833	1
2_MACS_peak_9776_lociStitched	chr15	53020439	53024587	2	4061	7497.51	834	1
2_MACS_peak_3372_lociStitched	chr10	11285778	11290461	2	4214	6809.082	835	1
2_MACS_peak_26563_lociStitched	chr6	37121424	37125571	2	3959	7871.8354	836	1
3_MACS_peak_19661_lociStitched	chr21	43251531	43255325	3	3618	9003.9208	838	1
3_MACS_peak_14070_lociStitched	chr18	47837433	47841997	3	4116	7176.4336	839	1
4_MACS_peak_13865_lociStitched	chr18	20819399	20823837	4	4128	7111.0074	842	1
2_MACS_peak_7502_lociStitched	chr12	96893406	96897538	2	4046	7421.8984	845	1
2_MACS_peak_3713_lociStitched	chr10	45914157	45918061	2	3675	8762.1376	846	1
2_MACS_peak_33032_lociStitched	chrX	135111196	135115554	2	3985	7661.7998	847	1
2_MACS_peak_7454_lociStitched	chr12	94541553	94545869	2	4087	7202.9724	850	1
2_MACS_peak_19574_lociStitched	chr21	36236637	36240624	2	3956	7717.6359	851	1
4_MACS_peak_14488_lociStitched	chr19	3984111	3988503	4	4077	7214.7384	852	1
2_MACS_peak_20166_lociStitched	chr22	33962654	33966679	2	4025	7377.02	855	1
1_MACS_peak_19668_lociStitched	chr21	43345694	43349673	1	3980	7554.5294	856	1
3_MACS_peak_13454_lociStitched	chr17	75366091	75369990	3	3774	8295.1225	859	1
3_MACS_peak_27324_lociStitched	chr6	119761844	119766117	3	4204	6530.4259	861	1
3_MACS_peak_24192_lociStitched	chr5	1341356	1345723	3	4145	6784.1345	862	1
2_MACS_peak_4205_lociStitched	chr10	94831401	94835478	2	4074	7051.5792	863	1
2_MACS_peak_7413_lociStitched	chr12	92755553	92759991	2	4025	7208.6434	865	1
4_MACS_peak_27683_lociStitched	chr6	157981261	157985592	4	4141	6673.2048	867	1
2_MACS_peak_12206_lociStitched	chr17	19207575	19211562	2	3943	7512.7041	869	1
3_MACS_peak_18804_lociStitched	chr20	33001392	33005585	3	4068	6954.5098	872	1
2_MACS_peak_21065_lociStitched	chr3	45592995	45597250	2	4032	7095.2125	874	1
3_MACS_peak_21893_lociStitched	chr3	128837269	128841117	3	3722	8257.808	875	1
4_MACS_peak_29433_lociStitched	chr7	150017516	150021158	4	3557	8771.0286	877	1
1_MACS_peak_21551_lociStitched	chr3	98450293	98453848	1	3556	8773.029	878	1
1_MACS_peak_11572_lociStitched	chr16	70555759	70559379	1	3621	8568.178	879	1
1_MACS_peak_25023_lociStitched	chr5	112262945	112266743	1	3799	7955.2908	880	1
1_MACS_peak_14645_lociStitched	chr19	10330611	10334458	1	3848	7769.4012	881	1
2_MACS_peak_4670_lociStitched	chr11	267539	271030	2	3460	9042.0391	882	1
1_MACS_peak_12907_lociStitched	chr17	47816061	47819830	1	3770	8024.9548	883	1
2_MACS_peak_30498_lociStitched	chr8	120885892	120889657	2	3666	8309.7315	888	1
2_MACS_peak_22341_lociStitched	chr3	174866185	174869742	2	3546	8687.2611	889	1
3_MACS_peak_26237_lociStitched	chr6	26271040	26275056	3	3911	7391.8496	890	1
3_MACS_peak_21468_lociStitched	chr3	71770917	71775030	3	3913	7383.2463	891	1
1_MACS_peak_31808_lociStitched	chr9	123653253	123657092	1	3840	7655.7338	892	1
3_MACS_peak_16729_lociStitched	chr2	88923638	88928043	3	4054	6748.9005	894	1
3_MACS_peak_17867_lociStitched	chr2	204568883	204573018	3	3785	7825.901	895	1
2_MACS_peak_22273_lociStitched	chr3	169657039	169660622	2	3495	8786.9492	896	1
1_MACS_peak_14354_lociStitched	chr19	1066736	1070091	1	3356	9172.2345	898	1
4_MACS_peak_26599_lociStitched	chr6	41222246	41226681	4	4058	6658.2655	899	1
1_MACS_peak_3000_lociStitched	chr1	226297163	226300743	1	3581	8474.576	900	1
3_MACS_peak_2984_lociStitched	chr1	226083711	226087785	3	3919	7243.1646	901	1
1_MACS_peak_3326_lociStitched	chr10	5945004	5948999	1	3996	6884.5835	902	1
1_MACS_peak_22104_lociStitched	chr3	150125155	150128818	1	3664	8166.6585	903	1
2_MACS_peak_2712_lociStitched	chr1	206135247	206139296	2	3679	8097.1902	906	1
1_MACS_peak_25236_lociStitched	chr5	133859723	133863453	1	3731	7905.362	907	1
3_MACS_peak_20297_lociStitched	chr22	38638590	38642307	3	3694	8013.1086	910	1
2_MACS_peak_6108_lociStitched	chr11	118659788	118663124	2	3336	9098.2728	913	1
1_MACS_peak_22181_lociStitched	chr3	156820679	156824517	1	3839	7430.368	916	1
3_MACS_peak_21704_lociStitched	chr3	113462968	113467261	3	3830	7455.6531	917	1
1_MACS_peak_27007_lociStitched	chr6	90006149	90010001	1	3853	7346.5344	918	1
1_MACS_peak_6266_lociStitched	chr11	128275064	128278924	1	3861	7296.558	920	1
2_MACS_peak_31529_lociStitched	chr9	96030002	96034041	2	3973	6824.6983	921	1
1_MACS_peak_17896_lociStitched	chr2	207138934	207142690	1	3757	7695.6684	922	1
2_MACS_peak_11143_lociStitched	chr16	29815884	29819768	2	3593	8232.5264	927	1
2_MACS_peak_9414_lociStitched	chr15	31546550	31550274	2	3711	7820.0276	928	1
1_MACS_peak_28932_lociStitched	chr7	104621908	104625579	1	3672	7921.2838	933	1
3_MACS_peak_29923_lociStitched	chr8	33410557	33414196	3	3607	8127.7065	935	1
2_MACS_peak_4135_lociStitched	chr10	90144375	90148450	2	3994	6612.5025	936	1
2_MACS_peak_17022_lociStitched	chr2	111806408	111810220	2	3720	7718.5376	937	1
2_MACS_peak_28870_lociStitched	chr7	101929260	101933157	2	3840	7249.1994	938	1
3_MACS_peak_21602_lociStitched	chr3	101495547	101499489	3	3733	7641.9612	941	1
1_MACS_peak_29288_lociStitched	chr7	137707868	137711823	1	3956	6719.545	943	1
2_MACS_peak_9430_lociStitched	chr15	31651495	31655190	2	3633	7967.898	944	1
1_MACS_peak_18957_lociStitched	chr20	42378450	42381927	1	3478	8456.4117	947	1
1_MACS_peak_8511_lociStitched	chr13	114912000	114915969	1	3970	6609.1788	948	1
3_MACS_peak_4376_lociStitched	chr10	105257283	105261377	3	3896	6934.8266	949	1
1_MACS_peak_31920_lociStitched	chr9	130538431	130542356	1	3926	6791.4275	952	1
1_MACS_peak_19066_lociStitched	chr20	46043004	46046897	1	3894	6894.8923	955	1
2_MACS_peak_21838_lociStitched	chr3	125552517	125556912	2	3965	6559.5375	957	1
2_MACS_peak_7149_lociStitched	chr12	57913546	57917439	2	3660	7778.214	958	1
2_MACS_peak_1671_lociStitched	chr1	143912189	143916313	2	3644	7828.1768	960	1
1_MACS_peak_29355_lociStitched	chr7	141255796	141259463	1	3668	7722.702	961	1
3_MACS_peak_7258_lociStitched	chr12	68874188	68878216	3	3867	6903.1864	964	1
4_MACS_peak_31999_lociStitched	chr9	132031056	132035068	4	3837	7028.6228	965	1
2_MACS_peak_32288_lociStitched	chrX	10077816	10081726	2	3879	6845.628	966	1
4_MACS_peak_469_lociStitched	chr1	25874058	25878474	4	3607	7884.3264	967	1
2_MACS_peak_13351_lociStitched	chr17	73778675	73782207	2	3500	8231.6792	969	1
1_MACS_peak_5577_lociStitched	chr11	67650446	67654203	1	3758	7317.5089	971	1
3_MACS_peak_3606_lociStitched	chr10	31607072	31611183	3	3878	6820.149	972	1
1_MACS_peak_22214_lociStitched	chr3	158902224	158905910	1	3687	7577.3102	973	1
1_MACS_peak_22219_lociStitched	chr3	159727115	159731062	1	3948	6472.2906	975	1
2_MACS_peak_1645_lociStitched	chr1	120835732	120839831	2	3620	7731.9437	979	1
3_MACS_peak_18600_lociStitched	chr20	19758540	19762367	3	3621	7717.5282	981	1
3_MACS_peak_14204_lociStitched	chr18	60984523	60988529	3	3822	6912.7536	983	1
3_MACS_peak_31319_lociStitched	chr9	77700646	77704436	3	3625	7667.928	986	1
3_MACS_peak_659_lociStitched	chr1	33091757	33095729	3	3878	6639.9924	990	1
2_MACS_peak_13829_lociStitched	chr18	13610459	13614431	2	3893	6570.8796	991	1
2_MACS_peak_7646_lociStitched	chr12	109083166	109086949	2	3768	7072.3185	994	1
2_MACS_peak_30686_lociStitched	chr8	134245120	134248945	2	3789	6965.325	996	1
2_MACS_peak_13488_lociStitched	chr17	76247148	76250778	2	3520	7921.023	1000	1
2_MACS_peak_15574_lociStitched	chr19	55580145	55583844	2	3658	7405.0281	1002	1
1_MACS_peak_1699_lociStitched	chr1	145002604	145006085	1	3482	7993.7684	1005	1
2_MACS_peak_7529_lociStitched	chr12	102135115	102139044	2	3712	7148.4226	1007	1
1_MACS_peak_16425_lociStitched	chr2	65256886	65260462	1	3577	7646.5608	1008	1
1_MACS_peak_8968_lociStitched	chr14	77492670	77496402	1	3733	7051.9872	1009	1
1_MACS_peak_5672_lociStitched	chr11	72851724	72855434	1	3711	7132.475	1010	1
1_MACS_peak_19605_lociStitched	chr21	37906392	37909794	1	3403	8181.4698	1015	1
2_MACS_peak_2539_lociStitched	chr1	198125410	198129048	2	3461	7932.2952	1023	1
1_MACS_peak_28298_lociStitched	chr7	45033057	45036678	1	3622	7356.7857	1024	1
2_MACS_peak_14352_lociStitched	chr19	1037290	1041074	2	3719	6925.0984	1027	1
1_MACS_peak_22358_lociStitched	chr3	176776735	176780437	1	3703	6935.697	1035	1
2_MACS_peak_10791_lociStitched	chr16	11057498	11061231	2	3715	6837.7361	1037	1
1_MACS_peak_15041_lociStitched	chr19	29122257	29125921	1	3665	6995.3088	1043	1
1_MACS_peak_9407_lociStitched	chr15	31372833	31376419	1	3587	7291.7724	1045	1
3_MACS_peak_27929_lociStitched	chr7	8006873	8010605	3	3628	7113.5652	1047	1
2_MACS_peak_15100_lociStitched	chr19	35695572	35699378	2	3726	6711.881	1048	1
1_MACS_peak_11896_lociStitched	chr17	2302285	2305842	1	3558	7343.7822	1051	1
3_MACS_peak_18007_lociStitched	chr2	219742117	219746131	3	3668	6917.7276	1052	1
3_MACS_peak_2061_lociStitched	chr1	157104808	157108959	3	3625	7077.0399	1053	1
2_MACS_peak_28227_lociStitched	chr7	39987948	39991563	2	3557	7293.9855	1055	1
1_MACS_peak_27556_lociStitched	chr6	139694013	139697411	1	3399	7829.6716	1057	1
1_MACS_peak_16239_lociStitched	chr2	47526516	47530089	1	3574	7115.2722	1065	1
3_MACS_peak_17216_lociStitched	chr2	129127852	129131838	3	3548	7126.5694	1071	1
1_MACS_peak_1757_lociStitched	chr1	147929534	147933115	1	3582	6996.1997	1072	1
3_MACS_peak_19526_lociStitched	chr21	34601244	34604913	3	3515	7233.8004	1076	1
3_MACS_peak_5400_lociStitched	chr11	64899441	64903246	3	3591	6914.0655	1078	1
1_MACS_peak_2776_lociStitched	chr1	207978060	207981522	1	3463	7367.136	1080	1
2_MACS_peak_13146_lociStitched	chr17	62197130	62200806	2	3549	7047.9948	1081	1
3_MACS_peak_22936_lociStitched	chr4	17577345	17581208	3	3634	6706.5543	1083	1
3_MACS_peak_18836_lociStitched	chr20	34328967	34332756	3	3585	6895.2222	1085	1
2_MACS_peak_20066_lociStitched	chr22	29186270	29189848	2	3452	7358.5148	1087	1
4_MACS_peak_25474_lociStitched	chr5	150459899	150463917	4	3454	7344.1004	1089	1
1_MACS_peak_24728_lociStitched	chr5	75841736	75845382	1	3647	6557.6956	1092	1
1_MACS_peak_1681_lociStitched	chr1	144518793	144522451	1	3659	6485.2682	1096	1
2_MACS_peak_24129_lociStitched	chr4	187749450	187752919	2	3460	7242.9251	1101	1
2_MACS_peak_20447_lociStitched	chr22	42146810	42150430	2	3540	6917.096	1105	1
2_MACS_peak_29339_lociStitched	chr7	140771142	140774864	2	3606	6627.021	1107	1
1_MACS_peak_13443_lociStitched	chr17	75229504	75232905	1	3402	7400.576	1108	1
3_MACS_peak_26212_lociStitched	chr6	26122537	26126628	3	3615	6551.7365	1114	1
2_MACS_peak_20329_lociStitched	chr22	39266992	39270626	2	3542	6675.2946	1125	1
2_MACS_peak_7566_lociStitched	chr12	104850716	104854306	2	3561	6588.368	1129	1
1_MACS_peak_2134_lociStitched	chr1	161013988	161017479	1	3492	6860.8623	1130	1
3_MACS_peak_13423_lociStitched	chr17	75088388	75092722	3	3539	6655.2904	1132	1
2_MACS_peak_29926_lociStitched	chr8	33421189	33424702	2	3490	6841.2162	1133	1
1_MACS_peak_30685_lociStitched	chr8	134228168	134231728	1	3561	6553.248	1136	1
3_MACS_peak_3244_lociStitched	chr1	247373397	247377369	3	3546	6549.0336	1146	1
1_MACS_peak_29555_lociStitched	chr8	1991424	1994902	1	3479	6699.6714	1153	1
1_MACS_peak_1688_lociStitched	chr1	144689515	144693010	1	3496	6607.9965	1157	1
1_MACS_peak_11914_lociStitched	chr17	3459770	3463112	1	3343	7153.8852	1161	1
1_MACS_peak_13025_lociStitched	chr17	56407712	56411058	1	3347	7073.7786	1174	1
1_MACS_peak_10464_lociStitched	chr15	99393599	99396948	1	3350	7032.5651	1181	1
3_MACS_peak_32444_lociStitched	chrX	39712939	39716492	3	3447	6665.0727	1182	1
2_MACS_peak_18091_lociStitched	chr2	228274757	228278236	2	3475	6489.7266	1191	1
2_MACS_peak_17526_lociStitched	chr2	173420022	173423604	2	3453	6532.8516	1197	1
1_MACS_peak_18713_lociStitched	chr20	30285861	30289270	1	3410	6657.0952	1202	1
1_MACS_peak_9297_lociStitched	chr15	21925026	21928463	1	3438	6483.9005	1211	1
1_MACS_peak_19901_lociStitched	chr22	22520183	22523591	1	3409	6586.9824	1214	1
2_MACS_peak_2695_lociStitched	chr1	205408302	205411760	2	3346	6574.3496	1244	1
