#U266_H3K27ac_peaks Enhancers
#Created from /data/projects/IRF4_mm_trn_data/myeloma_public_data/rose/U266_H3K27ac_ROSE/U266_H3K27ac_peaks_4KB_STITCHED_ENHANCER_REGION_MAP.txt
#Ranked by U266_jia.bam
#Using cutoff of 13745.6739 for Super-Enhancers
#Created on Jul 16 2024 
REGION_ID	CHROM	START	STOP	NUM_LOCI	CONSTITUENT_SIZE	U266_jia.bam	enhancerRank	isStretch
10_MACS_peak_19637_lociStitched	chr2	112181721	112258276	10	67481	122763.598	1	1
13_MACS_peak_1847_lociStitched	chr1	118147721	118221123	13	66290	129517.829	2	1
11_MACS_peak_19339_lociStitched	chr2	87749789	87825917	11	64386	124583.472	3	1
3_MACS_peak_11003_lociStitched	chr15	60824868	60885799	3	60036	164373.5587	4	1
12_MACS_peak_23543_lociStitched	chr3	13319790	13394673	12	58449	130229.0253	5	1
12_MACS_peak_21165_lociStitched	chr20	30248839	30312399	12	57443	110982.116	6	1
8_MACS_peak_28548_lociStitched	chr6	290234	357600	8	57045	166245.8148	7	1
13_MACS_peak_3455_lociStitched	chr1	233742287	233814160	13	56658	100011.2795	8	1
8_MACS_peak_25257_lociStitched	chr3	186693094	186751221	8	52425	112940.761	9	1
6_MACS_peak_10100_lociStitched	chr14	91811546	91867185	6	51188	91548.4106	10	1
9_MACS_peak_19485_lociStitched	chr2	99054926	99109886	9	47746	79175.376	11	1
4_MACS_peak_28361_lociStitched	chr5	173309979	173358125	4	46469	65233.0154	12	1
7_MACS_peak_10402_lociStitched	chr14	106022094	106068845	7	45428	120603.5547	13	1
3_MACS_peak_18696_lociStitched	chr2	37562601	37607344	3	44104	127222.2462	14	1
6_MACS_peak_22980_lociStitched	chr22	38634350	38687893	6	43413	98262.1136	15	1
4_MACS_peak_28655_lociStitched	chr6	7878411	7919799	4	40104	106234.7184	16	1
2_MACS_peak_3354_lociStitched	chr1	228744052	228783700	2	39475	55352.5728	17	1
12_MACS_peak_32125_lociStitched	chr7	132170183	132222247	12	38036	52225.3984	18	1
4_MACS_peak_18454_lociStitched	chr2	20386769	20426585	4	37526	148720.7232	19	1
7_MACS_peak_15263_lociStitched	chr17	76709915	76755679	7	37289	56843.4644	20	1
16_MACS_peak_26966_lociStitched	chr5	24247865	24295982	16	37000	42463.2525	21	1
10_MACS_peak_10409_lociStitched	chr14	106143772	106188886	10	36710	80939.0274	22	1
4_MACS_peak_6623_lociStitched	chr11	115041532	115082212	4	36283	43824.564	23	1
2_MACS_peak_6015_lociStitched	chr11	65182823	65217324	2	34436	98700.4608	24	1
9_MACS_peak_21405_lociStitched	chr20	37486906	37524260	9	34352	76161.0706	25	1
6_MACS_peak_14893_lociStitched	chr17	62150990	62187059	6	33809	56996.2338	26	1
10_MACS_peak_8384_lociStitched	chr12	123344670	123387093	10	33602	52625.7315	27	1
9_MACS_peak_29527_lociStitched	chr6	52376569	52423340	9	33345	49577.26	28	1
7_MACS_peak_22567_lociStitched	chr22	23255724	23298741	7	32981	93695.3277	29	1
9_MACS_peak_4308_lociStitched	chr10	74051530	74100286	9	32960	84021.2148	30	1
7_MACS_peak_2211_lociStitched	chr1	154373519	154418832	7	32692	115117.6765	31	1
1_MACS_peak_2338_lociStitched	chr1	156448793	156479679	1	30887	128970.6702	32	1
4_MACS_peak_31276_lociStitched	chr7	55571658	55605839	4	30724	67278.4623	33	1
8_MACS_peak_22902_lociStitched	chr22	37610001	37647002	8	29945	53547.8472	34	1
5_MACS_peak_24807_lociStitched	chr3	141079388	141113771	5	29685	58822.4364	35	1
7_MACS_peak_31777_lociStitched	chr7	101915326	101955601	7	29675	71415.63	36	1
6_MACS_peak_2059_lociStitched	chr1	149800634	149834995	6	28717	66502.2794	37	1
7_MACS_peak_35103_lociStitched	chr9	130813119	130847391	7	28665	61549.0848	38	1
7_MACS_peak_23837_lociStitched	chr3	45582219	45617877	7	28460	54670.8456	39	1
6_MACS_peak_33656_lociStitched	chr8	126292349	126322548	6	28078	36528.7104	40	1
6_MACS_peak_22561_lociStitched	chr22	23219781	23250702	6	27941	55339.3137	41	1
3_MACS_peak_18693_lociStitched	chr2	37524661	37553989	3	27786	61336.5792	42	1
5_MACS_peak_12112_lociStitched	chr16	9029606	9058543	5	27588	45879.6135	43	1
4_MACS_peak_23844_lociStitched	chr3	45633873	45661617	4	27154	45877.4784	44	1
6_MACS_peak_35093_lociStitched	chr9	130716309	130748849	6	27134	61028.77	45	1
5_MACS_peak_11232_lociStitched	chr15	70768948	70805993	5	27038	70237.32	46	1
8_MACS_peak_25086_lociStitched	chr3	171844605	171878544	8	26876	34811.2323	47	1
3_MACS_peak_29852_lociStitched	chr6	106532010	106559189	3	26862	31584.7159	48	1
6_MACS_peak_11813_lociStitched	chr15	101456695	101489921	6	26850	76060.9592	49	1
7_MACS_peak_4449_lociStitched	chr10	80999083	81028550	7	26538	59160.8959	50	1
8_MACS_peak_25187_lociStitched	chr3	183224388	183260290	8	26437	57590.3982	51	1
10_MACS_peak_8036_lociStitched	chr12	109006646	109036250	10	26332	58681.0488	52	1
5_MACS_peak_12217_lociStitched	chr16	12043202	12073865	5	25943	52838.4816	53	1
8_MACS_peak_19359_lociStitched	chr2	88899036	88928601	8	25731	32663.412	54	1
12_MACS_peak_13206_lociStitched	chr16	81741527	81786656	12	25604	38517.6015	55	1
8_MACS_peak_8133_lociStitched	chr12	111862081	111889936	8	25592	39158.559	56	1
1_MACS_peak_6023_lociStitched	chr11	65253713	65279171	1	25459	76715.1372	57	1
3_MACS_peak_25325_lociStitched	chr3	192593399	192619120	3	25274	60040.5303	58	1
5_MACS_peak_23869_lociStitched	chr3	46317470	46345444	5	25269	38067.0192	59	1
8_MACS_peak_16132_lociStitched	chr19	1237203	1277502	8	25253	65151.3933	60	1
11_MACS_peak_19265_lociStitched	chr2	86108062	86152419	11	25247	43319.0462	61	1
10_MACS_peak_35083_lociStitched	chr9	130667286	130707014	10	24585	44682.0816	62	1
5_MACS_peak_2460_lociStitched	chr1	161409224	161442579	5	24490	53231.2445	63	1
7_MACS_peak_35017_lociStitched	chr9	127609787	127643889	7	24317	63968.5316	64	1
11_MACS_peak_28133_lociStitched	chr5	150502776	150538126	11	24267	40150.53	65	1
6_MACS_peak_14639_lociStitched	chr17	47814307	47842569	6	24238	51889.032	66	1
5_MACS_peak_25081_lociStitched	chr3	171803136	171828962	5	23726	51954.1642	67	1
5_MACS_peak_19370_lociStitched	chr2	89130630	89161462	5	23513	29376.7296	68	1
10_MACS_peak_16331_lociStitched	chr19	4367843	4407599	10	23455	47941.7604	69	1
4_MACS_peak_30888_lociStitched	chr7	25979977	26011252	4	23416	82118.7675	70	1
5_MACS_peak_26137_lociStitched	chr4	90203768	90229579	5	23414	21990.972	71	1
7_MACS_peak_14091_lociStitched	chr17	32688721	32719456	7	23404	37656.522	72	1
8_MACS_peak_4909_lociStitched	chr10	112599965	112636424	8	23334	56617.1811	73	1
8_MACS_peak_28124_lociStitched	chr5	150437387	150467423	8	23169	37301.7084	74	1
5_MACS_peak_10722_lociStitched	chr15	42064386	42093242	5	23145	36788.5144	75	1
1_MACS_peak_2099_lociStitched	chr1	150531157	150554149	1	22993	88057.0608	76	1
8_MACS_peak_31280_lociStitched	chr7	55611482	55642002	8	22943	40146.008	77	1
7_MACS_peak_10641_lociStitched	chr15	40380263	40409363	7	22699	49138.26	78	1
4_MACS_peak_9272_lociStitched	chr14	23017118	23040543	4	22645	47676.9025	79	1
9_MACS_peak_3018_lociStitched	chr1	206852592	206894090	9	22385	36223.6042	80	1
4_MACS_peak_31793_lociStitched	chr7	102063382	102088703	4	22359	50930.6594	81	1
2_MACS_peak_14773_lociStitched	chr17	56404300	56430719	2	22354	95536.3878	82	1
4_MACS_peak_21707_lociStitched	chr20	52188756	52211972	4	22299	45326.9184	83	1
4_MACS_peak_14267_lociStitched	chr17	37909266	37935795	4	22273	59645.1507	84	1
6_MACS_peak_11174_lociStitched	chr15	68476398	68504120	6	22255	41303.0078	85	1
7_MACS_peak_9993_lociStitched	chr14	81929840	81955732	7	22138	38258.0192	86	1
4_MACS_peak_34892_lociStitched	chr9	117243194	117270552	4	22076	62288.6944	87	1
7_MACS_peak_10806_lociStitched	chr15	45001743	45030091	7	22006	51239.01	88	1
7_MACS_peak_23232_lociStitched	chr22	45093439	45118644	7	21985	34039.3525	89	1
11_MACS_peak_22219_lociStitched	chr21	44758499	44790017	11	21956	60457.8276	90	1
3_MACS_peak_13316_lociStitched	chr16	87883187	87906062	3	21943	50265.525	91	1
5_MACS_peak_15056_lociStitched	chr17	72732497	72758193	5	21872	44754.7232	92	1
6_MACS_peak_11088_lociStitched	chr15	65164222	65191013	6	21740	64226.0643	93	1
6_MACS_peak_22232_lociStitched	chr21	44843864	44877128	6	21580	54047.3472	94	1
2_MACS_peak_34805_lociStitched	chr9	112903921	112925286	2	21299	47374.751	95	1
5_MACS_peak_22550_lociStitched	chr22	23141909	23165950	5	21221	41720.7514	96	1
6_MACS_peak_26869_lociStitched	chr5	6475501	6498309	6	21078	42587.0976	97	1
4_MACS_peak_34000_lociStitched	chr9	700319	725879	4	20887	44783.676	98	1
4_MACS_peak_3752_lociStitched	chr10	7510768	7535641	4	20884	35399.2536	99	1
5_MACS_peak_24666_lociStitched	chr3	129019128	129048744	5	20853	44643.1584	100	1
6_MACS_peak_17792_lociStitched	chr19	48878723	48904466	6	20775	35352.8619	101	1
7_MACS_peak_10633_lociStitched	chr15	40329988	40367804	7	20574	51429.76	102	1
3_MACS_peak_21591_lociStitched	chr20	45963617	45990421	3	20573	46464.734	103	1
5_MACS_peak_21725_lociStitched	chr20	52530703	52559907	5	20542	42299.0736	104	1
5_MACS_peak_8488_lociStitched	chr12	129288276	129315942	5	20533	28711.7748	105	1
5_MACS_peak_7337_lociStitched	chr12	48191674	48215019	5	20528	55386.0125	106	1
3_MACS_peak_28557_lociStitched	chr6	388069	411357	3	20438	42596.0808	107	1
9_MACS_peak_16721_lociStitched	chr19	12885319	12918338	9	20401	60543.6384	108	1
6_MACS_peak_2900_lociStitched	chr1	203254852	203281373	6	20388	49281.3222	109	1
7_MACS_peak_23059_lociStitched	chr22	39823427	39848895	7	20339	35084.7168	110	1
6_MACS_peak_6017_lociStitched	chr11	65221869	65247664	6	20303	43438.78	111	1
7_MACS_peak_16889_lociStitched	chr19	16244294	16272490	7	20186	24778.6448	112	1
6_MACS_peak_22266_lociStitched	chr21	45552069	45580959	6	20074	37767.897	113	1
8_MACS_peak_5389_lociStitched	chr11	10314768	10344834	8	20035	43126.6704	114	1
6_MACS_peak_17050_lociStitched	chr19	19042064	19065042	6	20028	56197.2946	115	1
4_MACS_peak_28911_lociStitched	chr6	27093788	27116100	4	20024	30277.384	116	1
4_MACS_peak_33766_lociStitched	chr8	134068620	134089957	4	19914	25113.649	117	1
5_MACS_peak_15162_lociStitched	chr17	74475302	74503100	5	19884	47765.3034	118	1
7_MACS_peak_25267_lociStitched	chr3	186775351	186797648	7	19735	31349.582	119	1
1_MACS_peak_20390_lociStitched	chr2	201978795	201998510	1	19716	53323.1605	120	1
8_MACS_peak_543_lociStitched	chr1	24503132	24535055	8	19687	37263.7179	121	1
5_MACS_peak_9863_lociStitched	chr14	74219526	74244376	5	19615	31681.265	122	1
5_MACS_peak_2443_lociStitched	chr1	161134806	161163453	5	19488	39615.9363	123	1
5_MACS_peak_15194_lociStitched	chr17	75131027	75151833	5	19412	35497.1166	124	1
2_MACS_peak_27150_lociStitched	chr5	53812499	53832082	2	19370	42422.6529	125	1
8_MACS_peak_6029_lociStitched	chr11	65332397	65363264	8	19337	48600.0915	126	1
5_MACS_peak_4877_lociStitched	chr10	112165650	112186328	5	19304	37065.315	127	1
3_MACS_peak_14289_lociStitched	chr17	38251202	38270620	3	19268	39783.5984	128	1
3_MACS_peak_14599_lociStitched	chr17	46123603	46142888	3	19231	53120.5325	129	1
6_MACS_peak_32898_lociStitched	chr8	37736078	37762471	6	19063	26952.5316	130	1
4_MACS_peak_18734_lociStitched	chr2	38814808	38839277	4	18949	40376.2969	131	1
8_MACS_peak_5040_lociStitched	chr10	125824466	125854991	8	18935	33586.6575	132	1
4_MACS_peak_28157_lociStitched	chr5	151119735	151139017	4	18745	33822.5562	133	1
6_MACS_peak_12821_lociStitched	chr16	56964437	56985444	6	18741	25607.533	134	1
6_MACS_peak_6567_lociStitched	chr11	111229676	111251197	6	18733	23763.4882	135	1
2_MACS_peak_10323_lociStitched	chr14	103796951	103815697	2	18712	30284.163	136	1
2_MACS_peak_33781_lociStitched	chr8	134290300	134311030	2	18625	31559.352	137	1
9_MACS_peak_20307_lociStitched	chr2	197023272	197048989	9	18601	27154.5803	138	1
1_MACS_peak_6216_lociStitched	chr11	69452901	69471410	1	18510	32625.8143	139	1
10_MACS_peak_11321_lociStitched	chr15	75063533	75085968	10	18484	41217.582	140	1
3_MACS_peak_25831_lociStitched	chr4	40193673	40212331	3	18444	40394.57	141	1
7_MACS_peak_9946_lociStitched	chr14	77487578	77510213	7	18442	36184.311	142	1
5_MACS_peak_35074_lociStitched	chr9	130529014	130551217	5	18440	60505.3953	143	1
6_MACS_peak_17538_lociStitched	chr19	42612802	42639831	6	18356	36040.4686	144	1
5_MACS_peak_10095_lociStitched	chr14	91781672	91803269	5	18205	27153.9081	145	1
3_MACS_peak_18408_lociStitched	chr2	11882821	11904902	3	18202	52773.59	146	1
4_MACS_peak_17409_lociStitched	chr19	39880597	39904446	4	18196	54020.3699	147	1
2_MACS_peak_14899_lociStitched	chr17	62192694	62210978	2	18158	36992.1888	148	1
9_MACS_peak_32615_lociStitched	chr8	11271062	11303240	9	18116	27566.8926	149	1
6_MACS_peak_31158_lociStitched	chr7	44656599	44680573	6	18113	28895.8622	150	1
7_MACS_peak_14501_lociStitched	chr17	43502285	43531790	7	18080	29106.6825	151	1
7_MACS_peak_14144_lociStitched	chr17	34408522	34432846	7	18004	29991.492	152	1
7_MACS_peak_8449_lociStitched	chr12	125389000	125413106	7	17989	38627.4544	153	1
4_MACS_peak_15139_lociStitched	chr17	74167712	74190618	4	17946	28052.9782	154	1
2_MACS_peak_27798_lociStitched	chr5	131745136	131766303	2	17939	49943.5365	155	1
10_MACS_peak_21459_lociStitched	chr20	42336740	42365593	10	17905	23414.2095	156	1
8_MACS_peak_27831_lociStitched	chr5	132575605	132603564	8	17846	27276.8004	157	1
4_MACS_peak_32184_lociStitched	chr7	137663244	137688092	4	17819	45402.2656	158	1
7_MACS_peak_6826_lociStitched	chr11	128585767	128609711	7	17630	20079.4384	159	1
8_MACS_peak_12987_lociStitched	chr16	68270473	68300095	8	17621	32960.3994	160	1
10_MACS_peak_13771_lociStitched	chr17	17379857	17404849	10	17496	20203.5328	161	1
18_MACS_peak_26399_lociStitched	chr4	132645561	132685808	18	17422	19648.5854	162	1
5_MACS_peak_14659_lociStitched	chr17	48224675	48249956	5	17330	39931.3395	163	1
2_MACS_peak_13220_lociStitched	chr16	81840206	81858882	2	17320	35531.09	164	1
3_MACS_peak_20447_lociStitched	chr2	204568683	204586600	3	17231	22215.2883	165	1
5_MACS_peak_19260_lociStitched	chr2	86075355	86093890	5	17208	26729.3235	166	1
7_MACS_peak_22062_lociStitched	chr21	36578145	36608065	7	17195	30174.32	167	1
6_MACS_peak_12369_lociStitched	chr16	21512029	21532328	6	17154	31510.1377	168	1
4_MACS_peak_24210_lociStitched	chr3	69128192	69145732	4	17026	26967.75	169	1
4_MACS_peak_5968_lociStitched	chr11	64611367	64634713	4	16999	43589.3166	170	1
4_MACS_peak_27943_lociStitched	chr5	139011970	139033023	4	16760	31371.0753	171	1
8_MACS_peak_15221_lociStitched	chr17	76116284	76144300	8	16715	30083.5808	172	1
1_MACS_peak_24812_lociStitched	chr3	141119122	141135802	1	16681	35708.544	173	1
7_MACS_peak_5870_lociStitched	chr11	62357493	62383092	7	16576	34059.4695	174	1
5_MACS_peak_28304_lociStitched	chr5	171595382	171620757	5	16510	31393.95	175	1
5_MACS_peak_2191_lociStitched	chr1	153929015	153951461	5	16504	42185.0124	176	1
4_MACS_peak_2358_lociStitched	chr1	156761868	156787150	4	16363	31010.9012	177	1
5_MACS_peak_4059_lociStitched	chr10	43887253	43906206	5	16328	33181.0171	178	1
3_MACS_peak_35890_lociStitched	chrX	48767914	48784315	3	16326	25518.3159	179	1
10_MACS_peak_14154_lociStitched	chr17	34516276	34540004	10	16281	16139.7856	180	1
4_MACS_peak_20570_lociStitched	chr2	219741506	219763669	4	16142	35884.1133	181	1
3_MACS_peak_29581_lociStitched	chr6	56619091	56637973	3	16114	26495.2224	182	1
4_MACS_peak_12559_lociStitched	chr16	29815339	29837404	4	16087	37713.498	183	1
3_MACS_peak_33470_lociStitched	chr8	103658921	103676049	3	16069	33231.7456	184	1
2_MACS_peak_3482_lociStitched	chr1	234733479	234749623	2	16024	61222.8912	185	1
6_MACS_peak_14300_lociStitched	chr17	38465655	38484713	6	16015	20771.3142	186	1
6_MACS_peak_23071_lociStitched	chr22	39911136	39930955	6	15906	33022.4178	187	1
9_MACS_peak_12124_lociStitched	chr16	9162216	9193906	9	15888	33569.217	188	1
4_MACS_peak_13281_lociStitched	chr16	85631766	85648276	4	15855	27406.6	189	1
5_MACS_peak_18746_lociStitched	chr2	38946084	38969096	5	15819	26831.992	190	1
4_MACS_peak_620_lociStitched	chr1	26436499	26454180	4	15774	27693.7503	191	1
6_MACS_peak_23557_lociStitched	chr3	13449806	13470805	6	15747	27928.67	192	1
5_MACS_peak_35326_lociStitched	chr9	138467724	138486353	5	15703	28567.5715	193	1
5_MACS_peak_3798_lociStitched	chr10	12390001	12411609	5	15678	32809.5872	194	1
5_MACS_peak_27802_lociStitched	chr5	131791043	131815940	5	15599	21227.1822	195	1
4_MACS_peak_16239_lociStitched	chr19	2606071	2622661	4	15554	41783.574	196	1
6_MACS_peak_11424_lociStitched	chr15	78336379	78362640	6	15513	18167.3598	197	1
8_MACS_peak_13968_lociStitched	chr17	27262012	27280384	8	15510	26407.9128	198	1
3_MACS_peak_35893_lociStitched	chrX	48790698	48806369	3	15434	18728.4121	199	1
7_MACS_peak_4436_lociStitched	chr10	80851169	80868808	7	15433	17328.5536	200	1
5_MACS_peak_23861_lociStitched	chr3	46130475	46154064	5	15389	26457.4224	201	1
3_MACS_peak_29753_lociStitched	chr6	90054385	90070070	3	15353	25731.2425	202	1
3_MACS_peak_12582_lociStitched	chr16	30193885	30213154	3	15330	43655.8464	203	1
4_MACS_peak_18711_lociStitched	chr2	37869277	37885391	4	15318	25447.2288	204	1
13_MACS_peak_6998_lociStitched	chr12	7046110	7088407	13	15315	19917.6573	205	1
5_MACS_peak_2303_lociStitched	chr1	155940207	155961857	5	15309	43271.855	206	1
6_MACS_peak_22717_lociStitched	chr22	29206532	29225519	6	15306	26207.7561	207	1
6_MACS_peak_27614_lociStitched	chr5	109023752	109045373	6	15287	27856.4964	208	1
8_MACS_peak_984_lociStitched	chr1	40023991	40049752	8	15237	18766.8885	209	1
5_MACS_peak_30454_lociStitched	chr6	160388841	160410942	5	15182	24828.2634	210	1
8_MACS_peak_17066_lociStitched	chr19	19264556	19286651	8	15168	23049.504	211	1
3_MACS_peak_29446_lociStitched	chr6	44213242	44234183	3	15150	32678.4305	212	1
4_MACS_peak_745_lociStitched	chr1	28826860	28846304	4	15109	25745.8004	213	1
3_MACS_peak_32624_lociStitched	chr8	11308140	11326120	3	14994	32277.696	214	1
6_MACS_peak_19614_lociStitched	chr2	111612125	111634261	6	14975	26875.3176	215	1
1_MACS_peak_7607_lociStitched	chr12	57105145	57120091	1	14947	24565.2456	216	1
5_MACS_peak_31849_lociStitched	chr7	104633489	104659306	5	14931	41697.0367	217	1
3_MACS_peak_2657_lociStitched	chr1	179048066	179063174	3	14927	36476.7552	218	1
3_MACS_peak_1224_lociStitched	chr1	51432445	51447848	3	14888	37302.9854	219	1
2_MACS_peak_8034_lociStitched	chr12	108951883	108970218	2	14827	29506.5155	220	1
7_MACS_peak_16206_lociStitched	chr19	2254050	2274853	7	14816	40686.5074	221	1
5_MACS_peak_27526_lociStitched	chr5	95250221	95270425	5	14802	23436.64	222	1
4_MACS_peak_5864_lociStitched	chr11	62306223	62326537	4	14780	21882.2408	223	1
8_MACS_peak_4801_lociStitched	chr10	105224475	105245745	8	14750	22025.085	224	1
4_MACS_peak_33478_lociStitched	chr8	103793287	103810580	4	14739	30153.8041	225	1
1_MACS_peak_23875_lociStitched	chr3	46389733	46404465	1	14733	32251.2944	226	1
6_MACS_peak_15249_lociStitched	chr17	76337197	76357455	6	14707	27982.3754	227	1
6_MACS_peak_18242_lociStitched	chr2	1644296	1665081	6	14703	26151.687	228	1
8_MACS_peak_10421_lociStitched	chr14	106452740	106473342	8	14688	18125.6396	229	1
4_MACS_peak_16789_lociStitched	chr19	13943760	13961855	4	14659	34123.551	230	1
4_MACS_peak_21637_lociStitched	chr20	48284391	48305092	4	14658	21659.4563	231	1
4_MACS_peak_2296_lociStitched	chr1	155900520	155918841	4	14624	32908.1802	232	1
3_MACS_peak_31575_lociStitched	chr7	87548887	87565039	3	14616	23139.3552	233	1
10_MACS_peak_11947_lociStitched	chr16	2178204	2207097	10	14607	24743.9652	234	1
4_MACS_peak_4815_lociStitched	chr10	105445120	105466738	4	14583	33419.2662	235	1
3_MACS_peak_653_lociStitched	chr1	27018521	27034803	3	14568	33666.2914	236	1
4_MACS_peak_27057_lociStitched	chr5	32530376	32545589	4	14535	27810.8853	237	1
4_MACS_peak_28353_lociStitched	chr5	173159729	173178027	4	14531	36702.1284	238	1
8_MACS_peak_28509_lociStitched	chr5	180228484	180248976	8	14521	28582.2416	239	1
2_MACS_peak_7084_lociStitched	chr12	12866182	12881589	2	14516	24873.0608	240	1
6_MACS_peak_19376_lociStitched	chr2	89442070	89459891	6	14453	17703.3814	241	1
8_MACS_peak_30169_lociStitched	chr6	137071866	137097002	8	14395	15765.2992	242	1
7_MACS_peak_17368_lociStitched	chr19	39159852	39187066	7	14327	26762.2476	243	1
7_MACS_peak_23364_lociStitched	chr22	50963007	50984714	7	14290	23308.9766	244	1
5_MACS_peak_25372_lociStitched	chr3	195258222	195278321	5	14279	25803.0962	245	1
8_MACS_peak_32953_lociStitched	chr8	39963752	39979088	8	14259	9959.1984	246	1
8_MACS_peak_12400_lociStitched	chr16	22195213	22218978	8	14241	21324.3345	247	1
7_MACS_peak_26918_lociStitched	chr5	14211931	14229663	7	14193	15011.9112	248	1
4_MACS_peak_26832_lociStitched	chr5	1311444	1330382	4	14148	37857.062	249	1
3_MACS_peak_7627_lociStitched	chr12	57622036	57639856	3	14120	34975.314	250	1
5_MACS_peak_11971_lociStitched	chr16	2551034	2571765	5	14085	32667.9098	251	1
7_MACS_peak_24726_lociStitched	chr3	133181144	133199941	7	14047	18900.3835	252	1
4_MACS_peak_20725_lociStitched	chr2	233938760	233954027	4	14017	30708.0438	253	1
6_MACS_peak_14370_lociStitched	chr17	40713220	40740323	6	14007	28195.2509	254	1
13_MACS_peak_14169_lociStitched	chr17	34616957	34641467	13	13939	12725.592	255	1
5_MACS_peak_733_lociStitched	chr1	28558302	28578401	5	13907	30019.8664	256	1
6_MACS_peak_14363_lociStitched	chr17	40680947	40701131	6	13887	25498.4472	257	1
3_MACS_peak_33265_lociStitched	chr8	81045954	81061362	3	13873	18509.6304	258	1
8_MACS_peak_195_lociStitched	chr1	9460131	9489830	8	13873	23863.1465	259	1
3_MACS_peak_14700_lociStitched	chr17	48979246	48997941	3	13865	42237.6135	260	1
8_MACS_peak_22972_lociStitched	chr22	38609645	38629648	8	13863	20047.0066	261	1
2_MACS_peak_30951_lociStitched	chr7	29712665	29726523	2	13845	27454.0838	262	1
4_MACS_peak_21999_lociStitched	chr21	34599775	34614529	4	13780	33436.9902	263	1
8_MACS_peak_35632_lociStitched	chrX	19864895	19887436	8	13780	15156.5684	264	1
1_MACS_peak_2355_lociStitched	chr1	156709366	156723132	1	13767	43843.3334	265	1
6_MACS_peak_5940_lociStitched	chr11	63992689	64019603	6	13746	27360.7724	266	1
4_MACS_peak_7155_lociStitched	chr12	26266048	26280177	4	13740	17261.3993	267	1
3_MACS_peak_633_lociStitched	chr1	26632248	26649006	3	13725	23493.0402	268	1
5_MACS_peak_33663_lociStitched	chr8	126340171	126356023	5	13708	20631.378	269	1
4_MACS_peak_12242_lociStitched	chr16	14486577	14502457	4	13690	24537.776	270	1
3_MACS_peak_33788_lociStitched	chr8	134508424	134522531	3	13649	21239.4992	271	1
2_MACS_peak_1950_lociStitched	chr1	144921600	144938775	2	13640	40548.4575	272	1
3_MACS_peak_22652_lociStitched	chr22	24819373	24834134	3	13599	30162.6274	273	1
1_MACS_peak_33482_lociStitched	chr8	103815143	103828738	1	13596	40765.967	274	1
4_MACS_peak_25682_lociStitched	chr4	10094675	10112034	4	13576	20268.3684	275	1
2_MACS_peak_18317_lociStitched	chr2	8651694	8667176	2	13558	24747.977	276	1
6_MACS_peak_19106_lociStitched	chr2	70330304	70353779	6	13557	25148.7675	277	1
3_MACS_peak_15542_lociStitched	chr18	9060443	9074678	3	13531	26277.81	278	1
1_MACS_peak_3292_lociStitched	chr1	226839255	226852784	1	13530	29265.9328	279	1
7_MACS_peak_32324_lociStitched	chr7	147899011	147916736	7	13524	13706.7425	280	1
4_MACS_peak_36526_lociStitched	chrX	152973708	152994638	4	13516	23847.642	281	1
7_MACS_peak_5077_lociStitched	chr10	128109526	128129724	7	13493	16588.6174	282	1
1_MACS_peak_23187_lociStitched	chr22	43057511	43071000	1	13490	24826.5045	283	1
5_MACS_peak_27445_lociStitched	chr5	87954708	87976555	5	13486	28510.335	284	1
4_MACS_peak_4289_lociStitched	chr10	73619245	73635239	4	13475	29230.6344	285	1
3_MACS_peak_12183_lociStitched	chr16	11665630	11682148	3	13437	22452.9174	286	1
6_MACS_peak_27515_lociStitched	chr5	95143216	95162073	6	13430	18877.7427	287	1
2_MACS_peak_3403_lociStitched	chr1	230256025	230270534	2	13426	20594.0746	288	1
1_MACS_peak_19772_lociStitched	chr2	127412778	127426192	1	13415	34563.8538	289	1
5_MACS_peak_17413_lociStitched	chr19	39920777	39939446	5	13397	20345.4762	290	1
6_MACS_peak_34005_lociStitched	chr9	746624	764823	6	13347	18408.2885	291	1
4_MACS_peak_25881_lociStitched	chr4	48191834	48207578	4	13340	20868.672	292	1
7_MACS_peak_12921_lociStitched	chr16	67189053	67218674	7	13336	25420.7422	293	1
4_MACS_peak_15903_lociStitched	chr18	55089370	55109212	4	13331	18274.482	294	1
4_MACS_peak_327_lociStitched	chr1	15726364	15744603	4	13329	23783.656	295	1
6_MACS_peak_16431_lociStitched	chr19	6765941	6789335	6	13301	25445.6538	296	1
1_MACS_peak_22716_lociStitched	chr22	29185965	29199229	1	13265	27993.672	297	1
4_MACS_peak_23423_lociStitched	chr3	5227204	5242093	4	13255	22716.1473	298	1
6_MACS_peak_33583_lociStitched	chr8	120915273	120933473	6	13238	13395.2	299	1
3_MACS_peak_26865_lociStitched	chr5	6445985	6460822	3	13226	32021.2134	300	1
4_MACS_peak_17932_lociStitched	chr19	50422354	50441587	4	13216	37181.2356	301	1
5_MACS_peak_27685_lociStitched	chr5	118668296	118683975	5	13165	20241.589	302	1
4_MACS_peak_11314_lociStitched	chr15	74906146	74924479	4	13149	27673.6635	303	1
1_MACS_peak_14488_lociStitched	chr17	43296479	43309626	1	13148	48764.8524	304	1
6_MACS_peak_13336_lociStitched	chr16	88747208	88773573	6	13133	20016.308	305	1
2_MACS_peak_23066_lociStitched	chr22	39856815	39871025	2	13132	24418.464	306	1
3_MACS_peak_16746_lociStitched	chr19	13043157	13058256	3	13119	23362.6827	307	1
3_MACS_peak_10315_lociStitched	chr14	103566099	103582255	3	13104	34753.1716	308	1
3_MACS_peak_657_lociStitched	chr1	27058638	27073444	3	13088	13427.5614	309	1
3_MACS_peak_19980_lociStitched	chr2	158288915	158302222	3	13062	21059.6582	310	1
5_MACS_peak_11351_lociStitched	chr15	75350037	75370805	5	13057	15011.1104	311	1
2_MACS_peak_30723_lociStitched	chr7	8006815	8020565	2	13031	20792.75	312	1
2_MACS_peak_30998_lociStitched	chr7	32766487	32780157	2	13029	27096.674	313	1
1_MACS_peak_26726_lociStitched	chr4	185263648	185276673	1	13026	20748.825	314	1
4_MACS_peak_11904_lociStitched	chr16	1341047	1361980	4	13007	24541.8492	315	1
3_MACS_peak_22209_lociStitched	chr21	44580435	44598092	3	12990	43784.0629	316	1
6_MACS_peak_26020_lociStitched	chr4	77116560	77136212	6	12963	16093.0228	317	1
3_MACS_peak_10106_lociStitched	chr14	91872085	91885880	3	12958	23886.0425	318	1
3_MACS_peak_15189_lociStitched	chr17	75079321	75095254	3	12953	24849.1068	319	1
2_MACS_peak_31229_lociStitched	chr7	47708130	47721311	2	12928	34521.039	320	1
1_MACS_peak_10208_lociStitched	chr14	98633043	98645962	1	12920	33017.0883	321	1
4_MACS_peak_20001_lociStitched	chr2	159840059	159859235	4	12895	24359.2728	322	1
4_MACS_peak_5286_lociStitched	chr11	3874213	3893775	4	12894	21876.1846	323	1
5_MACS_peak_17519_lociStitched	chr19	42363134	42381593	5	12888	18726.6555	324	1
9_MACS_peak_36028_lociStitched	chrX	64906039	64927765	9	12861	11901.5028	325	1
4_MACS_peak_19332_lociStitched	chr2	87550846	87569329	4	12837	15782.6337	326	1
9_MACS_peak_35414_lociStitched	chr9	140130596	140156868	9	12823	29209.2096	327	1
7_MACS_peak_9035_lociStitched	chr13	99127749	99142661	7	12817	19336.3904	328	1
6_MACS_peak_5791_lociStitched	chr11	59312187	59334319	6	12817	19600.0992	329	1
5_MACS_peak_24651_lociStitched	chr3	128820557	128842737	5	12805	20250.34	330	1
3_MACS_peak_35747_lociStitched	chrX	39953042	39969447	3	12784	24359.7845	331	1
6_MACS_peak_21600_lociStitched	chr20	46115155	46137250	6	12775	20687.5485	332	1
2_MACS_peak_10865_lociStitched	chr15	51165426	51179117	2	12765	35526.7759	333	1
5_MACS_peak_15644_lociStitched	chr18	20807373	20823873	5	12753	18135.15	334	1
3_MACS_peak_8352_lociStitched	chr12	122227168	122243314	3	12729	36895.2246	335	1
3_MACS_peak_15867_lociStitched	chr18	49917326	49930106	3	12714	26214.336	336	1
4_MACS_peak_10264_lociStitched	chr14	102275506	102294295	4	12714	18676.266	337	1
5_MACS_peak_18312_lociStitched	chr2	8617060	8630829	5	12712	23211.7802	338	1
2_MACS_peak_15095_lociStitched	chr17	73307363	73320255	2	12710	23178.5268	339	1
2_MACS_peak_30441_lociStitched	chr6	159453395	159466166	2	12682	18600.9615	340	1
8_MACS_peak_11396_lociStitched	chr15	77279628	77296923	8	12649	15003.4125	341	1
3_MACS_peak_15659_lociStitched	chr18	21151951	21167755	3	12648	21619.872	342	1
8_MACS_peak_31076_lociStitched	chr7	38384228	38408464	8	12643	17631.69	343	1
5_MACS_peak_27184_lociStitched	chr5	55436941	55452957	5	12640	21684.0624	344	1
3_MACS_peak_1010_lociStitched	chr1	40355978	40368735	3	12631	17649.3095	345	1
5_MACS_peak_12201_lociStitched	chr16	11821525	11838149	5	12629	17227.4512	346	1
6_MACS_peak_29110_lociStitched	chr6	31788659	31809926	6	12629	25665.0156	347	1
5_MACS_peak_4431_lociStitched	chr10	80826275	80841632	5	12625	21289.4091	348	1
5_MACS_peak_33409_lociStitched	chr8	101309444	101323753	5	12604	21482.1017	349	1
3_MACS_peak_11008_lociStitched	chr15	60938722	60954261	3	12592	15588.7248	350	1
2_MACS_peak_19660_lociStitched	chr2	112455591	112469143	2	12583	30399.8464	351	1
3_MACS_peak_23850_lociStitched	chr3	45694349	45710035	3	12565	17213.8164	352	1
3_MACS_peak_1558_lociStitched	chr1	93415996	93429232	3	12563	19335.1488	353	1
6_MACS_peak_2830_lociStitched	chr1	200846895	200863204	6	12557	22299.2957	354	1
1_MACS_peak_7636_lociStitched	chr12	57844993	57857500	1	12508	32653.2756	355	1
5_MACS_peak_22175_lociStitched	chr21	43804549	43821181	5	12498	29566.7064	356	1
4_MACS_peak_3006_lociStitched	chr1	206724941	206739981	4	12497	29364.096	357	1
3_MACS_peak_34191_lociStitched	chr9	33443755	33459825	3	12491	31291.504	358	1
3_MACS_peak_22992_lociStitched	chr22	38782346	38795837	3	12484	21066.1965	359	1
3_MACS_peak_30830_lociStitched	chr7	22757212	22771382	3	12464	29582.709	360	1
4_MACS_peak_14528_lociStitched	chr17	44253366	44272451	4	12449	23907.7795	361	1
2_MACS_peak_15152_lociStitched	chr17	74257498	74270039	2	12401	35855.9731	362	1
3_MACS_peak_31212_lociStitched	chr7	47510682	47527208	3	12335	32042.2614	363	1
4_MACS_peak_2234_lociStitched	chr1	154817497	154837411	4	12315	30440.5404	364	1
3_MACS_peak_7483_lociStitched	chr12	53591488	53607221	3	12309	19139.1945	365	1
6_MACS_peak_20384_lociStitched	chr2	201920273	201941210	6	12305	16014.7113	366	1
2_MACS_peak_23415_lociStitched	chr3	5014631	5029390	2	12289	30100.9805	367	1
4_MACS_peak_29855_lociStitched	chr6	106576727	106595351	4	12283	15701.8944	368	1
1_MACS_peak_31662_lociStitched	chr7	97909589	97921846	1	12258	30615.5346	369	1
4_MACS_peak_18565_lociStitched	chr2	27292641	27310673	4	12235	22630.16	370	1
2_MACS_peak_20620_lociStitched	chr2	227653810	227666689	2	12220	27734.9265	371	1
1_MACS_peak_20756_lociStitched	chr2	236402273	236414489	1	12217	14863.2072	372	1
2_MACS_peak_29586_lociStitched	chr6	56702897	56717576	2	12211	21697.0299	373	1
5_MACS_peak_16220_lociStitched	chr19	2455365	2480287	5	12211	32889.5634	374	1
4_MACS_peak_29049_lociStitched	chr6	30646832	30660416	4	12198	22702.9392	375	1
5_MACS_peak_20694_lociStitched	chr2	232526339	232546974	5	12141	28552.6495	376	1
1_MACS_peak_494_lociStitched	chr1	23849111	23861209	1	12099	30903.1312	377	1
6_MACS_peak_26772_lociStitched	chr4	186172994	186189505	6	12059	11546.1423	378	1
4_MACS_peak_17509_lociStitched	chr19	42036132	42049109	4	12029	16234.227	379	1
9_MACS_peak_5985_lociStitched	chr11	64835560	64858350	9	11996	16208.248	380	1
2_MACS_peak_18678_lociStitched	chr2	33712603	33724650	2	11992	22695.3433	381	1
7_MACS_peak_15145_lociStitched	chr17	74221913	74244017	7	11978	23836.9536	382	1
5_MACS_peak_33421_lociStitched	chr8	101440459	101456662	5	11967	18879.7356	383	1
3_MACS_peak_9416_lociStitched	chr14	33402890	33415353	3	11957	31656.02	384	1
2_MACS_peak_34467_lociStitched	chr9	86312491	86324445	2	11951	23018.6224	385	1
6_MACS_peak_7055_lociStitched	chr12	10241075	10255753	6	11909	12849.1212	386	1
5_MACS_peak_22930_lociStitched	chr22	38019708	38037396	5	11871	17866.6488	387	1
3_MACS_peak_9498_lociStitched	chr14	50085850	50103187	3	11798	24533.5887	388	1
2_MACS_peak_28358_lociStitched	chr5	173209066	173223506	2	11795	31587.5	389	1
3_MACS_peak_26270_lociStitched	chr4	113200007	113212618	3	11793	23513.2095	390	1
3_MACS_peak_16197_lociStitched	chr19	2082998	2099342	3	11782	23698.8	391	1
1_MACS_peak_3916_lociStitched	chr10	23727151	23738923	1	11773	21269.6496	392	1
7_MACS_peak_27860_lociStitched	chr5	133872306	133892129	7	11753	12668.8793	393	1
6_MACS_peak_25970_lociStitched	chr4	71521905	71534007	6	11737	8875.6068	394	1
7_MACS_peak_32274_lociStitched	chr7	142237297	142256293	7	11735	13354.188	395	1
6_MACS_peak_21453_lociStitched	chr20	42305653	42321234	6	11730	22579.9852	396	1
4_MACS_peak_10027_lociStitched	chr14	89891377	89903287	4	11726	16894.335	397	1
1_MACS_peak_20364_lociStitched	chr2	201237690	201249397	1	11708	14216.9808	398	1
3_MACS_peak_33414_lociStitched	chr8	101336579	101351880	3	11677	16486.8275	399	1
3_MACS_peak_34975_lociStitched	chr9	126079330	126092244	3	11666	16239.355	400	1
3_MACS_peak_1720_lociStitched	chr1	111169208	111181337	3	11662	31124.2269	401	1
2_MACS_peak_21215_lociStitched	chr20	31251313	31262984	2	11652	27488.7063	402	1
5_MACS_peak_16445_lociStitched	chr19	7178754	7199214	5	11648	20531.61	403	1
4_MACS_peak_22406_lociStitched	chr22	18547294	18562977	4	11638	15356.7936	404	1
1_MACS_peak_2348_lociStitched	chr1	156626888	156638518	1	11631	43796.254	405	1
5_MACS_peak_27038_lociStitched	chr5	32205754	32219601	5	11618	23226.9578	406	1
1_MACS_peak_35199_lociStitched	chr9	132646154	132657742	1	11589	25714.9308	407	1
3_MACS_peak_21864_lociStitched	chr20	62357765	62372964	3	11575	27589.2248	408	1
5_MACS_peak_12608_lociStitched	chr16	30562407	30584356	5	11566	23134.246	409	1
1_MACS_peak_2646_lociStitched	chr1	178540979	178552527	1	11549	43117.9224	410	1
3_MACS_peak_3348_lociStitched	chr1	228665931	228680047	3	11534	37723.5984	411	1
2_MACS_peak_33432_lociStitched	chr8	101501192	101513254	2	11527	21156.748	412	1
2_MACS_peak_2420_lociStitched	chr1	160674947	160687747	2	11514	29605.12	413	1
3_MACS_peak_2836_lociStitched	chr1	200984181	200996215	3	11474	30064.5422	414	1
5_MACS_peak_18842_lociStitched	chr2	46789198	46803066	5	11467	13248.1004	415	1
6_MACS_peak_21926_lociStitched	chr21	19147286	19167488	6	11439	17107.0536	416	1
1_MACS_peak_3864_lociStitched	chr10	15826265	15837693	1	11429	24201.0756	417	1
4_MACS_peak_31180_lociStitched	chr7	45034378	45047938	4	11422	19811.16	418	1
4_MACS_peak_34929_lociStitched	chr9	123686818	123703419	4	11422	22099.2512	419	1
4_MACS_peak_4302_lociStitched	chr10	74006965	74024634	4	11394	25137.6863	420	1
6_MACS_peak_35623_lociStitched	chrX	19816349	19832677	6	11386	11132.4304	421	1
4_MACS_peak_14566_lociStitched	chr17	45725632	45742007	4	11351	23234.4875	422	1
2_MACS_peak_8167_lociStitched	chr12	113337678	113349075	2	11345	17469.3216	423	1
4_MACS_peak_22614_lociStitched	chr22	24177367	24192240	4	11339	28410.4046	424	1
1_MACS_peak_27046_lociStitched	chr5	32273886	32285220	1	11335	19119.3246	425	1
6_MACS_peak_5084_lociStitched	chr10	128147068	128166199	6	11322	13322.8284	426	1
10_MACS_peak_12538_lociStitched	chr16	29605186	29625567	10	11296	16398.5526	427	1
5_MACS_peak_20404_lociStitched	chr2	202112782	202128031	5	11276	17850.4794	428	1
4_MACS_peak_15325_lociStitched	chr17	78225957	78238841	4	11255	21627.0824	429	1
4_MACS_peak_4038_lociStitched	chr10	38434004	38446520	4	11234	13473.474	430	1
4_MACS_peak_8394_lociStitched	chr12	123410805	123423828	4	11234	15690.1104	431	1
6_MACS_peak_4133_lociStitched	chr10	50276715	50290040	6	11232	16327.1225	432	1
4_MACS_peak_23476_lociStitched	chr3	10225499	10241852	4	11228	13788.8496	433	1
5_MACS_peak_25714_lociStitched	chr4	14868887	14886167	5	11226	12545.28	434	1
4_MACS_peak_34559_lociStitched	chr9	94569723	94581302	4	11205	21921.3628	435	1
2_MACS_peak_21504_lociStitched	chr20	43269902	43282005	2	11200	22222.3183	436	1
4_MACS_peak_17786_lociStitched	chr19	48823075	48837832	4	11187	23425.2618	437	1
5_MACS_peak_505_lociStitched	chr1	23937136	23955979	5	11167	20968.4904	438	1
2_MACS_peak_34571_lociStitched	chr9	94704951	94717575	2	11163	25746.648	439	1
3_MACS_peak_3344_lociStitched	chr1	228643026	228654207	3	11153	17409.9351	440	1
4_MACS_peak_11738_lociStitched	chr15	93360682	93384277	4	11140	27700.53	441	1
8_MACS_peak_22577_lociStitched	chr22	23470289	23488441	8	11132	22544.784	442	1
3_MACS_peak_17615_lociStitched	chr19	45244834	45260258	3	11131	24644.4672	443	1
2_MACS_peak_35244_lociStitched	chr9	134542715	134555468	2	11108	22386.6162	444	1
3_MACS_peak_24266_lociStitched	chr3	72022059	72035862	3	11101	19923.2502	445	1
2_MACS_peak_15641_lociStitched	chr18	20711534	20724466	2	11086	22184.846	446	1
3_MACS_peak_28414_lociStitched	chr5	176727156	176740801	3	11079	17263.654	447	1
3_MACS_peak_10153_lociStitched	chr14	94419695	94431040	3	11047	23059.847	448	1
2_MACS_peak_33384_lociStitched	chr8	98654866	98666106	2	11022	21448.168	449	1
3_MACS_peak_30114_lociStitched	chr6	134489118	134500287	3	10952	22535.6913	450	1
3_MACS_peak_8260_lociStitched	chr12	120628508	120640616	3	10943	17577.1836	451	1
5_MACS_peak_3058_lociStitched	chr1	209296754	209308746	5	10933	17908.8528	452	1
3_MACS_peak_11262_lociStitched	chr15	72514565	72531270	3	10903	31161.507	453	1
3_MACS_peak_32162_lociStitched	chr7	134844132	134857782	3	10891	21091.98	454	1
7_MACS_peak_15788_lociStitched	chr18	43622829	43644794	7	10889	12524.443	455	1
3_MACS_peak_11831_lociStitched	chr15	101729902	101743718	3	10888	20402.0872	456	1
1_MACS_peak_22216_lociStitched	chr21	44725204	44736078	1	10875	49677.869	457	1
4_MACS_peak_15847_lociStitched	chr18	47832473	47848120	4	10871	19236.4218	458	1
5_MACS_peak_15719_lociStitched	chr18	35009551	35031324	5	10871	18271.9016	459	1
3_MACS_peak_11703_lociStitched	chr15	91464834	91479598	3	10828	27458.0872	460	1
5_MACS_peak_16622_lociStitched	chr19	10974763	10991345	5	10810	24751.9514	461	1
7_MACS_peak_13664_lociStitched	chr17	8088847	8104172	7	10804	11648.5325	462	1
4_MACS_peak_16885_lociStitched	chr19	16221458	16237617	4	10801	21271.7076	463	1
6_MACS_peak_20996_lociStitched	chr20	5123859	5139629	6	10797	19054.891	464	1
5_MACS_peak_28806_lociStitched	chr6	20400992	20418651	5	10790	20791.7066	465	1
5_MACS_peak_35316_lociStitched	chr9	138354871	138373998	5	10774	23019.3445	466	1
3_MACS_peak_25003_lociStitched	chr3	164168237	164179567	3	10773	17631.746	467	1
1_MACS_peak_2241_lociStitched	chr1	154907726	154918490	1	10765	35903.322	468	1
4_MACS_peak_3596_lociStitched	chr1	246935457	246953668	4	10765	18822.8896	469	1
6_MACS_peak_31219_lociStitched	chr7	47613783	47630687	6	10764	20217.184	470	1
5_MACS_peak_34545_lociStitched	chr9	94179828	94195988	5	10758	18449.872	471	1
3_MACS_peak_25806_lociStitched	chr4	38307281	38322241	3	10750	16873.384	472	1
2_MACS_peak_2647_lociStitched	chr1	178567769	178578999	2	10711	32306.464	473	1
2_MACS_peak_4884_lociStitched	chr10	112215104	112226003	2	10709	24096.5991	474	1
4_MACS_peak_27047_lociStitched	chr5	32290009	32302012	4	10709	13223.7051	475	1
1_MACS_peak_7606_lociStitched	chr12	57074015	57084720	1	10706	22963.2955	476	1
2_MACS_peak_20208_lociStitched	chr2	182168523	182179799	2	10690	17218.452	477	1
3_MACS_peak_630_lociStitched	chr1	26602139	26617791	3	10680	20028.2992	478	1
5_MACS_peak_12192_lociStitched	chr16	11761723	11784312	5	10667	14578.9406	479	1
3_MACS_peak_33673_lociStitched	chr8	126438601	126450994	3	10661	27382.3335	480	1
2_MACS_peak_19279_lociStitched	chr2	86242146	86253479	2	10652	16940.5684	481	1
3_MACS_peak_16657_lociStitched	chr19	11484291	11495735	3	10634	24368.8536	482	1
4_MACS_peak_32933_lociStitched	chr8	39796242	39812173	4	10628	10498.529	483	1
6_MACS_peak_2273_lociStitched	chr1	155210289	155232850	6	10613	22757.2807	484	1
1_MACS_peak_29961_lociStitched	chr6	113963297	113973895	1	10599	15859.907	485	1
3_MACS_peak_31311_lociStitched	chr7	64011005	64024061	3	10567	14908.6464	486	1
4_MACS_peak_36534_lociStitched	chrX	153188415	153201773	4	10553	29913.9052	487	1
2_MACS_peak_16571_lociStitched	chr19	10328517	10342962	2	10548	43628.2335	488	1
3_MACS_peak_3400_lociStitched	chr1	230239106	230251104	3	10538	15227.8616	489	1
2_MACS_peak_24664_lociStitched	chr3	128994837	129005403	2	10523	19437.2136	490	1
3_MACS_peak_24698_lociStitched	chr3	130557745	130574967	3	10503	15349.9686	491	1
2_MACS_peak_33799_lociStitched	chr8	134695871	134707740	2	10502	17268.2081	492	1
1_MACS_peak_22161_lociStitched	chr21	43476609	43487106	1	10498	38636.3079	493	1
3_MACS_peak_10472_lociStitched	chr15	23659417	23671125	3	10493	19853.2556	494	1
2_MACS_peak_927_lociStitched	chr1	37932988	37946135	2	10485	20765.6865	495	1
3_MACS_peak_2320_lociStitched	chr1	156115509	156128441	3	10464	14152.7808	496	1
4_MACS_peak_3679_lociStitched	chr10	3818136	3829343	4	10457	23666.9426	497	1
6_MACS_peak_6446_lociStitched	chr11	89973206	89990966	6	10445	9775.104	498	1
3_MACS_peak_14818_lociStitched	chr17	57914336	57927068	3	10440	15429.9108	499	1
5_MACS_peak_17471_lociStitched	chr19	41106947	41121347	5	10413	15698.88	500	1
3_MACS_peak_24853_lociStitched	chr3	146256843	146272816	3	10412	13680.8745	501	1
4_MACS_peak_28716_lociStitched	chr6	13268346	13280851	4	10401	18666.2135	502	1
3_MACS_peak_7907_lociStitched	chr12	96791454	96802694	3	10398	19169.82	503	1
5_MACS_peak_12814_lociStitched	chr16	56892118	56905643	5	10398	13886.1175	504	1
3_MACS_peak_25050_lociStitched	chr3	169755012	169766202	3	10390	27327.099	505	1
3_MACS_peak_25094_lociStitched	chr3	171892632	171908332	3	10389	14070.34	506	1
5_MACS_peak_18356_lociStitched	chr2	9888694	9910224	5	10378	16894.591	507	1
4_MACS_peak_14376_lociStitched	chr17	40758699	40773761	4	10368	22348.9956	508	1
1_MACS_peak_33361_lociStitched	chr8	95952670	95963026	1	10357	21689.6064	509	1
3_MACS_peak_33606_lociStitched	chr8	124046095	124058033	3	10357	18028.7676	510	1
6_MACS_peak_15175_lociStitched	chr17	74720875	74734902	6	10338	24523.4041	511	1
3_MACS_peak_15435_lociStitched	chr17	80450817	80465341	3	10312	23417.0452	512	1
2_MACS_peak_27807_lociStitched	chr5	131824763	131837597	2	10300	14080.1814	513	1
5_MACS_peak_36545_lociStitched	chrX	153266733	153286943	5	10292	22081.446	514	1
6_MACS_peak_16590_lociStitched	chr19	10511782	10528040	6	10260	23138.3856	515	1
2_MACS_peak_22844_lociStitched	chr22	36552249	36564770	2	10256	15181.7125	516	1
5_MACS_peak_15550_lociStitched	chr18	9135022	9148197	5	10252	17116.96	517	1
4_MACS_peak_7870_lociStitched	chr12	95032889	95047166	4	10251	15955.9752	518	1
5_MACS_peak_5242_lociStitched	chr11	2398512	2412954	5	10241	13587.0336	519	1
4_MACS_peak_14491_lociStitched	chr17	43379127	43395577	4	10229	18172.315	520	1
3_MACS_peak_139_lociStitched	chr1	6659319	6675538	3	10210	28371.8967	521	1
3_MACS_peak_20807_lociStitched	chr2	241499001	241509373	3	10205	29330.9788	522	1
3_MACS_peak_35182_lociStitched	chr9	132244777	132260476	3	10203	28060.3926	523	1
2_MACS_peak_33358_lociStitched	chr8	95897309	95909943	2	10198	15851.8798	524	1
3_MACS_peak_22191_lociStitched	chr21	43942974	43953843	3	10165	26247.5481	525	1
3_MACS_peak_951_lociStitched	chr1	38464800	38479678	3	10162	18676.3534	526	1
7_MACS_peak_22855_lociStitched	chr22	36768894	36785187	7	10158	18666.8901	527	1
3_MACS_peak_15586_lociStitched	chr18	10947011	10958533	3	10155	19143.803	528	1
7_MACS_peak_26927_lociStitched	chr5	14257432	14270575	7	10099	9802.0494	529	1
4_MACS_peak_5132_lociStitched	chr10	134350073	134366292	4	10099	20593.2643	530	1
3_MACS_peak_28959_lociStitched	chr6	27791024	27808238	3	10086	18491.2788	531	1
4_MACS_peak_30781_lociStitched	chr7	18534173	18549707	4	10081	16366.6224	532	1
5_MACS_peak_15270_lociStitched	chr17	76769792	76781616	5	10069	18835.632	533	1
3_MACS_peak_11667_lociStitched	chr15	90721115	90736822	3	10069	25192.4573	534	1
5_MACS_peak_1167_lociStitched	chr1	45803167	45820349	5	10069	16365.855	535	1
4_MACS_peak_2203_lociStitched	chr1	154179772	154195155	4	10068	21434.6722	536	1
3_MACS_peak_7775_lociStitched	chr12	72079057	72089758	3	10057	15512.1696	537	1
3_MACS_peak_22391_lociStitched	chr22	18255682	18268178	3	10052	19255.0864	538	1
4_MACS_peak_20400_lociStitched	chr2	202087363	202102167	4	10051	13520.4932	539	1
3_MACS_peak_18401_lociStitched	chr2	11638001	11649005	3	10040	23025.87	540	1
3_MACS_peak_15539_lociStitched	chr18	9015708	9026142	3	10033	23167.6536	541	1
2_MACS_peak_21568_lociStitched	chr20	45172317	45184892	2	10012	16967.4475	542	1
4_MACS_peak_35614_lociStitched	chrX	19759878	19774943	4	9998	10152.3035	543	1
3_MACS_peak_14961_lociStitched	chr17	65667511	65677793	3	9987	15648.1758	544	1
3_MACS_peak_14110_lociStitched	chr17	33406487	33417376	3	9963	16234.4101	545	1
3_MACS_peak_4130_lociStitched	chr10	50251655	50267782	3	9951	17776.7921	546	1
2_MACS_peak_19648_lociStitched	chr2	112283041	112294424	2	9950	17640.2351	547	1
5_MACS_peak_6290_lociStitched	chr11	73082823	73098801	5	9949	11438.6502	548	1
6_MACS_peak_22351_lociStitched	chr22	17081492	17099700	6	9949	16174.1664	549	1
4_MACS_peak_4095_lociStitched	chr10	45913345	45930806	4	9948	22631.2021	550	1
3_MACS_peak_32212_lociStitched	chr7	139462869	139478918	3	9944	28573.6396	551	1
2_MACS_peak_18072_lociStitched	chr19	55165128	55178708	2	9936	22599.836	552	1
5_MACS_peak_6962_lociStitched	chr12	6711850	6723975	5	9924	11591.5	553	1
7_MACS_peak_26735_lociStitched	chr4	185365263	185379344	7	9903	9798.9679	554	1
3_MACS_peak_14995_lociStitched	chr17	66451178	66463036	3	9884	22217.1488	555	1
2_MACS_peak_4886_lociStitched	chr10	112255888	112265768	2	9878	19098.04	556	1
3_MACS_peak_29524_lociStitched	chr6	52358263	52370530	3	9866	16940.727	557	1
3_MACS_peak_31738_lociStitched	chr7	100135812	100146297	3	9862	17593.83	558	1
2_MACS_peak_27508_lociStitched	chr5	95059748	95069918	2	9857	16591.338	559	1
2_MACS_peak_7900_lociStitched	chr12	96586830	96596857	2	9856	21988.2083	560	1
3_MACS_peak_27679_lociStitched	chr5	118603846	118614556	3	9853	16897.167	561	1
8_MACS_peak_24169_lociStitched	chr3	64334649	64349252	8	9852	8548.5962	562	1
3_MACS_peak_23866_lociStitched	chr3	46247050	46257264	3	9851	16496.6314	563	1
4_MACS_peak_11715_lociStitched	chr15	92483162	92497093	4	9832	10807.6698	564	1
4_MACS_peak_2242_lociStitched	chr1	154923573	154936127	4	9830	23809.9164	565	1
4_MACS_peak_28696_lociStitched	chr6	11722141	11736388	4	9828	13735.5327	566	1
5_MACS_peak_2489_lociStitched	chr1	164527643	164539247	5	9824	8563.752	567	1
4_MACS_peak_20276_lociStitched	chr2	191875617	191889098	4	9820	16937.5284	568	1
7_MACS_peak_35759_lociStitched	chrX	40229454	40248433	7	9810	8783.4812	569	1
2_MACS_peak_188_lociStitched	chr1	9372958	9383311	2	9801	23931.9948	570	1
4_MACS_peak_21479_lociStitched	chr20	42578164	42594056	4	9801	14647.6564	571	1
3_MACS_peak_30583_lociStitched	chr7	2438417	2448640	3	9800	19844.8876	572	1
4_MACS_peak_26037_lociStitched	chr4	77609509	77623144	4	9800	12131.0595	573	1
3_MACS_peak_25837_lociStitched	chr4	40301529	40312060	3	9790	16027.1289	574	1
4_MACS_peak_13202_lociStitched	chr16	81681711	81695716	4	9787	20157.3965	575	1
2_MACS_peak_18802_lociStitched	chr2	43444526	43456599	2	9782	32269.9217	576	1
1_MACS_peak_26439_lociStitched	chr4	140126938	140136692	1	9755	18445.7894	577	1
4_MACS_peak_31060_lociStitched	chr7	37374868	37385999	4	9745	13695.5824	578	1
2_MACS_peak_32606_lociStitched	chr8	10969954	10983861	2	9744	12071.276	579	1
4_MACS_peak_27884_lociStitched	chr5	135064579	135077589	4	9741	10786.591	580	1
4_MACS_peak_26880_lociStitched	chr5	6708707	6723778	4	9735	18556.9223	581	1
1_MACS_peak_33794_lociStitched	chr8	134576470	134586189	1	9720	25362.7024	582	1
2_MACS_peak_15093_lociStitched	chr17	73283607	73295336	2	9717	20514.021	583	1
4_MACS_peak_16573_lociStitched	chr19	10352212	10363965	4	9712	24105.403	584	1
2_MACS_peak_22171_lociStitched	chr21	43647616	43660010	2	9685	23606.8518	585	1
1_MACS_peak_2250_lociStitched	chr1	154970314	154979994	1	9681	49035.976	586	1
4_MACS_peak_17611_lociStitched	chr19	45216229	45229363	4	9677	12830.6046	587	1
2_MACS_peak_22060_lociStitched	chr21	36413956	36424571	2	9673	20972.0555	588	1
2_MACS_peak_20753_lociStitched	chr2	236347257	236356944	2	9651	12903.084	589	1
1_MACS_peak_13329_lociStitched	chr16	88616554	88626196	1	9643	19262.7876	590	1
4_MACS_peak_28849_lociStitched	chr6	26020759	26034357	4	9633	14862.614	591	1
1_MACS_peak_25123_lociStitched	chr3	176911212	176920842	1	9631	28822.59	592	1
2_MACS_peak_21574_lociStitched	chr20	45522474	45532315	2	9627	23392.057	593	1
3_MACS_peak_34969_lociStitched	chr9	126021712	126035766	3	9623	25706.1714	594	1
2_MACS_peak_27718_lociStitched	chr5	124077083	124090782	2	9621	19118.3244	595	1
4_MACS_peak_32247_lociStitched	chr7	142019197	142032635	4	9614	8773.6702	596	1
1_MACS_peak_1723_lociStitched	chr1	111211083	111220683	1	9601	17112.96	597	1
3_MACS_peak_31843_lociStitched	chr7	104576534	104586741	3	9596	22266.5705	598	1
1_MACS_peak_4905_lociStitched	chr10	112576273	112585863	1	9591	15984.612	599	1
5_MACS_peak_36499_lociStitched	chrX	151080305	151089977	5	9590	13186.8048	600	1
3_MACS_peak_30964_lociStitched	chr7	30059641	30073499	3	9586	17982.1408	601	1
3_MACS_peak_61_lociStitched	chr1	1820729	1831517	3	9579	20824.0764	602	1
1_MACS_peak_29290_lociStitched	chr6	36717948	36727520	1	9573	19495.2924	603	1
1_MACS_peak_11746_lociStitched	chr15	93442882	93452448	1	9567	18312.1938	604	1
2_MACS_peak_8254_lociStitched	chr12	120548535	120562055	2	9563	20229.976	605	1
3_MACS_peak_13639_lociStitched	chr17	7737134	7748878	3	9561	12205.5392	606	1
2_MACS_peak_2828_lociStitched	chr1	200830754	200841904	2	9554	18013.94	607	1
1_MACS_peak_19278_lociStitched	chr2	86219532	86229078	1	9547	26527.3794	608	1
6_MACS_peak_14522_lociStitched	chr17	44216721	44232137	6	9540	7399.68	609	1
5_MACS_peak_28025_lociStitched	chr5	142171548	142181937	5	9534	10753.6539	610	1
2_MACS_peak_12318_lociStitched	chr16	17552966	17565424	2	9523	17388.8764	611	1
3_MACS_peak_26213_lociStitched	chr4	106550248	106560194	3	9502	14357.051	612	1
7_MACS_peak_28964_lociStitched	chr6	27857942	27871786	7	9490	13597.5768	613	1
5_MACS_peak_24072_lociStitched	chr3	53194281	53209909	5	9480	13755.7656	614	1
4_MACS_peak_26445_lociStitched	chr4	140215623	140227157	4	9474	21563.9664	615	1
3_MACS_peak_8031_lociStitched	chr12	108933811	108944264	3	9473	12858.2353	616	1
2_MACS_peak_560_lociStitched	chr1	24710351	24720921	2	9468	14273.728	617	1
1_MACS_peak_26203_lociStitched	chr4	105407627	105417090	1	9464	16804.3954	618	1
4_MACS_peak_7993_lociStitched	chr12	104961775	104978908	4	9464	13036.4997	619	1
3_MACS_peak_13547_lociStitched	chr17	4842056	4855050	3	9460	16541.362	620	1
1_MACS_peak_21003_lociStitched	chr20	5170276	5179729	1	9454	19824.8316	621	1
2_MACS_peak_12898_lociStitched	chr16	66549041	66559788	2	9453	21296.2552	622	1
3_MACS_peak_29100_lociStitched	chr6	31696519	31709055	3	9451	22133.5616	623	1
3_MACS_peak_27017_lociStitched	chr5	27458036	27474402	3	9447	12037.193	624	1
2_MACS_peak_30497_lociStitched	chr6	167039295	167049044	2	9444	20287.669	625	1
3_MACS_peak_28865_lociStitched	chr6	26194818	26207314	3	9443	16011.1248	626	1
1_MACS_peak_30905_lociStitched	chr7	26190927	26200367	1	9441	28612.64	627	1
3_MACS_peak_21006_lociStitched	chr20	5570245	5580093	3	9438	13905.376	628	1
3_MACS_peak_35756_lociStitched	chrX	40169170	40179489	3	9437	10530.5395	629	1
2_MACS_peak_14383_lociStitched	chr17	40825560	40835032	2	9432	31670.5792	630	1
2_MACS_peak_34946_lociStitched	chr9	124497052	124507640	2	9432	11533.5084	631	1
5_MACS_peak_29887_lociStitched	chr6	108878389	108887984	5	9428	13741.959	632	1
4_MACS_peak_25404_lociStitched	chr3	195999720	196015695	4	9426	18738.675	633	1
4_MACS_peak_12235_lociStitched	chr16	14394767	14408372	4	9425	16535.517	634	1
3_MACS_peak_23521_lociStitched	chr3	13050410	13060284	3	9423	10083.3288	635	1
5_MACS_peak_7737_lociStitched	chr12	68833825	68850109	5	9423	14305.494	636	1
4_MACS_peak_32500_lociStitched	chr8	2030673	2042041	4	9418	17196.3736	637	1
3_MACS_peak_18637_lociStitched	chr2	31429667	31443474	3	9393	19180.6844	638	1
1_MACS_peak_3057_lociStitched	chr1	209274966	209284354	1	9389	18198.638	639	1
2_MACS_peak_11205_lociStitched	chr15	70387313	70396720	2	9386	29321.619	640	1
4_MACS_peak_2896_lociStitched	chr1	203236424	203248570	4	9382	17097.9242	641	1
3_MACS_peak_6360_lociStitched	chr11	77145327	77156503	3	9380	15597.2256	642	1
3_MACS_peak_34512_lociStitched	chr9	91924316	91935328	3	9368	22136.3224	643	1
1_MACS_peak_15988_lociStitched	chr18	60821347	60830711	1	9365	28393.5208	644	1
4_MACS_peak_12930_lociStitched	chr16	67269477	67283560	4	9364	17340.3979	645	1
3_MACS_peak_15826_lociStitched	chr18	46448409	46462716	3	9358	17672.0064	646	1
3_MACS_peak_11063_lociStitched	chr15	64443099	64457518	3	9349	21367.5161	647	1
5_MACS_peak_15989_lociStitched	chr18	60846238	60865791	5	9347	11833.4756	648	1
2_MACS_peak_30909_lociStitched	chr7	26233632	26243465	2	9343	26027.951	649	1
6_MACS_peak_14341_lociStitched	chr17	40259353	40273923	6	9340	14240.718	650	1
3_MACS_peak_3228_lociStitched	chr1	224920103	224934759	3	9339	11471.2512	651	1
4_MACS_peak_27009_lociStitched	chr5	26876570	26886166	4	9335	7125.9896	652	1
3_MACS_peak_15231_lociStitched	chr17	76164005	76177130	3	9332	19003.6875	653	1
4_MACS_peak_17922_lociStitched	chr19	50369369	50382699	4	9329	20634.84	654	1
3_MACS_peak_22103_lociStitched	chr21	37905554	37916940	3	9328	23678.3256	655	1
3_MACS_peak_24230_lociStitched	chr3	71175431	71184939	3	9324	8422.1864	656	1
3_MACS_peak_13353_lociStitched	chr16	89179892	89195821	3	9321	17209.6916	657	1
4_MACS_peak_9769_lociStitched	chr14	69362991	69378305	4	9320	12185.3498	658	1
5_MACS_peak_29304_lociStitched	chr6	37065500	37079082	5	9314	12981.6756	659	1
6_MACS_peak_14592_lociStitched	chr17	46088529	46104567	6	9313	12673.2276	660	1
3_MACS_peak_21585_lociStitched	chr20	45885422	45896540	3	9311	15021.5298	661	1
4_MACS_peak_22184_lociStitched	chr21	43880275	43892619	4	9308	11934.1792	662	1
3_MACS_peak_10304_lociStitched	chr14	103240769	103253662	3	9284	16415.3676	663	1
6_MACS_peak_22646_lociStitched	chr22	24795376	24808917	6	9281	8506.4562	664	1
4_MACS_peak_12313_lociStitched	chr16	17496936	17511946	4	9257	12884.584	665	1
4_MACS_peak_27531_lociStitched	chr5	95285493	95298725	4	9246	17880.4016	666	1
5_MACS_peak_33268_lociStitched	chr8	81068125	81084597	5	9245	13749.1784	667	1
5_MACS_peak_15382_lociStitched	chr17	79816169	79830947	5	9234	24748.7166	668	1
3_MACS_peak_29369_lociStitched	chr6	42737792	42752280	3	9231	24042.836	669	1
1_MACS_peak_26483_lociStitched	chr4	144274883	144284107	1	9225	25056.0736	670	1
3_MACS_peak_22852_lociStitched	chr22	36746996	36757571	3	9222	14176.845	671	1
2_MACS_peak_18644_lociStitched	chr2	31473547	31487054	2	9196	13527.2605	672	1
2_MACS_peak_25265_lociStitched	chr3	186756192	186766498	2	9183	9577.3658	673	1
1_MACS_peak_2906_lociStitched	chr1	203288803	203297981	1	9179	23591.1312	674	1
5_MACS_peak_33095_lociStitched	chr8	61813106	61829842	5	9166	14227.2736	675	1
2_MACS_peak_6627_lociStitched	chr11	115086860	115097254	2	9157	12362.6236	676	1
4_MACS_peak_22003_lociStitched	chr21	34631797	34642967	4	9148	14230.58	677	1
3_MACS_peak_7227_lociStitched	chr12	31901403	31913574	3	9124	16854.4008	678	1
3_MACS_peak_31256_lociStitched	chr7	50343095	50357876	3	9114	15515.6157	679	1
1_MACS_peak_24889_lociStitched	chr3	150314885	150323995	1	9111	21371.149	680	1
3_MACS_peak_3804_lociStitched	chr10	12445712	12455662	3	9111	16184.67	681	1
6_MACS_peak_15356_lociStitched	chr17	79476733	79487276	6	9108	18160.3175	682	1
3_MACS_peak_32632_lociStitched	chr8	11386735	11397469	3	9092	14553.1572	683	1
4_MACS_peak_7372_lociStitched	chr12	49359385	49374144	4	9091	12244.0664	684	1
2_MACS_peak_32794_lociStitched	chr8	26428356	26437460	2	9090	14741.1968	685	1
4_MACS_peak_29190_lociStitched	chr6	33537923	33558839	4	9090	17780.6916	686	1
4_MACS_peak_25639_lociStitched	chr4	6987726	7001843	4	9086	13292.5672	687	1
4_MACS_peak_13132_lociStitched	chr16	74895819	74910077	4	9086	14404.8574	688	1
3_MACS_peak_36376_lociStitched	chrX	129298771	129311265	3	9078	14952.8192	689	1
3_MACS_peak_19895_lociStitched	chr2	137136104	137153058	3	9071	17815.2632	690	1
5_MACS_peak_17926_lociStitched	chr19	50393078	50407873	5	9069	16894.4105	691	1
6_MACS_peak_15295_lociStitched	chr17	77769913	77787956	6	9051	17685.7486	692	1
4_MACS_peak_16567_lociStitched	chr19	10303347	10317784	4	9036	17106.4013	693	1
3_MACS_peak_21514_lociStitched	chr20	43587589	43601873	3	9028	13369.824	694	1
2_MACS_peak_3929_lociStitched	chr10	25006113	25017146	2	9021	18742.8604	695	1
3_MACS_peak_31053_lociStitched	chr7	37240849	37253400	3	9016	15268.2915	696	1
3_MACS_peak_23951_lociStitched	chr3	49054525	49067382	3	9007	23298.1697	697	1
3_MACS_peak_662_lociStitched	chr1	27152483	27167513	3	8996	14155.254	698	1
2_MACS_peak_30596_lociStitched	chr7	2728047	2739955	2	8984	15319.642	699	1
4_MACS_peak_32243_lociStitched	chr7	142000618	142013867	4	8976	12337.4688	700	1
4_MACS_peak_16981_lociStitched	chr19	17957100	17972580	4	8969	18789.624	701	1
3_MACS_peak_12730_lociStitched	chr16	46916806	46926214	3	8967	15238.1376	702	1
3_MACS_peak_12533_lociStitched	chr16	29463491	29473826	3	8965	18446.9415	703	1
1_MACS_peak_11350_lociStitched	chr15	75334079	75343037	1	8959	43795.662	704	1
5_MACS_peak_24160_lociStitched	chr3	64199819	64212195	5	8954	8633.4976	705	1
4_MACS_peak_12592_lociStitched	chr16	30379020	30394439	4	8950	16391.9389	706	1
2_MACS_peak_4477_lociStitched	chr10	81954303	81966127	2	8949	15411.4016	707	1
5_MACS_peak_28879_lociStitched	chr6	26355473	26367166	5	8941	12893.8711	708	1
4_MACS_peak_19007_lociStitched	chr2	64863224	64882175	4	8939	16436.2023	709	1
4_MACS_peak_2114_lociStitched	chr1	150945705	150956068	4	8930	22069.0448	710	1
3_MACS_peak_30851_lociStitched	chr7	23501370	23514824	3	8925	15648.3474	711	1
2_MACS_peak_14226_lociStitched	chr17	36852048	36863497	2	8908	31335.913	712	1
2_MACS_peak_31728_lociStitched	chr7	99962033	99971700	2	8906	14555.6019	713	1
5_MACS_peak_23624_lociStitched	chr3	20080317	20097415	5	8901	13615.1374	714	1
4_MACS_peak_29174_lociStitched	chr6	33278782	33292190	4	8899	19527.4112	715	1
3_MACS_peak_24571_lociStitched	chr3	124858821	124875344	3	8889	15366.39	716	1
4_MACS_peak_9347_lociStitched	chr14	24604372	24617854	4	8884	19190.2788	717	1
1_MACS_peak_11181_lociStitched	chr15	68515340	68524216	1	8877	25877.0904	718	1
2_MACS_peak_14891_lociStitched	chr17	62131712	62141747	2	8876	9961.7445	719	1
4_MACS_peak_33904_lociStitched	chr8	145002006	145018364	4	8876	10433.1324	720	1
3_MACS_peak_5550_lociStitched	chr11	27375844	27385602	3	8873	8982.239	721	1
4_MACS_peak_32578_lociStitched	chr8	8180281	8193447	4	8851	13214.7142	722	1
5_MACS_peak_29552_lociStitched	chr6	53100943	53117348	5	8847	8607.7035	723	1
2_MACS_peak_33708_lociStitched	chr8	129278208	129287528	2	8838	13724.632	724	1
3_MACS_peak_13585_lociStitched	chr17	6914858	6927046	3	8836	11878.4248	725	1
2_MACS_peak_30190_lociStitched	chr6	138186968	138195890	2	8825	15096.024	726	1
6_MACS_peak_7658_lociStitched	chr12	58224536	58241354	6	8822	16796.1366	727	1
7_MACS_peak_587_lociStitched	chr1	25343813	25359758	7	8819	11440.5375	728	1
4_MACS_peak_36566_lociStitched	chrX	153595923	153609222	4	8807	19988.397	729	1
2_MACS_peak_15200_lociStitched	chr17	75203118	75211932	2	8798	16243.3206	730	1
2_MACS_peak_22785_lociStitched	chr22	31884408	31893760	2	8793	19578.412	731	1
2_MACS_peak_605_lociStitched	chr1	25869562	25879165	2	8784	16659.2844	732	1
4_MACS_peak_25010_lociStitched	chr3	164343267	164356735	4	8781	11653.8604	733	1
5_MACS_peak_11141_lociStitched	chr15	67366845	67385123	5	8779	11613.8412	734	1
3_MACS_peak_13954_lociStitched	chr17	27045973	27056628	3	8776	19769.287	735	1
7_MACS_peak_19548_lociStitched	chr2	107113203	107124919	7	8765	7227.6004	736	1
4_MACS_peak_23332_lociStitched	chr22	50353022	50364819	4	8764	14977.4712	737	1
1_MACS_peak_5776_lociStitched	chr11	58340370	58349120	1	8751	19954.375	738	1
5_MACS_peak_10286_lociStitched	chr14	102770885	102786976	5	8745	13107.7286	739	1
2_MACS_peak_36541_lociStitched	chrX	153230650	153239499	2	8740	23330.3885	740	1
3_MACS_peak_33679_lociStitched	chr8	126648176	126661351	3	8732	12458.28	741	1
2_MACS_peak_30644_lociStitched	chr7	5269473	5281156	2	8729	15767.3768	742	1
3_MACS_peak_11084_lociStitched	chr15	65127554	65140246	3	8728	19475.874	743	1
4_MACS_peak_30274_lociStitched	chr6	144662789	144676759	4	8724	10918.952	744	1
5_MACS_peak_13888_lociStitched	chr17	20935783	20947973	5	8721	10986.847	745	1
2_MACS_peak_26561_lociStitched	chr4	153698751	153707580	2	8718	11545.6833	746	1
3_MACS_peak_23042_lociStitched	chr22	39485484	39496077	3	8715	15491.2032	747	1
3_MACS_peak_16193_lociStitched	chr19	2049014	2062837	3	8697	28397.9712	748	1
1_MACS_peak_30369_lociStitched	chr6	156711459	156720147	1	8689	19743.48	749	1
2_MACS_peak_7640_lociStitched	chr12	57909525	57918289	2	8687	21951.1908	750	1
5_MACS_peak_18903_lociStitched	chr2	54794969	54807890	5	8686	9247.5597	751	1
5_MACS_peak_36489_lociStitched	chrX	150039076	150050266	5	8681	8089.251	752	1
3_MACS_peak_11707_lociStitched	chr15	91529299	91538975	3	8679	15693.5044	753	1
3_MACS_peak_35551_lociStitched	chrX	12988714	12997520	3	8673	10919.44	754	1
3_MACS_peak_34080_lociStitched	chr9	14314304	14323485	3	8670	15582.9113	755	1
3_MACS_peak_16640_lociStitched	chr19	11196064	11207571	3	8667	15937.195	756	1
3_MACS_peak_19019_lociStitched	chr2	65140465	65151796	3	8663	14435.694	757	1
3_MACS_peak_36634_lociStitched	chrY	1274981	1285150	3	8657	9683.9387	758	1
3_MACS_peak_33158_lociStitched	chr8	67417451	67427209	3	8651	16803.276	759	1
2_MACS_peak_5681_lociStitched	chr11	46137311	46149351	2	8641	20128.472	760	1
2_MACS_peak_34184_lociStitched	chr9	33288894	33299089	2	8638	15562.6675	761	1
2_MACS_peak_24893_lociStitched	chr3	150473508	150485329	2	8628	26883.3182	762	1
4_MACS_peak_16109_lociStitched	chr19	1017397	1029852	4	8624	19294.0405	763	1
4_MACS_peak_32628_lociStitched	chr8	11354648	11366922	4	8603	10016.8114	764	1
6_MACS_peak_28621_lociStitched	chr6	4932408	4949071	6	8594	10001.1326	765	1
3_MACS_peak_18915_lociStitched	chr2	55192668	55205684	3	8589	9734.6664	766	1
1_MACS_peak_35388_lociStitched	chr9	139791225	139799811	1	8587	18725.2074	767	1
1_MACS_peak_29859_lociStitched	chr6	106610313	106618883	1	8571	12985.264	768	1
2_MACS_peak_35158_lociStitched	chr9	131782079	131792061	2	8563	21049.0434	769	1
4_MACS_peak_514_lociStitched	chr1	24054953	24071805	4	8550	12918.7432	770	1
3_MACS_peak_18699_lociStitched	chr2	37614634	37625368	3	8549	17729.3478	771	1
4_MACS_peak_35011_lociStitched	chr9	127527446	127539759	4	8539	15823.4363	772	1
2_MACS_peak_18319_lociStitched	chr2	8675723	8687550	2	8538	20193.4198	773	1
4_MACS_peak_497_lociStitched	chr1	23876839	23889117	4	8538	17755.2158	774	1
2_MACS_peak_395_lociStitched	chr1	17221418	17234144	2	8527	24671.8962	775	1
3_MACS_peak_11835_lociStitched	chr15	101790441	101807042	3	8514	23282.9025	776	1
2_MACS_peak_11492_lociStitched	chr15	81584911	81595794	2	8513	13997.7146	777	1
3_MACS_peak_28525_lociStitched	chr5	180609100	180619919	3	8506	15554.4763	778	1
2_MACS_peak_30125_lociStitched	chr6	134629055	134640377	2	8505	14311.008	779	1
4_MACS_peak_13993_lociStitched	chr17	27914967	27929097	4	8499	14956.605	780	1
2_MACS_peak_7310_lociStitched	chr12	46118628	46127278	2	8493	19576.68	781	1
1_MACS_peak_9522_lociStitched	chr14	50546704	50555184	1	8481	21789.36	782	1
1_MACS_peak_24260_lociStitched	chr3	71826540	71835016	1	8477	15111.8604	783	1
3_MACS_peak_15781_lociStitched	chr18	43538686	43548091	3	8472	12060.972	784	1
3_MACS_peak_27208_lociStitched	chr5	56468443	56477520	3	8471	12729.5848	785	1
5_MACS_peak_17906_lociStitched	chr19	50175003	50186385	5	8469	17076.4146	786	1
4_MACS_peak_3323_lociStitched	chr1	228268872	228279312	4	8463	13575.132	787	1
3_MACS_peak_5837_lociStitched	chr11	61594070	61604140	3	8454	12101.119	788	1
2_MACS_peak_19022_lociStitched	chr2	65158417	65167684	2	8446	17748.1584	789	1
2_MACS_peak_15935_lociStitched	chr18	56291664	56302114	2	8445	14541.175	790	1
1_MACS_peak_21977_lociStitched	chr21	32924479	32932921	1	8443	24737.5926	791	1
2_MACS_peak_17848_lociStitched	chr19	49464982	49474493	2	8439	22934.8254	792	1
2_MACS_peak_14756_lociStitched	chr17	55553392	55565584	2	8433	17034.6624	793	1
2_MACS_peak_9510_lociStitched	chr14	50357823	50370716	2	8433	15126.0676	794	1
3_MACS_peak_16919_lociStitched	chr19	16693633	16706023	3	8431	19633.194	795	1
1_MACS_peak_9521_lociStitched	chr14	50526251	50534677	1	8427	22634.7638	796	1
5_MACS_peak_21190_lociStitched	chr20	30944856	30958337	5	8426	15819.9535	797	1
4_MACS_peak_34457_lociStitched	chr9	82179739	82188994	4	8415	16737.6675	798	1
3_MACS_peak_29119_lociStitched	chr6	31864174	31877387	3	8410	12594.6316	799	1
4_MACS_peak_26816_lociStitched	chr5	544231	559294	4	8405	12062.4504	800	1
4_MACS_peak_19454_lociStitched	chr2	97192468	97205821	4	8399	17872.9905	801	1
2_MACS_peak_27777_lociStitched	chr5	130709493	130719246	2	8397	12435.075	802	1
6_MACS_peak_32525_lociStitched	chr8	2786299	2798383	6	8395	6162.84	803	1
4_MACS_peak_12380_lociStitched	chr16	21619302	21631848	4	8385	8345.5992	804	1
5_MACS_peak_2257_lociStitched	chr1	155049677	155067182	5	8370	14536.152	805	1
4_MACS_peak_7505_lociStitched	chr12	53854718	53869628	4	8367	8289.96	806	1
2_MACS_peak_14123_lociStitched	chr17	33860516	33868969	2	8366	12107.2319	807	1
2_MACS_peak_18666_lociStitched	chr2	33165773	33174224	2	8364	21730.0563	808	1
1_MACS_peak_2404_lociStitched	chr1	160173080	160181439	1	8360	21406.5631	809	1
3_MACS_peak_26387_lociStitched	chr4	129730328	129741331	3	8359	17682.9213	810	1
7_MACS_peak_4422_lociStitched	chr10	80751143	80768587	7	8358	10032.0444	811	1
2_MACS_peak_12143_lociStitched	chr16	10830321	10838925	2	8357	13200.2568	812	1
4_MACS_peak_11878_lociStitched	chr16	685301	700314	4	8351	18505.0238	813	1
2_MACS_peak_19288_lociStitched	chr2	86421102	86431505	2	8346	13351.2102	814	1
2_MACS_peak_18346_lociStitched	chr2	9687307	9697223	2	8345	17720.8836	815	1
3_MACS_peak_30119_lociStitched	chr6	134556739	134571899	3	8341	11097.12	816	1
2_MACS_peak_1507_lociStitched	chr1	87793147	87802706	2	8336	16211.1081	817	1
5_MACS_peak_29463_lociStitched	chr6	45382892	45394601	5	8332	13574.2437	818	1
2_MACS_peak_24771_lociStitched	chr3	136465373	136473710	2	8326	19553.5998	819	1
2_MACS_peak_29156_lociStitched	chr6	32934613	32943036	2	8322	28051.1169	820	1
5_MACS_peak_9241_lociStitched	chr14	21730071	21738873	5	8320	8874.1764	821	1
2_MACS_peak_4406_lociStitched	chr10	79587157	79598161	2	8312	12504.9456	822	1
2_MACS_peak_33141_lociStitched	chr8	66857813	66866169	2	8311	13152.344	823	1
2_MACS_peak_1977_lociStitched	chr1	145449161	145457878	2	8304	13880.9508	824	1
2_MACS_peak_2246_lociStitched	chr1	154941662	154950230	2	8301	23233.8456	825	1
3_MACS_peak_15037_lociStitched	chr17	71809421	71821178	3	8299	12730.4796	826	1
2_MACS_peak_7825_lociStitched	chr12	89738233	89748841	2	8296	19144.2576	827	1
4_MACS_peak_20416_lociStitched	chr2	203124094	203136703	4	8294	10712.6064	828	1
6_MACS_peak_6877_lociStitched	chr12	1098999	1109072	6	8293	9171.4665	829	1
3_MACS_peak_21056_lociStitched	chr20	17945507	17954686	3	8290	14363.2992	830	1
2_MACS_peak_20769_lociStitched	chr2	238599775	238612336	2	8287	13452.831	831	1
2_MACS_peak_31803_lociStitched	chr7	102147800	102158801	2	8286	30548.6769	832	1
3_MACS_peak_5013_lociStitched	chr10	123673424	123688912	3	8271	18943.3728	833	1
2_MACS_peak_14625_lociStitched	chr17	47433418	47443828	2	8263	21111.48	834	1
3_MACS_peak_11697_lociStitched	chr15	91393858	91403372	3	8255	10469.2056	835	1
4_MACS_peak_6124_lociStitched	chr11	66839729	66850024	4	8240	8978.2695	836	1
1_MACS_peak_13313_lociStitched	chr16	87806837	87815071	1	8235	20715.0972	837	1
2_MACS_peak_21795_lociStitched	chr20	58675537	58685178	2	8232	13189.8521	838	1
4_MACS_peak_13983_lociStitched	chr17	27498953	27512820	4	8231	20202.8323	839	1
4_MACS_peak_3248_lociStitched	chr1	226035232	226045808	4	8222	11241.2304	840	1
2_MACS_peak_11736_lociStitched	chr15	93346145	93355993	2	8216	25893.3464	841	1
1_MACS_peak_10322_lociStitched	chr14	103780098	103788310	1	8213	27381.2716	842	1
4_MACS_peak_1923_lociStitched	chr1	143911574	143919972	4	8212	16494.5118	843	1
3_MACS_peak_35476_lociStitched	chrX	1324936	1335128	3	8212	9545.8272	844	1
5_MACS_peak_8519_lociStitched	chr12	132331909	132348340	5	8208	10624.2846	845	1
3_MACS_peak_36399_lociStitched	chrX	131614237	131624659	3	8207	8679.4416	846	1
1_MACS_peak_10626_lociStitched	chr15	39914192	39922397	1	8206	18595.812	847	1
3_MACS_peak_3364_lociStitched	chr1	228939138	228948096	3	8195	12589.5732	848	1
3_MACS_peak_13301_lociStitched	chr16	87415884	87427538	3	8191	16792.2486	849	1
2_MACS_peak_23195_lociStitched	chr22	43108037	43117516	2	8174	19569.3955	850	1
1_MACS_peak_25075_lociStitched	chr3	171756810	171764982	1	8173	20576.2788	851	1
1_MACS_peak_28247_lociStitched	chr5	160168932	160177102	1	8171	11581.792	852	1
3_MACS_peak_32740_lociStitched	chr8	22829810	22840903	3	8171	11294.8926	853	1
3_MACS_peak_7601_lociStitched	chr12	57022118	57031378	3	8159	14509.494	854	1
2_MACS_peak_1973_lociStitched	chr1	145394952	145403860	2	8158	18314.848	855	1
4_MACS_peak_34922_lociStitched	chr9	123630186	123641281	4	8155	22699.2605	856	1
3_MACS_peak_7985_lociStitched	chr12	104849910	104862025	3	8151	15624.7155	857	1
3_MACS_peak_31165_lociStitched	chr7	44787282	44795605	3	8145	21097.1404	858	1
3_MACS_peak_14572_lociStitched	chr17	45790811	45799232	3	8135	6866.4834	859	1
2_MACS_peak_34674_lociStitched	chr9	99994018	100002220	2	8134	13611.219	860	1
3_MACS_peak_17652_lociStitched	chr19	45922120	45932734	3	8134	13861.884	861	1
3_MACS_peak_12782_lociStitched	chr16	53123757	53134961	3	8133	15471.6036	862	1
4_MACS_peak_21551_lociStitched	chr20	44572755	44581900	4	8125	12212.233	863	1
3_MACS_peak_17382_lociStitched	chr19	39338170	39349061	3	8124	21891.9991	864	1
1_MACS_peak_34898_lociStitched	chr9	117349026	117357148	1	8123	20494.2426	865	1
2_MACS_peak_2411_lociStitched	chr1	160397759	160409194	2	8122	13430.4075	866	1
5_MACS_peak_16152_lociStitched	chr19	1437620	1456703	5	8119	20611.5483	867	1
3_MACS_peak_15813_lociStitched	chr18	46302700	46317758	3	8115	13582.316	868	1
2_MACS_peak_19046_lociStitched	chr2	65656258	65665280	2	8104	23652.9774	869	1
2_MACS_peak_31811_lociStitched	chr7	102246845	102257829	2	8100	31246.1848	870	1
2_MACS_peak_15432_lociStitched	chr17	80405918	80417745	2	8088	19634.0027	871	1
2_MACS_peak_35140_lociStitched	chr9	131445329	131454005	2	8080	29355.246	872	1
2_MACS_peak_10958_lociStitched	chr15	58583636	58592248	2	8077	14837.6148	873	1
1_MACS_peak_28533_lociStitched	chr5	180667926	180675988	1	8063	17740.431	874	1
3_MACS_peak_34862_lociStitched	chr9	116162655	116174463	3	8063	18191.4048	875	1
2_MACS_peak_20810_lociStitched	chr2	241517145	241527700	2	8058	17930.834	876	1
1_MACS_peak_19281_lociStitched	chr2	86259983	86268039	1	8057	18424.8776	877	1
2_MACS_peak_25634_lociStitched	chr4	6939747	6947967	2	8057	19099.17	878	1
4_MACS_peak_15120_lociStitched	chr17	73850265	73862673	4	8040	12432.816	879	1
3_MACS_peak_12832_lociStitched	chr16	57073890	57084448	3	8039	12429.9334	880	1
3_MACS_peak_25195_lociStitched	chr3	183265615	183279010	3	8038	22480.8285	881	1
3_MACS_peak_28956_lociStitched	chr6	27774850	27783085	3	8029	10393.3935	882	1
2_MACS_peak_13343_lociStitched	chr16	88845971	88858144	2	8026	19149.3463	883	1
2_MACS_peak_26227_lociStitched	chr4	108950444	108959423	2	8025	11550.5856	884	1
4_MACS_peak_16114_lociStitched	chr19	1066381	1082837	4	8024	23114.0976	885	1
2_MACS_peak_35001_lociStitched	chr9	127047073	127055593	2	8019	19592.592	886	1
4_MACS_peak_17884_lociStitched	chr19	49953816	49964882	4	8002	17069.305	887	1
2_MACS_peak_580_lociStitched	chr1	25069574	25077689	2	7991	16183.7445	888	1
3_MACS_peak_5525_lociStitched	chr11	22685775	22697268	3	7988	10651.7124	889	1
3_MACS_peak_12247_lociStitched	chr16	14585494	14597778	3	7988	7634.506	890	1
6_MACS_peak_16413_lociStitched	chr19	6527682	6539320	6	7985	10349.6734	891	1
5_MACS_peak_12149_lociStitched	chr16	10962254	10975762	5	7980	9565.0148	892	1
3_MACS_peak_15301_lociStitched	chr17	77809414	77824336	3	7978	18606.2418	893	1
1_MACS_peak_11633_lociStitched	chr15	89654580	89662546	1	7967	13613.894	894	1
3_MACS_peak_903_lociStitched	chr1	36613945	36627075	3	7960	19373.315	895	1
2_MACS_peak_28542_lociStitched	chr6	220629	229950	2	7947	14486.6982	896	1
3_MACS_peak_28893_lociStitched	chr6	26532272	26540301	3	7941	13943.1614	897	1
2_MACS_peak_29084_lociStitched	chr6	31459857	31467903	2	7939	13617.855	898	1
3_MACS_peak_29149_lociStitched	chr6	32805423	32814632	3	7933	14991.3311	899	1
2_MACS_peak_26462_lociStitched	chr4	141070953	141078886	2	7916	17812.7582	900	1
2_MACS_peak_34132_lociStitched	chr9	21986323	21996909	2	7913	14491.1754	901	1
3_MACS_peak_20701_lociStitched	chr2	232570308	232578705	3	7907	26189.4033	902	1
3_MACS_peak_2417_lociStitched	chr1	160641376	160653498	3	7907	18414.5302	903	1
1_MACS_peak_9422_lociStitched	chr14	33503750	33511644	1	7895	12791.4376	904	1
4_MACS_peak_9016_lociStitched	chr13	97909791	97920443	4	7889	6893.9744	905	1
3_MACS_peak_11404_lociStitched	chr15	77305138	77316923	3	7889	11926.42	906	1
2_MACS_peak_34418_lociStitched	chr9	73026570	73036766	2	7888	20492.9404	907	1
1_MACS_peak_32105_lociStitched	chr7	130788697	130796581	1	7885	27831.3084	908	1
2_MACS_peak_14901_lociStitched	chr17	62222151	62230088	2	7881	13981.0255	909	1
4_MACS_peak_16820_lociStitched	chr19	14237246	14249205	4	7879	14655.7545	910	1
3_MACS_peak_2100_lociStitched	chr1	150562243	150573681	3	7878	10463.4824	911	1
3_MACS_peak_6012_lociStitched	chr11	65148121	65157841	3	7876	16819.488	912	1
5_MACS_peak_21777_lociStitched	chr20	57461311	57470799	5	7875	13134.2384	913	1
4_MACS_peak_6173_lociStitched	chr11	67761439	67778255	4	7871	11335.6656	914	1
3_MACS_peak_5846_lociStitched	chr11	61731132	61741844	3	7868	16060.5016	915	1
7_MACS_peak_32549_lociStitched	chr8	3033902	3045177	7	7859	6036.635	916	1
3_MACS_peak_408_lociStitched	chr1	17906189	17915941	3	7854	7638.7416	917	1
4_MACS_peak_34899_lociStitched	chr9	117371678	117382123	4	7851	23816.689	918	1
1_MACS_peak_21140_lociStitched	chr20	25275465	25283311	1	7847	15773.5984	919	1
1_MACS_peak_15643_lociStitched	chr18	20771100	20778946	1	7847	14109.4618	920	1
4_MACS_peak_13222_lociStitched	chr16	81864336	81877124	4	7846	8903.0056	921	1
3_MACS_peak_8117_lociStitched	chr12	111105087	111115961	3	7839	14020.9356	922	1
3_MACS_peak_12665_lociStitched	chr16	31433915	31443367	3	7829	9417.0276	923	1
3_MACS_peak_14603_lociStitched	chr17	46172948	46186581	3	7819	16673.159	924	1
2_MACS_peak_28530_lociStitched	chr5	180642897	180652580	2	7816	14703.6355	925	1
3_MACS_peak_6026_lociStitched	chr11	65307079	65322191	3	7814	15461.0872	926	1
6_MACS_peak_32118_lociStitched	chr7	132114949	132128535	6	7811	6741.3732	927	1
1_MACS_peak_11586_lociStitched	chr15	85519554	85527362	1	7809	25151.1296	928	1
2_MACS_peak_34635_lociStitched	chr9	98266429	98274427	2	7804	19955.8098	929	1
4_MACS_peak_25531_lociStitched	chr4	2410592	2421354	4	7797	18786.1472	930	1
4_MACS_peak_34563_lociStitched	chr9	94596050	94607711	4	7794	9799.9044	931	1
3_MACS_peak_13098_lociStitched	chr16	71875767	71888447	3	7786	13718.492	932	1
2_MACS_peak_20271_lociStitched	chr2	191744063	191752083	2	7783	16435.386	933	1
4_MACS_peak_32646_lociStitched	chr8	11658846	11666830	4	7778	10039.88	934	1
4_MACS_peak_16962_lociStitched	chr19	17529793	17538948	4	7771	13445.033	935	1
4_MACS_peak_4140_lociStitched	chr10	50338421	50352266	4	7771	9728.8815	936	1
3_MACS_peak_183_lociStitched	chr1	9334780	9347247	3	7766	15467.8069	937	1
2_MACS_peak_28329_lociStitched	chr5	172456028	172465487	2	7760	13142.3346	938	1
2_MACS_peak_32753_lociStitched	chr8	23074625	23084165	2	7751	10585.584	939	1
4_MACS_peak_16148_lociStitched	chr19	1400332	1416120	4	7745	20458.0904	940	1
4_MACS_peak_31204_lociStitched	chr7	47351615	47363116	4	7742	9627.4871	941	1
4_MACS_peak_9233_lociStitched	chr14	21565898	21577870	4	7741	13273.3564	942	1
2_MACS_peak_16169_lociStitched	chr19	1646702	1655904	2	7739	37790.7736	943	1
3_MACS_peak_9449_lociStitched	chr14	35866460	35876036	3	7735	19007.4024	944	1
1_MACS_peak_28486_lociStitched	chr5	179244384	179252111	1	7728	23648.4835	945	1
4_MACS_peak_28772_lociStitched	chr6	16511489	16522671	4	7721	8519.5658	946	1
4_MACS_peak_3205_lociStitched	chr1	223899646	223915378	4	7719	10499.5368	947	1
1_MACS_peak_12953_lociStitched	chr16	67594078	67601785	1	7708	18488.3223	948	1
2_MACS_peak_27875_lociStitched	chr5	133978034	133986917	2	7705	12040.0182	949	1
3_MACS_peak_3687_lociStitched	chr10	3908406	3919708	3	7705	13512.6712	950	1
2_MACS_peak_10546_lociStitched	chr15	31635315	31646756	2	7702	18702.6027	951	1
3_MACS_peak_2959_lociStitched	chr1	205560586	205570193	3	7701	9107.436	952	1
4_MACS_peak_4829_lociStitched	chr10	105667191	105679110	4	7699	12139.5015	953	1
5_MACS_peak_16460_lociStitched	chr19	7400922	7414157	5	7698	14610.1165	954	1
2_MACS_peak_31586_lociStitched	chr7	90337544	90345440	2	7695	9364.656	955	1
3_MACS_peak_18127_lociStitched	chr19	56325992	56334456	3	7693	13004.0896	956	1
1_MACS_peak_30829_lociStitched	chr7	22733644	22741333	1	7690	14134.6887	957	1
2_MACS_peak_3923_lociStitched	chr10	24737898	24745808	2	7684	5987.87	958	1
6_MACS_peak_22081_lociStitched	chr21	37484154	37507516	6	7684	16355.7362	959	1
1_MACS_peak_16312_lociStitched	chr19	3983135	3990805	1	7671	23381.995	960	1
2_MACS_peak_25125_lociStitched	chr3	177068975	177079687	2	7668	20298.1688	961	1
2_MACS_peak_29406_lociStitched	chr6	43593893	43604711	2	7666	19267.9398	962	1
5_MACS_peak_10087_lociStitched	chr14	91707523	91720561	5	7665	10985.8188	963	1
3_MACS_peak_25550_lociStitched	chr4	2787079	2801409	3	7665	14347.196	964	1
4_MACS_peak_35166_lociStitched	chr9	131929038	131941165	4	7662	14246.7996	965	1
4_MACS_peak_16742_lociStitched	chr19	13017970	13030633	4	7657	13184.7156	966	1
2_MACS_peak_6183_lociStitched	chr11	68032323	68042293	2	7656	16461.467	967	1
3_MACS_peak_32410_lociStitched	chr7	150776803	150789326	3	7655	13464.7296	968	1
3_MACS_peak_9518_lociStitched	chr14	50504030	50514619	3	7648	9706.9363	969	1
4_MACS_peak_22682_lociStitched	chr22	26229050	26242850	4	7645	7972.26	970	1
1_MACS_peak_10937_lociStitched	chr15	55693990	55701629	1	7640	21998.0283	971	1
2_MACS_peak_9118_lociStitched	chr13	110689356	110700193	2	7638	12666.2856	972	1
2_MACS_peak_14959_lociStitched	chr17	65642105	65649746	2	7628	18927.5211	973	1
2_MACS_peak_7729_lociStitched	chr12	68751095	68760667	2	7626	12405.312	974	1
3_MACS_peak_33048_lociStitched	chr8	54926531	54935772	3	7614	14156.2879	975	1
1_MACS_peak_30823_lociStitched	chr7	22598991	22606603	1	7613	17428.4352	976	1
3_MACS_peak_13148_lociStitched	chr16	75139017	75151092	3	7608	14342.685	977	1
3_MACS_peak_4286_lociStitched	chr10	73604982	73612652	3	7602	10067.642	978	1
4_MACS_peak_31358_lociStitched	chr7	66133219	66148152	4	7602	11387.9058	979	1
4_MACS_peak_30177_lociStitched	chr6	137104548	137115358	4	7599	15739.36	980	1
5_MACS_peak_16946_lociStitched	chr19	17412753	17421633	5	7594	14823.384	981	1
3_MACS_peak_8417_lociStitched	chr12	123867671	123878120	3	7587	11670.4881	982	1
3_MACS_peak_3824_lociStitched	chr10	13377538	13391950	3	7584	17343.4008	983	1
3_MACS_peak_19556_lociStitched	chr2	107455794	107465866	3	7582	9658.0408	984	1
2_MACS_peak_18855_lociStitched	chr2	47205002	47214749	2	7576	11817.2628	985	1
2_MACS_peak_30227_lociStitched	chr6	139690231	139697825	2	7574	15320.1356	986	1
3_MACS_peak_4419_lociStitched	chr10	80731919	80742115	3	7574	16738.7732	987	1
2_MACS_peak_16191_lociStitched	chr19	2031350	2043231	2	7569	17086.0661	988	1
2_MACS_peak_11006_lociStitched	chr15	60924623	60933127	2	7559	8275.2424	989	1
5_MACS_peak_13598_lociStitched	chr17	7136423	7147037	5	7555	11057.6652	990	1
2_MACS_peak_6704_lociStitched	chr11	119185621	119193557	2	7552	12077.7984	991	1
1_MACS_peak_19727_lociStitched	chr2	114642690	114650239	1	7550	17375.5333	992	1
2_MACS_peak_16955_lociStitched	chr19	17478955	17486716	2	7549	12586.0137	993	1
3_MACS_peak_15489_lociStitched	chr18	689369	702755	3	7544	14257.4286	994	1
2_MACS_peak_22968_lociStitched	chr22	38568488	38578492	2	7543	15752.2984	995	1
2_MACS_peak_18274_lociStitched	chr2	3651409	3659054	2	7534	21104.787	996	1
3_MACS_peak_9081_lociStitched	chr13	103243691	103252326	3	7534	13836.724	997	1
2_MACS_peak_25722_lociStitched	chr4	15002531	15010232	2	7533	23620.5072	998	1
6_MACS_peak_5995_lociStitched	chr11	64877930	64890930	6	7532	13785.2	999	1
2_MACS_peak_30827_lociStitched	chr7	22709997	22718552	2	7529	11405.526	1000	1
5_MACS_peak_24273_lociStitched	chr3	72139083	72152247	5	7529	8657.9628	1001	1
3_MACS_peak_8844_lociStitched	chr13	49549143	49556794	3	7528	9055.7236	1002	1
1_MACS_peak_32101_lociStitched	chr7	130639983	130647505	1	7523	14882.277	1003	1
5_MACS_peak_8128_lociStitched	chr12	111834569	111848639	5	7522	18452.805	1004	1
4_MACS_peak_35248_lociStitched	chr9	134601363	134616172	4	7522	12531.3758	1005	1
1_MACS_peak_22898_lociStitched	chr22	37557191	37564711	1	7521	21049.232	1006	1
2_MACS_peak_18362_lociStitched	chr2	9932256	9942628	2	7520	12732.6672	1007	1
3_MACS_peak_28702_lociStitched	chr6	11825260	11836501	3	7517	12972.114	1008	1
2_MACS_peak_30136_lociStitched	chr6	135187327	135196797	2	7509	14946.501	1009	1
3_MACS_peak_34859_lociStitched	chr9	116132093	116143809	3	7507	17359.5972	1010	1
4_MACS_peak_35350_lociStitched	chr9	139111399	139121924	4	7506	10511.3175	1011	1
3_MACS_peak_10376_lociStitched	chr14	105482104	105491711	3	7504	15149.2783	1012	1
1_MACS_peak_35387_lociStitched	chr9	139774844	139782342	1	7499	19297.6026	1013	1
1_MACS_peak_11622_lociStitched	chr15	89177412	89184909	1	7498	18001.7964	1014	1
2_MACS_peak_6933_lociStitched	chr12	4378084	4386267	2	7498	10305.6702	1015	1
2_MACS_peak_10787_lociStitched	chr15	44231560	44242501	2	7497	13199.2224	1016	1
3_MACS_peak_14709_lociStitched	chr17	49195162	49210702	3	7497	17484.054	1017	1
3_MACS_peak_35058_lociStitched	chr9	130149232	130161134	3	7492	17212.6724	1018	1
4_MACS_peak_34854_lociStitched	chr9	116101631	116115781	4	7488	16984.245	1019	1
4_MACS_peak_4774_lociStitched	chr10	104526935	104542674	4	7486	10146.9333	1020	1
3_MACS_peak_31789_lociStitched	chr7	102029224	102045233	3	7481	9770.2927	1021	1
2_MACS_peak_10475_lociStitched	chr15	23676377	23684304	2	7479	10613.4603	1022	1
1_MACS_peak_27566_lociStitched	chr5	100234304	100241774	1	7471	16392.915	1023	1
4_MACS_peak_20117_lociStitched	chr2	173685063	173694368	4	7471	11452.594	1024	1
3_MACS_peak_12589_lociStitched	chr16	30352996	30368422	3	7466	15626.538	1025	1
2_MACS_peak_27947_lociStitched	chr5	139041922	139052788	2	7464	18270.0924	1026	1
4_MACS_peak_32944_lociStitched	chr8	39909942	39918717	4	7460	8405.5725	1027	1
2_MACS_peak_7902_lociStitched	chr12	96602059	96609727	2	7447	8618.0652	1028	1
3_MACS_peak_35640_lociStitched	chrX	19901126	19908847	3	7445	8728.5905	1029	1
2_MACS_peak_26162_lociStitched	chr4	99577964	99586284	2	7443	13880.256	1030	1
4_MACS_peak_858_lociStitched	chr1	33445758	33459919	4	7442	9856.056	1031	1
4_MACS_peak_4482_lociStitched	chr10	82208251	82225039	4	7442	11665.9812	1032	1
2_MACS_peak_33163_lociStitched	chr8	67519357	67527203	2	7432	9845.1608	1033	1
2_MACS_peak_16770_lociStitched	chr19	13260229	13267677	2	7428	22507.1112	1034	1
3_MACS_peak_2706_lociStitched	chr1	182579827	182592493	3	7428	17351.1534	1035	1
3_MACS_peak_299_lociStitched	chr1	14074932	14082613	3	7426	9942.2864	1036	1
2_MACS_peak_11371_lociStitched	chr15	75741879	75749389	2	7425	24182.2	1037	1
2_MACS_peak_23480_lociStitched	chr3	10261218	10268831	2	7422	9161.4842	1038	1
1_MACS_peak_297_lociStitched	chr1	14025797	14033216	1	7420	16499.856	1039	1
2_MACS_peak_32047_lociStitched	chr7	128572542	128582596	2	7419	29310.4262	1040	1
2_MACS_peak_4872_lociStitched	chr10	112112922	112122290	2	7417	18986.1256	1041	1
3_MACS_peak_21564_lociStitched	chr20	45027140	45037300	3	7415	11581.384	1042	1
2_MACS_peak_11824_lociStitched	chr15	101659827	101668985	2	7414	21278.613	1043	1
4_MACS_peak_23048_lociStitched	chr22	39539815	39549489	4	7409	13022.1714	1044	1
4_MACS_peak_29639_lociStitched	chr6	74224962	74234391	4	7400	16832.6508	1045	1
3_MACS_peak_34653_lociStitched	chr9	99175638	99186335	3	7396	13084.5704	1046	1
1_MACS_peak_1945_lociStitched	chr1	144532566	144539959	1	7394	16839.7754	1047	1
3_MACS_peak_28460_lociStitched	chr5	177657828	177667377	3	7389	10144.8576	1048	1
2_MACS_peak_30325_lociStitched	chr6	152077502	152086861	2	7382	10410.0157	1049	1
2_MACS_peak_23015_lociStitched	chr22	39145746	39153584	2	7371	16099.252	1050	1
4_MACS_peak_29104_lociStitched	chr6	31755511	31764580	4	7370	11726.217	1051	1
2_MACS_peak_19330_lociStitched	chr2	87535920	87543605	2	7364	12432.793	1052	1
2_MACS_peak_4765_lociStitched	chr10	104401191	104409790	2	7363	25093.6018	1053	1
3_MACS_peak_12618_lociStitched	chr16	30661059	30672849	3	7358	18485.541	1054	1
1_MACS_peak_31448_lociStitched	chr7	74070748	74078099	1	7352	18852.3746	1055	1
2_MACS_peak_18095_lociStitched	chr19	55764440	55771868	2	7352	15280.1388	1056	1
4_MACS_peak_3358_lociStitched	chr1	228870443	228881279	4	7350	10692.9648	1057	1
5_MACS_peak_18282_lociStitched	chr2	5612622	5623822	5	7340	6126.4	1058	1
2_MACS_peak_9164_lociStitched	chr13	113341245	113349065	2	7331	16909.968	1059	1
2_MACS_peak_15879_lociStitched	chr18	51789285	51799435	2	7323	16142.56	1060	1
2_MACS_peak_169_lociStitched	chr1	8933052	8940595	2	7322	14028.4714	1061	1
2_MACS_peak_6133_lociStitched	chr11	67000987	67011068	2	7319	10769.5323	1062	1
4_MACS_peak_17244_lociStitched	chr19	36230790	36240301	4	7316	12629.6569	1063	1
3_MACS_peak_9860_lociStitched	chr14	74207249	74214865	3	7314	6156.7744	1064	1
2_MACS_peak_58_lociStitched	chr1	1707181	1715311	2	7311	17309.583	1065	1
2_MACS_peak_4864_lociStitched	chr10	111967222	111974748	2	7309	12708.4036	1066	1
2_MACS_peak_7592_lociStitched	chr12	56726293	56734001	2	7307	18989.4288	1067	1
2_MACS_peak_11061_lociStitched	chr15	64381372	64389894	2	7302	15796.3792	1068	1
1_MACS_peak_1124_lociStitched	chr1	44296280	44303576	1	7297	18150.9888	1069	1
2_MACS_peak_176_lociStitched	chr1	9219503	9227162	2	7293	20098.7478	1070	1
3_MACS_peak_7932_lociStitched	chr12	98907747	98915320	3	7292	13289.1004	1071	1
3_MACS_peak_28338_lociStitched	chr5	172751695	172759198	3	7282	16105.1895	1072	1
4_MACS_peak_35445_lociStitched	chr9	140499001	140514657	4	7282	13547.1368	1073	1
4_MACS_peak_16957_lociStitched	chr19	17493064	17505934	4	7275	7954.947	1074	1
4_MACS_peak_15964_lociStitched	chr18	57538505	57550029	4	7273	6931.686	1075	1
2_MACS_peak_10177_lociStitched	chr14	95980323	95991597	2	7272	18834.3444	1076	1
3_MACS_peak_2352_lociStitched	chr1	156690800	156699270	3	7271	11699.611	1077	1
3_MACS_peak_16378_lociStitched	chr19	5679167	5692761	3	7271	17103.9708	1078	1
2_MACS_peak_32803_lociStitched	chr8	27231432	27239229	2	7270	8102.6424	1079	1
2_MACS_peak_14073_lociStitched	chr17	31153970	31163683	2	7267	12836.7008	1080	1
3_MACS_peak_33196_lociStitched	chr8	71125569	71133779	3	7264	9633.614	1081	1
4_MACS_peak_10999_lociStitched	chr15	60798932	60816293	4	7257	9864.5202	1082	1
2_MACS_peak_16247_lociStitched	chr19	2695213	2703384	2	7256	17967.2119	1083	1
2_MACS_peak_24657_lociStitched	chr3	128900734	128909103	2	7242	13069.0304	1084	1
6_MACS_peak_4099_lociStitched	chr10	45949730	45961069	6	7241	8890.9099	1085	1
2_MACS_peak_3683_lociStitched	chr10	3846408	3854692	2	7233	9161.2756	1086	1
1_MACS_peak_11712_lociStitched	chr15	92394952	92402178	1	7227	23117.4192	1087	1
2_MACS_peak_31731_lociStitched	chr7	100025580	100035061	2	7227	20934.048	1088	1
5_MACS_peak_16865_lociStitched	chr19	15402819	15413359	5	7226	6707.656	1089	1
5_MACS_peak_12908_lociStitched	chr16	66906505	66915652	5	7223	9272.3139	1090	1
3_MACS_peak_32800_lociStitched	chr8	27218823	27226388	3	7220	8070.342	1091	1
3_MACS_peak_3641_lociStitched	chr10	725550	736357	3	7217	10459.0146	1092	1
2_MACS_peak_25341_lociStitched	chr3	193814877	193822163	2	7215	12314.0686	1093	1
2_MACS_peak_24969_lociStitched	chr3	160116183	160123490	2	7214	15684.4755	1094	1
1_MACS_peak_19650_lociStitched	chr2	112302703	112309914	1	7212	11880.1225	1095	1
1_MACS_peak_16423_lociStitched	chr19	6587026	6594237	1	7212	22378.6174	1096	1
4_MACS_peak_20582_lociStitched	chr2	220109547	220119838	4	7208	11900.5124	1097	1
5_MACS_peak_11997_lociStitched	chr16	2953740	2970526	5	7208	12688.5374	1098	1
2_MACS_peak_14276_lociStitched	chr17	38017264	38024503	2	7206	8641.9182	1099	1
2_MACS_peak_25305_lociStitched	chr3	190651787	190660114	2	7199	14721.3033	1100	1
2_MACS_peak_10203_lociStitched	chr14	98167742	98175021	2	7197	11241.6876	1101	1
4_MACS_peak_21750_lociStitched	chr20	55963956	55975448	4	7193	11606.92	1102	1
3_MACS_peak_5349_lociStitched	chr11	8789840	8798281	3	7183	8933.1103	1103	1
1_MACS_peak_26482_lociStitched	chr4	144256517	144263698	1	7182	31264.6378	1104	1
3_MACS_peak_11132_lociStitched	chr15	66788774	66798657	3	7181	14294.7712	1105	1
4_MACS_peak_15949_lociStitched	chr18	56627814	56639556	4	7179	7381.0212	1106	1
1_MACS_peak_31215_lociStitched	chr7	47533266	47540437	1	7172	20268.8315	1107	1
2_MACS_peak_26719_lociStitched	chr4	185184629	185191852	2	7172	7678.049	1108	1
2_MACS_peak_9514_lociStitched	chr14	50460157	50471420	2	7168	21418.8471	1109	1
1_MACS_peak_11538_lociStitched	chr15	83473435	83480601	1	7167	19271.5238	1110	1
2_MACS_peak_15890_lociStitched	chr18	52983957	52991130	2	7165	5784.3072	1111	1
2_MACS_peak_24736_lociStitched	chr3	133290820	133298138	2	7164	14120.081	1112	1
1_MACS_peak_10819_lociStitched	chr15	45489429	45496584	1	7156	14501.754	1113	1
1_MACS_peak_27483_lociStitched	chr5	90673690	90680837	1	7148	13645.0524	1114	1
3_MACS_peak_33645_lociStitched	chr8	126162666	126172882	3	7147	6863.1088	1115	1
4_MACS_peak_28797_lociStitched	chr6	20201869	20214280	4	7146	11787.9678	1116	1
5_MACS_peak_30816_lociStitched	chr7	22474511	22492504	5	7145	11053.0999	1117	1
4_MACS_peak_10779_lociStitched	chr15	44115606	44125454	4	7143	9986.8568	1118	1
2_MACS_peak_4736_lociStitched	chr10	103873482	103881060	2	7130	13696.4772	1119	1
2_MACS_peak_10548_lociStitched	chr15	31652079	31660657	2	7129	11325.5334	1120	1
5_MACS_peak_21310_lociStitched	chr20	34194473	34208244	5	7128	10759.2823	1121	1
6_MACS_peak_33920_lociStitched	chr8	145149411	145165075	6	7128	13156.1936	1122	1
3_MACS_peak_8966_lociStitched	chr13	78488700	78496669	3	7126	10009.064	1123	1
4_MACS_peak_11184_lociStitched	chr15	68589193	68603327	4	7125	12593.394	1124	1
1_MACS_peak_10915_lociStitched	chr15	52669740	52676862	1	7123	15649.1706	1125	1
2_MACS_peak_5907_lociStitched	chr11	62646869	62655012	2	7123	17903.1998	1126	1
4_MACS_peak_13923_lociStitched	chr17	25793296	25801645	4	7123	5975.3793	1127	1
2_MACS_peak_3381_lociStitched	chr1	229471888	229480167	2	7119	14954.3577	1128	1
2_MACS_peak_5018_lociStitched	chr10	123871168	123878369	2	7115	14457.4477	1129	1
3_MACS_peak_22899_lociStitched	chr22	37588968	37598528	3	7115	14658.348	1130	1
5_MACS_peak_9583_lociStitched	chr14	55564137	55575213	5	7106	7804.1496	1131	1
6_MACS_peak_15754_lociStitched	chr18	42289175	42306647	6	7104	7488.4992	1132	1
3_MACS_peak_2986_lociStitched	chr1	206282388	206294150	3	7102	10965.7126	1133	1
1_MACS_peak_32320_lociStitched	chr7	147844923	147852019	1	7097	11803.4864	1134	1
3_MACS_peak_28856_lociStitched	chr6	26121777	26128908	3	7082	9345.1755	1135	1
5_MACS_peak_23010_lociStitched	chr22	39092711	39103670	5	7075	14828.6229	1136	1
3_MACS_peak_26910_lociStitched	chr5	10695232	10705367	3	7072	11235.661	1137	1
3_MACS_peak_19541_lociStitched	chr2	106406159	106420750	3	7070	12590.5739	1138	1
2_MACS_peak_29418_lociStitched	chr6	43737230	43744507	2	7057	22429.1694	1139	1
5_MACS_peak_30932_lociStitched	chr7	28847606	28856242	5	7055	8598.0016	1140	1
5_MACS_peak_29379_lociStitched	chr6	42980222	42990492	5	7054	10328.539	1141	1
4_MACS_peak_10561_lociStitched	chr15	32747230	32762960	4	7054	7142.993	1142	1
2_MACS_peak_9120_lociStitched	chr13	110706058	110716096	2	7053	10879.1844	1143	1
4_MACS_peak_24241_lociStitched	chr3	71466915	71478545	4	7053	8223.573	1144	1
2_MACS_peak_26112_lociStitched	chr4	87855274	87862363	2	7044	7995.6831	1145	1
2_MACS_peak_15280_lociStitched	chr17	76881517	76889168	2	7042	13500.1895	1146	1
4_MACS_peak_21973_lociStitched	chr21	32878643	32890644	4	7041	9135.1612	1147	1
1_MACS_peak_20452_lociStitched	chr2	204661535	204668568	1	7034	11472.9329	1148	1
3_MACS_peak_30420_lociStitched	chr6	159064284	159075490	3	7034	12397.1978	1149	1
2_MACS_peak_2070_lociStitched	chr1	149907747	149915691	2	7032	15830.8032	1150	1
5_MACS_peak_23190_lociStitched	chr22	43091182	43101492	5	7027	8540.804	1151	1
3_MACS_peak_2671_lociStitched	chr1	179845739	179853614	3	7026	16713.9	1152	1
3_MACS_peak_9136_lociStitched	chr13	111357339	111368937	3	7022	14836.1616	1153	1
2_MACS_peak_20552_lociStitched	chr2	219148387	219157671	2	7016	10597.686	1154	1
3_MACS_peak_11106_lociStitched	chr15	65587468	65598267	3	7015	10263.3696	1155	1
3_MACS_peak_28215_lociStitched	chr5	157282689	157291405	3	7013	11640.218	1156	1
1_MACS_peak_452_lociStitched	chr1	21615647	21622658	1	7012	18422.8047	1157	1
2_MACS_peak_12796_lociStitched	chr16	54958854	54966269	2	7005	15185.1785	1158	1
2_MACS_peak_17095_lociStitched	chr19	19771468	19781001	2	6996	15805.714	1159	1
3_MACS_peak_3274_lociStitched	chr1	226308651	226316930	3	6994	18280.8599	1160	1
2_MACS_peak_34803_lociStitched	chr9	112863210	112873721	2	6992	10859.9652	1161	1
5_MACS_peak_35618_lociStitched	chrX	19785825	19796294	5	6981	6592.3293	1162	1
3_MACS_peak_16811_lociStitched	chr19	14182138	14193357	3	6976	17611.5862	1163	1
1_MACS_peak_11190_lociStitched	chr15	69107801	69114775	1	6975	34207.47	1164	1
1_MACS_peak_16205_lociStitched	chr19	2234826	2241799	1	6974	15567.9198	1165	1
2_MACS_peak_19031_lociStitched	chr2	65273959	65285183	2	6972	11556.2304	1166	1
3_MACS_peak_20368_lociStitched	chr2	201332568	201343253	3	6963	7399.3625	1167	1
2_MACS_peak_17719_lociStitched	chr19	47285448	47292454	2	6960	21635.2286	1168	1
2_MACS_peak_18840_lociStitched	chr2	46768041	46777396	2	6960	12907.0935	1169	1
3_MACS_peak_3773_lociStitched	chr10	11217406	11224855	3	6958	8567.0949	1170	1
1_MACS_peak_8002_lociStitched	chr12	105060332	105067284	1	6953	13520.2496	1171	1
3_MACS_peak_28422_lociStitched	chr5	176852198	176859319	3	6947	10874.4791	1172	1
5_MACS_peak_16450_lociStitched	chr19	7215022	7228334	5	6944	11632.0256	1173	1
6_MACS_peak_16225_lociStitched	chr19	2489256	2508021	6	6938	9759.6765	1174	1
2_MACS_peak_1731_lociStitched	chr1	111413230	111423514	2	6935	8856.5808	1175	1
2_MACS_peak_11196_lociStitched	chr15	69754140	69763056	2	6934	17989.8132	1176	1
2_MACS_peak_7880_lociStitched	chr12	95209072	95217557	2	6931	11092.4405	1177	1
3_MACS_peak_5433_lociStitched	chr11	13350969	13362082	3	6927	9673.8665	1178	1
2_MACS_peak_4520_lociStitched	chr10	89620499	89627433	2	6925	15569.6036	1179	1
2_MACS_peak_9761_lociStitched	chr14	69257090	69264181	2	6925	12741.8179	1180	1
2_MACS_peak_29278_lociStitched	chr6	36559769	36566824	2	6924	9196.1925	1181	1
1_MACS_peak_19892_lociStitched	chr2	136889176	136896093	1	6918	10181.1323	1182	1
4_MACS_peak_29756_lociStitched	chr6	90077516	90086372	4	6917	7070.6304	1183	1
3_MACS_peak_2979_lociStitched	chr1	206132454	206139884	3	6916	14599.207	1184	1
2_MACS_peak_16851_lociStitched	chr19	14661174	14668407	2	6913	9484.6329	1185	1
1_MACS_peak_20133_lociStitched	chr2	174824630	174831537	1	6908	20227.8402	1186	1
6_MACS_peak_17450_lociStitched	chr19	40916514	40932711	6	6907	15497.2896	1187	1
3_MACS_peak_19678_lociStitched	chr2	112697422	112711474	3	6899	6941.688	1188	1
