#NCI-H929 Enhancers
#Created from /data/projects/IRF4_mm_trn_data/myeloma_public_data/rose/NCI-H929.H3K27ac_ROSE/NCI-H929_4KB_STITCHED_ENHANCER_REGION_MAP.txt
#Ranked by NCI.H929.jin.bam
#Using cutoff of 21130.3898 for Super-Enhancers
#Created on Jul 16 2024 
REGION_ID	CHROM	START	STOP	NUM_LOCI	CONSTITUENT_SIZE	NCI.H929.jin.bam	enhancerRank	isSuperStretch
11_MACS_peak_1526_lociStitched	chr1	118147892	118218071	11	60280	147214.4883	1	1
4_MACS_peak_1690_lociStitched	chr1	149801425	149834915	4	31491	269219.412	2	1
3_MACS_peak_8752_lociStitched	chr14	106023443	106057867	3	34067	235787.188	3	1
5_MACS_peak_8471_lociStitched	chr14	91812350	91867243	5	48004	178341.8677	4	1
7_MACS_peak_16118_lociStitched	chr2	99054390	99109476	7	50285	156350.5938	5	1
3_MACS_peak_20537_lociStitched	chr3	141079652	141132523	3	45770	176488.6851	6	1
3_MACS_peak_16052_lociStitched	chr2	89130550	89169835	3	39026	150261.1965	7	1
4_MACS_peak_23981_lociStitched	chr6	7883121	7921645	4	31546	180612.0692	8	1
5_MACS_peak_8756_lociStitched	chr14	106143853	106176314	5	30033	174623.9495	9	1
4_MACS_peak_18675_lociStitched	chr22	23255937	23287901	4	25714	180475.1368	10	1
4_MACS_peak_1838_lociStitched	chr1	154907436	154935437	4	20422	170948.9051	11	1
7_MACS_peak_15628_lociStitched	chr2	47713305	47755798	7	34462	107294.825	12	1
3_MACS_peak_18672_lociStitched	chr22	23223262	23249235	3	24989	140456.7894	13	1
3_MACS_peak_7108_lociStitched	chr12	123355353	123387329	3	31260	107730.3416	14	1
7_MACS_peak_25023_lociStitched	chr6	109186720	109228038	7	33331	90151.7442	15	1
4_MACS_peak_21579_lociStitched	chr4	71522861	71557037	4	29703	103413.1584	16	1
3_MACS_peak_29090_lociStitched	chr9	93676146	93708736	3	29313	103016.99	17	1
4_MACS_peak_2064_lociStitched	chr1	162530281	162562951	4	32458	75255.345	18	1
2_MACS_peak_13163_lociStitched	chr18	42286140	42314356	2	28048	103470.8936	19	1
15_MACS_peak_23235_lociStitched	chr5	131400378	131453639	15	32561	63508.4164	20	1
2_MACS_peak_13967_lociStitched	chr19	13259784	13284799	2	21249	124839.859	21	1
2_MACS_peak_1916_lociStitched	chr1	156456769	156479258	2	21810	119933.837	22	1
5_MACS_peak_4213_lociStitched	chr10	125821859	125854771	5	29761	77856.6272	23	1
3_MACS_peak_1923_lociStitched	chr1	156626743	156648006	3	19942	123576.3034	24	1
2_MACS_peak_1716_lociStitched	chr1	150531364	150554334	2	21977	114707.586	25	1
3_MACS_peak_4071_lociStitched	chr10	112166733	112188218	3	20905	115808.447	26	1
3_MACS_peak_24604_lociStitched	chr6	45383001	45405912	3	20964	112153.9272	27	1
5_MACS_peak_11824_lociStitched	chr17	32688722	32719405	5	28097	72240.0552	28	1
8_MACS_peak_15505_lociStitched	chr2	38855283	38896112	8	27255	73459.5368	29	1
3_MACS_peak_11562_lociStitched	chr17	16872897	16895891	3	21671	103670.7484	30	1
2_MACS_peak_24970_lociStitched	chr6	106531390	106556688	2	24895	87012.471	31	1
3_MACS_peak_1006_lociStitched	chr1	51432024	51451692	3	19254	107332.2096	32	1
8_MACS_peak_8537_lociStitched	chr14	94420205	94448314	8	25726	71967.4727	33	1
1_MACS_peak_15274_lociStitched	chr2	20404120	20426098	1	21979	93472.434	34	1
5_MACS_peak_18498_lociStitched	chr21	45552325	45580472	5	23258	84967.3489	35	1
2_MACS_peak_24875_lociStitched	chr6	90054002	90072578	2	18308	105585.984	36	1
7_MACS_peak_24180_lociStitched	chr6	26340133	26368177	7	24649	71327.1096	37	1
5_MACS_peak_2020_lociStitched	chr1	161142765	161164063	5	17151	104833.0156	38	1
4_MACS_peak_20330_lociStitched	chr3	124487120	124512803	4	24463	68463.1731	39	1
8_MACS_peak_28286_lociStitched	chr8	126285140	126322584	8	26176	51990.994	40	1
5_MACS_peak_19287_lociStitched	chr22	50962323	50983735	5	15797	106621.054	41	1
3_MACS_peak_21760_lociStitched	chr4	90210976	90230251	3	18977	92525.7825	42	1
2_MACS_peak_18020_lociStitched	chr20	52191530	52214105	2	21187	82401.0075	43	1
8_MACS_peak_5964_lociStitched	chr12	7045670	7081054	8	23889	64409.4952	44	1
2_MACS_peak_5666_lociStitched	chr11	120365261	120385594	2	18123	94599.2825	45	1
6_MACS_peak_30765_lociStitched	chrX	153188322	153219622	6	19494	87251.88	46	1
4_MACS_peak_15501_lociStitched	chr2	38818401	38845140	4	21300	76438.7793	47	1
3_MACS_peak_12301_lociStitched	chr17	56405055	56423295	3	15822	96447.648	48	1
3_MACS_peak_8397_lociStitched	chr14	81930703	81955729	3	21039	72590.4156	49	1
7_MACS_peak_187_lociStitched	chr1	9121702	9148161	7	21846	67335.5091	50	1
6_MACS_peak_7787_lociStitched	chr14	23018145	23039978	6	20830	71374.2603	51	1
3_MACS_peak_26602_lociStitched	chr7	102061387	102087260	3	18669	81585.3309	52	1
5_MACS_peak_2033_lociStitched	chr1	161409491	161442470	5	22880	55408.0179	53	1
2_MACS_peak_18077_lociStitched	chr20	55963910	55978789	2	13685	98823.3422	54	1
8_MACS_peak_29354_lociStitched	chr9	117125602	117152689	8	21213	66376.6935	55	1
5_MACS_peak_5773_lociStitched	chr11	128585497	128609874	5	22032	59955.2315	56	1
7_MACS_peak_1482_lociStitched	chr1	115233002	115260030	7	22712	52812.712	57	1
3_MACS_peak_14464_lociStitched	chr19	39887636	39904640	3	16428	84834.6564	58	1
2_MACS_peak_2287_lociStitched	chr1	184709299	184725660	2	16147	85159.005	59	1
1_MACS_peak_20125_lociStitched	chr3	98448601	98465595	1	16995	81732.643	60	1
2_MACS_peak_4990_lociStitched	chr11	65183722	65198781	2	14977	88577.038	61	1
9_MACS_peak_16040_lociStitched	chr2	88899129	88928492	9	23395	36342.5851	62	1
7_MACS_peak_27989_lociStitched	chr8	98635005	98665582	7	18245	73987.1669	63	1
2_MACS_peak_16836_lociStitched	chr2	197023240	197044444	2	20882	58378.8528	64	1
1_MACS_peak_5696_lociStitched	chr11	122929149	122942613	1	13465	90972.2088	65	1
8_MACS_peak_25133_lociStitched	chr6	119761870	119799087	8	22375	42423.6583	66	1
8_MACS_peak_13743_lociStitched	chr19	7400359	7434964	8	20939	53523.5535	67	1
2_MACS_peak_27464_lociStitched	chr8	33407706	33425565	2	17414	73977.3357	68	1
6_MACS_peak_13501_lociStitched	chr19	1248041	1277297	6	15659	80922.096	69	1
5_MACS_peak_17783_lociStitched	chr20	37498592	37523915	5	16033	79086.2613	70	1
3_MACS_peak_3262_lociStitched	chr10	22595451	22615458	3	19815	58868.5968	71	1
5_MACS_peak_22570_lociStitched	chr5	32572710	32596655	5	18893	64562.9035	72	1
4_MACS_peak_3646_lociStitched	chr10	74078019	74097356	4	17657	70106.2935	73	1
3_MACS_peak_18770_lociStitched	chr22	29206004	29226765	3	19531	56968.184	74	1
5_MACS_peak_4957_lociStitched	chr11	64611711	64634491	5	18155	65369.488	75	1
4_MACS_peak_2422_lociStitched	chr1	203254884	203277943	4	17533	68418.3589	76	1
3_MACS_peak_24207_lociStitched	chr6	27094404	27116078	3	18679	60524.645	77	1
5_MACS_peak_5500_lociStitched	chr11	111230489	111251915	5	19610	54012.8034	78	1
3_MACS_peak_22541_lociStitched	chr5	27450598	27474412	3	20239	48856.8024	79	1
3_MACS_peak_23255_lociStitched	chr5	131745027	131764193	3	16629	70496.3812	80	1
6_MACS_peak_29105_lociStitched	chr9	93909137	93929012	6	17327	66952.9125	81	1
3_MACS_peak_13549_lociStitched	chr19	2081418	2097743	3	14758	77912.695	82	1
1_MACS_peak_1938_lociStitched	chr1	157141959	157154577	1	12619	84707.1576	83	1
4_MACS_peak_20126_lociStitched	chr3	98477494	98497960	4	19918	48893.274	84	1
3_MACS_peak_18705_lociStitched	chr22	24176780	24192101	3	14671	77367.9858	85	1
7_MACS_peak_22973_lociStitched	chr5	88163495	88186853	7	19959	47505.5004	86	1
6_MACS_peak_8565_lociStitched	chr14	95961566	95987185	6	18249	59459.1371	87	1
4_MACS_peak_12532_lociStitched	chr17	72732340	72756900	4	20401	42260.392	88	1
1_MACS_peak_28085_lociStitched	chr8	103817670	103829187	1	11518	85245.3789	89	1
6_MACS_peak_23876_lociStitched	chr6	304025	331343	6	19987	43498.4514	90	1
3_MACS_peak_6364_lociStitched	chr12	53583465	53604490	3	16958	64115.7375	91	1
7_MACS_peak_19720_lociStitched	chr3	46129717	46154479	7	19995	42459.4014	92	1
4_MACS_peak_5688_lociStitched	chr11	122585870	122605558	4	17847	57837.4376	93	1
4_MACS_peak_17840_lociStitched	chr20	42567927	42593376	4	18362	54432.8661	94	1
3_MACS_peak_17701_lociStitched	chr20	34188900	34207978	3	16431	65546.2846	95	1
3_MACS_peak_22534_lociStitched	chr5	26869522	26889297	3	19078	48510.0525	96	1
4_MACS_peak_6003_lociStitched	chr12	9873909	9896679	4	20616	32570.208	97	1
2_MACS_peak_5692_lociStitched	chr11	122612216	122627787	2	15464	68724.1656	98	1
1_MACS_peak_18769_lociStitched	chr22	29185991	29199761	1	13771	75233.772	99	1
1_MACS_peak_18086_lociStitched	chr20	56045721	56058392	1	12672	78398.0112	100	1
6_MACS_peak_14799_lociStitched	chr19	49953688	49978448	6	17792	54949.868	101	1
4_MACS_peak_5563_lociStitched	chr11	115086874	115101064	4	12274	79415.754	102	1
1_MACS_peak_23789_lociStitched	chr5	176851833	176862541	1	10709	83412.1076	103	1
5_MACS_peak_23259_lociStitched	chr5	131790945	131814908	5	16330	61225.465	104	1
4_MACS_peak_7083_lociStitched	chr12	122224781	122244549	4	13899	71943.6592	105	1
9_MACS_peak_25422_lociStitched	chr6	157976578	158000065	9	18918	43204.3365	106	1
17_MACS_peak_2771_lociStitched	chr1	228745842	228783233	17	20622	21548.4333	107	1
5_MACS_peak_5829_lociStitched	chr11	132214200	132232521	5	17075	55067.4297	108	1
4_MACS_peak_10242_lociStitched	chr16	11816956	11837832	4	18670	41720.686	109	1
4_MACS_peak_13848_lociStitched	chr19	10521878	10539889	4	15968	58261.9828	110	1
8_MACS_peak_20423_lociStitched	chr3	129273570	129299706	8	17224	49342.1544	111	1
4_MACS_peak_9060_lociStitched	chr15	40386952	40409014	4	16404	54009.9822	112	1
8_MACS_peak_19469_lociStitched	chr3	15831447	15854089	8	18920	31370.491	113	1
6_MACS_peak_13990_lociStitched	chr19	13944075	13962037	6	13765	65582.8544	114	1
2_MACS_peak_573_lociStitched	chr1	27018591	27030908	2	12131	71574.087	115	1
1_MACS_peak_18142_lociStitched	chr20	61272686	61285350	1	12665	68417.26	116	1
6_MACS_peak_1725_lociStitched	chr1	150846742	150868544	6	15638	52261.5742	117	1
8_MACS_peak_12610_lociStitched	chr17	74475312	74503367	8	16704	43698.468	118	1
2_MACS_peak_21427_lociStitched	chr4	40191702	40209086	2	17199	37045.304	119	1
5_MACS_peak_3056_lociStitched	chr10	5930551	5949162	5	16634	41422.5027	120	1
2_MACS_peak_30012_lociStitched	chrX	39953219	39969624	2	13717	58811.925	121	1
5_MACS_peak_634_lociStitched	chr1	28826886	28846353	5	13271	60380.7939	122	1
3_MACS_peak_14745_lociStitched	chr19	48878780	48895676	3	15124	50426.112	123	1
3_MACS_peak_11170_lociStitched	chr16	87886696	87905370	3	17687	29247.2188	124	1
7_MACS_peak_12390_lociStitched	chr17	62151033	62171573	7	17838	27020.37	125	1
4_MACS_peak_1896_lociStitched	chr1	156082823	156100869	4	15156	49846.6612	126	1
4_MACS_peak_13226_lociStitched	chr18	46439602	46462648	4	17240	33730.1256	127	1
2_MACS_peak_16751_lociStitched	chr2	182168478	182184098	2	15439	47464.494	128	1
1_MACS_peak_17185_lociStitched	chr2	232569724	232577806	1	8083	74500.6842	129	1
1_MACS_peak_22569_lociStitched	chr5	32530101	32545982	1	15882	42611.8992	130	1
5_MACS_peak_482_lociStitched	chr1	24512305	24533594	5	14487	51498.091	131	1
4_MACS_peak_13531_lociStitched	chr19	1847308	1865776	4	10031	69386.1228	132	1
7_MACS_peak_27777_lociStitched	chr8	71502964	71521315	7	16253	39304.1718	133	1
3_MACS_peak_18247_lociStitched	chr21	19152304	19171109	3	16912	33205.869	134	1
2_MACS_peak_10831_lociStitched	chr16	66549088	66562405	2	12773	59447.088	135	1
3_MACS_peak_1978_lociStitched	chr1	159879039	159896207	3	12681	59380.6784	136	1
4_MACS_peak_27370_lociStitched	chr8	27218761	27238665	4	16518	35658.016	137	1
6_MACS_peak_30574_lociStitched	chrX	128901257	128921766	6	15806	39506.4867	138	1
6_MACS_peak_19330_lociStitched	chr3	5222965	5242111	6	16006	36457.8132	139	1
1_MACS_peak_12604_lociStitched	chr17	74257479	74268902	1	11424	61906.9485	140	1
5_MACS_peak_17549_lociStitched	chr20	25261601	25282713	5	15809	37725.0328	141	1
2_MACS_peak_18182_lociStitched	chr20	62357580	62372428	2	12183	58517.4528	142	1
6_MACS_peak_26085_lociStitched	chr7	55574578	55593227	6	15802	35988.8402	143	1
1_MACS_peak_27303_lociStitched	chr8	22296890	22307009	1	10120	64868.8614	144	1
4_MACS_peak_22278_lociStitched	chr4	185328738	185349980	4	16306	30696.8142	145	1
2_MACS_peak_5737_lociStitched	chr11	126173014	126189744	2	13052	53276.685	146	1
4_MACS_peak_29297_lociStitched	chr9	112904204	112924279	4	16030	31840.9575	147	1
3_MACS_peak_10560_lociStitched	chr16	30193160	30212265	3	10754	61386.2755	148	1
3_MACS_peak_6030_lociStitched	chr12	12867006	12880004	3	12970	51980.3018	149	1
6_MACS_peak_14433_lociStitched	chr19	39159616	39178092	6	14976	39616.2392	150	1
2_MACS_peak_20761_lociStitched	chr3	171811309	171827003	2	15686	32474.0248	151	1
1_MACS_peak_18721_lociStitched	chr22	24819486	24832411	1	12926	50876.6775	152	1
2_MACS_peak_1927_lociStitched	chr1	156709246	156722776	2	10170	61925.457	153	1
6_MACS_peak_1945_lociStitched	chr1	157474928	157494811	6	15033	37119.5727	154	1
3_MACS_peak_11961_lociStitched	chr17	38467212	38483606	3	15127	35614.3256	155	1
2_MACS_peak_16895_lociStitched	chr2	201979779	201994105	2	13513	46603.9106	156	1
4_MACS_peak_11361_lociStitched	chr17	4267821	4281790	4	13453	46878.5671	157	1
3_MACS_peak_22881_lociStitched	chr5	76005630	76018729	3	12053	53699.3505	158	1
1_MACS_peak_28012_lociStitched	chr8	100869495	100882065	1	12571	51051.798	159	1
5_MACS_peak_24788_lociStitched	chr6	79777570	79792549	5	14094	42357.6162	160	1
1_MACS_peak_13525_lociStitched	chr19	1646922	1654084	1	7163	68649.9186	161	1
6_MACS_peak_8783_lociStitched	chr15	20545287	20563897	6	15028	35081.711	162	1
6_MACS_peak_4938_lociStitched	chr11	63992834	64019461	6	14710	36271.2994	163	1
6_MACS_peak_27852_lociStitched	chr8	81046393	81065184	6	15288	29830.7125	164	1
2_MACS_peak_24619_lociStitched	chr6	45672735	45687421	2	14648	35168.5642	165	1
3_MACS_peak_15561_lociStitched	chr2	43444508	43456612	3	11428	53862.8	166	1
1_MACS_peak_1694_lociStitched	chr1	149855675	149861448	1	5774	69130.5204	167	1
2_MACS_peak_5664_lociStitched	chr11	120203272	120216662	2	12073	50066.549	168	1
1_MACS_peak_30771_lociStitched	chrX	153231478	153240357	1	8880	61823.5891	169	1
4_MACS_peak_11069_lociStitched	chr16	81841348	81857501	4	14003	38447.3706	170	1
5_MACS_peak_7111_lociStitched	chr12	123408631	123423786	5	13848	39333.287	171	1
3_MACS_peak_8965_lociStitched	chr15	31546830	31562060	3	10868	54847.799	172	1
2_MACS_peak_22375_lociStitched	chr5	1311262	1323847	2	9898	58233.312	173	1
2_MACS_peak_1900_lociStitched	chr1	156115751	156129609	2	13810	39098.9612	174	1
5_MACS_peak_19984_lociStitched	chr3	61545586	61562516	5	13663	39800.737	175	1
5_MACS_peak_28469_lociStitched	chr8	145009682	145030247	5	15519	22043.6235	176	1
7_MACS_peak_8969_lociStitched	chr15	31636879	31660304	7	14989	27201.11	177	1
2_MACS_peak_25749_lociStitched	chr7	23506708	23517115	2	10222	55630.6185	178	1
6_MACS_peak_27185_lociStitched	chr8	11272972	11298369	6	14169	34197.0605	179	1
3_MACS_peak_1884_lociStitched	chr1	155938365	155953773	3	12254	46456.6608	180	1
6_MACS_peak_9054_lociStitched	chr15	40336768	40362956	6	13843	36108.0144	181	1
5_MACS_peak_30774_lociStitched	chrX	153266797	153287204	5	13543	37997.834	182	1
6_MACS_peak_12675_lociStitched	chr17	76116530	76140832	6	14721	27721.2914	183	1
2_MACS_peak_8476_lociStitched	chr14	91872825	91885864	2	13038	40281.3827	184	1
3_MACS_peak_12628_lociStitched	chr17	74775332	74788941	3	13233	38635.951	185	1
2_MACS_peak_6244_lociStitched	chr12	48200687	48214840	2	12803	41298.454	186	1
4_MACS_peak_23730_lociStitched	chr5	173311327	173327729	4	14448	27520.9158	187	1
1_MACS_peak_16750_lociStitched	chr2	182128575	182141377	1	12803	40301.9762	188	1
2_MACS_peak_8868_lociStitched	chr15	23658637	23670620	2	11070	49366.3651	189	1
2_MACS_peak_17856_lociStitched	chr20	43269941	43282280	2	12273	43001.415	190	1
4_MACS_peak_10350_lociStitched	chr16	19115943	19131044	4	12708	39957.246	191	1
2_MACS_peak_4066_lociStitched	chr10	112112741	112124916	2	8040	58968.395	192	1
5_MACS_peak_3045_lociStitched	chr10	5617730	5632884	5	14338	24996.523	193	1
4_MACS_peak_944_lociStitched	chr1	45264736	45286658	4	11780	44221.0584	194	1
3_MACS_peak_512_lociStitched	chr1	25346954	25364599	3	12787	38155.548	195	1
3_MACS_peak_5604_lociStitched	chr11	117868192	117884641	3	14304	24668.5653	196	1
2_MACS_peak_14543_lociStitched	chr19	42363536	42377135	2	13476	32322.1032	197	1
5_MACS_peak_5746_lociStitched	chr11	126332922	126352970	5	11597	44269.9936	198	1
7_MACS_peak_28208_lociStitched	chr8	120930808	120949737	7	13396	32154.6923	199	1
1_MACS_peak_2113_lociStitched	chr1	167596039	167602243	1	6205	61468.6116	200	1
5_MACS_peak_27559_lociStitched	chr8	42741579	42754098	5	11820	41633.1864	201	1
1_MACS_peak_24373_lociStitched	chr6	32935391	32941392	1	6002	61500.0483	202	1
1_MACS_peak_30017_lociStitched	chrX	40027999	40037072	1	9074	53271.2122	204	1
1_MACS_peak_9922_lociStitched	chr15	101735425	101745562	1	10138	49190.8062	205	1
1_MACS_peak_6653_lociStitched	chr12	89738122	89749044	1	10923	45686.726	206	1
2_MACS_peak_17797_lociStitched	chr20	39630559	39643101	2	12543	36095.876	207	1
3_MACS_peak_16206_lociStitched	chr2	109826940	109844372	3	12988	32780.876	208	1
3_MACS_peak_10273_lociStitched	chr16	14486532	14503278	3	11641	41273.8662	209	1
4_MACS_peak_11383_lociStitched	chr17	4842096	4854675	4	9665	50404.053	210	1
2_MACS_peak_12065_lociStitched	chr17	42287359	42299823	2	8155	55406.2192	211	1
2_MACS_peak_7024_lociStitched	chr12	120628246	120640337	2	12061	38436.0799	212	1
2_MACS_peak_13217_lociStitched	chr18	46300019	46314584	2	12407	35920.203	213	1
2_MACS_peak_26104_lociStitched	chr7	56163907	56179590	2	12309	36499.0459	214	1
3_MACS_peak_5633_lociStitched	chr11	118963629	118979554	3	9704	48943.895	216	1
2_MACS_peak_18975_lociStitched	chr22	38636818	38649041	2	12062	36846.2335	217	1
3_MACS_peak_8468_lociStitched	chr14	91781658	91802332	3	13179	28122.8422	218	1
4_MACS_peak_7211_lociStitched	chr12	131576499	131589949	4	12187	35747.41	219	1
5_MACS_peak_9913_lociStitched	chr15	101661248	101682012	5	12526	33255.6224	220	1
3_MACS_peak_12640_lociStitched	chr17	75130861	75143707	3	12315	34703.469	221	1
3_MACS_peak_23687_lociStitched	chr5	171600601	171615955	3	12268	34948.7748	222	1
1_MACS_peak_16425_lociStitched	chr2	133022250	133032002	1	9753	48071.5088	223	1
7_MACS_peak_15129_lociStitched	chr2	8650555	8667603	7	13513	23381.332	224	1
2_MACS_peak_5628_lociStitched	chr11	118886755	118901807	2	11487	39007.258	225	1
5_MACS_peak_22673_lociStitched	chr5	53813352	53828340	5	11463	38986.7856	226	1
5_MACS_peak_5304_lociStitched	chr11	82764660	82784509	5	12665	30426.5321	227	1
2_MACS_peak_23358_lociStitched	chr5	138720320	138730572	2	8702	50686.9132	228	1
1_MACS_peak_3725_lociStitched	chr10	81001491	81010882	1	9392	47888.4654	229	1
4_MACS_peak_16027_lociStitched	chr2	87808945	87822782	4	13268	22723.1214	230	1
5_MACS_peak_24758_lociStitched	chr6	74220720	74234166	5	11111	39429.0504	231	1
3_MACS_peak_17652_lociStitched	chr20	32439889	32453663	3	11833	34962.5442	232	1
4_MACS_peak_11590_lociStitched	chr17	17726150	17744487	4	11802	34466.2252	233	1
2_MACS_peak_26881_lociStitched	chr7	139466481	139478924	2	11831	34225.7158	234	1
3_MACS_peak_21121_lociStitched	chr4	2787564	2804165	3	12163	31274.6239	235	1
1_MACS_peak_18025_lociStitched	chr20	52267670	52278704	1	11035	38387.286	237	1
2_MACS_peak_24335_lociStitched	chr6	31694685	31709230	2	11339	36576.3115	238	1
1_MACS_peak_8764_lociStitched	chr14	106324968	106330960	1	5993	56296.0384	239	1
2_MACS_peak_24167_lociStitched	chr6	26194843	26207281	2	10100	42571.5426	241	1
4_MACS_peak_17608_lociStitched	chr20	31252334	31270145	4	11938	31667.958	242	1
1_MACS_peak_3265_lociStitched	chr10	22624566	22635241	1	10676	39557.28	243	1
5_MACS_peak_4996_lociStitched	chr11	65261652	65278381	5	11075	36586.323	244	1
1_MACS_peak_10270_lociStitched	chr16	14394799	14405314	1	10516	39582.666	245	1
2_MACS_peak_12783_lociStitched	chr17	79477511	79487491	2	9045	45930.954	246	1
2_MACS_peak_17307_lociStitched	chr2	241498465	241509469	2	9713	43015.7364	247	1
2_MACS_peak_1736_lociStitched	chr1	150967903	150982000	2	11833	30639.8295	248	1
4_MACS_peak_15199_lociStitched	chr2	11883411	11895869	4	11705	31293.2502	250	1
7_MACS_peak_5296_lociStitched	chr11	82666347	82683836	7	12134	27819.7523	251	1
1_MACS_peak_6845_lociStitched	chr12	109020345	109031641	1	11297	34128.6048	252	1
2_MACS_peak_15832_lociStitched	chr2	70311849	70323183	2	7060	51791.8464	254	1
4_MACS_peak_12398_lociStitched	chr17	62197206	62209986	4	12307	25488.432	255	1
1_MACS_peak_20375_lociStitched	chr3	126626539	126637128	1	10590	37702.1345	256	1
1_MACS_peak_14832_lociStitched	chr19	50423657	50434346	1	10690	37045.9362	258	1
2_MACS_peak_8863_lociStitched	chr15	23608056	23619435	2	11005	34919.8752	259	1
3_MACS_peak_14548_lociStitched	chr19	42438644	42452117	3	9633	42041.1492	260	1
1_MACS_peak_11689_lociStitched	chr17	21245465	21254397	1	8933	44926.1736	261	1
3_MACS_peak_9538_lociStitched	chr15	75329341	75341727	3	9146	44028.5142	262	1
5_MACS_peak_17180_lociStitched	chr2	232534993	232552892	5	10428	37904.7123	263	1
2_MACS_peak_16264_lociStitched	chr2	112455535	112465827	2	9662	41719.6512	264	1
5_MACS_peak_25835_lociStitched	chr7	29713120	29726370	5	11607	30159.65	265	1
2_MACS_peak_11782_lociStitched	chr17	29636581	29648906	2	12262	24202.6025	266	1
3_MACS_peak_9516_lociStitched	chr15	75068811	75083212	3	12327	23493.7914	267	1
3_MACS_peak_24234_lociStitched	chr6	27791013	27808178	3	9766	40914.494	268	1
3_MACS_peak_11203_lociStitched	chr16	89032407	89046309	3	10461	36925.1022	269	1
1_MACS_peak_6455_lociStitched	chr12	57075326	57084287	1	8962	43936.6791	270	1
1_MACS_peak_5561_lociStitched	chr11	115057918	115066253	1	8336	46324.263	271	1
4_MACS_peak_19045_lociStitched	chr22	39910942	39929084	4	9707	40587.2824	272	1
3_MACS_peak_29593_lociStitched	chr9	132244317	132260191	3	9915	39497.6868	273	1
3_MACS_peak_14177_lociStitched	chr19	19050467	19061783	3	10372	37037.268	274	1
3_MACS_peak_24152_lociStitched	chr6	26020597	26035008	3	9684	40321.978	275	1
5_MACS_peak_17921_lociStitched	chr20	46114740	46132169	5	11977	25021.0724	276	1
2_MACS_peak_26640_lociStitched	chr7	104576791	104587368	2	9846	39278.7472	277	1
3_MACS_peak_11727_lociStitched	chr17	27043873	27056319	3	10400	35697.6172	280	1
2_MACS_peak_10250_lociStitched	chr16	12056013	12071273	2	11025	31682.812	281	1
6_MACS_peak_18930_lociStitched	chr22	37608261	37627844	6	12012	23427.1429	282	1
2_MACS_peak_16910_lociStitched	chr2	202115840	202126801	2	10732	33481.4706	283	1
1_MACS_peak_12098_lociStitched	chr17	43298298	43307888	1	9591	39764.935	284	1
2_MACS_peak_13584_lociStitched	chr19	2617239	2628466	2	8420	44198.4536	285	1
1_MACS_peak_7163_lociStitched	chr12	125398282	125406607	1	8326	44547.9075	286	1
1_MACS_peak_1718_lociStitched	chr1	150580009	150588051	1	8043	45454.1882	287	1
5_MACS_peak_30124_lociStitched	chrX	48768128	48782059	5	11707	24362.5328	288	1
4_MACS_peak_14805_lociStitched	chr19	49989961	50005203	4	10598	32968.446	289	1
3_MACS_peak_14443_lociStitched	chr19	39338808	39348948	3	7234	47700.588	290	1
2_MACS_peak_17441_lociStitched	chr20	9486547	9497500	2	10653	32337.6372	291	1
3_MACS_peak_18320_lociStitched	chr21	34600895	34612595	3	11319	27198.99	292	1
5_MACS_peak_12496_lociStitched	chr17	70582722	70602642	5	11928	21145.08	293	1
5_MACS_peak_9841_lociStitched	chr15	93340603	93354706	5	10356	33622.9623	294	1
1_MACS_peak_1845_lociStitched	chr1	154970620	154977550	1	6931	48015.891	295	1
4_MACS_peak_24615_lociStitched	chr6	45643278	45658036	4	11758	22303.7654	296	1
5_MACS_peak_29441_lociStitched	chr9	126079249	126091855	5	11812	21708.7926	297	1
6_MACS_peak_22602_lociStitched	chr5	37797006	37813467	6	10951	28484.1144	298	1
2_MACS_peak_7208_lociStitched	chr12	131354827	131366014	2	9248	38656.6785	299	1
3_MACS_peak_23781_lociStitched	chr5	176726465	176740684	3	10832	28703.8953	301	1
3_MACS_peak_23058_lociStitched	chr5	100224893	100240681	3	11533	22388.9628	302	1
2_MACS_peak_7724_lociStitched	chr13	114827957	114835855	2	7734	43826.002	305	1
1_MACS_peak_19418_lociStitched	chr3	13050365	13061540	1	11176	24918.015	306	1
2_MACS_peak_12937_lociStitched	chr18	9060468	9074464	2	11224	24171.092	307	1
4_MACS_peak_1407_lociStitched	chr1	110331735	110350175	4	10373	30496.072	308	1
4_MACS_peak_5654_lociStitched	chr11	119551257	119566635	4	10549	29198.2086	309	1
2_MACS_peak_13883_lociStitched	chr19	11198997	11208442	2	9437	35739.88	310	1
1_MACS_peak_2863_lociStitched	chr1	234741636	234748776	1	7141	45022.698	311	1
1_MACS_peak_459_lociStitched	chr1	23850621	23858962	1	8342	40664.0432	312	1
3_MACS_peak_26594_lociStitched	chr7	101921170	101935590	3	11062	24485.16	313	1
2_MACS_peak_23154_lociStitched	chr5	118668321	118680338	2	11377	21345.7971	314	1
2_MACS_peak_1822_lociStitched	chr1	154370452	154381673	2	9092	37235.7664	315	1
1_MACS_peak_26267_lociStitched	chr7	74070743	74077466	1	6724	46119.1077	316	1
2_MACS_peak_17899_lociStitched	chr20	45173080	45185016	2	10659	27011.168	319	1
1_MACS_peak_27430_lociStitched	chr8	29628862	29634789	1	5928	47661.9705	321	1
4_MACS_peak_28023_lociStitched	chr8	101440811	101455846	4	10773	25479.8145	322	1
1_MACS_peak_13162_lociStitched	chr18	42258023	42264444	1	6422	46089.938	324	1
3_MACS_peak_28071_lociStitched	chr8	103539763	103550453	3	10000	30743.371	325	1
4_MACS_peak_27858_lociStitched	chr8	81072964	81084485	4	11125	21649.1111	326	1
3_MACS_peak_23442_lociStitched	chr5	142778083	142785766	3	7292	43249.9119	327	1
5_MACS_peak_18153_lociStitched	chr20	61516238	61532307	5	10286	28131.9983	329	1
2_MACS_peak_12659_lociStitched	chr17	75432447	75442906	2	8851	36506.0936	330	1
3_MACS_peak_2017_lociStitched	chr1	161121411	161137602	3	8644	37159.9641	331	1
3_MACS_peak_11017_lociStitched	chr16	79629558	79641951	3	9371	33303.7089	333	1
2_MACS_peak_9923_lociStitched	chr15	101782963	101793460	2	9748	31028.0823	334	1
4_MACS_peak_23885_lociStitched	chr6	388979	400531	4	10189	27948.9088	335	1
2_MACS_peak_17911_lociStitched	chr20	45980247	45989912	2	8078	39188.6755	337	1
1_MACS_peak_9790_lociStitched	chr15	90637228	90646622	1	9395	32508.8764	338	1
2_MACS_peak_612_lociStitched	chr1	28195100	28205170	2	8030	39126.985	339	1
3_MACS_peak_17121_lociStitched	chr2	227655121	227666191	3	9829	29699.703	341	1
1_MACS_peak_1968_lociStitched	chr1	158978138	158986205	1	8068	38720.7933	342	1
2_MACS_peak_28194_lociStitched	chr8	119573715	119582300	2	8432	37070.03	343	1
4_MACS_peak_27223_lociStitched	chr8	12366200	12382247	4	10484	24455.628	344	1
3_MACS_peak_14060_lociStitched	chr19	16244426	16261408	3	10700	22497.7536	345	1
4_MACS_peak_753_lociStitched	chr1	36608608	36627203	4	9714	29683.1985	346	1
2_MACS_peak_13778_lociStitched	chr19	7980427	7991355	2	7285	41277.2416	347	1
3_MACS_peak_7726_lociStitched	chr13	114863527	114877440	3	10543	22942.537	348	1
1_MACS_peak_3786_lociStitched	chr10	89620856	89629533	1	8678	35152.2624	349	1
3_MACS_peak_1806_lociStitched	chr1	153929678	153941425	3	7813	38976.546	350	1
1_MACS_peak_11944_lociStitched	chr17	38016539	38025041	1	8503	35563.866	355	1
1_MACS_peak_8767_lociStitched	chr14	106654723	106664593	1	9871	27555.066	356	1
2_MACS_peak_14054_lociStitched	chr19	16180752	16191673	2	6493	43010.1743	357	1
2_MACS_peak_25131_lociStitched	chr6	119666651	119674757	2	7566	39142.2528	358	1
2_MACS_peak_29523_lociStitched	chr9	130538165	130552247	2	9648	28480.845	359	1
3_MACS_peak_8353_lociStitched	chr14	77487572	77500822	3	8770	33592.725	360	1
1_MACS_peak_4387_lociStitched	chr11	1870542	1878165	1	7624	38720.2662	361	1
1_MACS_peak_17846_lociStitched	chr20	42694967	42700822	1	5856	44424.227	362	1
1_MACS_peak_22283_lociStitched	chr4	185392297	185398166	1	5870	44374.9221	363	1
4_MACS_peak_27140_lociStitched	chr8	7998596	8014507	4	10228	23755.123	364	1
5_MACS_peak_2444_lociStitched	chr1	204475185	204491800	5	9746	27187.1245	365	1
2_MACS_peak_1842_lociStitched	chr1	154940895	154949188	2	7612	38150.2879	368	1
1_MACS_peak_25399_lociStitched	chr6	157097674	157104234	1	6561	41761.616	369	1
1_MACS_peak_18057_lociStitched	chr20	55125699	55132495	1	6797	40931.6284	370	1
2_MACS_peak_13486_lociStitched	chr19	1019410	1030590	2	7836	37030.396	371	1
3_MACS_peak_15049_lociStitched	chr19	58891384	58906384	3	10246	22152	372	1
4_MACS_peak_13245_lociStitched	chr18	47833033	47843480	4	10120	23173.5354	373	1
5_MACS_peak_14738_lociStitched	chr19	48823466	48837990	5	9614	27061.1168	374	1
4_MACS_peak_28230_lociStitched	chr8	123138905	123150129	4	10100	23141.6432	376	1
4_MACS_peak_14644_lociStitched	chr19	45942608	45960088	4	8799	32002.384	378	1
2_MACS_peak_7037_lociStitched	chr12	120966078	120979135	2	9601	26980.9848	379	1
4_MACS_peak_4201_lociStitched	chr10	125151145	125163750	4	9733	26020.5015	380	1
3_MACS_peak_11443_lociStitched	chr17	7475068	7488435	3	7619	37509.1387	381	1
2_MACS_peak_3259_lociStitched	chr10	22539836	22548391	2	8125	35103.7315	383	1
2_MACS_peak_8765_lociStitched	chr14	106385251	106395714	2	9353	28084.7846	384	1
2_MACS_peak_24338_lociStitched	chr6	31755914	31764549	2	7608	36886.993	386	1
1_MACS_peak_11167_lociStitched	chr16	87806798	87814948	1	8151	34271.565	389	1
1_MACS_peak_18000_lociStitched	chr20	50027158	50034782	1	7625	36576.14	390	1
5_MACS_peak_9251_lociStitched	chr15	55568407	55582991	5	9982	22099.1352	391	1
5_MACS_peak_30788_lociStitched	chrX	153595991	153609116	5	8876	30072	392	1
2_MACS_peak_29605_lociStitched	chr9	132646615	132656672	2	8085	34199.8342	393	1
5_MACS_peak_11470_lociStitched	chr17	8053364	8067075	5	9187	27483.6995	396	1
6_MACS_peak_13557_lociStitched	chr19	2254750	2274058	6	9532	24748.9944	397	1
2_MACS_peak_14199_lociStitched	chr19	19771454	19780675	2	6796	38775.2271	398	1
2_MACS_peak_4078_lociStitched	chr10	112255124	112264741	2	9610	24005.9554	401	1
1_MACS_peak_26645_lociStitched	chr7	104650488	104656628	1	6141	40702.06	402	1
1_MACS_peak_5714_lociStitched	chr11	124939085	124945623	1	6539	39371.1822	404	1
3_MACS_peak_15136_lociStitched	chr2	8676842	8686601	3	9426	24937.1727	407	1
3_MACS_peak_11059_lociStitched	chr16	81680891	81692075	3	8622	30010.0272	409	1
4_MACS_peak_12585_lociStitched	chr17	73890847	73910095	4	8993	27744.0672	410	1
2_MACS_peak_1039_lociStitched	chr1	53096937	53105084	2	8115	32554.5973	411	1
2_MACS_peak_29176_lociStitched	chr9	98267542	98279537	2	8453	30781.569	412	1
1_MACS_peak_2426_lociStitched	chr1	203288873	203297615	1	8743	29063.6532	413	1
3_MACS_peak_20952_lociStitched	chr3	193848486	193860653	3	9054	26654.2469	414	1
3_MACS_peak_13167_lociStitched	chr18	42330334	42342741	3	8464	29940.5724	417	1
2_MACS_peak_28727_lociStitched	chr9	33445462	33459192	2	9473	23032.075	419	1
4_MACS_peak_30129_lociStitched	chrX	48791053	48803595	4	8926	27017.9764	420	1
3_MACS_peak_29405_lociStitched	chr9	123630429	123641243	3	7283	35479.6526	421	1
1_MACS_peak_26091_lociStitched	chr7	55597984	55605794	1	7811	33051.139	423	1
3_MACS_peak_3622_lociStitched	chr10	73484846	73496517	3	7271	35377.1352	424	1
2_MACS_peak_11324_lociStitched	chr17	2294912	2306046	2	7170	35743.4802	425	1
1_MACS_peak_13946_lociStitched	chr19	12899091	12905737	1	6647	37676.174	427	1
4_MACS_peak_5812_lociStitched	chr11	130632187	130648665	4	9565	21268.1546	428	1
4_MACS_peak_28030_lociStitched	chr8	101500983	101513259	4	9058	25228.4076	429	1
3_MACS_peak_29095_lociStitched	chr9	93730964	93742019	3	8466	29008.32	431	1
2_MACS_peak_2461_lociStitched	chr1	205248265	205258751	2	8717	27406.2096	432	1
1_MACS_peak_6216_lociStitched	chr12	46119471	46126212	1	6742	36826.083	434	1
3_MACS_peak_24053_lociStitched	chr6	15244669	15257199	3	9158	23951.095	438	1
3_MACS_peak_19258_lociStitched	chr22	50352651	50364888	3	7953	31159.0731	441	1
2_MACS_peak_23874_lociStitched	chr6	291048	299418	2	8360	28811.214	444	1
5_MACS_peak_24229_lociStitched	chr6	27774147	27784474	5	9342	21927.3191	445	1
2_MACS_peak_22884_lociStitched	chr5	76029943	76038389	2	7767	31789.0548	446	1
2_MACS_peak_22556_lociStitched	chr5	32168742	32175859	2	6341	37377.0606	448	1
2_MACS_peak_13480_lociStitched	chr19	919601	928044	2	6325	37261.4919	451	1
2_MACS_peak_14779_lociStitched	chr19	49463934	49471951	2	7537	32415.1361	452	1
1_MACS_peak_15987_lociStitched	chr2	86220458	86228742	1	8285	28459.682	453	1
3_MACS_peak_17884_lociStitched	chr20	44509593	44521879	3	8039	29579.7736	456	1
6_MACS_peak_25871_lociStitched	chr7	32766571	32778758	6	9135	22023.1277	457	1
3_MACS_peak_10568_lociStitched	chr16	30352964	30367789	3	9123	22021.055	458	1
2_MACS_peak_19256_lociStitched	chr22	50322741	50330996	2	6884	34425.8265	461	1
1_MACS_peak_1616_lociStitched	chr1	145448548	145457356	1	8809	24066.0984	462	1
3_MACS_peak_25181_lociStitched	chr6	130001529	130013424	3	8987	22662.354	463	1
2_MACS_peak_30772_lociStitched	chrX	153245066	153253004	2	7372	32236.218	464	1
2_MACS_peak_1795_lociStitched	chr1	153761552	153770751	2	8961	22678.2947	465	1
1_MACS_peak_10942_lociStitched	chr16	70553587	70560800	1	7214	32770.8229	466	1
3_MACS_peak_13546_lociStitched	chr19	2049502	2062686	3	7219	32414.1824	468	1
3_MACS_peak_1733_lociStitched	chr1	150945370	150952437	3	6643	34769.64	469	1
3_MACS_peak_23985_lociStitched	chr6	7958761	7969252	3	8948	22153.8447	470	1
3_MACS_peak_6317_lociStitched	chr12	51712605	51721977	3	8375	25994.1792	471	1
4_MACS_peak_14056_lociStitched	chr19	16221442	16231821	4	8649	24007.6649	472	1
2_MACS_peak_11197_lociStitched	chr16	88846315	88857672	2	7656	29976.8015	474	1
3_MACS_peak_14988_lociStitched	chr19	56151779	56167989	3	8611	24141.553	475	1
4_MACS_peak_28125_lociStitched	chr8	107669225	107682514	4	7769	29199.9197	476	1
1_MACS_peak_27404_lociStitched	chr8	29082964	29091117	1	8154	26855.1667	477	1
4_MACS_peak_22321_lociStitched	chr4	187741472	187754962	4	8672	23390.311	478	1
3_MACS_peak_8747_lociStitched	chr14	105946837	105958281	3	6894	32671.4756	482	1
2_MACS_peak_29446_lociStitched	chr9	126098562	126107108	2	6415	34545.4958	483	1
3_MACS_peak_14072_lociStitched	chr19	16474976	16484537	3	8485	24013.4076	484	1
2_MACS_peak_88_lociStitched	chr1	2471090	2481272	2	7850	27648.2028	486	1
1_MACS_peak_23004_lociStitched	chr5	90674393	90680854	1	6462	34053.3466	487	1
1_MACS_peak_16753_lociStitched	chr2	182320552	182326424	1	5873	35878.5072	489	1
1_MACS_peak_9444_lociStitched	chr15	70387539	70393840	1	6302	34349.9015	490	1
1_MACS_peak_18997_lociStitched	chr22	39146124	39153391	1	7268	30243.8006	491	1
1_MACS_peak_26597_lociStitched	chr7	101945070	101952942	1	7873	26824.6272	494	1
2_MACS_peak_12019_lociStitched	chr17	40825649	40833925	2	8132	25175.592	495	1
2_MACS_peak_29408_lociStitched	chr9	123651469	123660380	2	7926	26302.5987	498	1
2_MACS_peak_11300_lociStitched	chr17	1618206	1628962	2	7282	29754.3228	499	1
2_MACS_peak_6562_lociStitched	chr12	69200178	69206860	2	6667	32366.9398	501	1
2_MACS_peak_24477_lociStitched	chr6	36718508	36726897	2	8334	23420.4102	502	1
1_MACS_peak_17830_lociStitched	chr20	42307042	42313402	1	6361	33398.904	505	1
3_MACS_peak_13489_lociStitched	chr19	1066505	1078260	3	7710	27102.328	506	1
1_MACS_peak_1425_lociStitched	chr1	111172659	111180715	1	8057	24906.7352	507	1
2_MACS_peak_1882_lociStitched	chr1	155910588	155919051	2	8402	22416.7944	508	1
4_MACS_peak_10031_lociStitched	chr16	2198157	2206666	4	7959	25076.023	511	1
4_MACS_peak_12846_lociStitched	chr17	80655236	80669022	4	8183	23550.6238	512	1
3_MACS_peak_9846_lociStitched	chr15	93360248	93377113	3	8199	23233.224	514	1
2_MACS_peak_11097_lociStitched	chr16	84142489	84151843	2	7557	27115.3752	516	1
1_MACS_peak_18684_lociStitched	chr22	23477730	23485298	1	7569	27025.328	518	1
2_MACS_peak_11452_lociStitched	chr17	7737219	7748891	2	7760	25686.5704	522	1
2_MACS_peak_24968_lociStitched	chr6	106439540	106447296	2	7472	27315.8564	523	1
3_MACS_peak_2048_lociStitched	chr1	161708155	161720879	3	8034	23871.4964	525	1
2_MACS_peak_22428_lociStitched	chr5	6708109	6715232	2	7063	29331.8017	526	1
3_MACS_peak_2531_lociStitched	chr1	209276519	209284945	3	8234	22246.3252	529	1
3_MACS_peak_24109_lociStitched	chr6	20401063	20410939	3	6160	32847.576	532	1
2_MACS_peak_19269_lociStitched	chr22	50623333	50631207	2	7231	27986.5582	535	1
5_MACS_peak_29098_lociStitched	chr9	93791287	93801695	5	7353	27188.8184	539	1
2_MACS_peak_16682_lociStitched	chr2	175456574	175464427	2	7693	25096.6174	541	1
5_MACS_peak_3250_lociStitched	chr10	22283273	22294176	5	8155	21852.8829	544	1
3_MACS_peak_13622_lociStitched	chr19	3358773	3370142	3	6881	29301.3237	546	1
2_MACS_peak_16539_lociStitched	chr2	158293737	158301913	2	7879	23609.8352	548	1
3_MACS_peak_1859_lociStitched	chr1	155156942	155165910	3	6911	28986.3696	549	1
2_MACS_peak_11351_lociStitched	chr17	3813372	3821569	2	8192	21271.215	550	1
3_MACS_peak_1830_lociStitched	chr1	154755679	154765971	3	8154	21450.5864	551	1
3_MACS_peak_27515_lociStitched	chr8	38238107	38244895	3	6716	29516.9392	555	1
1_MACS_peak_3993_lociStitched	chr10	104401760	104407775	1	6016	32259.0465	558	1
2_MACS_peak_2169_lociStitched	chr1	173831278	173838804	2	6611	29837.5796	559	1
2_MACS_peak_15618_lociStitched	chr2	47204843	47214526	2	7706	24012.8717	560	1
2_MACS_peak_22393_lociStitched	chr5	1791242	1802484	2	7422	25662.1134	562	1
2_MACS_peak_2009_lociStitched	chr1	161007666	161018156	2	6484	30236.376	563	1
2_MACS_peak_23809_lociStitched	chr5	177657827	177669524	2	7991	21722.4987	565	1
1_MACS_peak_17999_lociStitched	chr20	50015885	50022529	1	6645	29401.6932	566	1
2_MACS_peak_17244_lociStitched	chr2	236401952	236412651	2	7779	23015.6888	567	1
3_MACS_peak_12776_lociStitched	chr17	79366747	79374222	3	7152	26735.8325	568	1
3_MACS_peak_14247_lociStitched	chr19	23940726	23951128	3	7786	22865.6764	569	1
3_MACS_peak_183_lociStitched	chr1	8933070	8940280	3	6775	28571.788	570	1
3_MACS_peak_29586_lociStitched	chr9	132167890	132177629	3	6861	28111.6235	573	1
1_MACS_peak_15108_lociStitched	chr2	5834766	5842002	1	7237	26125.578	574	1
3_MACS_peak_3643_lociStitched	chr10	74055238	74064015	3	7483	24690.5787	575	1
1_MACS_peak_24975_lociStitched	chr6	106610736	106617851	1	7116	26741.7275	576	1
2_MACS_peak_2480_lociStitched	chr1	206729764	206738347	2	7905	21214.6011	582	1
1_MACS_peak_18028_lociStitched	chr20	52351701	52358980	1	7280	25185.34	584	1
3_MACS_peak_9971_lociStitched	chr16	685114	700576	3	7316	24972.6762	585	1
2_MACS_peak_20785_lociStitched	chr3	176913028	176920417	2	5993	31217.0472	586	1
3_MACS_peak_14616_lociStitched	chr19	45250283	45258973	3	7791	21892.717	587	1
3_MACS_peak_26903_lociStitched	chr7	141250008	141263139	3	7815	21626.757	591	1
5_MACS_peak_14496_lociStitched	chr19	40916759	40932570	5	7662	22642.9331	592	1
3_MACS_peak_5751_lociStitched	chr11	126567024	126574995	3	7525	23482.566	595	1
5_MACS_peak_12826_lociStitched	chr17	80305004	80318565	5	7824	21391.1214	596	1
2_MACS_peak_22275_lociStitched	chr4	185301710	185307855	2	6143	30359.3725	598	1
1_MACS_peak_26979_lociStitched	chr7	150100492	150106410	1	5919	31232.8368	599	1
4_MACS_peak_13956_lociStitched	chr19	13043248	13057778	4	6764	27588.111	600	1
3_MACS_peak_13526_lociStitched	chr19	1660533	1672873	3	6581	28443.7	601	1
2_MACS_peak_26536_lociStitched	chr7	100025257	100035078	2	5892	31308.3659	602	1
1_MACS_peak_24238_lociStitched	chr6	27857391	27863733	1	6343	29357.118	606	1
3_MACS_peak_8001_lociStitched	chr14	50527010	50535046	3	7666	22136.7692	607	1
1_MACS_peak_5215_lociStitched	chr11	72979522	72986629	1	7108	25553.9292	608	1
1_MACS_peak_3110_lociStitched	chr10	11203169	11210789	1	7621	22375.368	609	1
2_MACS_peak_28079_lociStitched	chr8	103661870	103670395	2	7098	25562.2125	610	1
2_MACS_peak_23847_lociStitched	chr5	180228887	180238878	2	6204	29793.162	611	1
2_MACS_peak_19901_lociStitched	chr3	53134825	53145322	2	7710	21621.7206	612	1
1_MACS_peak_60_lociStitched	chr1	1707738	1714775	1	7038	25588.6431	615	1
1_MACS_peak_3080_lociStitched	chr10	6965806	6972630	1	6825	26704.3592	616	1
4_MACS_peak_17812_lociStitched	chr20	40720137	40727987	4	7721	21202.065	617	1
2_MACS_peak_6745_lociStitched	chr12	98908227	98914375	2	5714	31415.6652	618	1
3_MACS_peak_13510_lociStitched	chr19	1400571	1413738	3	5564	31823.3223	621	1
2_MACS_peak_17990_lociStitched	chr20	49569354	49576253	2	6888	26130.6524	622	1
3_MACS_peak_464_lociStitched	chr1	23916537	23928891	3	7625	21441.6024	625	1
1_MACS_peak_21245_lociStitched	chr4	10093874	10101217	1	7344	23256.0153	627	1
3_MACS_peak_17052_lociStitched	chr2	219260089	219272483	3	7217	23838.6196	629	1
2_MACS_peak_4994_lociStitched	chr11	65238020	65246128	2	5705	30812.0216	631	1
1_MACS_peak_22612_lociStitched	chr5	39073093	39078908	1	5816	30265.3305	633	1
4_MACS_peak_16093_lociStitched	chr2	97192195	97205229	4	6943	24914.491	639	1
2_MACS_peak_17309_lociStitched	chr2	241517659	241527211	2	7285	22693.6416	644	1
1_MACS_peak_18093_lociStitched	chr20	56252951	56258800	1	5850	29798.3154	646	1
2_MACS_peak_28947_lociStitched	chr9	73027041	73036351	2	5892	29521.079	648	1
1_MACS_peak_11909_lociStitched	chr17	36857283	36862955	1	5673	30351.4392	649	1
1_MACS_peak_5155_lociStitched	chr11	69061330	69067331	1	6002	29054.4416	650	1
1_MACS_peak_24308_lociStitched	chr6	30683765	30690583	1	6819	25082.7402	655	1
3_MACS_peak_13578_lociStitched	chr19	2541578	2553392	3	7114	23323.1988	657	1
1_MACS_peak_14050_lociStitched	chr19	15574175	15581221	1	7047	23687.9474	659	1
2_MACS_peak_24472_lociStitched	chr6	36559062	36565472	2	6018	28774.49	660	1
2_MACS_peak_2209_lociStitched	chr1	179049365	179058340	2	5754	29764.69	661	1
3_MACS_peak_12820_lociStitched	chr17	80249983	80259428	3	5611	30198.4985	666	1
3_MACS_peak_9795_lociStitched	chr15	90721475	90736137	3	7290	21897.697	667	1
2_MACS_peak_4076_lociStitched	chr10	112216804	112225898	2	7070	22899.6014	677	1
2_MACS_peak_25010_lociStitched	chr6	108878329	108887002	2	6882	23970.4374	679	1
2_MACS_peak_14751_lociStitched	chr19	48946429	48954098	2	7302	21191.7477	681	1
2_MACS_peak_29557_lociStitched	chr9	131445509	131453054	2	7135	22269.0675	682	1
4_MACS_peak_4835_lociStitched	chr11	60672844	60683888	4	7224	21344.7388	690	1
1_MACS_peak_8222_lociStitched	chr14	69257934	69263484	1	5551	29630.895	691	1
2_MACS_peak_12199_lociStitched	chr17	47463310	47472668	2	6146	27140.0716	694	1
1_MACS_peak_1615_lociStitched	chr1	145434366	145441081	1	6716	24239.1355	695	1
1_MACS_peak_13933_lociStitched	chr19	12720822	12726382	1	5561	29264.504	702	1
1_MACS_peak_8385_lociStitched	chr14	81421100	81427769	1	6670	24111.7695	705	1
3_MACS_peak_4474_lociStitched	chr11	8703231	8711189	3	6620	24265.5336	706	1
4_MACS_peak_30800_lociStitched	chrX	153706537	153720078	4	6862	22754.2964	709	1
2_MACS_peak_5544_lociStitched	chr11	113947805	113958626	2	7069	21426.6621	711	1
2_MACS_peak_22270_lociStitched	chr4	185201639	185209985	2	6094	26677.1544	713	1
2_MACS_peak_2809_lociStitched	chr1	230255596	230262851	2	7056	21313.739	714	1
3_MACS_peak_28664_lociStitched	chr9	21986889	21996897	3	5791	27632.088	720	1
3_MACS_peak_13859_lociStitched	chr19	10675406	10683358	3	5996	26238.4192	727	1
1_MACS_peak_2703_lociStitched	chr1	226127477	226133874	1	6398	24227.9978	728	1
2_MACS_peak_13496_lociStitched	chr19	1167157	1174984	2	5818	26975.7555	729	1
2_MACS_peak_22559_lociStitched	chr5	32206004	32212507	2	6422	24005.1742	730	1
1_MACS_peak_3111_lociStitched	chr10	11216999	11223314	1	6316	24430.209	734	1
1_MACS_peak_1303_lociStitched	chr1	92947882	92954312	1	6431	23819.292	735	1
3_MACS_peak_2765_lociStitched	chr1	228666560	228676665	3	6415	23889.2305	737	1
2_MACS_peak_9553_lociStitched	chr15	75491537	75497347	2	5779	26450.606	752	1
2_MACS_peak_62_lociStitched	chr1	1820976	1829553	2	6345	23155.3269	762	1
3_MACS_peak_10759_lociStitched	chr16	56964242	56974051	3	6108	23973.196	772	1
2_MACS_peak_9561_lociStitched	chr15	75742625	75748946	2	6254	22742.3259	787	1
2_MACS_peak_43_lociStitched	chr1	1439837	1450038	2	5865	24723.1436	788	1
2_MACS_peak_13895_lociStitched	chr19	11484488	11493847	2	5617	25770.9424	791	1
1_MACS_peak_16304_lociStitched	chr2	114643378	114649458	1	6081	23304.64	803	1
1_MACS_peak_13230_lociStitched	chr18	46474335	46479943	1	5609	25412.0912	808	1
2_MACS_peak_13608_lociStitched	chr19	3060862	3067092	2	6030	23090.872	817	1
1_MACS_peak_14693_lociStitched	chr19	47216766	47222971	1	6206	21838.4975	826	1
2_MACS_peak_8721_lociStitched	chr14	105390488	105400656	2	6229	21303.9936	834	1
3_MACS_peak_23767_lociStitched	chr5	175962292	175971375	3	6054	22100.7556	838	1
1_MACS_peak_10834_lociStitched	chr16	66581981	66587893	1	5913	22395.2472	855	1
1_MACS_peak_28377_lociStitched	chr8	134579592	134585710	1	6119	21252.7084	856	1
2_MACS_peak_18250_lociStitched	chr21	19186638	19192628	2	5904	22280.404	861	1
2_MACS_peak_7147_lociStitched	chr12	124936817	124943278	2	5792	22360.2288	877	1
2_MACS_peak_8548_lociStitched	chr14	94474392	94481423	2	5756	22440.8427	882	1
3_MACS_peak_24376_lociStitched	chr6	33167273	33176891	3	5601	23184.189	884	1
1_MACS_peak_24162_lociStitched	chr6	26155295	26160995	1	5701	22101.18	909	1
2_MACS_peak_4367_lociStitched	chr11	804409	812093	2	5589	21950.8828	936	1
3_MACS_peak_18830_lociStitched	chr22	31884788	31893413	3	5658	21496.95	940	1
