#33_0EX9_0229Kronos_MM1S-No-Treatment-1_p300_hs_i49_peaks Enhancers
#Created from /data/projects/IRF4_mm_trn_data/p300_internal_ChIP/rose/33_0EX9_0229Kronos_MM1S-No-Treatment-1_p300_hs_i49_ROSE/33_0EX9_0229Kronos_MM1S-No-Treatment-1_p300_hs_i49_peaks_4KB_STITCHED_ENHANCER_REGION_MAP.txt
#Ranked by X33_0EX9_0229Kronos_MM1S.No.Treatment.1_p300_hs_i49.bam
#Using cutoff of 2411.212 for Super-Enhancers
#Created on Jul 18 2024 
REGION_ID	CHROM	START	STOP	NUM_LOCI	CONSTITUENT_SIZE	X33_0EX9_0229Kronos_MM1S.No.Treatment.1_p300_hs_i49.bam	X35_0EXN_0229Kronos_MM1S.No.Treatment.1_Input_hs_i77.bam	enhancerRank	isSuper
2_MACS_peak_6745_lociStitched	chr22	23270298	23279155	2	8843	22774.8898	2776.6695	1	1
4_MACS_peak_4259_lociStitched	chr17	34523008	34540116	4	15028	22317.386	6518.148	2	1
4_MACS_peak_4265_lociStitched	chr17	34624118	34640937	4	15286	21551.8666	6248.2585	3	1
4_MACS_peak_7452_lociStitched	chr3	141091968	141110891	4	13376	19795.3503	5058.1179	4	1
1_MACS_peak_8372_lociStitched	chr5	9918	12096	1	2179	20053.7172	5802.6276	5	1
6_MACS_peak_9115_lociStitched	chr6	7895871	7918601	6	18205	20593.38	6425.771	6	1
4_MACS_peak_5623_lociStitched	chr2	99095362	99107664	4	10852	17291.6912	3638.9316	7	1
1_MACS_peak_10009_lociStitched	chr7	55599468	55604055	1	4588	12469.7595	1317.8451	8	1
3_MACS_peak_9140_lociStitched	chr6	11828106	11836730	3	6413	13009.304	2337.9664	9	1
2_MACS_peak_10181_lociStitched	chr7	104579162	104586536	2	4338	12062.3892	1901.7546	10	1
3_MACS_peak_5710_lociStitched	chr2	112456088	112464825	3	5936	12442.3617	2356.3689	11	1
4_MACS_peak_895_lociStitched	chr1	204474949	204491681	4	9383	14906.5388	5243.8088	12	1
3_MACS_peak_7586_lociStitched	chr3	171812487	171826855	3	8134	13987.248	4525.92	13	1
4_MACS_peak_10441_lociStitched	chr8	2029500	2041260	4	8385	12166.896	2855.328	14	1
2_MACS_peak_9121_lociStitched	chr6	7960827	7964678	2	3104	10258.2938	961.5947	15	1
4_MACS_peak_5619_lociStitched	chr2	99071608	99087884	4	8910	13883.428	4676.0948	16	1
1_MACS_peak_8384_lociStitched	chr5	1312418	1317274	1	4857	11063.4248	1867.132	17	1
6_MACS_peak_1207_lociStitched	chr10	11279361	11304304	6	9360	14671.4726	5487.46	18	1
3_MACS_peak_4253_lociStitched	chr17	34409305	34421115	3	7138	12453.645	3278.456	19	1
4_MACS_peak_5007_lociStitched	chr19	16253552	16267368	4	6043	11896.9576	2942.808	20	1
5_MACS_peak_8546_lociStitched	chr5	55437988	55453271	5	6609	12263.0792	3362.26	21	1
1_MACS_peak_2287_lociStitched	chr12	4225022	4229223	1	4202	10000.4805	1568.6534	22	1
2_MACS_peak_9231_lociStitched	chr6	26358138	26366055	2	4963	10338.8103	2025.9603	23	1
1_MACS_peak_4826_lociStitched	chr18	60824226	60830243	1	6018	9857.0494	1619.7764	24	1
1_MACS_peak_1632_lociStitched	chr10	112112980	112118763	1	5784	10237.0666	2104.4337	25	1
1_MACS_peak_1205_lociStitched	chr10	11216338	11223001	1	6664	10041.141	1930.9374	26	1
1_MACS_peak_8361_lociStitched	chr4	187749612	187752059	1	2448	8790.1134	870.8873	27	1
3_MACS_peak_1973_lociStitched	chr11	65183676	65199315	3	12218	12917.814	5027.9385	28	1
3_MACS_peak_915_lociStitched	chr1	206287248	206294501	3	6440	10306.513	2578.4415	29	1
3_MACS_peak_10331_lociStitched	chr7	136037509	136046987	3	4719	10215.3884	2500.2964	30	1
3_MACS_peak_433_lociStitched	chr1	118196703	118207743	3	6413	9602.592	1951.872	31	1
3_MACS_peak_1618_lociStitched	chr10	105258024	105267957	3	5451	9725.4003	2118.7089	32	1
3_MACS_peak_3813_lociStitched	chr16	11773417	11785042	3	10268	10681.05	3089.925	33	1
2_MACS_peak_9073_lociStitched	chr6	318958	329583	2	7933	12423.8125	4880.0625	34	1
4_MACS_peak_8021_lociStitched	chr4	84133155	84143683	4	5662	9697.3408	2239.3056	35	1
2_MACS_peak_5505_lociStitched	chr2	67690165	67693417	2	3221	8184.9588	798.6912	36	1
6_MACS_peak_1770_lociStitched	chr11	10326062	10344972	6	8565	11147.445	3789.564	37	1
2_MACS_peak_4903_lociStitched	chr19	2595093	2600157	2	4419	9016.452	1674.1584	38	1
4_MACS_peak_9209_lociStitched	chr6	25404418	25414326	4	7183	10380.6116	3038.7836	39	1
3_MACS_peak_6616_lociStitched	chr21	36589601	36600843	3	3953	10398.85	3173.6166	40	1
1_MACS_peak_7544_lociStitched	chr3	161487590	161490051	1	2462	8071.5878	871.9323	41	1
4_MACS_peak_7456_lociStitched	chr3	141118436	141132348	4	12064	10588.4232	3427.9168	42	1
2_MACS_peak_10804_lociStitched	chr8	118450864	118456278	2	3230	8593.6422	1486.143	43	1
1_MACS_peak_7601_lociStitched	chr3	174866884	174869572	1	2689	8396.5056	1292.1216	44	1
4_MACS_peak_6012_lociStitched	chr2	201980169	201992434	4	8996	10449.78	3442.7855	45	1
1_MACS_peak_7701_lociStitched	chr3	193818426	193822448	1	4023	8978.7128	1976.0086	46	1
2_MACS_peak_3988_lociStitched	chr16	66550007	66559759	2	5893	9488.696	2516.016	47	1
2_MACS_peak_6347_lociStitched	chr20	37498927	37505365	2	6255	8928.2184	2006.0808	48	1
3_MACS_peak_5065_lociStitched	chr19	35695712	35705934	3	5861	9400.1512	2488.0348	49	1
2_MACS_peak_885_lociStitched	chr1	203288799	203297610	2	7356	10408.4343	3563.1684	50	1
3_MACS_peak_5253_lociStitched	chr2	11883911	11895221	3	7472	9595.404	2750.592	51	1
1_MACS_peak_10842_lociStitched	chr8	125769170	125770524	1	1355	7086.4298	401.0548	52	1
4_MACS_peak_2554_lociStitched	chr12	53591152	53600340	4	7693	9170.5428	2518.4308	53	1
1_MACS_peak_1061_lociStitched	chr1	230257710	230260816	1	3107	8210.0898	1602.696	54	1
2_MACS_peak_6772_lociStitched	chr22	29187595	29198834	2	6850	8943.9962	2374.8007	55	1
2_MACS_peak_4890_lociStitched	chr19	2084340	2090843	2	6430	9424.7979	2887.9823	56	1
1_MACS_peak_900_lociStitched	chr1	204532667	204535378	1	2712	7622.7898	1107.1724	57	1
1_MACS_peak_905_lociStitched	chr1	205252527	205258273	1	5747	9002.2582	2497.2116	58	1
1_MACS_peak_7615_lociStitched	chr3	177075056	177079030	1	3975	7949.5896	1459.2528	59	1
1_MACS_peak_2156_lociStitched	chr11	115091959	115095788	1	3830	7614.3494	1200.3915	60	1
4_MACS_peak_610_lociStitched	chr1	156119064	156132117	4	9116	11396.5743	5003.2149	61	1
4_MACS_peak_5349_lociStitched	chr2	37571544	37586086	4	6121	9423.216	3061.091	62	1
3_MACS_peak_4406_lociStitched	chr17	56412940	56422745	3	5480	8711.7425	2446.3475	63	1
1_MACS_peak_3872_lociStitched	chr16	23345096	23349013	1	3918	7647.9425	1416.3872	64	1
2_MACS_peak_4619_lociStitched	chr18	9061115	9067690	2	4891	8213.49	2009.32	65	1
2_MACS_peak_881_lociStitched	chr1	203255860	203260753	2	4180	8357.7333	2157.813	66	1
2_MACS_peak_4303_lociStitched	chr17	38477137	38483389	2	4106	7887.5232	1724.9268	67	1
2_MACS_peak_779_lociStitched	chr1	183809849	183815049	2	4394	7980.96	1852.24	68	1
3_MACS_peak_8471_lociStitched	chr5	32531022	32543616	3	5789	8853.582	2785.7928	69	1
2_MACS_peak_1093_lociStitched	chr1	235146931	235152083	2	2754	7292.1408	1273.0592	70	1
1_MACS_peak_4905_lociStitched	chr19	2607510	2611842	1	4333	7635.15	1666.0872	71	1
1_MACS_peak_7421_lociStitched	chr3	130567576	130570054	1	2479	6666.8112	700.5306	72	1
5_MACS_peak_2237_lociStitched	chr11	128588324	128604946	5	6720	9680.6528	3718.3414	73	1
2_MACS_peak_6762_lociStitched	chr22	27005567	27011854	2	3117	7546.2861	1617.6451	74	1
2_MACS_peak_587_lociStitched	chr1	154908278	154917401	2	5790	9487.0077	3590.8128	75	1
2_MACS_peak_9878_lociStitched	chr7	26003038	26009081	2	4375	7806.3474	1920.4654	76	1
3_MACS_peak_6966_lociStitched	chr3	13050467	13059019	3	6153	8538.3168	2660.5272	77	1
4_MACS_peak_11577_lociStitched	chrX	58150650	58159546	4	4668	6707.584	834.4448	78	1
1_MACS_peak_462_lociStitched	chr1	143461870	143468912	1	7043	9731.3398	3861.1286	79	1
2_MACS_peak_7869_lociStitched	chr4	40197102	40208001	2	8043	8761.7061	2899.134	80	1
2_MACS_peak_3612_lociStitched	chr15	75334714	75340282	2	3945	7495.0848	1640.3328	81	1
1_MACS_peak_9356_lociStitched	chr6	45677163	45679005	1	1843	6291.7194	462.5262	82	1
5_MACS_peak_4240_lociStitched	chr17	32703815	32719053	5	6136	9718.7964	3903.9756	83	1
3_MACS_peak_4508_lociStitched	chr17	75135754	75144273	3	7594	7844.2952	2099.9335	84	1
1_MACS_peak_3062_lociStitched	chr13	114829410	114834233	1	4824	7082.0932	1348.5108	85	1
5_MACS_peak_3230_lociStitched	chr14	91829969	91842669	5	6094	7599.68	1889.76	86	1
2_MACS_peak_6305_lociStitched	chr20	30293053	30297642	2	4524	7130.8471	1460.6787	87	1
3_MACS_peak_8848_lociStitched	chr5	131755023	131764022	3	6299	8325.8748	2673.6029	88	1
2_MACS_peak_1085_lociStitched	chr1	234741552	234749467	2	7050	8380.402	2756.7945	89	1
3_MACS_peak_6021_lociStitched	chr2	202116645	202126805	3	6487	7747	2130.552	90	1
1_MACS_peak_1243_lociStitched	chr10	15828699	15831252	1	2554	6346.5027	738.0723	91	1
1_MACS_peak_4659_lociStitched	chr18	13610420	13614217	1	3798	6419.9676	843.6934	92	1
2_MACS_peak_4288_lociStitched	chr17	37909767	37914924	2	4779	6856.2315	1344.4299	93	1
2_MACS_peak_9622_lociStitched	chr6	130004414	130009101	2	3106	6663.9766	1191.4354	94	1
1_MACS_peak_11225_lociStitched	chr9	97622284	97624279	1	1996	6071.7825	601.692	95	1
3_MACS_peak_7387_lociStitched	chr3	124502846	124511534	3	4794	7394.3568	1937.424	96	1
2_MACS_peak_545_lociStitched	chr1	150533177	150540912	2	5817	8660.106	3219.307	97	1
2_MACS_peak_4430_lociStitched	chr17	62151058	62160397	2	5428	8064.2265	2650.4082	98	1
1_MACS_peak_11207_lociStitched	chr9	93953302	93957001	1	3700	6323.8104	934.3674	99	1
3_MACS_peak_5609_lociStitched	chr2	97191665	97205147	3	5520	8466.696	3079.2888	100	1
3_MACS_peak_7621_lociStitched	chr3	178231107	178240748	3	5172	8056.9837	2686.9467	101	1
1_MACS_peak_10570_lociStitched	chr8	33411077	33413400	1	2324	6088.8153	726.8667	102	1
2_MACS_peak_3372_lociStitched	chr15	31555009	31559552	2	3932	6708.6481	1350.1796	103	1
1_MACS_peak_6508_lociStitched	chr21	9963025	9969826	1	6802	8908.6299	3562.3638	104	1
2_MACS_peak_6684_lociStitched	chr21	44726366	44733123	2	2835	7374.5898	2033.857	105	1
3_MACS_peak_7702_lociStitched	chr3	193848368	193855752	3	3528	7161.0032	1852.6456	106	1
1_MACS_peak_6045_lociStitched	chr2	204891040	204892889	1	1850	5722.8399	420.8324	107	1
2_MACS_peak_4238_lociStitched	chr17	32691621	32699102	2	3972	6930.3984	1636.0947	108	1
4_MACS_peak_2783_lociStitched	chr12	108953917	108963358	4	7280	7928.5518	2643.48	109	1
4_MACS_peak_8851_lociStitched	chr5	131791938	131803899	4	7185	8571.2526	3288.0789	110	1
2_MACS_peak_8630_lociStitched	chr5	76032552	76035730	2	2949	5981.3138	722.0416	111	1
1_MACS_peak_6036_lociStitched	chr2	204569545	204572916	1	3372	5989.5928	733.5296	112	1
1_MACS_peak_8323_lociStitched	chr4	185303111	185306880	1	3770	6295.3607	1079.4416	113	1
3_MACS_peak_2788_lociStitched	chr12	109024328	109030639	3	5911	7178.1314	1972.1875	114	1
6_MACS_peak_10719_lociStitched	chr8	81046663	81060038	6	6589	7920.675	2723.15	115	1
1_MACS_peak_10892_lociStitched	chr8	134246014	134248295	1	2282	5919.6512	729.4638	116	1
1_MACS_peak_1009_lociStitched	chr1	223421317	223423797	1	2481	6134.528	951.824	117	1
2_MACS_peak_940_lociStitched	chr1	209276115	209282091	2	3624	7075.584	1894.392	118	1
1_MACS_peak_5806_lociStitched	chr2	146168560	146170362	1	1803	5542.4114	388.6914	119	1
3_MACS_peak_1610_lociStitched	chr10	104531777	104542302	3	4487	7749.5575	2604.9375	120	1
1_MACS_peak_782_lociStitched	chr1	183879467	183882443	1	2977	6264.7776	1121.0592	121	1
1_MACS_peak_11561_lociStitched	chrX	48794002	48798159	1	4158	5956.981	857.1734	122	1
1_MACS_peak_4673_lociStitched	chr18	20821364	20822982	1	1619	5443.5992	346.252	123	1
2_MACS_peak_3964_lociStitched	chr16	56944210	56951992	2	4870	7055.1612	1965.7332	124	1
4_MACS_peak_300_lociStitched	chr1	66736691	66749025	4	4930	7767.9532	2693.7456	125	1
3_MACS_peak_5929_lociStitched	chr2	182169585	182179501	3	5734	7133.5704	2064.5112	126	1
1_MACS_peak_4182_lociStitched	chr17	16890600	16893944	1	3345	6278.6944	1271.7232	127	1
2_MACS_peak_3283_lociStitched	chr14	106161709	106168051	2	3859	5873.9604	882.8064	128	1
3_MACS_peak_8051_lociStitched	chr4	90211581	90221110	3	5257	7436.4316	2446.0943	129	1
1_MACS_peak_8207_lociStitched	chr4	144277366	144281025	1	3660	5915.5053	939.6312	130	1
2_MACS_peak_5103_lociStitched	chr19	42040697	42047358	2	2426	6555.0901	1611.2959	131	1
2_MACS_peak_820_lociStitched	chr1	192544148	192550318	2	3766	7257.771	2322.388	132	1
1_MACS_peak_6370_lociStitched	chr20	42696941	42699443	1	2503	5605.4808	693.5544	133	1
1_MACS_peak_10321_lociStitched	chr7	133929283	133931966	1	2684	5705.9361	805.1683	134	1
2_MACS_peak_6489_lociStitched	chr20	60911936	60915998	2	3569	5675.4264	779.4978	135	1
1_MACS_peak_7576_lociStitched	chr3	169974352	169977224	1	2873	5955.092	1082.4568	136	1
2_MACS_peak_620_lociStitched	chr1	156469880	156476042	2	4377	6945.1902	2079.675	137	1
3_MACS_peak_6754_lociStitched	chr22	24823008	24831340	3	4195	6649.7692	1785.5476	138	1
1_MACS_peak_6359_lociStitched	chr20	40721126	40723335	1	2210	5508.5833	648.1206	139	1
1_MACS_peak_810_lociStitched	chr1	187153906	187156246	1	2341	5569.2	718.848	140	1
1_MACS_peak_1000_lociStitched	chr1	221949312	221952404	1	3093	5907.8844	1069.832	141	1
1_MACS_peak_8833_lociStitched	chr5	129659184	129661419	1	2236	5436.414	609.9315	142	1
1_MACS_peak_8809_lociStitched	chr5	123984870	123986636	1	1767	5247.8456	428.6082	143	1
1_MACS_peak_10554_lociStitched	chr8	29412234	29414631	1	2398	5547.1374	750.0213	144	1
2_MACS_peak_10845_lociStitched	chr8	126163040	126167566	2	2836	5421.6954	666.6798	145	1
3_MACS_peak_1167_lociStitched	chr10	3847073	3854262	3	3766	6200.5125	1446.4268	146	1
2_MACS_peak_484_lociStitched	chr1	145188660	145197001	2	6007	9359.4361	4622.5822	147	1
2_MACS_peak_6102_lociStitched	chr2	219757122	219762403	2	2993	5862.9662	1133.8307	148	1
2_MACS_peak_2173_lociStitched	chr11	117878417	117883157	2	3092	5902.248	1208.7	149	1
3_MACS_peak_10850_lociStitched	chr8	126296445	126307814	3	4496	7385.3024	2722.8755	150	1
2_MACS_peak_9627_lociStitched	chr6	130834245	130839541	2	2773	6072.9232	1412.9728	151	1
3_MACS_peak_2138_lociStitched	chr11	111241517	111250922	3	5543	6950.295	2291.058	152	1
1_MACS_peak_9841_lociStitched	chr7	20258847	20260939	1	2093	5482.9228	830.1056	153	1
1_MACS_peak_10336_lociStitched	chr7	137435396	137437024	1	1629	5057.2192	406.3488	154	1
1_MACS_peak_10312_lociStitched	chr7	130808328	130809939	1	1612	5409.4158	760.7142	155	1
1_MACS_peak_9845_lociStitched	chr7	20434634	20436048	1	1415	4956.07	312.9182	156	1
1_MACS_peak_5019_lociStitched	chr19	16694711	16700115	1	5405	6369.6948	1729.8204	157	1
1_MACS_peak_6363_lociStitched	chr20	42378938	42382197	1	3260	5879.5619	1263.8402	158	1
1_MACS_peak_6322_lociStitched	chr20	32469803	32472558	1	2756	5421.289	822.3675	159	1
1_MACS_peak_2060_lociStitched	chr11	82680131	82681854	1	1724	5052.5252	454.872	160	1
1_MACS_peak_11197_lociStitched	chr9	93685154	93687482	1	2329	5330.8872	752.4096	161	1
2_MACS_peak_1408_lociStitched	chr10	63804672	63811579	2	4634	6118.2206	1560.2913	162	1
1_MACS_peak_6287_lociStitched	chr20	24822735	24824602	1	1868	5104.1913	548.7113	163	1
3_MACS_peak_4123_lociStitched	chr17	4275476	4281056	3	4929	6079.968	1536.174	164	1
1_MACS_peak_10863_lociStitched	chr8	126953845	126955351	1	1507	4943.5956	402.7044	165	1
1_MACS_peak_6626_lociStitched	chr21	37906515	37909073	1	2559	5481.794	946.7158	166	1
1_MACS_peak_9493_lociStitched	chr6	90993779	90996395	1	2617	5391.576	861.4488	167	1
1_MACS_peak_7700_lociStitched	chr3	193801154	193803321	1	2168	5568.9733	1046.661	168	1
3_MACS_peak_9374_lociStitched	chr6	52254372	52263283	3	3596	6421.2666	1917.6472	169	1
4_MACS_peak_8673_lociStitched	chr5	88121096	88129717	4	4861	6563.1673	2062.1432	170	1
2_MACS_peak_9649_lociStitched	chr6	135190967	135195678	2	2909	5776.1571	1284.2186	171	1
1_MACS_peak_6610_lociStitched	chr21	36237150	36239095	1	1946	5230.2995	779.7505	172	1
2_MACS_peak_5279_lociStitched	chr2	20406444	20414528	2	4912	6435.6724	1991.8976	173	1
1_MACS_peak_9483_lociStitched	chr6	90007072	90009477	1	2406	5245.786	810.485	174	1
2_MACS_peak_6491_lociStitched	chr20	61277971	61284085	2	3163	5841.927	1407.4428	175	1
1_MACS_peak_7515_lociStitched	chr3	156534250	156536345	1	2096	5134.007	735.1355	176	1
1_MACS_peak_6851_lociStitched	chr22	39841911	39844436	1	2526	5109.8425	725.685	177	1
2_MACS_peak_8317_lociStitched	chr4	185201396	185210391	2	6211	6696.7775	2314.4135	178	1
2_MACS_peak_11320_lociStitched	chr9	117210619	117215819	2	3195	5814.12	1436.24	179	1
2_MACS_peak_883_lociStitched	chr1	203267605	203276486	2	5456	7195.3862	2828.5985	180	1
1_MACS_peak_5353_lociStitched	chr2	37602575	37605167	1	2593	5127.7536	766.4544	181	1
2_MACS_peak_817_lociStitched	chr1	192507245	192514993	2	3716	6698.9208	2342.9952	182	1
1_MACS_peak_6682_lociStitched	chr21	44581907	44586511	1	4605	6376.54	2022.0768	183	1
1_MACS_peak_8681_lociStitched	chr5	88566176	88568767	1	2592	5215.683	885.6038	184	1
2_MACS_peak_6909_lociStitched	chr22	49228060	49230907	2	2075	4946.3778	620.646	185	1
2_MACS_peak_4138_lociStitched	chr17	6064099	6070628	2	3485	5865.6536	1544.1085	186	1
2_MACS_peak_6525_lociStitched	chr21	19152289	19157810	2	3711	5778.2786	1460.3045	187	1
1_MACS_peak_4090_lociStitched	chr16	90060927	90062837	1	1911	4575.787	259.378	188	1
3_MACS_peak_10183_lociStitched	chr7	104596725	104603987	3	3603	6015.8408	1700.0342	189	1
3_MACS_peak_2020_lociStitched	chr11	71414505	71426498	3	5724	7493.2264	3180.5436	190	1
2_MACS_peak_10277_lociStitched	chr7	122824035	122832263	2	3773	6416.1944	2111.3048	191	1
2_MACS_peak_9551_lociStitched	chr6	108992076	108995412	2	3079	4987.6536	708.2328	192	1
1_MACS_peak_1170_lociStitched	chr10	3915492	3918409	1	2918	5093.6654	815.3015	193	1
1_MACS_peak_6699_lociStitched	chr21	45573201	45576348	1	3148	5495.2914	1238.9739	194	1
1_MACS_peak_6752_lociStitched	chr22	24185755	24190961	1	5207	6030.1098	1774.2048	195	1
2_MACS_peak_4783_lociStitched	chr18	52931188	52936628	2	2896	5448.16	1194.624	196	1
3_MACS_peak_1830_lociStitched	chr11	22689380	22697170	3	3673	5664.109	1410.769	197	1
1_MACS_peak_464_lociStitched	chr1	143742537	143746041	1	3505	5428.0464	1200.12	198	1
1_MACS_peak_5571_lociStitched	chr2	86262721	86266382	1	3662	5494.4288	1272.1975	199	1
2_MACS_peak_5983_lociStitched	chr2	197040342	197043113	2	2647	5096.7003	884.2261	200	1
1_MACS_peak_3399_lociStitched	chr15	34894863	34896167	1	1305	4446.5096	250.1072	201	1
2_MACS_peak_6673_lociStitched	chr21	43647766	43655831	2	4706	6808.473	2627.577	202	1
1_MACS_peak_2033_lociStitched	chr11	72959721	72961602	1	1882	4702.3119	544.1733	203	1
1_MACS_peak_10587_lociStitched	chr8	37738023	37740234	1	2212	4863.0945	705.9723	204	1
2_MACS_peak_5488_lociStitched	chr2	65159033	65167360	2	5290	6520.041	2371.5296	205	1
2_MACS_peak_10659_lociStitched	chr8	60963681	60970132	2	2406	5251.114	1108.9269	206	1
2_MACS_peak_11203_lociStitched	chr9	93909815	93914257	2	3019	5026.123	884.8464	207	1
3_MACS_peak_7432_lociStitched	chr3	133193611	133199932	3	4696	6065.6316	1943.7075	208	1
2_MACS_peak_1676_lociStitched	chr10	125157023	125162947	2	2864	5470.814	1348.8948	209	1
1_MACS_peak_4736_lociStitched	chr18	42338179	42340510	1	2332	4795.3332	676.9224	210	1
1_MACS_peak_11121_lociStitched	chr9	71267513	71268870	1	1358	4486.3777	368.9683	211	1
2_MACS_peak_5082_lociStitched	chr19	39888171	39895568	2	4502	5770.3997	1666.5441	212	1
1_MACS_peak_2249_lociStitched	chr11	129286721	129288713	1	1993	4555.5048	452.3832	213	1
1_MACS_peak_1719_lociStitched	chr11	267477	270317	1	2841	4903.828	806.56	214	1
2_MACS_peak_8406_lociStitched	chr5	6480322	6486154	2	4628	5728.7736	1637.6256	215	1
3_MACS_peak_4906_lociStitched	chr19	2620229	2632090	3	5436	7620.6925	3534.578	216	1
1_MACS_peak_2032_lociStitched	chr11	72863244	72865963	1	2720	4907.5231	824.9446	217	1
1_MACS_peak_10198_lociStitched	chr7	105985610	105988402	1	2793	4979.8112	898.7448	218	1
2_MACS_peak_5014_lociStitched	chr19	16476957	16483499	2	3438	5492.6632	1420.9224	219	1
3_MACS_peak_3575_lociStitched	chr15	70047398	70053959	3	3853	5772.3678	1706.5161	220	1
2_MACS_peak_6461_lociStitched	chr20	55967303	55974157	2	3342	5596.291	1532.5544	221	1
1_MACS_peak_523_lociStitched	chr1	149222203	149225512	1	3310	6822.1653	2763.015	222	1
1_MACS_peak_2975_lociStitched	chr13	78690293	78692956	1	2664	4806.4487	756.8246	223	1
2_MACS_peak_10117_lociStitched	chr7	92438401	92443636	2	2704	5343.888	1309.797	224	1
3_MACS_peak_7676_lociStitched	chr3	186711502	186719230	3	6345	7124.4432	3095.8368	225	1
2_MACS_peak_10002_lociStitched	chr7	52776002	52780396	2	2579	4956.432	928.4522	226	1
2_MACS_peak_548_lociStitched	chr1	150583351	150586812	2	3057	5129.202	1103.3668	227	1
2_MACS_peak_10990_lociStitched	chr9	9606426	9613152	2	2442	5410.3944	1392.282	228	1
2_MACS_peak_10325_lociStitched	chr7	134677264	134681670	2	3043	5398.2312	1383.9246	229	1
2_MACS_peak_1637_lociStitched	chr10	112217543	112221918	2	4250	5184.375	1176.875	230	1
1_MACS_peak_4411_lociStitched	chr17	56697599	56699478	1	1880	4605.429	604.4743	231	1
1_MACS_peak_5060_lociStitched	chr19	29122584	29125194	1	2611	4717.053	719.838	232	1
3_MACS_peak_2752_lociStitched	chr12	102872111	102878693	3	5221	5492.0208	1504.6452	233	1
3_MACS_peak_7413_lociStitched	chr3	129027298	129033642	3	4252	6033.144	2060.5312	234	1
3_MACS_peak_2700_lociStitched	chr12	92855351	92865881	3	3876	6137.937	2195.505	235	1
2_MACS_peak_582_lociStitched	chr1	154757114	154765501	2	4006	6639.9879	2702.2914	236	1
4_MACS_peak_4537_lociStitched	chr17	76713591	76725667	4	5916	6458.2448	2522.6764	237	1
2_MACS_peak_10360_lociStitched	chr7	141016487	141020938	2	2447	5310.043	1391.8277	238	1
2_MACS_peak_11340_lociStitched	chr9	123654139	123660136	2	2863	5127.435	1211.9937	239	1
3_MACS_peak_6872_lociStitched	chr22	42928898	42936047	3	3638	6251.8005	2342.0124	240	1
2_MACS_peak_10861_lociStitched	chr8	126781137	126784600	2	2019	4561.1173	651.3903	241	1
1_MACS_peak_6670_lociStitched	chr21	43480988	43485274	1	4287	6144.8382	2243.721	242	1
3_MACS_peak_4899_lociStitched	chr19	2468852	2479766	3	5797	6366.1362	2479.6608	243	1
1_MACS_peak_7127_lociStitched	chr3	46579334	46581716	1	2383	4779.0066	908.2566	244	1
5_MACS_peak_9215_lociStitched	chr6	26020488	26034306	5	6229	6364.5708	2499.6762	245	1
2_MACS_peak_3684_lociStitched	chr15	89655012	89660374	2	3454	5462.8056	1602.7018	246	1
2_MACS_peak_5875_lociStitched	chr2	166004047	166006843	2	2247	4373.5032	532.0788	247	1
2_MACS_peak_1447_lociStitched	chr10	72335506	72338948	2	2755	4798.148	958.2528	248	1
1_MACS_peak_3080_lociStitched	chr14	23024419	23025999	1	1581	4086.354	252.642	249	1
2_MACS_peak_2308_lociStitched	chr12	7061939	7069180	2	2908	5448.8525	1618.3635	250	1
2_MACS_peak_822_lociStitched	chr1	192573689	192579140	2	2587	5446.6392	1623.8529	251	1
1_MACS_peak_9546_lociStitched	chr6	108917956	108920441	1	2486	4208.8445	386.9145	252	1
1_MACS_peak_1634_lociStitched	chr10	112155006	112156450	1	1445	4297.344	486.7724	253	1
1_MACS_peak_8349_lociStitched	chr4	186508024	186509643	1	1620	4384.7377	574.9069	254	1
1_MACS_peak_1980_lociStitched	chr11	65263911	65267008	1	3098	4681.7349	873.354	255	1
1_MACS_peak_745_lociStitched	chr1	179049606	179053270	1	3665	5058.8848	1252.3552	256	1
1_MACS_peak_1087_lociStitched	chr1	234907146	234909480	1	2335	4545.465	739.4112	257	1
1_MACS_peak_4200_lociStitched	chr17	19208259	19210691	1	2433	4436.6976	631.5904	258	1
3_MACS_peak_6832_lociStitched	chr22	38782656	38791803	3	4341	5531.1909	1730.6124	259	1
1_MACS_peak_3515_lociStitched	chr15	56662672	56664593	1	1922	4207.1821	407.4441	260	1
1_MACS_peak_10562_lociStitched	chr8	29630536	29633469	1	2934	4852.0619	1052.6537	261	1
1_MACS_peak_2618_lociStitched	chr12	68767350	68769135	1	1786	4387.173	598.8675	262	1
1_MACS_peak_7014_lociStitched	chr3	23202988	23205065	1	2078	4472.1964	691.2256	263	1
2_MACS_peak_3069_lociStitched	chr13	115024779	115029888	2	3754	4956.7518	1199.5932	264	1
1_MACS_peak_6127_lociStitched	chr2	228275272	228277164	1	1893	4186.6176	433.268	265	1
1_MACS_peak_8685_lociStitched	chr5	88637575	88640393	1	2819	4544.025	805.948	266	1
1_MACS_peak_10187_lociStitched	chr7	104651820	104655724	1	3905	4926.848	1193.4528	267	1
2_MACS_peak_7729_lociStitched	chr3	197456612	197464682	2	4731	6272.811	2549.313	268	1
3_MACS_peak_3325_lociStitched	chr15	23661011	23668903	3	3519	5299.478	1576.8216	269	1
1_MACS_peak_6841_lociStitched	chr22	39379902	39381868	1	1967	4152.5852	430.554	270	1
3_MACS_peak_920_lociStitched	chr1	206729899	206737461	3	5229	6429.9686	2722.32	271	1
2_MACS_peak_5337_lociStitched	chr2	33718830	33723004	2	2847	4774.2212	1079.8138	272	1
1_MACS_peak_8065_lociStitched	chr4	100767713	100769439	1	1727	4105.6362	419.5906	273	1
3_MACS_peak_8927_lociStitched	chr5	148205375	148214859	3	4963	5909.4804	2233.482	274	1
1_MACS_peak_10426_lociStitched	chr7	156714967	156716743	1	1777	4137.7248	470.9952	275	1
1_MACS_peak_1529_lociStitched	chr10	90144532	90146765	1	2234	4274.6319	610.2789	276	1
1_MACS_peak_5373_lociStitched	chr2	39718614	39720316	1	1703	4121.0526	462.7738	277	1
2_MACS_peak_8003_lociStitched	chr4	82412567	82415823	2	2213	4449.324	797.72	278	1
2_MACS_peak_7940_lociStitched	chr4	71543173	71548191	2	3305	4623.0834	971.4848	279	1
1_MACS_peak_1111_lociStitched	chr1	240075383	240078985	1	3603	5034.8756	1390.372	280	1
2_MACS_peak_88_lociStitched	chr1	21616931	21622193	2	3967	4794.2082	1152.9042	281	1
1_MACS_peak_6237_lociStitched	chr20	12033480	12035142	1	1663	4056.942	424.3086	282	1
1_MACS_peak_1710_lociStitched	chr10	130855299	130857228	1	1930	4298.9694	667.6269	283	1
1_MACS_peak_6283_lociStitched	chr20	24127857	24129896	1	2040	4186.8826	556.4431	284	1
1_MACS_peak_6358_lociStitched	chr20	40711106	40713048	1	1943	4237.8324	607.6518	285	1
1_MACS_peak_6675_lociStitched	chr21	43880307	43881857	1	1551	4239.56	616.125	286	1
2_MACS_peak_10422_lociStitched	chr7	155533158	155539671	2	3364	5226.0312	1617.8292	287	1
1_MACS_peak_74_lociStitched	chr1	17065568	17068857	1	3290	5483.4208	1880.3213	288	1
3_MACS_peak_6465_lociStitched	chr20	56048016	56056954	3	4564	5706.0192	2106.6866	289	1
2_MACS_peak_3695_lociStitched	chr15	90639453	90645725	2	4623	5540.0576	1942.4384	290	1
1_MACS_peak_75_lociStitched	chr1	17221245	17224586	1	3342	5213.6305	1640.0969	291	1
3_MACS_peak_3650_lociStitched	chr15	81585806	81595524	3	4420	6166.071	2598.5932	292	1
2_MACS_peak_1193_lociStitched	chr10	8173111	8175783	2	2146	4104.4592	546.6912	293	1
1_MACS_peak_9659_lociStitched	chr6	135907604	135908802	1	1199	3962.8642	405.523	294	1
1_MACS_peak_8007_lociStitched	chr4	82482786	82484190	1	1405	3947.9076	394.6644	295	1
2_MACS_peak_1827_lociStitched	chr11	21432469	21435691	2	2569	4316.1912	775.2132	296	1
1_MACS_peak_10469_lociStitched	chr8	10822436	10825151	1	2716	4437.939	901.1085	297	1
2_MACS_peak_6945_lociStitched	chr3	5235984	5241782	2	4790	4971.2052	1435.005	298	1
3_MACS_peak_2183_lociStitched	chr11	118738904	118743875	3	3883	4586.7417	1067.7708	299	1
4_MACS_peak_4178_lociStitched	chr17	16872538	16883061	4	5019	5741.3488	2225.6145	300	1
1_MACS_peak_9677_lociStitched	chr6	138270536	138272829	1	2294	4107.2216	596.8679	301	1
1_MACS_peak_3279_lociStitched	chr14	106040321	106043019	1	2699	4049.1584	540.1396	302	1
2_MACS_peak_2712_lociStitched	chr12	94598487	94602939	2	3534	4576.656	1084.5072	303	1
1_MACS_peak_2012_lociStitched	chr11	69064112	69066616	1	2505	4076.7624	585.6856	304	1
2_MACS_peak_11128_lociStitched	chr9	73028414	73036403	2	4548	5002.7118	1515.5133	305	1
1_MACS_peak_4322_lociStitched	chr17	40729622	40731661	1	2040	4114.0903	629.8471	306	1
3_MACS_peak_11210_lociStitched	chr9	94181308	94192336	3	4503	5935.2696	2455.9356	307	1
1_MACS_peak_6902_lociStitched	chr22	48391774	48393054	1	1281	3831.68	354.176	308	1
2_MACS_peak_11337_lociStitched	chr9	123342129	123347053	2	2322	4658.5964	1182.2524	309	1
2_MACS_peak_8883_lociStitched	chr5	138723838	138729393	2	3674	4975.6135	1500.961	310	1
2_MACS_peak_10869_lociStitched	chr8	129669157	129672496	2	3101	4269.5793	796.3515	311	1
4_MACS_peak_1498_lociStitched	chr10	81003351	81015638	4	4389	5986.2264	2515.1489	312	1
1_MACS_peak_9379_lociStitched	chr6	52399933	52402952	1	3020	4304.4902	836.8668	313	1
1_MACS_peak_7656_lociStitched	chr3	183242925	183246695	1	3771	4841.057	1374.165	314	1
1_MACS_peak_7705_lociStitched	chr3	194023581	194025943	1	2363	4351.7488	886.4586	315	1
1_MACS_peak_1096_lociStitched	chr1	235242149	235243820	1	1672	4075.569	610.5834	316	1
1_MACS_peak_5799_lociStitched	chr2	137138778	137140880	1	2103	4114.665	649.7282	317	1
2_MACS_peak_1299_lociStitched	chr10	30990063	30995438	2	3691	4898.775	1438.8875	318	1
2_MACS_peak_6695_lociStitched	chr21	45199065	45204694	2	3865	5527.1151	2067.5317	319	1
2_MACS_peak_7274_lociStitched	chr3	98488505	98495130	2	3013	4872.6875	1419.7375	320	1
2_MACS_peak_9538_lociStitched	chr6	106610762	106616085	2	4018	5244.7519	1796.5125	321	1
2_MACS_peak_7611_lociStitched	chr3	176914536	176920241	2	5683	5155.038	1709.218	322	1
1_MACS_peak_3800_lociStitched	chr16	11057674	11060195	1	2522	4370.9098	932.77	323	1
2_MACS_peak_10589_lociStitched	chr8	37755964	37761907	2	3074	4654.5576	1216.5321	324	1
2_MACS_peak_7395_lociStitched	chr3	125554001	125560043	2	3502	5190.078	1752.7842	325	1
2_MACS_peak_9917_lociStitched	chr7	35764506	35770895	2	3615	5291.3698	1858.5601	326	1
2_MACS_peak_482_lociStitched	chr1	145153591	145160506	2	3478	6319.6185	2897.385	327	1
2_MACS_peak_3285_lociStitched	chr14	106323907	106328993	2	2325	4222.9058	805.1138	328	1
2_MACS_peak_7448_lociStitched	chr3	140472645	140476104	2	2304	4434.0921	1025.9394	329	1
2_MACS_peak_8573_lociStitched	chr5	58853285	58859629	2	2214	4704.076	1305.5952	330	1
2_MACS_peak_5822_lociStitched	chr2	150986132	150990743	2	1969	4154.0499	769.5759	331	1
3_MACS_peak_7854_lociStitched	chr4	38307722	38315418	3	3305	5321.784	1939.392	332	1
2_MACS_peak_11397_lociStitched	chr9	132769454	132773520	2	2365	4190.013	810.7604	333	1
2_MACS_peak_8858_lociStitched	chr5	131856098	131861750	2	2622	4417.038	1043.3592	334	1
2_MACS_peak_9025_lociStitched	chr5	172191776	172199996	2	3776	5214.768	1841.28	335	1
1_MACS_peak_7735_lociStitched	chr4	50648	52635	1	1988	4509.2978	1139.9419	336	1
1_MACS_peak_9478_lociStitched	chr6	88634662	88636474	1	1813	3857.5668	490.5084	337	1
1_MACS_peak_5336_lociStitched	chr2	33700492	33703898	1	3407	4529.2988	1162.8084	338	1
2_MACS_peak_7411_lociStitched	chr3	128997163	129002354	2	3669	4508.9026	1143.0582	339	1
2_MACS_peak_3669_lociStitched	chr15	85951018	85957296	2	2327	4687.1548	1325.2858	340	1
2_MACS_peak_5966_lociStitched	chr2	192540143	192544559	2	4101	4353.7344	1001.1072	341	1
3_MACS_peak_2507_lociStitched	chr12	46608414	46612459	3	3400	4342.712	990.216	342	1
1_MACS_peak_73_lociStitched	chr1	16991559	16994856	1	3298	5107.3827	1755.3228	343	1
2_MACS_peak_1977_lociStitched	chr11	65238835	65245595	2	3344	4854.356	1502.748	344	1
2_MACS_peak_6652_lociStitched	chr21	41304039	41308187	2	3479	4991.2884	1640.9488	345	1
1_MACS_peak_9072_lociStitched	chr6	304150	307201	1	3052	4756.509	1409.8671	346	1
1_MACS_peak_2787_lociStitched	chr12	109010321	109012340	1	2020	3976.6224	630.1299	347	1
2_MACS_peak_6657_lociStitched	chr21	41385074	41389369	2	4094	5074.972	1734.321	348	1
1_MACS_peak_8135_lociStitched	chr4	121669762	121671820	1	2059	4042.941	704.0418	349	1
1_MACS_peak_1091_lociStitched	chr1	235113788	235115320	1	1533	3951.9472	620.7664	350	1
2_MACS_peak_5375_lociStitched	chr2	42328680	42333864	2	3486	4582.1376	1252.4544	351	1
2_MACS_peak_3822_lociStitched	chr16	12057547	12064757	2	4368	5408.942	2082.248	352	1
2_MACS_peak_9951_lociStitched	chr7	44672491	44679409	2	3446	5331.0108	2004.8364	353	1
2_MACS_peak_6802_lociStitched	chr22	35704209	35707766	2	3129	4190.5017	871.1093	354	1
2_MACS_peak_4766_lociStitched	chr18	48678177	48681113	2	2909	4079.572	762.1856	355	1
1_MACS_peak_10482_lociStitched	chr8	12444356	12446457	1	2102	4415.4616	1101.9745	356	1
1_MACS_peak_8905_lociStitched	chr5	141243640	141245258	1	1619	3927.2096	614.5164	357	1
1_MACS_peak_4845_lociStitched	chr18	69847781	69849288	1	1508	3645.1316	333.4991	358	1
1_MACS_peak_11364_lociStitched	chr9	128394000	128395737	1	1738	3862.7406	552.8871	359	1
2_MACS_peak_708_lociStitched	chr1	171220173	171227204	2	3466	5071.4603	1764.781	360	1
2_MACS_peak_10404_lociStitched	chr7	150129922	150133548	2	3530	4499.866	1194.767	361	1
2_MACS_peak_2559_lociStitched	chr12	53863150	53869490	2	2585	4602.84	1297.798	362	1
2_MACS_peak_11253_lociStitched	chr9	102581162	102584481	2	2660	3960.2308	656.1663	363	1
2_MACS_peak_2703_lociStitched	chr12	92930849	92934291	2	2653	4219.2036	917.6372	364	1
3_MACS_peak_2258_lociStitched	chr11	130670848	130677452	3	3630	4417.4156	1116.7364	365	1
2_MACS_peak_6775_lociStitched	chr22	29214931	29219782	2	2644	4759.8012	1459.6659	366	1
2_MACS_peak_755_lociStitched	chr1	180817911	180822095	2	2450	4412.8648	1113.3624	367	1
3_MACS_peak_7873_lociStitched	chr4	40303170	40310833	3	3880	5226.166	1931.076	368	1
1_MACS_peak_6954_lociStitched	chr3	8699280	8701030	1	1751	3903.55	644.35	369	1
1_MACS_peak_10628_lociStitched	chr8	49861603	49862989	1	1387	3636.3096	378.1008	370	1
1_MACS_peak_10400_lociStitched	chr7	150064161	150067137	1	2977	4367.28	1110.3456	371	1
1_MACS_peak_3371_lociStitched	chr15	31547444	31550061	1	2618	3892.2641	638.548	372	1
2_MACS_peak_8969_lociStitched	chr5	156693123	156700310	2	2880	4540.7466	1289.3478	373	1
1_MACS_peak_839_lociStitched	chr1	195164155	195165534	1	1380	3641.5253	392.0497	374	1
4_MACS_peak_1735_lociStitched	chr11	2793556	2805236	4	4346	5386.816	2143.28	375	1
2_MACS_peak_7233_lociStitched	chr3	73497465	73501340	2	2321	4160.2	921.475	376	1
1_MACS_peak_4471_lociStitched	chr17	70417062	70419722	1	2661	3919.244	683.088	377	1
2_MACS_peak_6400_lociStitched	chr20	46386923	46391495	2	3559	4459.986	1233.5256	378	1
3_MACS_peak_1505_lociStitched	chr10	81946880	81956999	3	3546	5170.809	1944.8718	379	1
2_MACS_peak_10310_lociStitched	chr7	130790775	130795491	2	4348	4847.1048	1621.3608	380	1
2_MACS_peak_1082_lociStitched	chr1	234652482	234659922	2	3511	5702.016	2476.776	381	1
2_MACS_peak_8330_lociStitched	chr4	185455433	185460337	2	3593	4461.6592	1238.7504	382	1
1_MACS_peak_9675_lociStitched	chr6	138248120	138250037	1	1918	3735.4662	514.9062	383	1
2_MACS_peak_9975_lociStitched	chr7	47514464	47522100	2	3891	5228.3692	2014.3768	384	1
1_MACS_peak_10166_lociStitched	chr7	101948282	101950926	1	2645	3867.1144	659.1492	385	1
1_MACS_peak_3280_lociStitched	chr14	106047616	106049580	1	1965	4208.2628	1003.2112	386	1
1_MACS_peak_7728_lociStitched	chr3	197438541	197440646	1	2106	4022.0235	819.0555	387	1
2_MACS_peak_10911_lociStitched	chr8	137194177	137200901	2	2946	4767.316	1565.3472	388	1
2_MACS_peak_431_lociStitched	chr1	118172089	118177019	2	4919	4097.323	899.725	389	1
2_MACS_peak_4256_lociStitched	chr17	34427647	34431941	2	3765	4442.143	1255.995	390	1
2_MACS_peak_11394_lociStitched	chr9	132650191	132657404	2	2831	4516.0593	1330.0772	391	1
2_MACS_peak_5569_lociStitched	chr2	86220673	86227245	2	2802	4773.9008	1595.0244	392	1
2_MACS_peak_3727_lociStitched	chr15	96407268	96413703	2	2085	4247.1	1072.071	393	1
2_MACS_peak_10148_lociStitched	chr7	99814672	99819776	2	2957	4509.384	1334.696	394	1
2_MACS_peak_7654_lociStitched	chr3	183228898	183235015	2	3034	5197.0032	2027.1738	395	1
1_MACS_peak_5296_lociStitched	chr2	25641388	25644764	1	3377	4216.624	1046.8976	396	1
1_MACS_peak_6744_lociStitched	chr22	23235510	23240178	1	4669	4349.1756	1181.4708	397	1
1_MACS_peak_5685_lociStitched	chr2	110756336	110758609	1	2274	3776.5895	614.6192	398	1
1_MACS_peak_2113_lociStitched	chr11	102187439	102188948	1	1510	3527.5893	365.6307	399	1
1_MACS_peak_11352_lociStitched	chr9	126100750	126103298	1	2549	4123.6832	963.9084	400	1
1_MACS_peak_1635_lociStitched	chr10	112173631	112175751	1	2121	3737.984	589.572	401	1
1_MACS_peak_2257_lociStitched	chr11	130635466	130637228	1	1763	3743.369	602.604	402	1
2_MACS_peak_9138_lociStitched	chr6	11727664	11733069	2	3933	4529.39	1391.247	403	1
3_MACS_peak_8652_lociStitched	chr5	81146946	81151362	3	3643	4012.8192	882.3168	404	1
1_MACS_peak_968_lociStitched	chr1	212779913	212783186	1	3274	4269.6285	1142.9316	405	1
2_MACS_peak_10895_lociStitched	chr8	134510052	134514369	2	4164	4468.9584	1343.8821	406	1
1_MACS_peak_4392_lociStitched	chr17	54863941	54865156	1	1216	3406.9815	282.0015	407	1
1_MACS_peak_1460_lociStitched	chr10	74056413	74058373	1	1961	3704.008	579.768	408	1
2_MACS_peak_10556_lociStitched	chr8	29466701	29473271	2	2666	4345.398	1222.02	409	1
1_MACS_peak_4162_lociStitched	chr17	9292068	9293288	1	1221	3326.208	204.106	410	1
2_MACS_peak_6804_lociStitched	chr22	35767640	35773686	2	1946	4162.0664	1043.5396	411	1
1_MACS_peak_3748_lociStitched	chr15	101738932	101741207	1	2276	3760.575	646.7825	412	1
3_MACS_peak_9042_lociStitched	chr5	175077558	175084217	3	3019	4568.074	1454.3256	413	1
1_MACS_peak_2158_lociStitched	chr11	115126747	115129314	1	2568	3794.7961	682.5653	414	1
2_MACS_peak_150_lociStitched	chr1	31215996	31221503	2	5010	4609.9097	1499.0054	415	1
2_MACS_peak_825_lociStitched	chr1	192774815	192780413	2	4347	5035.401	1941.3864	416	1
3_MACS_peak_8835_lociStitched	chr5	130710804	130718204	3	4041	4600.58	1509.6	417	1
3_MACS_peak_9543_lociStitched	chr6	108879332	108886987	3	4031	4602.186	1514.9245	418	1
1_MACS_peak_5480_lociStitched	chr2	64439809	64442563	1	2755	3777.9372	692.3556	419	1
2_MACS_peak_2408_lociStitched	chr12	26266430	26271168	2	3343	4237.1934	1154.1768	420	1
3_MACS_peak_3365_lociStitched	chr15	31369147	31376123	3	2978	4303.4944	1224.9856	421	1
1_MACS_peak_11372_lociStitched	chr9	129766710	129768790	1	2081	3782.48	713.024	422	1
1_MACS_peak_6123_lociStitched	chr2	227636975	227638442	1	1468	3390.6771	324.7938	423	1
1_MACS_peak_10821_lociStitched	chr8	120920146	120922647	1	2502	3815.0254	756.8026	424	1
1_MACS_peak_9040_lociStitched	chr5	173699500	173701480	1	1981	3777.444	719.334	425	1
1_MACS_peak_1298_lociStitched	chr10	30817887	30819445	1	1559	3467.9522	413.0258	426	1
1_MACS_peak_4603_lociStitched	chr18	3525544	3527596	1	2053	3658.716	604.5192	427	1
1_MACS_peak_7608_lociStitched	chr3	176585338	176586943	1	1606	3772.2315	720.1635	428	1
1_MACS_peak_8101_lociStitched	chr4	108956491	108958384	1	1894	3597.6465	552.3774	429	1
3_MACS_peak_10337_lociStitched	chr7	137665727	137673384	3	3775	5379.8082	2335.385	430	1
1_MACS_peak_490_lociStitched	chr1	145453903	145456429	1	2527	4341.1836	1297.6062	431	1
2_MACS_peak_7398_lociStitched	chr3	126629687	126633074	2	2473	3868.2927	837.2664	432	1
1_MACS_peak_837_lociStitched	chr1	194258311	194259400	1	1090	3511.0449	486.4563	433	1
1_MACS_peak_9314_lociStitched	chr6	37122348	37124271	1	1924	3512.3595	489.2112	434	1
2_MACS_peak_7959_lociStitched	chr4	76024180	76028535	2	3449	4262.2385	1241.175	435	1
2_MACS_peak_6654_lociStitched	chr21	41325408	41332454	2	5644	5559.294	2541.4922	436	1
1_MACS_peak_3035_lociStitched	chr13	109814236	109815788	1	1553	3524.7472	510.1424	437	1
3_MACS_peak_4352_lociStitched	chr17	46528482	46537051	3	3672	5301.6403	2290.4937	438	1
2_MACS_peak_6376_lociStitched	chr20	43270979	43276355	2	2900	4193.8176	1182.72	439	1
3_MACS_peak_4964_lociStitched	chr19	10522655	10531117	3	3954	4653.2538	1642.4742	440	1
2_MACS_peak_9536_lociStitched	chr6	106588626	106594177	2	3732	4353.6493	1345.0073	441	1
1_MACS_peak_4007_lociStitched	chr16	68789748	68791868	1	2121	3657	648.508	442	1
2_MACS_peak_141_lociStitched	chr1	28925266	28928849	2	2230	3944.5247	939.1043	443	1
2_MACS_peak_1919_lociStitched	chr11	58344691	58347558	2	2721	3792.1809	795.8792	444	1
1_MACS_peak_5696_lociStitched	chr2	111807149	111809063	1	1915	3450.3678	454.575	445	1
2_MACS_peak_5016_lociStitched	chr19	16545931	16550111	2	2699	3946.756	953.04	446	1
1_MACS_peak_5692_lociStitched	chr2	111505513	111506921	1	1409	3551.68	560.384	447	1
2_MACS_peak_10448_lociStitched	chr8	2109755	2114661	2	2883	3770.7516	780.054	448	1
1_MACS_peak_1060_lociStitched	chr1	230244840	230246704	1	1865	3684.5688	701.0504	449	1
1_MACS_peak_10363_lociStitched	chr7	141257186	141259153	1	1968	3685.5679	702.6124	450	1
1_MACS_peak_10194_lociStitched	chr7	105817638	105819079	1	1442	3538.2314	555.9378	451	1
2_MACS_peak_208_lociStitched	chr1	40850817	40855610	2	2692	3984.9002	1010.8437	452	1
1_MACS_peak_876_lociStitched	chr1	202584118	202586010	1	1893	3855.896	882.4288	453	1
2_MACS_peak_7710_lociStitched	chr3	195264434	195270552	2	2453	4766.5338	1796.8566	454	1
1_MACS_peak_1090_lociStitched	chr1	235098004	235099665	1	1662	3534.2758	566.2349	455	1
1_MACS_peak_10373_lociStitched	chr7	142505981	142507759	1	1779	3664.8136	698.5762	456	1
2_MACS_peak_5498_lociStitched	chr2	65616967	65621931	2	2466	4058.07	1093.5692	457	1
3_MACS_peak_1682_lociStitched	chr10	125823995	125832376	3	4048	4747.8365	1794.3721	458	1
1_MACS_peak_7679_lociStitched	chr3	186781129	186784953	1	3825	4518.056	1570.5168	459	1
3_MACS_peak_4502_lociStitched	chr17	75079137	75086261	3	4341	4609.9404	1664.1664	460	1
2_MACS_peak_6333_lociStitched	chr20	34730309	34734458	2	2314	4008.7638	1068.3675	461	1
2_MACS_peak_1187_lociStitched	chr10	6967792	6971241	2	3139	3896.6802	961.9261	462	1
2_MACS_peak_615_lociStitched	chr1	156195190	156199014	2	3169	4341.0048	1411.4384	463	1
3_MACS_peak_7160_lociStitched	chr3	52739392	52745255	3	3659	4337.4474	1411.8104	464	1
2_MACS_peak_10855_lociStitched	chr8	126441667	126447627	2	2431	4419.34	1496.556	465	1
1_MACS_peak_8069_lociStitched	chr4	101939415	101941708	1	2294	3305.3595	383.3896	466	1
1_MACS_peak_7365_lociStitched	chr3	119356615	119358723	1	2109	3612.6904	693.532	467	1
1_MACS_peak_5077_lociStitched	chr19	38538379	38540473	1	2095	3649.6326	731.4342	468	1
1_MACS_peak_1558_lociStitched	chr10	94869615	94871325	1	1711	3359.295	442.206	469	1
2_MACS_peak_6693_lociStitched	chr21	45136043	45140336	2	3926	4054.3092	1143.6552	470	1
2_MACS_peak_1819_lociStitched	chr11	19453670	19457834	2	3254	4130.2716	1221.7176	471	1
3_MACS_peak_8677_lociStitched	chr5	88177040	88186117	3	3982	5028.658	2126.7411	472	1
3_MACS_peak_2842_lociStitched	chr12	125398922	125406620	3	3225	4142.2938	1240.9176	473	1
2_MACS_peak_3310_lociStitched	chr15	22460763	22466463	2	2757	4427.19	1526.46	474	1
2_MACS_peak_3277_lociStitched	chr14	106026076	106033925	2	3532	4377.3873	1484.2459	475	1
3_MACS_peak_4972_lociStitched	chr19	11199604	11207563	3	2813	4570.8537	1677.7572	476	1
2_MACS_peak_5365_lociStitched	chr2	38890465	38895206	2	2948	4150.7455	1267.2693	477	1
3_MACS_peak_7043_lociStitched	chr3	30684148	30691700	3	2563	4262.3488	1378.9952	478	1
1_MACS_peak_6611_lociStitched	chr21	36259574	36262846	1	3273	3926.4	1045.404	479	1
1_MACS_peak_646_lociStitched	chr1	160642829	160645921	1	3093	4360.6476	1486.0152	480	1
2_MACS_peak_1415_lociStitched	chr10	64412500	64415689	2	2313	3531.8175	658.5285	481	1
2_MACS_peak_10168_lociStitched	chr7	102064301	102067623	2	3319	4076.094	1209.8724	482	1
3_MACS_peak_7571_lociStitched	chr3	169845873	169850743	3	3003	4094.696	1238.928	483	1
3_MACS_peak_7046_lociStitched	chr3	30696442	30703136	3	3552	4328.3404	1472.68	484	1
1_MACS_peak_6469_lociStitched	chr20	56192912	56196595	1	3684	3674.1608	824.6237	485	1
1_MACS_peak_2276_lociStitched	chr12	1531441	1532937	1	1497	3294.6408	446.4064	486	1
2_MACS_peak_4117_lociStitched	chr17	3814103	3820212	2	4449	4469.9553	1624.3831	487	1
2_MACS_peak_9869_lociStitched	chr7	25002513	25006347	2	2160	3753.486	909.0414	488	1
1_MACS_peak_4335_lociStitched	chr17	43303236	43307089	1	3854	3931.6012	1090.0137	489	1
1_MACS_peak_6906_lociStitched	chr22	48493071	48495106	1	2036	3282.455	441.188	490	1
1_MACS_peak_7827_lociStitched	chr4	23335115	23336645	1	1531	3313.827	472.923	491	1
1_MACS_peak_11367_lociStitched	chr9	129158739	129160100	1	1362	3229.1086	389.9265	492	1
1_MACS_peak_5950_lociStitched	chr2	188732628	188734726	1	2099	3466.945	628.7706	493	1
1_MACS_peak_7568_lociStitched	chr3	169762008	169763603	1	1596	3401.178	564.1515	494	1
2_MACS_peak_10016_lociStitched	chr7	63765130	63768210	2	2141	3537.38	700.7	495	1
1_MACS_peak_6512_lociStitched	chr21	11167699	11172494	1	4796	5508.0165	2671.774	496	1
2_MACS_peak_2986_lociStitched	chr13	83793744	83796870	2	2368	3481.1136	646.1442	497	1
1_MACS_peak_10110_lociStitched	chr7	90560596	90562891	1	2296	3525.8085	692.4015	498	1
1_MACS_peak_6500_lociStitched	chr21	9651025	9654295	1	3271	4042.374	1213.17	499	1
1_MACS_peak_6324_lociStitched	chr20	33002249	33005171	1	2923	3539.7108	710.6304	500	1
1_MACS_peak_8253_lociStitched	chr4	159998176	159999727	1	1552	3091.4532	265.9965	501	1
2_MACS_peak_10533_lociStitched	chr8	26429077	26434853	2	3207	4342.9744	1519.088	502	1
2_MACS_peak_5241_lociStitched	chr2	10585158	10589391	2	3189	3708.9546	891.4698	503	1
2_MACS_peak_8700_lociStitched	chr5	90675089	90679954	2	3829	4007.3005	1192.898	504	1
2_MACS_peak_678_lociStitched	chr1	164685862	164691213	2	3523	4521.0599	1710.1796	505	1
2_MACS_peak_4522_lociStitched	chr17	75436424	75442175	2	2767	3853.17	1042.6563	506	1
2_MACS_peak_11201_lociStitched	chr9	93861704	93864829	2	2991	3673.75	872.5	507	1
2_MACS_peak_6741_lociStitched	chr22	23204983	23208812	2	2479	3333.5274	534.1455	508	1
2_MACS_peak_8440_lociStitched	chr5	15441365	15447936	2	2201	4178.4989	1380.5671	509	1
2_MACS_peak_9853_lociStitched	chr7	22484017	22487997	2	3343	3784.184	987.04	510	1
1_MACS_peak_5948_lociStitched	chr2	188450464	188451798	1	1335	3013.3726	216.9084	511	1
1_MACS_peak_4193_lociStitched	chr17	18964272	18968448	1	4177	3997.6848	1202.2704	512	1
1_MACS_peak_3293_lociStitched	chr15	20529452	20531976	1	2525	3559.5972	764.772	513	1
3_MACS_peak_8186_lociStitched	chr4	140128301	140135809	3	2934	4090.3584	1295.8808	514	1
1_MACS_peak_5708_lociStitched	chr2	112220605	112223011	1	2407	3349.8738	557.2296	515	1
2_MACS_peak_5595_lociStitched	chr2	89051042	89055072	2	3199	4052.971	1260.584	516	1
2_MACS_peak_10866_lociStitched	chr8	129279338	129286977	2	3298	4678.8875	1887.5969	517	1
2_MACS_peak_7566_lociStitched	chr3	169657739	169663944	2	2786	4723.8665	1934.0985	518	1
1_MACS_peak_10823_lociStitched	chr8	120945101	120947097	1	1997	3328.5296	539.5188	519	1
1_MACS_peak_9936_lociStitched	chr7	41920673	41922327	1	1655	3303.6996	518.8598	520	1
2_MACS_peak_739_lociStitched	chr1	178547233	178551228	2	3732	4243.8885	1459.773	521	1
1_MACS_peak_964_lociStitched	chr1	212661340	212662954	1	1615	3556.2876	772.6218	522	1
2_MACS_peak_8082_lociStitched	chr4	103533451	103538650	2	2749	3927.8445	1146.3795	523	1
1_MACS_peak_10306_lociStitched	chr7	129588448	129593081	1	4634	4450.4598	1670.1965	524	1
3_MACS_peak_4806_lociStitched	chr18	56752159	56756792	3	3418	3926.9308	1147.1308	525	1
1_MACS_peak_7074_lociStitched	chr3	39256804	39258759	1	1956	3277.362	503.217	526	1
1_MACS_peak_5846_lociStitched	chr2	157752424	157753546	1	1123	2978.349	204.5406	527	1
2_MACS_peak_10171_lociStitched	chr7	102081584	102086353	2	3049	3774.6635	1009.1204	528	1
2_MACS_peak_842_lociStitched	chr1	197740370	197746795	2	4342	4758.355	1994.32	529	1
1_MACS_peak_1002_lociStitched	chr1	222012463	222014031	1	1569	3146.0352	385.4144	530	1
3_MACS_peak_152_lociStitched	chr1	31226289	31231255	3	4080	3887.8814	1127.7786	531	1
2_MACS_peak_3798_lociStitched	chr16	10970374	10976208	2	2737	4233.7338	1477.1688	532	1
2_MACS_peak_6005_lociStitched	chr2	201287345	201292028	2	2499	3688.3308	934.7268	533	1
2_MACS_peak_6030_lociStitched	chr2	204443594	204449194	2	2199	3839.36	1085.84	534	1
1_MACS_peak_9377_lociStitched	chr6	52361914	52364136	1	2223	3332.7778	579.4976	535	1
2_MACS_peak_7417_lociStitched	chr3	129893615	129899328	2	2891	4189.9142	1436.8195	536	1
1_MACS_peak_2460_lociStitched	chr12	32048831	32050728	1	1898	3229.2631	481.4586	537	1
1_MACS_peak_838_lociStitched	chr1	194799097	194801216	1	2120	3387.8572	644.176	538	1
1_MACS_peak_4527_lociStitched	chr17	75720157	75721838	1	1682	3170.8703	427.8145	539	1
2_MACS_peak_589_lociStitched	chr1	154926807	154935023	2	3791	5319.0384	2577.3592	540	1
2_MACS_peak_6613_lociStitched	chr21	36420859	36424169	2	2933	3762.808	1021.466	541	1
1_MACS_peak_534_lociStitched	chr1	149855922	149860626	1	4705	5095.3728	2360.4672	542	1
1_MACS_peak_4640_lociStitched	chr18	10950206	10952424	1	2219	3320.1242	586.661	543	1
2_MACS_peak_8815_lociStitched	chr5	124743923	124748263	2	2728	3662.96	929.628	544	1
1_MACS_peak_8985_lociStitched	chr5	159894049	159895760	1	1712	3290.5952	557.2727	545	1
1_MACS_peak_10542_lociStitched	chr8	27901528	27903062	1	1535	3207.7474	475.0798	546	1
3_MACS_peak_6971_lociStitched	chr3	13455361	13463178	3	3395	4092.1995	1360.9397	547	1
2_MACS_peak_5239_lociStitched	chr2	10547932	10551130	2	3188	3493.4952	762.4032	548	1
3_MACS_peak_10766_lociStitched	chr8	101506407	101515254	3	3227	3740.5116	1009.4427	549	1
2_MACS_peak_7527_lociStitched	chr3	158069814	158074477	2	2351	3778.8952	1048.7087	550	1
2_MACS_peak_5908_lociStitched	chr2	175457917	175463031	2	3178	4143.3628	1416.0666	551	1
1_MACS_peak_11178_lociStitched	chr9	90170499	90171742	1	1244	2933.3557	210.5642	552	1
2_MACS_peak_1034_lociStitched	chr1	226840733	226845195	2	3233	4268.7954	1548.314	553	1
2_MACS_peak_3065_lociStitched	chr13	114913476	114915881	2	2163	3228.7125	509.6195	554	1
1_MACS_peak_114_lociStitched	chr1	25968165	25969890	1	1726	3237.48	520.26	555	1
2_MACS_peak_8325_lociStitched	chr4	185338009	185343700	2	3909	4096.9509	1380.0675	556	1
1_MACS_peak_7216_lociStitched	chr3	71059433	71061459	1	2027	3172.5134	465.5748	557	1
1_MACS_peak_9643_lociStitched	chr6	134567630	134569223	1	1594	3112.2441	406.215	558	1
1_MACS_peak_7610_lociStitched	chr3	176862148	176864221	1	2074	3337.3227	633.7161	559	1
2_MACS_peak_1936_lociStitched	chr11	60605637	60609959	2	2423	4014.2736	1319.0744	560	1
1_MACS_peak_10008_lociStitched	chr7	55575486	55577740	1	2255	3182.4226	488.2164	561	1
2_MACS_peak_6295_lociStitched	chr20	25274961	25279460	2	4447	4009.5088	1317.7571	562	1
2_MACS_peak_8813_lociStitched	chr5	124287005	124293338	2	2534	3934.6929	1243.1679	563	1
1_MACS_peak_11198_lociStitched	chr9	93704032	93706165	1	2134	3525.849	837.4158	564	1
2_MACS_peak_7721_lociStitched	chr3	196365739	196370707	2	3429	4206.9024	1518.7176	565	1
2_MACS_peak_3267_lociStitched	chr14	98664354	98670305	2	2215	3383.7386	696.8621	566	1
2_MACS_peak_989_lociStitched	chr1	218629387	218634094	2	2793	4145.4549	1460.1114	567	1
3_MACS_peak_3927_lociStitched	chr16	31880275	31889402	3	3231	4202.9835	1517.8201	568	1
1_MACS_peak_816_lociStitched	chr1	192485042	192486763	1	1722	3377.4625	693.0467	569	1
3_MACS_peak_3448_lociStitched	chr15	45016316	45021965	3	4002	3999.492	1316.7819	570	1
1_MACS_peak_10891_lociStitched	chr8	134228366	134230777	1	2412	3378.0521	695.8146	571	1
1_MACS_peak_538_lociStitched	chr1	150131831	150134441	1	2611	3918.915	1237.401	572	1
2_MACS_peak_9959_lociStitched	chr7	45034398	45041558	2	2887	4276.668	1598.828	573	1
1_MACS_peak_2250_lociStitched	chr11	129397457	129398827	1	1371	3083.733	405.931	574	1
1_MACS_peak_8812_lociStitched	chr5	124270482	124272349	1	1868	3048.9977	371.9064	575	1
1_MACS_peak_2328_lociStitched	chr12	9917133	9918455	1	1323	3028.9664	353.8994	576	1
2_MACS_peak_9887_lociStitched	chr7	28191179	28195314	2	2154	3353.0715	685.583	577	1
1_MACS_peak_3666_lociStitched	chr15	85277880	85280433	1	2554	3248.6925	581.3181	578	1
2_MACS_peak_1939_lociStitched	chr11	60673682	60678573	2	2698	3986.165	1319.5918	579	1
1_MACS_peak_4759_lociStitched	chr18	46885661	46887624	1	1964	3024.983	358.4438	580	1
3_MACS_peak_3168_lociStitched	chr14	69259537	69263636	3	3565	3137.3746	472.2048	581	1
1_MACS_peak_6899_lociStitched	chr22	48090374	48091973	1	1600	3093.9051	435.8874	582	1
1_MACS_peak_7373_lociStitched	chr3	121310729	121313158	1	2430	3450.1516	793.3114	583	1
2_MACS_peak_8845_lociStitched	chr5	131436011	131440423	2	2932	4255.374	1599.35	584	1
1_MACS_peak_10476_lociStitched	chr8	11388036	11389567	1	1532	2957.4327	302.0663	585	1
1_MACS_peak_6320_lociStitched	chr20	32446000	32447924	1	1925	3292.3488	644.1552	586	1
2_MACS_peak_8557_lociStitched	chr5	55960645	55966655	2	2800	3848.804	1203.803	587	1
1_MACS_peak_8449_lociStitched	chr5	19269754	19271452	1	1699	3043.665	399.3696	588	1
2_MACS_peak_5674_lociStitched	chr2	109829854	109835535	2	3098	4205.0762	1561.1388	589	1
2_MACS_peak_4894_lociStitched	chr19	2255274	2261077	2	4748	4726.5435	2083.277	590	1
1_MACS_peak_1273_lociStitched	chr10	22970737	22973160	1	2424	3303.7605	663.4174	591	1
1_MACS_peak_1054_lociStitched	chr1	228717695	228719395	1	1701	3108.45	468.52	592	1
2_MACS_peak_3949_lociStitched	chr16	50717551	50720183	2	2374	3359.748	720.1152	593	1
1_MACS_peak_2761_lociStitched	chr12	104321603	104323781	1	2179	3106.0458	470.448	594	1
2_MACS_peak_10924_lociStitched	chr8	141601433	141607668	2	1944	3564.5495	930.262	595	1
2_MACS_peak_10678_lociStitched	chr8	66858039	66864927	2	2538	3945.4464	1312.164	596	1
1_MACS_peak_2225_lociStitched	chr11	126057920	126059849	1	1930	3238.791	607.2492	597	1
1_MACS_peak_8682_lociStitched	chr5	88596939	88599733	1	2795	3215.6146	592.328	598	1
1_MACS_peak_1055_lociStitched	chr1	228731304	228732816	1	1513	3198.3336	575.9208	599	1
1_MACS_peak_1925_lociStitched	chr11	58983717	58985080	1	1364	2959.6182	338.5692	600	1
3_MACS_peak_2729_lociStitched	chr12	96894598	96901153	3	3193	3770.436	1151.7135	601	1
1_MACS_peak_8527_lociStitched	chr5	49961384	49964733	1	3350	3169.4936	551.2454	602	1
1_MACS_peak_4114_lociStitched	chr17	3460689	3462844	1	2156	3314.1745	699.082	603	1
2_MACS_peak_7789_lociStitched	chr4	12699292	12703844	2	2655	3480.004	868.0664	604	1
2_MACS_peak_6547_lociStitched	chr21	26829404	26832230	2	1850	2998.386	391.6836	605	1
2_MACS_peak_3520_lociStitched	chr15	58584825	58590448	2	3433	4020.445	1414.1845	606	1
2_MACS_peak_1908_lociStitched	chr11	48128296	48132308	2	2355	3472.7872	866.592	607	1
1_MACS_peak_6008_lociStitched	chr2	201335863	201337306	1	1444	2937.6594	335.6418	608	1
2_MACS_peak_10013_lociStitched	chr7	55636241	55642368	2	3168	3935.9848	1336.9114	609	1
1_MACS_peak_4776_lociStitched	chr18	51735841	51737182	1	1342	2922.4413	323.7174	610	1
1_MACS_peak_10272_lociStitched	chr7	121169916	121171562	1	1647	3347.6348	751.5636	611	1
1_MACS_peak_1955_lociStitched	chr11	62606606	62610179	1	3574	3824.5392	1234.4715	612	1
2_MACS_peak_6495_lociStitched	chr20	62359375	62362739	2	2287	3377.7924	787.8488	613	1
1_MACS_peak_7523_lociStitched	chr3	156876550	156879068	1	2519	3730.6688	1141.913	614	1
3_MACS_peak_5378_lociStitched	chr2	42350882	42356949	3	3257	3830.7038	1246.1618	615	1
2_MACS_peak_8032_lociStitched	chr4	86528285	86532272	2	2537	3274.5231	691.7445	616	1
3_MACS_peak_8563_lociStitched	chr5	56467543	56472659	3	3657	3613.9424	1031.8972	617	1
1_MACS_peak_2411_lociStitched	chr12	26308309	26310672	1	2364	3308.2	726.8588	618	1
1_MACS_peak_1151_lociStitched	chr10	705518	706894	1	1377	2816.672	235.5712	619	1
2_MACS_peak_6678_lociStitched	chr21	43944254	43948878	2	3045	4257.7792	1677.5872	620	1
2_MACS_peak_4350_lociStitched	chr17	46516735	46519793	2	2603	3501.1042	922.9044	621	1
2_MACS_peak_9354_lociStitched	chr6	45645100	45650419	2	2154	3847.7646	1272.3048	622	1
1_MACS_peak_1868_lociStitched	chr11	35061398	35062881	1	1484	2943.9033	377.2752	623	1
1_MACS_peak_3829_lociStitched	chr16	14499445	14500968	1	1524	2905.884	339.4767	624	1
2_MACS_peak_4358_lociStitched	chr17	46582838	46589300	2	2318	3813.8724	1248.4584	625	1
2_MACS_peak_488_lociStitched	chr1	145395042	145399913	2	4697	4312.7834	1748.2019	626	1
1_MACS_peak_10973_lociStitched	chr9	5763886	5765206	1	1321	2887.632	323.796	627	1
1_MACS_peak_3505_lociStitched	chr15	54874697	54876572	1	1876	3005.4375	445.6875	628	1
1_MACS_peak_10126_lociStitched	chr7	95496289	95497474	1	1186	2878.7205	320.3055	629	1
2_MACS_peak_6039_lociStitched	chr2	204663058	204669373	2	3335	3715.1145	1157.5395	630	1
2_MACS_peak_2619_lociStitched	chr12	68874559	68882281	2	3394	4300.3818	1746.7164	631	1
3_MACS_peak_4294_lociStitched	chr17	38019812	38024654	3	4130	3737.0556	1185.3216	632	1
4_MACS_peak_9703_lociStitched	chr6	143166166	143179121	4	2724	3864.4765	1313.637	633	1
1_MACS_peak_2621_lociStitched	chr12	69201000	69203291	1	2292	3267.6533	719.1449	634	1
1_MACS_peak_1535_lociStitched	chr10	91091724	91094501	1	2778	3206.0465	657.8713	635	1
2_MACS_peak_10401_lociStitched	chr7	150074895	150081411	2	5610	4621.1472	2074.6944	636	1
1_MACS_peak_2220_lociStitched	chr11	125383861	125385205	1	1345	2895.9168	351.0528	637	1
1_MACS_peak_8314_lociStitched	chr4	184643322	184645173	1	1852	2908.6614	363.9066	638	1
2_MACS_peak_1411_lociStitched	chr10	64216067	64220741	2	1754	3508.7718	964.7136	639	1
1_MACS_peak_1586_lociStitched	chr10	100099113	100100755	1	1643	3028.0122	484.0616	640	1
2_MACS_peak_8203_lociStitched	chr4	142896837	142899507	2	2091	3075.039	535.335	641	1
1_MACS_peak_8555_lociStitched	chr5	55884158	55885654	1	1497	3057.6744	518.2144	642	1
3_MACS_peak_4165_lociStitched	chr17	9916170	9925072	3	2741	4107.3828	1569.4226	643	1
3_MACS_peak_7973_lociStitched	chr4	77608841	77619253	3	3694	4977.9772	2440.5728	644	1
2_MACS_peak_2833_lociStitched	chr12	123371818	123377380	2	2467	3362.7852	827.6256	645	1
1_MACS_peak_3338_lociStitched	chr15	27868167	27870531	1	2365	2960.91	425.7564	646	1
1_MACS_peak_9286_lociStitched	chr6	32936108	32940534	1	4427	3802.8192	1268.049	647	1
2_MACS_peak_7691_lociStitched	chr3	191756192	191760569	2	2811	3922.6674	1390.5729	648	1
1_MACS_peak_733_lociStitched	chr1	177769142	177770584	1	1443	2977.1532	447.741	649	1
1_MACS_peak_10216_lociStitched	chr7	108055849	108057542	1	1694	3183.0093	653.6673	650	1
1_MACS_peak_914_lociStitched	chr1	206272488	206273878	1	1391	3015.188	490.809	651	1
2_MACS_peak_2000_lociStitched	chr11	67647617	67653399	2	3383	4171.713	1648.4482	652	1
1_MACS_peak_9031_lociStitched	chr5	173170458	173173561	1	3104	3441.227	919.7292	653	1
1_MACS_peak_4998_lociStitched	chr19	13956837	13958882	1	2046	3089.995	576.0765	654	1
1_MACS_peak_6794_lociStitched	chr22	33867987	33869560	1	1574	2821.962	310.9821	655	1
1_MACS_peak_768_lociStitched	chr1	182583573	182585938	1	2366	3227.5155	716.595	656	1
3_MACS_peak_9350_lociStitched	chr6	45388066	45394528	3	3268	3676.878	1166.391	657	1
2_MACS_peak_598_lociStitched	chr1	155435553	155442457	2	2857	4745.8096	2236.2056	658	1
2_MACS_peak_6366_lociStitched	chr20	42578246	42584895	2	2735	3942.857	1434.8542	659	1
1_MACS_peak_1462_lociStitched	chr10	74094339	74095838	1	1500	3075.1985	569.3202	660	1
1_MACS_peak_7561_lociStitched	chr3	169083403	169085511	1	2109	3493.3776	987.8088	661	1
1_MACS_peak_7348_lociStitched	chr3	114009529	114011066	1	1538	2982.7022	479.544	662	1
2_MACS_peak_5177_lociStitched	chr19	55580531	55583145	2	2380	3395.586	894.2494	663	1
1_MACS_peak_9844_lociStitched	chr7	20368700	20371611	1	2912	3245.4739	746.0893	664	1
1_MACS_peak_999_lociStitched	chr1	221927099	221928274	1	1176	2898.6075	400.5575	665	1
1_MACS_peak_2746_lociStitched	chr12	102137163	102138639	1	1477	2963.5128	465.5304	666	1
3_MACS_peak_3250_lociStitched	chr14	94437061	94445344	3	2723	3622.9842	1127.3163	667	1
1_MACS_peak_469_lociStitched	chr1	143999658	144001215	1	1558	3113.3772	619.5303	668	1
2_MACS_peak_466_lociStitched	chr1	143949895	143954368	2	2961	4391.5914	1900.1304	669	1
1_MACS_peak_10204_lociStitched	chr7	106407804	106409631	1	1828	3204.9234	714.5397	670	1
1_MACS_peak_167_lociStitched	chr1	33092669	33094422	1	1754	3034.2677	545.183	671	1
1_MACS_peak_3391_lociStitched	chr15	33308263	33309621	1	1359	2928.527	439.8562	672	1
1_MACS_peak_5820_lociStitched	chr2	150750745	150752113	1	1369	2867.1912	380.304	673	1
2_MACS_peak_7928_lociStitched	chr4	65170820	65174258	2	1762	3088.3554	601.9938	674	1
2_MACS_peak_4456_lociStitched	chr17	66230686	66234527	2	2588	3435.7745	955.6408	675	1
1_MACS_peak_3477_lociStitched	chr15	49763453	49764791	1	1339	2787.5892	311.6202	676	1
1_MACS_peak_7519_lociStitched	chr3	156805349	156808074	1	2726	3469.47	996.26	677	1
1_MACS_peak_48_lociStitched	chr1	11627239	11629585	1	2347	2971.209	501.3402	678	1
1_MACS_peak_9485_lociStitched	chr6	90066281	90068074	1	1794	2891.5711	421.7136	679	1
2_MACS_peak_3421_lociStitched	chr15	40387933	40391720	2	2500	3439.7321	970.6081	680	1
1_MACS_peak_1461_lociStitched	chr10	74079031	74081180	1	2150	3056.9525	590.3303	681	1
1_MACS_peak_4531_lociStitched	chr17	76149289	76152059	1	2771	3264.168	798.591	682	1
1_MACS_peak_6361_lociStitched	chr20	42309466	42311587	1	2122	3249.5841	787.7394	683	1
2_MACS_peak_8315_lociStitched	chr4	185186363	185190050	2	3342	3522.5598	1063.6995	684	1
2_MACS_peak_4666_lociStitched	chr18	20318484	20321967	2	2508	3103.353	644.7033	685	1
1_MACS_peak_5686_lociStitched	chr2	111127951	111130313	1	2363	3222.949	764.8156	686	1
2_MACS_peak_1952_lociStitched	chr11	62318825	62324913	2	3660	3992.5104	1535.3936	687	1
1_MACS_peak_7609_lociStitched	chr3	176777788	176779180	1	1393	2866.824	415.512	688	1
1_MACS_peak_3627_lociStitched	chr15	77479696	77480944	1	1249	2699.6736	249.8496	689	1
2_MACS_peak_833_lociStitched	chr1	193506078	193510548	2	3442	3700.713	1252.941	690	1
2_MACS_peak_1347_lociStitched	chr10	45914233	45917461	2	3229	3332.2644	885.4404	691	1
2_MACS_peak_11294_lociStitched	chr9	112904996	112911353	2	2934	3743.0016	1305.7278	692	1
1_MACS_peak_1528_lociStitched	chr10	90030394	90032426	1	2033	3069.7424	633.1712	693	1
2_MACS_peak_10523_lociStitched	chr8	24224375	24229424	2	1824	3406.0554	969.9129	694	1
2_MACS_peak_6471_lociStitched	chr20	56253294	56257225	2	3743	3465.5696	1031.1013	695	1
1_MACS_peak_3581_lociStitched	chr15	70327820	70329819	1	2000	2982.508	551.3242	696	1
2_MACS_peak_7594_lociStitched	chr3	173449866	173455777	2	2047	3628.7629	1202.2974	697	1
2_MACS_peak_8666_lociStitched	chr5	86412569	86418562	2	3189	3665.9181	1242.3489	698	1
1_MACS_peak_4604_lociStitched	chr18	3585539	3587743	1	2205	3096.3996	673.1016	699	1
1_MACS_peak_5493_lociStitched	chr2	65257987	65259801	1	1815	3017.2262	594.085	700	1
2_MACS_peak_10834_lociStitched	chr8	124553311	124559859	2	2192	3463.2372	1044.406	701	1
1_MACS_peak_3931_lociStitched	chr16	32333147	32335734	1	2588	3415.8748	997.5472	702	1
2_MACS_peak_3417_lociStitched	chr15	40225670	40232682	2	2537	3565.602	1148.5656	703	1
