#34_0EXA_0229Kronos_MM1S-No-Treatment-2_p300_hs_i50_peaks Enhancers
#Created from /data/projects/IRF4_mm_trn_data/p300_internal_ChIP/rose/34_0EXA_0229Kronos_MM1S-No-Treatment-2_p300_hs_i50_ROSE/34_0EXA_0229Kronos_MM1S-No-Treatment-2_p300_hs_i50_peaks_5KB_STITCHED_ENHANCER_REGION_MAP.txt
#Ranked by X34_0EXA_0229Kronos_MM1S.No.Treatment.2_p300_hs_i50.bam
#Using cutoff of 3322.6445 for Super-Enhancers
#Created on Jul 18 2024 
REGION_ID	CHROM	START	STOP	NUM_LOCI	CONSTITUENT_SIZE	X34_0EXA_0229Kronos_MM1S.No.Treatment.2_p300_hs_i50.bam	X36_0EXO_0229Kronos_MM1S.No.Treatment.2_Input_hs_i78.bam	enhancerRank	isSuper
8_MACS_peak_6921_lociStitched	chr2	99062038	99107614	8	30303	43037.4168	11977.3728	1	1
6_MACS_peak_9219_lociStitched	chr3	141091641	141132600	6	31345	39128.1327	10870.5186	2	1
2_MACS_peak_8346_lociStitched	chr22	23269925	23285598	2	10587	28507.6197	4521.6605	3	1
7_MACS_peak_11275_lociStitched	chr6	290185	329889	7	23086	34363.812	14047.2752	4	1
4_MACS_peak_5247_lociStitched	chr17	34516150	34539744	4	18728	26177.543	7403.7972	5	1
4_MACS_peak_11336_lociStitched	chr6	7893097	7919053	4	23743	26633.4516	8087.8896	6	1
4_MACS_peak_5252_lociStitched	chr17	34611601	34641235	4	22703	26697.2706	8830.932	7	1
6_MACS_peak_7810_lociStitched	chr20	30279236	30312154	6	18018	23829.3402	8193.2902	8	1
1_MACS_peak_10389_lociStitched	chr5	9883	12252	1	2370	20448.7342	6210.8073	9	1
2_MACS_peak_11367_lociStitched	chr6	11828086	11836915	2	7539	16511.9958	2396.1906	10	1
1_MACS_peak_12466_lociStitched	chr7	55598964	55604286	1	5323	15857.9634	1762.6464	11	1
6_MACS_peak_5221_lociStitched	chr17	32690561	32719172	6	15591	20705.7807	6777.9459	12	1
5_MACS_peak_9365_lociStitched	chr3	171802078	171826714	5	14732	21386.5116	7802.2212	13	1
3_MACS_peak_5242_lociStitched	chr17	34409699	34421171	3	8202	15170.5728	2793.432	14	1
3_MACS_peak_7032_lociStitched	chr2	112456016	112464705	3	5474	14495.8587	2556.3038	15	1
5_MACS_peak_6155_lociStitched	chr19	16244636	16267755	5	9420	16943.9151	5134.7299	16	1
1_MACS_peak_11341_lociStitched	chr6	7960131	7964911	1	4781	13055.136	1315.456	17	1
3_MACS_peak_1110_lociStitched	chr1	204474736	204491755	3	11454	17206.209	5505.6465	18	1
2_MACS_peak_12680_lociStitched	chr7	104578882	104586599	2	5384	13650.6013	2098.2523	19	1
2_MACS_peak_12980_lociStitched	chr8	2029487	2041269	2	9223	14407.0296	2873.6298	20	1
1_MACS_peak_1987_lociStitched	chr10	112113019	112118841	1	5823	13224.673	1970.1648	21	1
1_MACS_peak_10401_lociStitched	chr5	1312436	1317594	1	5159	12784.103	1827.9952	22	1
4_MACS_peak_3116_lociStitched	chr12	53582336	53601450	4	13852	15881.8226	5097.7038	23	1
2_MACS_peak_6028_lociStitched	chr19	2082432	2097945	2	12519	16375.5228	5629.6677	24	1
1_MACS_peak_11478_lociStitched	chr6	26358142	26363063	1	4922	11944.7433	1237.6315	25	1
4_MACS_peak_1480_lociStitched	chr10	11286613	11304446	4	9195	14269.9666	3614.7491	26	1
4_MACS_peak_10599_lociStitched	chr5	55437942	55453380	4	6957	13991.4594	3601.6854	27	1
3_MACS_peak_2416_lociStitched	chr11	65263925	65278868	3	11869	14076.306	3690.921	28	1
2_MACS_peak_2410_lociStitched	chr11	65183615	65199695	2	14041	15446.448	5126.304	29	1
1_MACS_peak_9515_lociStitched	chr3	193818015	193822781	1	4767	12444.026	2229.0582	30	1
6_MACS_peak_13488_lociStitched	chr8	126285248	126308119	6	10195	15193.2053	5120.8169	31	1
2_MACS_peak_5936_lociStitched	chr18	60822135	60830863	2	8100	12561.3376	2497.9536	32	1
4_MACS_peak_8188_lociStitched	chr21	36589479	36608380	4	7526	15194.5139	5176.9839	33	1
3_MACS_peak_5293_lociStitched	chr17	38470651	38483399	3	8259	12890.7776	3102.8632	34	1
1_MACS_peak_2804_lociStitched	chr12	4224863	4229261	1	4399	11331.8868	1594.7148	35	1
1_MACS_peak_10375_lociStitched	chr4	187749392	187752661	1	3270	10976.3213	1295.1778	36	1
2_MACS_peak_9403_lociStitched	chr3	177069170	177078997	2	6006	12911.6953	3333.3184	37	1
5_MACS_peak_12929_lociStitched	chr7	150063791	150084406	5	13782	15518.972	6108.2245	38	1
2_MACS_peak_1126_lociStitched	chr1	206287058	206294608	2	6863	12526.205	3124.19	39	1
4_MACS_peak_573_lociStitched	chr1	118196552	118207728	4	8005	11176	1781.4544	40	1
3_MACS_peak_11455_lociStitched	chr6	25403910	25414813	3	7996	12674.7375	3338.4986	41	1
6_MACS_peak_2147_lociStitched	chr11	10324200	10345172	6	11982	13285.762	4123.0952	42	1
3_MACS_peak_1967_lociStitched	chr10	105257577	105268133	3	6909	11662.2688	2561.9412	43	1
3_MACS_peak_4128_lociStitched	chr15	31547333	31559751	3	6879	12047.9436	3052.3444	44	1
4_MACS_peak_5687_lociStitched	chr18	9060930	9074423	4	7719	12184.179	3236.9707	45	1
2_MACS_peak_1100_lociStitched	chr1	203288955	203297810	2	8666	12367.7785	3435.74	46	1
1_MACS_peak_3404_lociStitched	chr12	109022980	109031457	1	8478	11762.6852	2882.18	47	1
1_MACS_peak_1476_lociStitched	chr10	11217100	11223200	1	6101	10964.14	2086.81	48	1
5_MACS_peak_10975_lociStitched	chr5	131745981	131763968	5	11457	13495.6461	4633.4512	49	1
2_MACS_peak_13441_lociStitched	chr8	118450629	118456346	2	4268	10242.5772	1388.0876	50	1
7_MACS_peak_12467_lociStitched	chr7	55616432	55642471	7	13696	14443.8333	5671.2942	51	1
3_MACS_peak_6171_lociStitched	chr19	16694442	16711260	3	9627	12884.2698	4127.1372	52	1
3_MACS_peak_5431_lociStitched	chr17	56405433	56422685	3	11888	14029.3264	5301.5396	53	1
1_MACS_peak_1118_lociStitched	chr1	205252297	205258426	1	6130	11059.7805	2371.3101	54	1
2_MACS_peak_2634_lociStitched	chr11	115091597	115101548	2	5397	11071.4826	2399.1861	55	1
3_MACS_peak_1338_lociStitched	chr1	234734176	234749946	3	11119	14013.222	5369.685	56	1
4_MACS_peak_9924_lociStitched	chr4	84133025	84143976	4	6722	11315.6683	2766.2226	57	1
3_MACS_peak_8375_lociStitched	chr22	27005526	27014464	3	4905	10349.3102	1839.4404	58	1
1_MACS_peak_1097_lociStitched	chr1	203255492	203260850	1	5359	10805.4786	2339.3028	59	1
3_MACS_peak_4682_lociStitched	chr16	11771702	11783851	3	11031	11421.2749	2958.2815	60	1
2_MACS_peak_12255_lociStitched	chr7	20256315	20261480	2	4850	9812.9835	1366.1425	61	1
3_MACS_peak_8385_lociStitched	chr22	29185925	29199236	3	8349	11466.0954	3024.2592	62	1
3_MACS_peak_8343_lociStitched	chr22	23226596	23240978	3	8521	11412.117	2974.1976	63	1
1_MACS_peak_9384_lociStitched	chr3	174866748	174869711	1	2964	9817.3079	1392.3137	64	1
1_MACS_peak_9321_lociStitched	chr3	161486920	161490451	1	3532	9788.9913	1390.1547	65	1
3_MACS_peak_6236_lociStitched	chr19	35695637	35706015	3	7094	10654.0548	2265.5174	66	1
1_MACS_peak_4757_lociStitched	chr16	23344906	23350232	1	5327	10102.3568	1716.0372	67	1
1_MACS_peak_7877_lociStitched	chr20	37498943	37505346	1	6404	10020.0547	1737.7742	68	1
1_MACS_peak_6789_lociStitched	chr2	67690460	67693529	1	3070	9021.0186	782.9019	69	1
2_MACS_peak_7428_lociStitched	chr2	201980387	201992567	2	9553	11540.55	3331.23	70	1
1_MACS_peak_1308_lociStitched	chr1	230257876	230261273	1	3398	9581.5782	1377.1438	71	1
1_MACS_peak_10181_lociStitched	chr4	144275772	144281547	1	5776	9744.735	1588.125	72	1
2_MACS_peak_4037_lociStitched	chr14	106040391	106049664	2	4371	10049.1501	1930.6386	73	1
4_MACS_peak_11892_lociStitched	chr6	108902183	108920354	4	6075	11584.0125	3543.345	74	1
3_MACS_peak_10980_lociStitched	chr5	131790888	131804069	3	9269	11807.5398	3768.4479	75	1
2_MACS_peak_12303_lociStitched	chr7	26002658	26009339	2	5620	10003.4613	1968.2226	76	1
3_MACS_peak_6582_lociStitched	chr2	37570367	37584072	3	9422	11368.2975	3375.5415	77	1
3_MACS_peak_12849_lociStitched	chr7	136037652	136047000	3	5042	10683.8292	2886.6624	78	1
2_MACS_peak_686_lociStitched	chr1	150532149	150541295	2	7681	11682.1858	3937.353	79	1
4_MACS_peak_2827_lociStitched	chr12	7052118	7069295	4	10137	11604.7812	3866.5427	80	1
1_MACS_peak_6044_lociStitched	chr19	2595094	2600191	1	5098	9789.8079	2114.2356	81	1
2_MACS_peak_11980_lociStitched	chr6	130004386	130009510	2	4751	9220.638	1566.9192	82	1
3_MACS_peak_7385_lociStitched	chr2	197033480	197044148	3	6517	10261.5492	2629.662	83	1
6_MACS_peak_12123_lociStitched	chr6	157977807	157999379	6	7909	10002.9364	2411.7496	84	1
3_MACS_peak_9966_lociStitched	chr4	90209774	90221487	3	10585	10652.9735	3116.8293	85	1
2_MACS_peak_5468_lociStitched	chr17	62150458	62160602	2	6310	10196.7488	2662.8	86	1
4_MACS_peak_10758_lociStitched	chr5	88114053	88129840	4	9670	11121.9415	3589.9638	87	1
3_MACS_peak_9412_lociStitched	chr3	178230982	178240863	3	6330	10629.9798	3124.3722	88	1
1_MACS_peak_1114_lociStitched	chr1	204532733	204535669	1	2937	8916.3384	1446.8608	89	1
1_MACS_peak_6045_lociStitched	chr19	2607228	2611793	1	4566	9115.392	1654.356	90	1
1_MACS_peak_973_lociStitched	chr1	183810277	183815334	1	5058	9260.8841	1807.8775	91	1
4_MACS_peak_7526_lociStitched	chr2	219743900	219762101	4	6892	11772.4068	4324.5576	92	1
5_MACS_peak_14022_lociStitched	chr9	112904770	112924942	5	8636	12357.3672	4913.8992	93	1
4_MACS_peak_5601_lociStitched	chr17	76712633	76726313	4	10995	10556.856	3242.16	94	1
2_MACS_peak_8282_lociStitched	chr21	45572740	45580318	2	5267	9575.5608	2272.6422	95	1
3_MACS_peak_5077_lociStitched	chr17	4268153	4281207	3	8542	9928.8724	2668.2376	96	1
4_MACS_peak_8996_lociStitched	chr3	98479511	98495246	4	7743	10617.978	3375.1575	97	1
1_MACS_peak_13481_lociStitched	chr8	125768993	125770676	1	1684	7728.8409	495.9801	98	1
3_MACS_peak_4187_lociStitched	chr15	40388649	40401967	3	8364	10569.1648	3377.4448	99	1
4_MACS_peak_9730_lociStitched	chr4	40194019	40208049	4	12067	11065.461	3883.504	100	1
5_MACS_peak_2734_lociStitched	chr11	128588298	128605316	5	8259	11798.5794	4618.6852	101	1
4_MACS_peak_6909_lociStitched	chr2	97191308	97205550	4	7898	10116.0926	2936.7004	102	1
1_MACS_peak_7837_lociStitched	chr20	32469940	32472773	1	2834	8146.5748	1003.1653	103	1
4_MACS_peak_6461_lociStitched	chr2	11883725	11895122	4	9635	10073.8083	2937.0069	104	1
3_MACS_peak_10506_lociStitched	chr5	32530751	32543737	3	6542	10044.671	2937.4332	105	1
2_MACS_peak_13890_lociStitched	chr9	93684623	93690485	2	3850	8194.4898	1158.3312	106	1
3_MACS_peak_6257_lociStitched	chr19	39891786	39903862	3	11046	9712.7268	2679.6644	107	1
2_MACS_peak_101_lociStitched	chr1	17221165	17233188	2	7364	12039.8322	5070.0991	108	1
1_MACS_peak_7451_lociStitched	chr2	204569267	204573173	1	3907	8229.1608	1267.497	109	1
2_MACS_peak_8635_lociStitched	chr3	13050356	13059078	2	8252	9581.117	2664.571	110	1
5_MACS_peak_199_lociStitched	chr1	31216023	31231098	5	11689	10716.8175	3801.915	111	1
4_MACS_peak_2949_lociStitched	chr12	26265969	26279997	4	8156	10492.944	3588.3624	112	1
2_MACS_peak_4873_lociStitched	chr16	56944173	56952052	2	4412	8671.6274	1805.0789	113	1
4_MACS_peak_3121_lociStitched	chr12	53853952	53869625	4	8783	10304.9975	3487.2425	114	1
4_MACS_peak_8388_lociStitched	chr22	29207544	29226018	4	7101	10319.5764	3552.5502	115	1
6_MACS_peak_8713_lociStitched	chr3	30683947	30703321	6	8569	10874.6262	4109.2254	116	1
2_MACS_peak_8203_lociStitched	chr21	37906979	37915770	2	3790	9067.9165	2334.8896	117	1
2_MACS_peak_11907_lociStitched	chr6	109216475	109227349	2	5628	9239.6378	2508.6318	118	1
4_MACS_peak_3975_lociStitched	chr14	91829961	91843281	4	8479	8803.188	2073.924	119	1
1_MACS_peak_1028_lociStitched	chr1	192543890	192550548	1	6659	9324.529	2601.9464	120	1
2_MACS_peak_7329_lociStitched	chr2	182168564	182179737	2	7877	9928.3278	3214.4721	121	1
1_MACS_peak_5144_lociStitched	chr17	16890663	16894080	1	3418	7982.112	1272.1491	122	1
1_MACS_peak_10330_lociStitched	chr4	185302769	185307227	1	4459	8417.5956	1709.1972	123	1
2_MACS_peak_10707_lociStitched	chr5	76032284	76038125	2	4953	8180.9046	1502.3052	124	1
2_MACS_peak_11662_lociStitched	chr6	52393193	52403043	2	5153	9193.99	2548.195	125	1
2_MACS_peak_741_lociStitched	chr1	154908279	154917684	2	6168	10518.552	3875.8005	126	1
2_MACS_peak_2636_lociStitched	chr11	115126262	115135945	2	4390	8678.8729	2046.9862	127	1
2_MACS_peak_10925_lociStitched	chr5	123984697	123988160	2	3003	7275.763	702.2964	128	1
4_MACS_peak_2227_lociStitched	chr11	22687793	22702670	4	7396	9564.4233	3012.5925	129	1
3_MACS_peak_12840_lociStitched	chr7	134670590	134682267	3	6233	9987.3381	3463.3982	130	1
4_MACS_peak_6166_lociStitched	chr19	16545519	16561339	4	6413	9397.08	3005.8	131	1
1_MACS_peak_13925_lociStitched	chr9	97622595	97624509	1	1915	6931.7424	543.0018	132	1
1_MACS_peak_1520_lociStitched	chr10	15828588	15831520	1	2933	7297.1616	923.8732	133	1
5_MACS_peak_7794_lociStitched	chr20	25261892	25280965	5	8152	9710.0643	3337.775	134	1
2_MACS_peak_7435_lociStitched	chr2	202116587	202126930	2	7113	8962.2095	2600.2302	135	1
4_MACS_peak_5563_lociStitched	chr17	75079058	75092522	4	8370	9523.0872	3161.3472	136	1
3_MACS_peak_399_lociStitched	chr1	66736494	66750084	3	6167	9521.154	3166.47	137	1
4_MACS_peak_13340_lociStitched	chr8	81046365	81060351	4	7476	9418.1724	3065.7312	138	1
1_MACS_peak_5753_lociStitched	chr18	20820899	20823072	1	2174	6715.2219	392.8784	139	1
1_MACS_peak_1239_lociStitched	chr1	223421276	223423879	1	2604	7416.9882	1098.466	140	1
1_MACS_peak_9184_lociStitched	chr3	130567572	130570450	1	2879	7055.417	751.4458	141	1
3_MACS_peak_9516_lociStitched	chr3	193848290	193857888	3	6646	8858.954	2568.4248	142	1
1_MACS_peak_3756_lociStitched	chr13	114829323	114834602	1	5280	7705.7563	1444.8623	143	1
2_MACS_peak_5569_lociStitched	chr17	75135932	75144363	2	7187	8785.9451	2538.5741	144	1
4_MACS_peak_9173_lociStitched	chr3	129027255	129037324	4	7956	8886.8994	2644.1194	145	1
2_MACS_peak_11899_lociStitched	chr6	108989014	108995444	2	5816	7566.824	1332.939	146	1
1_MACS_peak_976_lociStitched	chr1	183879376	183882446	1	3071	7371.991	1172.433	147	1
2_MACS_peak_4875_lociStitched	chr16	56963914	56974220	2	7802	8915.7206	2716.6616	148	1
2_MACS_peak_1271_lociStitched	chr1	226840527	226852041	2	7517	10460.469	4269.3912	149	1
2_MACS_peak_12260_lociStitched	chr7	20428559	20436139	2	2521	7407.176	1232.508	150	1
2_MACS_peak_8357_lociStitched	chr22	24180530	24191096	2	6782	8954.685	2785.1976	151	1
1_MACS_peak_9196_lociStitched	chr3	133192906	133199972	1	7067	8137.9122	1969.2942	152	1
2_MACS_peak_4427_lociStitched	chr15	75334712	75340504	2	4641	7798.3488	1645.5072	153	1
2_MACS_peak_5277_lociStitched	chr17	37909830	37915164	2	5298	7675.626	1536.192	154	1
3_MACS_peak_9825_lociStitched	chr4	71543298	71554767	3	5705	8554.7271	2439.4563	155	1
2_MACS_peak_9143_lociStitched	chr3	124502505	124511377	2	6170	8175.548	2068.0632	156	1
1_MACS_peak_13901_lociStitched	chr9	93953127	93957096	1	3970	7341.4593	1238.328	157	1
3_MACS_peak_6770_lociStitched	chr2	65159251	65174264	3	6921	10153.2919	4053.51	158	1
2_MACS_peak_8263_lociStitched	chr21	44726270	44733375	2	3576	7986.02	1886.3775	159	1
2_MACS_peak_12013_lociStitched	chr6	135190834	135195837	2	4054	7421.4502	1338.3025	160	1
2_MACS_peak_13130_lociStitched	chr8	29410475	29414495	2	3495	7109.772	1031.934	161	1
3_MACS_peak_2886_lociStitched	chr12	12866626	12880283	3	8295	9436.987	3373.279	162	1
2_MACS_peak_1348_lociStitched	chr1	235146824	235152033	2	3036	7516.0661	1483.5232	163	1
1_MACS_peak_7895_lociStitched	chr20	42378925	42382055	1	3131	6969.571	949.016	164	1
1_MACS_peak_11637_lociStitched	chr6	45676900	45679644	1	2745	6750.24	747.74	165	1
4_MACS_peak_11468_lociStitched	chr6	26187835	26206711	4	9952	9908.0124	3941.3088	166	1
1_MACS_peak_12824_lociStitched	chr7	130807965	130810157	1	2193	6878.2768	964.0416	167	1
1_MACS_peak_11824_lociStitched	chr6	90993751	90997096	1	3346	6975.9975	1070.7345	168	1
4_MACS_peak_3467_lociStitched	chr12	123371463	123386878	4	6491	8142.203	2255.2145	169	1
3_MACS_peak_4192_lociStitched	chr15	40834907	40843785	3	5506	7977.7708	2131.6078	170	1
1_MACS_peak_9514_lociStitched	chr3	193800826	193803735	1	2910	7225.956	1380.3205	171	1
1_MACS_peak_605_lociStitched	chr1	143461935	143468729	1	6795	8926.6366	3088.5524	172	1
3_MACS_peak_6046_lociStitched	chr19	2618177	2632167	3	7830	10016.84	4188.606	173	1
3_MACS_peak_11810_lociStitched	chr6	90059539	90068848	3	8553	8271.0465	2477.1249	174	1
1_MACS_peak_7166_lociStitched	chr2	146168607	146170638	1	2032	6278.0241	487.2369	175	1
1_MACS_peak_12838_lociStitched	chr7	133928801	133932009	1	3209	6790.3736	1004.7456	176	1
2_MACS_peak_3373_lociStitched	chr12	102871835	102878937	2	6586	7332.815	1551.787	177	1
2_MACS_peak_1026_lociStitched	chr1	192507027	192515022	2	4868	8230.053	2454.465	178	1
1_MACS_peak_14356_lociStitched	chrX	48793930	48798441	1	4512	6555.8363	781.7563	179	1
1_MACS_peak_7903_lociStitched	chr20	42696840	42699694	1	2855	6731.159	993.4774	180	1
2_MACS_peak_11798_lociStitched	chr6	88627851	88636489	2	3348	7632.5368	1910.7256	181	1
1_MACS_peak_4907_lociStitched	chr16	66555591	66559704	1	4114	7073.1261	1364.2821	182	1
3_MACS_peak_14374_lociStitched	chrX	58150324	58159484	3	5933	6501.768	817.072	183	1
2_MACS_peak_6278_lociStitched	chr19	42039052	42047398	2	4685	7543.9494	1859.4888	184	1
1_MACS_peak_10768_lociStitched	chr5	88565983	88568771	1	2789	6653.562	971.618	185	1
1_MACS_peak_6585_lociStitched	chr2	37601707	37606152	1	4446	6985.3175	1312.164	186	1
1_MACS_peak_9357_lociStitched	chr3	169974250	169977457	1	3208	7000.881	1334.4327	187	1
3_MACS_peak_12402_lociStitched	chr7	44668921	44679480	3	5348	8394.405	2728.4456	188	1
3_MACS_peak_12463_lociStitched	chr7	55570419	55585535	3	5929	8650.8868	2988.4332	189	1
2_MACS_peak_1154_lociStitched	chr1	209275957	209282511	2	4433	8020.7852	2365.994	190	1
3_MACS_peak_12607_lociStitched	chr7	92438249	92445303	3	5461	7345.3302	1704.9518	191	1
2_MACS_peak_5733_lociStitched	chr18	13610376	13614480	2	4076	6600.0528	967.7232	192	1
2_MACS_peak_627_lociStitched	chr1	145152719	145160925	2	5396	9278.5242	3649.2082	193	1
3_MACS_peak_1957_lociStitched	chr10	104531543	104542624	3	6005	8177.778	2570.792	194	1
3_MACS_peak_13562_lociStitched	chr8	137189601	137200688	3	4965	7898.3788	2297.2264	195	1
3_MACS_peak_2222_lociStitched	chr11	21432305	21437822	3	4640	6785.3583	1244.0835	196	1
3_MACS_peak_6753_lociStitched	chr2	64430741	64442835	3	6203	8203.3602	2666.727	197	1
2_MACS_peak_629_lociStitched	chr1	145187821	145197473	2	7364	11328.5524	5797.9564	198	1
3_MACS_peak_5891_lociStitched	chr18	52930920	52936726	3	5225	6863.2726	1335.38	199	1
1_MACS_peak_667_lociStitched	chr1	149221966	149225744	1	3779	8340.6906	2816.8768	200	1
1_MACS_peak_1226_lociStitched	chr1	221949522	221952521	1	3000	6789.1362	1276.0745	201	1
1_MACS_peak_1992_lociStitched	chr10	112217360	112222111	1	4752	7025.7788	1512.7184	202	1
2_MACS_peak_8813_lociStitched	chr3	46579150	46588064	2	3641	7410.2082	1919.1842	203	1
2_MACS_peak_8046_lociStitched	chr20	60912110	60915827	2	3667	6725.9115	1235.9025	204	1
2_MACS_peak_14119_lociStitched	chr9	128394192	128398971	2	3074	6684.8652	1201.9185	205	1
4_MACS_peak_9716_lociStitched	chr4	38307638	38322116	4	7238	8995.1814	3526.8408	206	1
1_MACS_peak_1858_lociStitched	chr10	90144531	90147379	1	2849	6262.4672	817.6608	207	1
3_MACS_peak_162_lociStitched	chr1	27018376	27030179	3	5784	7877.3222	2442.0407	208	1
1_MACS_peak_13150_lociStitched	chr8	33410904	33413641	1	2738	6402.6641	974.372	209	1
1_MACS_peak_13509_lociStitched	chr8	126953526	126955446	1	1921	5918.016	491.712	210	1
1_MACS_peak_11808_lociStitched	chr6	90006922	90009520	1	2599	6190.5144	780.9588	211	1
2_MACS_peak_12682_lociStitched	chr7	104596689	104604955	2	4305	7342.6878	1943.3366	212	1
2_MACS_peak_6164_lociStitched	chr19	16476768	16483719	2	4613	6783.4809	1385.3343	213	1
2_MACS_peak_636_lociStitched	chr1	145449784	145456727	2	5189	8118.4499	2735.542	214	1
2_MACS_peak_4041_lociStitched	chr14	106161959	106168346	2	3691	6492.3855	1115.1702	215	1
1_MACS_peak_13547_lociStitched	chr8	134245967	134248360	1	2394	6437.6486	1062.492	216	1
2_MACS_peak_570_lociStitched	chr1	118166009	118177783	2	6945	7246.897	1873.2434	217	1
1_MACS_peak_7460_lociStitched	chr2	204891123	204893011	1	1889	5942.2912	574.3296	218	1
2_MACS_peak_1098_lociStitched	chr1	203267640	203278416	2	8007	9535.6824	4168.1568	219	1
2_MACS_peak_3401_lociStitched	chr12	108955896	108963404	2	6213	7752.7608	2393.5504	220	1
2_MACS_peak_11986_lociStitched	chr6	130834226	130839537	2	3558	6763.5585	1408.4772	221	1
2_MACS_peak_2655_lociStitched	chr11	117878260	117883358	2	4179	6475.4796	1123.5992	222	1
4_MACS_peak_4417_lociStitched	chr15	74832466	74845929	4	6692	8061.6444	2714.1408	223	1
2_MACS_peak_8083_lociStitched	chr21	19152285	19157819	2	3719	6696.14	1358.0436	224	1
1_MACS_peak_8068_lociStitched	chr21	9962954	9969436	1	6483	8219.176	2896.8058	225	1
2_MACS_peak_12455_lociStitched	chr7	52775519	52780608	2	3671	6155.6544	845.2829	226	1
1_MACS_peak_1013_lociStitched	chr1	187153858	187155633	1	1776	6129.2525	823.245	227	1
2_MACS_peak_1029_lociStitched	chr1	192573523	192579699	2	3552	7062.256	1784.864	228	1
2_MACS_peak_1434_lociStitched	chr10	3846775	3854368	2	4618	6991.6344	1720.5738	229	1
2_MACS_peak_2965_lociStitched	chr12	27331108	27339671	2	4321	7483.2057	2213.5355	230	1
2_MACS_peak_10325_lociStitched	chr4	185201627	185210653	2	7347	7966.3476	2708.7026	231	1
2_MACS_peak_1131_lociStitched	chr1	206728390	206737435	2	7895	8675.964	3425.3415	232	1
2_MACS_peak_2041_lociStitched	chr10	125156947	125163092	2	3061	6679.615	1429.327	233	1
1_MACS_peak_12856_lociStitched	chr7	137435264	137437210	1	1947	5915.4508	672.343	234	1
2_MACS_peak_673_lociStitched	chr1	149802725	149815484	2	7532	8927.4723	3689.9028	235	1
1_MACS_peak_8494_lociStitched	chr22	39841895	39844942	1	3048	6262.8038	1030.4954	236	1
2_MACS_peak_675_lociStitched	chr1	149821514	149834232	2	7824	9126.4368	3912.0568	237	1
2_MACS_peak_2614_lociStitched	chr11	111241196	111250882	2	6649	7673.2492	2461.2126	238	1
2_MACS_peak_13104_lociStitched	chr8	26428466	26435996	2	5379	7063.14	1853.133	239	1
1_MACS_peak_9289_lociStitched	chr3	156534156	156536531	1	2376	5915.8875	706.8	240	1
1_MACS_peak_6564_lociStitched	chr2	33700264	33705057	1	4794	6680.4834	1481.037	241	1
2_MACS_peak_10626_lociStitched	chr5	58853103	58860206	2	3242	6445.2622	1249.4177	242	1
1_MACS_peak_8180_lociStitched	chr21	36237010	36239159	1	2150	5982.1713	787.1787	243	1
2_MACS_peak_6491_lociStitched	chr2	20405921	20414646	2	6763	7571.555	2380.18	244	1
3_MACS_peak_14161_lociStitched	chr9	132769076	132779720	3	4496	6820.6752	1629.5964	245	1
4_MACS_peak_6986_lociStitched	chr2	109823563	109842305	4	6705	8825.6078	3639.6964	246	1
1_MACS_peak_13140_lociStitched	chr8	29630159	29633634	1	3476	6313.7275	1149.1825	247	1
2_MACS_peak_13485_lociStitched	chr8	126163251	126167532	2	2826	6024.6513	866.0463	248	1
3_MACS_peak_4081_lociStitched	chr15	23660819	23669233	3	4782	6951.6468	1793.8648	249	1
1_MACS_peak_9987_lociStitched	chr4	100766636	100770077	1	3442	6004.8891	850.2711	250	1
2_MACS_peak_736_lociStitched	chr1	154756927	154765064	2	4401	7958.7997	2818.6568	251	1
3_MACS_peak_824_lociStitched	chr1	161145190	161156730	3	7219	9031.204	3897.058	252	1
2_MACS_peak_3364_lociStitched	chr12	102130768	102138769	2	3284	6563.2203	1436.1795	253	1
1_MACS_peak_12685_lociStitched	chr7	104651861	104655924	1	4064	6335.0296	1220.5252	254	1
2_MACS_peak_13644_lociStitched	chr9	9606314	9613142	2	2741	6306.3408	1209.2388	255	1
3_MACS_peak_2366_lociStitched	chr11	60672817	60683708	3	6621	7672.7095	2581.167	256	1
2_MACS_peak_8610_lociStitched	chr3	8699321	8707990	2	3217	6818.1685	1772.8105	257	1
4_MACS_peak_8274_lociStitched	chr21	45194749	45210156	4	7722	9458.3573	4434.1346	258	1
3_MACS_peak_11870_lociStitched	chr6	106545139	106555687	3	5555	7643.0808	2634.8904	259	1
2_MACS_peak_8477_lociStitched	chr22	39377444	39382059	2	3542	6151.3335	1154.2115	260	1
2_MACS_peak_14059_lociStitched	chr9	117210677	117215833	2	3648	6535.7456	1554.534	261	1
1_MACS_peak_1718_lociStitched	chr10	63804655	63811593	1	6939	6770.1004	1790.004	262	1
3_MACS_peak_2467_lociStitched	chr11	71414473	71426506	3	6996	8039.2473	3064.8051	263	1
1_MACS_peak_2476_lociStitched	chr11	72863067	72866212	1	3146	6200.3675	1226.55	264	1
2_MACS_peak_4694_lociStitched	chr16	12056691	12064871	2	7122	7371.816	2411.464	265	1
2_MACS_peak_14158_lociStitched	chr9	132646600	132657589	2	6523	7242.8499	2302.1955	266	1
4_MACS_peak_4358_lociStitched	chr15	67366056	67384433	4	5086	8124.4717	3193.9226	267	1
3_MACS_peak_6625_lociStitched	chr2	42344762	42357690	3	6556	7818.8544	2893.2864	268	1
1_MACS_peak_5438_lociStitched	chr17	56697470	56699377	1	1908	5661.883	760.893	269	1
2_MACS_peak_774_lociStitched	chr1	156469819	156476107	2	4226	7063.3104	2167.4736	270	1
3_MACS_peak_279_lociStitched	chr1	40846780	40858198	3	5085	7701.441	2813.3952	271	1
2_MACS_peak_13259_lociStitched	chr8	60963519	60970448	2	3170	6095.4413	1228.5117	272	1
2_MACS_peak_6623_lociStitched	chr2	42328205	42333934	2	4543	6296.7439	1448.2912	273	1
2_MACS_peak_13023_lociStitched	chr8	11387776	11396152	2	3154	6596.9376	1769.8488	274	1
3_MACS_peak_9734_lociStitched	chr4	40302983	40310900	3	5052	6899.6655	2079.7959	275	1
2_MACS_peak_11659_lociStitched	chr6	52254295	52259931	2	3231	6013.612	1197.65	276	1
1_MACS_peak_12697_lociStitched	chr7	105985555	105988701	1	3147	6005.714	1196.7384	277	1
1_MACS_peak_2748_lociStitched	chr11	129286886	129288983	1	2098	5365.5939	559.2699	278	1
3_MACS_peak_1292_lociStitched	chr1	228725643	228732971	3	3685	6092.4992	1312.4448	279	1
1_MACS_peak_1351_lociStitched	chr1	235242097	235243929	1	1833	5507.1752	730.968	280	1
1_MACS_peak_12823_lociStitched	chr7	130790808	130796680	1	5873	6716.9808	1943.0448	281	1
2_MACS_peak_13896_lociStitched	chr9	93909650	93914433	2	3268	5845.3043	1071.392	282	1
1_MACS_peak_5829_lociStitched	chr18	42338269	42340742	1	2474	5411.1713	642.7327	283	1
2_MACS_peak_1306_lociStitched	chr1	230239240	230246651	2	4472	7164.2137	2398.1996	284	1
1_MACS_peak_7788_lociStitched	chr20	24822560	24824591	1	2032	5487.9651	727.098	285	1
1_MACS_peak_9481_lociStitched	chr3	186713321	186719497	1	6177	7397.6128	2640.24	286	1
3_MACS_peak_6633_lociStitched	chr2	43444445	43457163	3	6172	7788.5032	3033.243	287	1
1_MACS_peak_4534_lociStitched	chr15	90638123	90643859	1	5737	6579.7656	1829.784	288	1
2_MACS_peak_5098_lociStitched	chr17	6064030	6070605	2	3949	6326.465	1577.3425	289	1
1_MACS_peak_4160_lociStitched	chr15	34894842	34896212	1	1371	5086.262	338.39	290	1
2_MACS_peak_2338_lociStitched	chr11	58340767	58346523	2	5516	6428.3008	1685.9324	291	1
2_MACS_peak_8250_lociStitched	chr21	43647506	43655675	2	5171	7477.0857	2735.7981	292	1
4_MACS_peak_3237_lociStitched	chr12	77454052	77465011	4	5664	6897.5946	2162.2107	293	1
3_MACS_peak_11889_lociStitched	chr6	108879321	108889957	3	9153	7088.894	2354.8104	294	1
1_MACS_peak_608_lociStitched	chr1	143741202	143746085	1	4884	6501.2262	1771.5524	295	1
2_MACS_peak_4520_lociStitched	chr15	89655082	89660426	2	4662	5995.968	1267.5968	296	1
1_MACS_peak_6862_lociStitched	chr2	86262468	86266413	1	3946	5908.821	1181.5275	297	1
4_MACS_peak_13498_lociStitched	chr8	126441477	126449908	4	7209	6513.7906	1799.1754	298	1
1_MACS_peak_3199_lociStitched	chr12	68767307	68769762	1	2456	5446.663	735.518	299	1
1_MACS_peak_9482_lociStitched	chr3	186779983	186785612	1	5630	6933.2393	2232.4614	300	1
1_MACS_peak_12023_lociStitched	chr6	135907537	135909016	1	1480	5135.9754	446.3622	301	1
2_MACS_peak_3749_lociStitched	chr13	114557123	114566621	2	8849	7337.205	2651.8416	302	1
2_MACS_peak_9450_lociStitched	chr3	183228830	183235093	2	4572	7103.4946	2423.781	303	1
2_MACS_peak_11207_lociStitched	chr5	172191647	172200111	2	4428	6289.5984	1619.1632	304	1
2_MACS_peak_6580_lociStitched	chr2	37541743	37553320	2	11449	7549.3617	2882.673	305	1
3_MACS_peak_4381_lociStitched	chr15	70047342	70053912	3	4751	6316.398	1654.326	306	1
1_MACS_peak_4669_lociStitched	chr16	11057642	11060246	1	2605	5367.8856	714.0168	307	1
1_MACS_peak_13171_lociStitched	chr8	37737753	37740976	1	3224	5494.5704	848.2936	308	1
4_MACS_peak_5607_lociStitched	chr17	76763592	76776877	4	7662	7369.1895	2738.0385	309	1
2_MACS_peak_8364_lociStitched	chr22	24822884	24831518	2	3803	6430.6032	1804.506	310	1
1_MACS_peak_10953_lociStitched	chr5	129659078	129661539	1	2462	5356.1204	736.5773	311	1
1_MACS_peak_12964_lociStitched	chr7	156714703	156716840	1	2138	5255.0967	636.826	312	1
1_MACS_peak_8244_lociStitched	chr21	43481066	43485747	1	4682	6744.8529	2138.7489	313	1
2_MACS_peak_12785_lociStitched	chr7	122824029	122831873	2	3471	6852.5184	2248.0904	314	1
1_MACS_peak_1436_lociStitched	chr10	3915430	3918528	1	3099	5402.912	804.8604	315	1
1_MACS_peak_11044_lociStitched	chr5	141243690	141245330	1	1641	5225.532	632.712	316	1
1_MACS_peak_2519_lociStitched	chr11	82679387	82681900	1	2514	5437.3781	870.7545	317	1
1_MACS_peak_3644_lociStitched	chr13	78690502	78692667	1	2166	5124.988	565.065	318	1
1_MACS_peak_12048_lociStitched	chr6	138270427	138274211	1	3785	5448.5816	888.8616	319	1
3_MACS_peak_4239_lociStitched	chr15	46995111	47008072	3	4815	7045.5996	2488.512	320	1
1_MACS_peak_7887_lociStitched	chr20	40710949	40713203	1	2255	5130.5548	580.405	321	1
2_MACS_peak_689_lociStitched	chr1	150583199	150587195	2	3995	6047.5464	1503.2952	322	1
2_MACS_peak_9552_lociStitched	chr3	197456547	197464904	2	6283	7070.022	2532.171	323	1
1_MACS_peak_7568_lociStitched	chr2	228275070	228277424	1	2355	5117.1252	586.8522	324	1
1_MACS_peak_7888_lociStitched	chr20	40721137	40723435	1	2299	5026.4154	497.9766	325	1
2_MACS_peak_10425_lociStitched	chr5	6480077	6486487	2	5231	6086.295	1565.322	326	1
3_MACS_peak_10958_lociStitched	chr5	130709574	130718540	3	6264	6562.2154	2047.8344	327	1
1_MACS_peak_9452_lociStitched	chr3	183242805	183246566	1	3762	6152.2438	1643.1809	328	1
3_MACS_peak_4923_lociStitched	chr16	68285077	68299147	3	5890	7461.321	2977.212	329	1
3_MACS_peak_612_lociStitched	chr1	143991938	144001519	3	5630	6845.6245	2363.6327	330	1
4_MACS_peak_8599_lociStitched	chr3	5233188	5241655	4	5896	6443.387	1966.0374	331	1
2_MACS_peak_3274_lociStitched	chr12	89738476	89749093	2	6711	7193.0175	2716.8903	332	1
1_MACS_peak_2086_lociStitched	chr11	267484	270332	1	2849	5404.08	945.536	333	1
1_MACS_peak_7149_lociStitched	chr2	137138652	137141257	1	2606	5142.0095	686.9385	334	1
1_MACS_peak_9519_lociStitched	chr3	194023305	194026335	1	3031	5593.986	1146.552	335	1
4_MACS_peak_3477_lociStitched	chr12	125398591	125406473	4	6604	5652.1822	1217.769	336	1
1_MACS_peak_2579_lociStitched	chr11	102186824	102190186	1	3363	5533.852	1106.4342	337	1
1_MACS_peak_8261_lociStitched	chr21	44581713	44586304	1	4592	6321.3479	1903.8877	338	1
3_MACS_peak_9398_lociStitched	chr3	176912744	176920813	3	7786	7001.4713	2591.7628	339	1
2_MACS_peak_10970_lociStitched	chr5	131435767	131440991	2	4275	5964.7632	1560.4088	340	1
1_MACS_peak_5165_lociStitched	chr17	19206529	19210753	1	4225	5705.3568	1301.4144	341	1
2_MACS_peak_1763_lociStitched	chr10	72335281	72338974	2	3174	5305.7331	921.7728	342	1
3_MACS_peak_8520_lociStitched	chr22	42928627	42936070	3	4260	6481.3644	2104.8804	343	1
1_MACS_peak_1778_lociStitched	chr10	74056284	74058497	1	2214	4943.842	568.0771	344	1
1_MACS_peak_8682_lociStitched	chr3	23202786	23205199	1	2414	4988.1536	613.3846	345	1
1_MACS_peak_933_lociStitched	chr1	179049122	179053617	1	4496	6149.6095	1775.9745	346	1
2_MACS_peak_3256_lociStitched	chr12	80686801	80694632	2	2921	5688.4384	1315.608	347	1
2_MACS_peak_8798_lociStitched	chr3	46246089	46256006	2	6444	7073.7961	2715.2746	348	1
2_MACS_peak_13455_lociStitched	chr8	120939213	120947511	2	3846	6239.2662	1891.1142	349	1
1_MACS_peak_1342_lociStitched	chr1	234907119	234909366	1	2248	5073.5013	726.0057	350	1
4_MACS_peak_8468_lociStitched	chr22	38782600	38793772	4	6934	6571.3704	2224.3452	351	1
2_MACS_peak_9179_lociStitched	chr3	129893481	129899316	2	3893	5736.972	1393.398	352	1
1_MACS_peak_13892_lociStitched	chr9	93703786	93706249	1	2464	5137.5717	800.2287	353	1
2_MACS_peak_4566_lociStitched	chr15	96406764	96413732	2	3204	5538.1664	1203.3736	354	1
2_MACS_peak_12884_lociStitched	chr7	141016409	141020969	2	2874	5851.848	1517.112	355	1
2_MACS_peak_11875_lociStitched	chr6	106610536	106616325	2	4365	6230.7007	1898.792	356	1
2_MACS_peak_7293_lociStitched	chr2	175457899	175463510	2	4661	5842.1732	1514.4089	357	1
3_MACS_peak_6339_lociStitched	chr19	48880791	48895210	3	5060	7277.2693	2951.5693	358	1
1_MACS_peak_1989_lociStitched	chr10	112155072	112156578	1	1507	4760.0142	439.9026	359	1
4_MACS_peak_13903_lociStitched	chr9	94181094	94192510	4	6365	6759.4136	2447.5904	360	1
2_MACS_peak_3302_lociStitched	chr12	92932260	92938895	2	3827	5739.275	1435.1505	361	1
2_MACS_peak_13521_lociStitched	chr8	129668917	129672465	2	3444	5278.3596	990.9564	362	1
1_MACS_peak_6615_lociStitched	chr2	39718517	39720454	1	1938	4785.5522	499.3586	363	1
2_MACS_peak_8567_lociStitched	chr22	49227960	49231153	2	2569	4868.0478	582.4032	364	1
3_MACS_peak_2665_lociStitched	chr11	118738778	118743986	3	4820	5593.392	1318.1448	365	1
2_MACS_peak_12668_lociStitched	chr7	102064141	102074156	2	6050	6931.3815	2658.9825	366	1
1_MACS_peak_10091_lociStitched	chr4	121669416	121672024	1	2609	5051.696	786.0512	367	1
3_MACS_peak_11495_lociStitched	chr6	27791308	27807459	3	6622	7539.2868	3275.4228	368	1
3_MACS_peak_4422_lociStitched	chr15	75069239	75082949	3	7697	7891.476	3629.037	369	1
3_MACS_peak_9170_lociStitched	chr3	128994924	129002357	3	5435	5913.6948	1655.3291	370	1
1_MACS_peak_10362_lociStitched	chr4	186507919	186509738	1	1820	4956.4112	698.1322	371	1
1_MACS_peak_2477_lociStitched	chr11	72959727	72961482	1	1756	4718.844	464.724	372	1
3_MACS_peak_4476_lociStitched	chr15	81585445	81595585	3	5047	7306.884	3060.252	373	1
2_MACS_peak_12978_lociStitched	chr8	1991439	2000138	2	4720	5818.7611	1577.1287	374	1
2_MACS_peak_3323_lociStitched	chr12	94598131	94603023	2	4794	5652.706	1412.3204	375	1
2_MACS_peak_4934_lociStitched	chr16	68789610	68795411	2	3341	5494.7072	1257.6568	376	1
3_MACS_peak_8184_lociStitched	chr21	36420307	36430575	3	5184	6978.1328	2741.556	377	1
2_MACS_peak_1594_lociStitched	chr10	30989903	30996274	2	5140	5794.4245	1558.3466	378	1
1_MACS_peak_3403_lociStitched	chr12	109009366	109012457	1	3092	5168.7702	943.6823	379	1
2_MACS_peak_8021_lociStitched	chr20	56050355	56057057	2	3944	5828.0592	1605.129	380	1
4_MACS_peak_9540_lociStitched	chr3	196358259	196370910	4	7937	7909.4052	3686.5014	381	1
1_MACS_peak_12695_lociStitched	chr7	105816860	105819427	1	2568	5418.4236	1199.8158	382	1
4_MACS_peak_5472_lociStitched	chr17	62197678	62209957	4	6720	7174.6197	2960.4669	383	1
2_MACS_peak_4699_lociStitched	chr16	14492466	14501192	2	3507	6001.7428	1815.8806	384	1
4_MACS_peak_10025_lociStitched	chr4	105407673	105416978	4	5302	6079.887	1907.525	385	1
2_MACS_peak_6565_lociStitched	chr2	33718633	33723215	2	4229	5378.3516	1211.939	386	1
1_MACS_peak_8049_lociStitched	chr20	61281966	61284259	1	2294	4766.6884	606.0399	387	1
3_MACS_peak_11364_lociStitched	chr6	11722202	11733235	3	5815	6516.0898	2359.9587	388	1
1_MACS_peak_2078_lociStitched	chr10	130854785	130857330	1	2546	4715.1215	561.427	389	1
2_MACS_peak_6346_lociStitched	chr19	49375135	49380443	2	4707	5403.0132	1249.5032	390	1
2_MACS_peak_5594_lociStitched	chr17	76143289	76152102	2	4184	5910.8791	1759.9561	391	1
1_MACS_peak_100_lociStitched	chr1	17065411	17069146	1	3736	6272.559	2123.721	392	1
1_MACS_peak_11590_lociStitched	chr6	37122661	37125111	1	2451	4697.385	551.495	393	1
2_MACS_peak_1367_lociStitched	chr1	240075087	240079273	2	4016	5409.1492	1268.7766	394	1
1_MACS_peak_5962_lociStitched	chr18	69847754	69849487	1	1734	4571.1341	436.3694	395	1
1_MACS_peak_9904_lociStitched	chr4	82482637	82484510	1	1874	4610.5768	490.9133	396	1
1_MACS_peak_1456_lociStitched	chr10	6967216	6971378	1	4163	5216.2346	1100.0166	397	1
1_MACS_peak_1591_lociStitched	chr10	30817771	30819546	1	1776	4567.2525	465.5825	398	1
1_MACS_peak_8230_lociStitched	chr21	41384675	41389822	1	5148	5950.9614	1868.361	399	1
2_MACS_peak_9899_lociStitched	chr4	82412528	82416099	2	2938	4783.7116	708.8435	400	1
1_MACS_peak_13114_lociStitched	chr8	27901532	27903265	1	1734	4421.2296	361.1572	401	1
1_MACS_peak_677_lociStitched	chr1	149855944	149860971	1	5028	6296.8202	2237.015	402	1
2_MACS_peak_12356_lociStitched	chr7	35764228	35770897	2	3909	5583.9537	1532.5362	403	1
1_MACS_peak_10787_lociStitched	chr5	90675135	90681206	1	6072	5741.3447	1691.9877	404	1
1_MACS_peak_1990_lociStitched	chr10	112172836	112176244	1	3409	4942.9632	895.9632	405	1
2_MACS_peak_3762_lociStitched	chr13	115024693	115029777	2	3999	5356.5024	1318.7896	406	1
1_MACS_peak_11661_lociStitched	chr6	52361904	52364570	1	2667	4819.5948	799.0002	407	1
2_MACS_peak_7351_lociStitched	chr2	188846989	188854002	2	2753	5204.3473	1194.3139	408	1
1_MACS_peak_6224_lociStitched	chr19	29122174	29125104	1	2931	4783.811	774.106	409	1
1_MACS_peak_5036_lociStitched	chr16	90060896	90062927	1	2032	4228.7451	222.5976	410	1
3_MACS_peak_10013_lociStitched	chr4	103533453	103542511	3	4523	5969.222	1964.6802	411	1
2_MACS_peak_12295_lociStitched	chr7	25002415	25006544	2	2814	4989.8965	992.1987	412	1
2_MACS_peak_13506_lociStitched	chr8	126780865	126784764	2	2706	4753.2709	755.6262	413	1
1_MACS_peak_10772_lociStitched	chr5	88637381	88640736	1	3356	4911.049	914.573	414	1
1_MACS_peak_2789_lociStitched	chr12	1531471	1533756	1	2286	4563.602	571.0215	415	1
1_MACS_peak_6446_lociStitched	chr2	10547952	10551363	1	3412	4903.3125	912.7836	416	1
2_MACS_peak_7935_lociStitched	chr20	46386799	46391484	2	3992	5256.57	1277.5995	417	1
2_MACS_peak_3056_lociStitched	chr12	46608205	46612640	2	4344	5228.4215	1254.6615	418	1
2_MACS_peak_10337_lociStitched	chr4	185455310	185460641	2	4062	5326.2021	1356.7395	419	1
2_MACS_peak_945_lociStitched	chr1	180817118	180822244	2	3683	5413.5686	1455.784	420	1
1_MACS_peak_9109_lociStitched	chr3	119356373	119358909	1	2537	4819.9216	862.4936	421	1
2_MACS_peak_12743_lociStitched	chr7	114561905	114573460	2	6420	7191.832	3237.711	422	1
2_MACS_peak_4133_lociStitched	chr15	31637295	31646428	2	4530	5719.0846	1769.0621	423	1
3_MACS_peak_3946_lociStitched	chr14	81936309	81945579	3	4061	5081.814	1136.502	424	1
2_MACS_peak_4122_lociStitched	chr15	31368958	31376291	2	3775	5642.0102	1698.3228	425	1
2_MACS_peak_4043_lociStitched	chr14	106323956	106329040	2	2308	4567.974	648.7184	426	1
1_MACS_peak_5871_lociStitched	chr18	48677865	48681201	1	3337	4867.224	953.7624	427	1
1_MACS_peak_3776_lociStitched	chr14	23024407	23026159	1	1753	4142.0784	232.6656	428	1
3_MACS_peak_3299_lociStitched	chr12	92855317	92865981	3	4244	6043.2888	2134.9328	429	1
3_MACS_peak_1993_lociStitched	chr10	112256916	112264717	3	6948	6123.0049	2217.0442	430	1
1_MACS_peak_13550_lociStitched	chr8	134510186	134514451	1	4266	5178.9895	1274.382	431	1
2_MACS_peak_7834_lociStitched	chr20	32439640	32448304	2	3336	5868.1272	1965.8616	432	1
1_MACS_peak_13787_lociStitched	chr9	71267430	71268950	1	1521	4259.04	365.712	433	1
1_MACS_peak_13033_lociStitched	chr8	12443890	12446633	1	2744	5490.9374	1601.0891	434	1
2_MACS_peak_12959_lociStitched	chr7	155532807	155539607	2	3958	5589.6	1700.68	435	1
3_MACS_peak_5380_lociStitched	chr17	47816507	47827020	3	4751	6220.5421	2332.8347	436	1
3_MACS_peak_950_lociStitched	chr1	181097745	181105017	3	5053	5946.3144	2059.4304	437	1
1_MACS_peak_12665_lociStitched	chr7	101948249	101951023	1	2775	4840.0752	964.2424	438	1
1_MACS_peak_4306_lociStitched	chr15	56662573	56664768	1	2196	4385.8295	510.996	439	1
3_MACS_peak_3764_lociStitched	chr13	115039748	115048340	3	5284	5791.008	1927.1856	440	1
1_MACS_peak_5411_lociStitched	chr17	54863871	54865128	1	1258	4186.5642	325.9401	441	1
2_MACS_peak_7252_lociStitched	chr2	166003964	166006827	2	2421	4535.2783	677.6721	442	1
1_MACS_peak_7370_lociStitched	chr2	192539652	192544632	1	4981	4992.45	1136.436	443	1
1_MACS_peak_6999_lociStitched	chr2	110756142	110758516	1	2375	4618.8544	764.6654	444	1
1_MACS_peak_1046_lociStitched	chr1	194258110	194259568	1	1459	4342.7988	490.0338	445	1
1_MACS_peak_12008_lociStitched	chr6	134567809	134570214	1	2406	4483.401	631.553	446	1
1_MACS_peak_99_lociStitched	chr1	16990774	16995051	1	4278	6313.2797	2462.2689	447	1
2_MACS_peak_8423_lociStitched	chr22	35704160	35707837	2	3583	4876.8051	1030.2954	448	1
1_MACS_peak_5573_lociStitched	chr17	75205102	75209684	1	4583	5343.9866	1501.9796	449	1
3_MACS_peak_8164_lociStitched	chr21	34746257	34756971	3	5204	6768.0338	2927.0648	450	1
3_MACS_peak_4446_lociStitched	chr15	77471578	77481016	3	3643	5545.7688	1712.0532	451	1
4_MACS_peak_4335_lociStitched	chr15	63765864	63779911	4	5957	6989.7872	3159.1703	452	1
3_MACS_peak_11863_lociStitched	chr6	106227828	106240140	3	3828	6302.5128	2475.9432	453	1
2_MACS_peak_6894_lociStitched	chr2	89050649	89055272	2	4280	5114.4249	1297.2138	454	1
2_MACS_peak_6781_lociStitched	chr2	65616680	65622143	2	2976	5118.831	1307.2959	455	1
3_MACS_peak_7512_lociStitched	chr2	217080898	217088512	3	5272	5830.0398	2019.2328	456	1
2_MACS_peak_2413_lociStitched	chr11	65238958	65245908	2	3911	5259.76	1451.16	457	1
2_MACS_peak_9148_lociStitched	chr3	125554005	125560284	2	4012	5421.2886	1618.7262	458	1
3_MACS_peak_13115_lociStitched	chr8	28195378	28206574	3	5245	5903.6508	2105.9676	459	1
1_MACS_peak_12886_lociStitched	chr7	141256698	141259352	1	2655	4824.4412	1028.6904	460	1
1_MACS_peak_4592_lociStitched	chr15	101738492	101741028	1	2537	4375.1072	582.7728	461	1
1_MACS_peak_7560_lociStitched	chr2	227636863	227638439	1	1577	4168.52	376.664	462	1
2_MACS_peak_11635_lociStitched	chr6	45644866	45650596	2	2755	4869.927	1087.554	463	1
2_MACS_peak_1211_lociStitched	chr1	218629059	218634390	2	3631	5453.613	1672.8678	464	1
2_MACS_peak_14089_lociStitched	chr9	123654073	123660282	2	3189	5071.5112	1292.7138	465	1
3_MACS_peak_4429_lociStitched	chr15	75353226	75362696	3	5624	5828.785	2063.513	466	1
3_MACS_peak_5279_lociStitched	chr17	37925752	37937898	3	3995	6422.8048	2657.5448	467	1
4_MACS_peak_11231_lociStitched	chr5	175077458	175085348	4	6048	5537.991	1773.672	468	1
3_MACS_peak_5362_lociStitched	chr17	46528275	46535273	3	5354	5456.3406	1697.015	469	1
3_MACS_peak_953_lociStitched	chr1	181117896	181129804	3	4863	7105.5036	3356.8652	470	1
1_MACS_peak_7728_lociStitched	chr20	12033402	12034819	1	1418	4176.1824	428.6425	471	1
2_MACS_peak_1462_lociStitched	chr10	8172947	8175937	2	2857	4441.944	696.371	472	1
1_MACS_peak_807_lociStitched	chr1	160641409	160646170	1	4762	5753.6685	2032.4709	473	1
1_MACS_peak_13017_lociStitched	chr8	10822410	10825240	1	2831	4684.782	964.181	474	1
4_MACS_peak_1003_lociStitched	chr1	186583403	186596391	4	4967	6591.41	2871.6468	475	1
1_MACS_peak_3722_lociStitched	chr13	109813596	109815834	1	2239	4215.0492	495.717	476	1
2_MACS_peak_854_lociStitched	chr1	164685776	164691302	2	3829	5416.0326	1705.3236	477	1
1_MACS_peak_7893_lociStitched	chr20	42309171	42311987	1	2817	4556.0064	847.616	478	1
3_MACS_peak_602_lociStitched	chr1	143442290	143451384	3	6686	6264.8566	2563.5986	479	1
3_MACS_peak_1056_lociStitched	chr1	197740163	197748533	3	6260	6578.82	2889.324	480	1
1_MACS_peak_8558_lociStitched	chr22	48391688	48393063	1	1376	3989.975	301.125	481	1
2_MACS_peak_2048_lociStitched	chr10	125823033	125832524	2	7254	5780.9681	2092.7655	482	1
3_MACS_peak_2499_lociStitched	chr11	78131163	78139522	3	4677	5488.5194	1803.0363	483	1
1_MACS_peak_9551_lociStitched	chr3	197438550	197440778	1	2229	4585.0012	899.6664	484	1
2_MACS_peak_10770_lociStitched	chr5	88608497	88616950	2	3675	5526.5714	1850.3617	485	1
1_MACS_peak_8226_lociStitched	chr21	41304012	41308558	1	4547	5533.3912	1858.8594	486	1
1_MACS_peak_12046_lociStitched	chr6	138247397	138250178	1	2782	4305.2661	632.6775	487	1
1_MACS_peak_3200_lociStitched	chr12	68874265	68878111	1	3847	4713.6576	1042.6506	488	1
2_MACS_peak_11532_lociStitched	chr6	31701736	31708607	2	4864	5450.7643	1783.7116	489	1
2_MACS_peak_3753_lociStitched	chr13	114789695	114794119	2	4148	4500.9776	836.5784	490	1
2_MACS_peak_11873_lociStitched	chr6	106588620	106595254	2	5274	5574.5502	1915.2358	491	1
1_MACS_peak_3759_lociStitched	chr13	114913317	114915930	1	2614	4180.0161	521.5548	492	1
2_MACS_peak_12670_lociStitched	chr7	102081545	102086434	2	3319	4778.0197	1123.9811	493	1
2_MACS_peak_6099_lociStitched	chr19	10329951	10333655	2	3051	4458.5048	806.7312	494	1
1_MACS_peak_11550_lociStitched	chr6	32935541	32940992	1	5452	5163.1872	1513.1976	495	1
1_MACS_peak_1051_lociStitched	chr1	195163583	195165775	1	2193	4421.4832	773.1184	496	1
1_MACS_peak_3295_lociStitched	chr12	92755360	92759873	1	4514	4828.91	1189.6268	497	1
1_MACS_peak_9343_lociStitched	chr3	169083847	169085696	1	1850	4398.0314	760.4937	498	1
2_MACS_peak_4996_lociStitched	chr16	81842235	81851996	2	4560	4847.3126	1210.364	499	1
3_MACS_peak_8350_lociStitched	chr22	23478349	23488130	3	6147	5898.9211	2262.3453	500	1
2_MACS_peak_1899_lociStitched	chr10	94869551	94876088	2	2724	5049.8325	1422.4512	501	1
3_MACS_peak_9497_lociStitched	chr3	191007666	191019593	3	5167	6799.5827	3174.9674	502	1
3_MACS_peak_9577_lociStitched	chr4	3042081	3050161	3	5257	5201.096	1582.872	503	1
2_MACS_peak_117_lociStitched	chr1	21616805	21622231	2	4161	5065.171	1447.6568	504	1
1_MACS_peak_2759_lociStitched	chr11	130635260	130637975	1	2716	4324.1805	714.045	505	1
1_MACS_peak_9394_lociStitched	chr3	176585369	176587002	1	1634	4201.5457	596.6982	506	1
2_MACS_peak_13173_lociStitched	chr8	37755785	37761965	2	3285	4699.89	1095.096	507	1
1_MACS_peak_7008_lociStitched	chr2	111504821	111507122	1	2302	4291.1349	686.8485	508	1
1_MACS_peak_7350_lociStitched	chr2	188732572	188734853	1	2282	4265.0138	662.8586	509	1
2_MACS_peak_583_lociStitched	chr1	120622772	120631650	2	3831	6930.1668	3329.25	510	1
1_MACS_peak_1024_lociStitched	chr1	192485048	192486960	1	1913	4495.6856	895.9632	511	1
1_MACS_peak_12934_lociStitched	chr7	150101257	150104857	1	3601	4853.52	1255.32	512	1
2_MACS_peak_13072_lociStitched	chr8	19553403	19558248	2	2476	4613.409	1016.9655	513	1
2_MACS_peak_12316_lociStitched	chr7	28191082	28195326	2	2420	4289.4108	694.3184	514	1
1_MACS_peak_13630_lociStitched	chr9	5625931	5630397	1	4467	4778.1734	1183.49	515	1
5_MACS_peak_4954_lociStitched	chr16	70827396	70850354	5	6632	7626.6476	4036.0164	516	1
2_MACS_peak_10402_lociStitched	chr5	1335743	1343981	2	4426	5264.082	1676.433	517	1
3_MACS_peak_7747_lociStitched	chr20	17828831	17837645	3	3359	5200.26	1615.6062	518	1
2_MACS_peak_1032_lociStitched	chr1	192774715	192781289	2	5543	6180.2174	2603.9614	519	1
2_MACS_peak_12429_lociStitched	chr7	47514243	47522354	2	4589	5876.4195	2300.2796	520	1
2_MACS_peak_10736_lociStitched	chr5	81146740	81151547	2	4151	4699.3232	1126.2801	521	1
1_MACS_peak_5315_lociStitched	chr17	40729219	40731520	1	2302	4428.0444	861.9546	522	1
3_MACS_peak_11940_lociStitched	chr6	117859487	117870961	3	4206	5732.4104	2170.8808	523	1
1_MACS_peak_6065_lociStitched	chr19	6576799	6579171	1	2373	4374.4424	813.1216	524	1
2_MACS_peak_2953_lociStitched	chr12	26306164	26311193	2	3829	4829.8516	1269.3196	525	1
2_MACS_peak_13802_lociStitched	chr9	73028359	73036072	2	4820	5028.1047	1467.7839	526	1
2_MACS_peak_6860_lociStitched	chr2	86220472	86227417	2	3912	5513.6355	1955.712	527	1
1_MACS_peak_1048_lociStitched	chr1	194798116	194801483	1	3368	4729.9616	1172.0527	528	1
1_MACS_peak_7012_lociStitched	chr2	111806893	111809269	1	2377	4159.4256	605.1672	529	1
1_MACS_peak_1150_lociStitched	chr1	207995373	208000145	1	4773	5448.6696	1898.3016	530	1
3_MACS_peak_2760_lociStitched	chr11	130670702	130677655	3	5021	5154.2589	1610.3148	531	1
1_MACS_peak_1346_lociStitched	chr1	235097843	235099852	1	2010	4320.9572	777.2821	532	1
3_MACS_peak_12410_lociStitched	chr7	45034576	45048029	3	4012	5962.3696	2426.9212	533	1
1_MACS_peak_1091_lociStitched	chr1	202584101	202586048	1	1948	4405.4769	871.6719	534	1
2_MACS_peak_13518_lociStitched	chr8	129278967	129286956	2	3305	5243.1807	1709.646	535	1
2_MACS_peak_8018_lociStitched	chr20	55967230	55974279	2	3622	5262.7834	1735.4638	536	1
2_MACS_peak_6260_lociStitched	chr19	39921074	39927308	2	3060	4826.3628	1304.7762	537	1
3_MACS_peak_2212_lociStitched	chr11	19451662	19457726	3	5399	5091.3344	1569.9696	538	1
1_MACS_peak_12817_lociStitched	chr7	129588241	129593332	1	5092	5574.645	2054.7276	539	1
4_MACS_peak_3931_lociStitched	chr14	77490105	77507415	4	5294	5347.059	1836.591	540	1
1_MACS_peak_2715_lociStitched	chr11	126057679	126060155	1	2477	4454.0764	944.0988	541	1
2_MACS_peak_2306_lociStitched	chr11	45838301	45846434	2	2984	5016.4344	1511.1114	542	1
2_MACS_peak_2363_lociStitched	chr11	60605613	60610118	2	3623	4681.596	1181.6615	543	1
2_MACS_peak_8640_lociStitched	chr3	13460037	13470345	2	5024	5150.9076	1651.3416	544	1
3_MACS_peak_11630_lociStitched	chr6	45387831	45394836	3	5916	4835.5515	1337.955	545	1
1_MACS_peak_9296_lociStitched	chr3	156876159	156879395	1	3237	4769.864	1275.9548	546	1
2_MACS_peak_11140_lociStitched	chr5	156692399	156700350	2	4234	5326.3749	1835.8859	547	1
1_MACS_peak_930_lociStitched	chr1	178546967	178551264	1	4298	5302.498	1812.4746	548	1
1_MACS_peak_12895_lociStitched	chr7	142505706	142507768	1	2063	4391.4414	907.8986	549	1
2_MACS_peak_10151_lociStitched	chr4	140128197	140135907	2	4456	5023.065	1542.771	550	1
2_MACS_peak_9352_lociStitched	chr3	169845903	169851155	2	4546	5255.1512	1776.7516	551	1
1_MACS_peak_8024_lociStitched	chr20	56192666	56196791	1	4126	4558.5375	1087.7625	552	1
1_MACS_peak_1184_lociStitched	chr1	212661080	212663019	1	1940	4202.7825	733.5237	553	1
1_MACS_peak_12778_lociStitched	chr7	121169807	121171877	1	2071	4318.02	850.563	554	1
2_MACS_peak_768_lociStitched	chr1	156194948	156199230	2	3512	4961.9816	1499.5564	555	1
1_MACS_peak_8563_lociStitched	chr22	48492893	48495036	1	2144	3981.0511	520.1061	556	1
1_MACS_peak_13546_lociStitched	chr8	134228191	134230846	1	2656	4332.1635	875.3535	557	1
2_MACS_peak_6128_lociStitched	chr19	12721181	12725552	2	3759	4487.2686	1036.3641	558	1
1_MACS_peak_5066_lociStitched	chr17	3460512	3463080	1	2569	4129.8576	684.8856	559	1
1_MACS_peak_7349_lociStitched	chr2	188450543	188452093	1	1551	3678.15	238.855	560	1
2_MACS_peak_8892_lociStitched	chr3	61616361	61624101	2	2654	4821.246	1383.138	561	1
1_MACS_peak_13895_lociStitched	chr9	93861911	93864911	1	3001	4481.7	1046.1	562	1
1_MACS_peak_12595_lociStitched	chr7	90560732	90562932	1	2201	4036.56	601.7	563	1
1_MACS_peak_7001_lociStitched	chr2	111127966	111130175	1	2210	4136.7943	706.2173	564	1
1_MACS_peak_10321_lociStitched	chr4	184642821	184645284	1	2464	3837.8466	409.8432	565	1
2_MACS_peak_986_lociStitched	chr1	184711772	184717247	2	4875	5039.19	1611.2925	566	1
1_MACS_peak_8273_lociStitched	chr21	45135971	45140451	1	4481	4809.28	1381.632	567	1
1_MACS_peak_12259_lociStitched	chr7	20368412	20372217	1	3806	4264.2635	840.144	568	1
2_MACS_peak_130_lociStitched	chr1	23850852	23855861	2	4335	5007.4973	1587.853	569	1
1_MACS_peak_3228_lociStitched	chr12	76352389	76354995	1	2607	4209.7324	790.1392	570	1
2_MACS_peak_10615_lociStitched	chr5	56467400	56472845	2	5403	4465.989	1050.3405	571	1
1_MACS_peak_2663_lociStitched	chr11	118690336	118692742	1	2407	4061.0874	645.7704	572	1
1_MACS_peak_2809_lociStitched	chr12	4378275	4383501	1	5227	4470.3204	1061.9232	573	1
1_MACS_peak_4501_lociStitched	chr15	85277126	85280430	1	3305	4408.8576	1002.1032	574	1
2_MACS_peak_5482_lociStitched	chr17	62981042	62985835	2	3357	4861.5399	1455.1548	575	1
1_MACS_peak_14130_lociStitched	chr9	129766763	129768675	1	1913	3960.708	565.1872	576	1
1_MACS_peak_8252_lociStitched	chr21	43880123	43881994	1	1872	4339.7845	944.6679	577	1
2_MACS_peak_5500_lociStitched	chr17	66230746	66235433	2	4043	4523.8924	1129.0983	578	1
2_MACS_peak_9565_lociStitched	chr4	1208797	1213679	2	3408	4476.3058	1082.8276	579	1
1_MACS_peak_5158_lociStitched	chr17	18964446	18968185	1	3740	4496.5214	1108.6135	580	1
1_MACS_peak_7843_lociStitched	chr20	33002277	33005283	1	3007	4033.7514	647.793	581	1
2_MACS_peak_7898_lociStitched	chr20	42578029	42585033	2	3738	4767.6228	1386.792	582	1
1_MACS_peak_1188_lociStitched	chr1	212779780	212783438	1	3659	4741.4996	1362.9708	583	1
2_MACS_peak_2281_lociStitched	chr11	35160121	35168349	2	5164	5738.2072	2364.7272	584	1
2_MACS_peak_3321_lociStitched	chr12	94584081	94588065	2	3084	4484.3904	1112.7312	585	1
2_MACS_peak_2381_lociStitched	chr11	62318781	62325346	2	4470	5063.5845	1694.4265	586	1
3_MACS_peak_11282_lociStitched	chr6	390987	400748	3	5727	5528.6304	2160.1093	587	1
1_MACS_peak_9288_lociStitched	chr3	156402109	156405458	1	3350	4451.4908	1083.4015	588	1
1_MACS_peak_7782_lociStitched	chr20	24127996	24130053	1	2058	4020.8179	658.4457	589	1
1_MACS_peak_10000_lociStitched	chr4	101939202	101942777	1	3576	4346.485	984.555	590	1
1_MACS_peak_633_lociStitched	chr1	145394917	145400225	1	5309	5501.2112	2141.2472	591	1
1_MACS_peak_4062_lociStitched	chr15	21925537	21928807	1	3271	4712.07	1354.107	592	1
1_MACS_peak_5671_lociStitched	chr18	3525374	3527788	1	2415	3842.8466	486.1796	593	1
2_MACS_peak_2446_lociStitched	chr11	67647502	67654005	2	4265	5275.8839	1922.9371	594	1
2_MACS_peak_48_lociStitched	chr1	9137841	9141333	2	2573	3857.2632	508.4352	595	1
3_MACS_peak_10762_lociStitched	chr5	88176982	88185879	3	7585	5511.6915	2164.6401	596	1
1_MACS_peak_2460_lociStitched	chr11	69064093	69066598	1	2506	3997.2285	653.5545	597	1
1_MACS_peak_13453_lociStitched	chr8	120920006	120922833	1	2828	4256.0485	913.6864	598	1
2_MACS_peak_5834_lociStitched	chr18	42682699	42687221	2	3274	4523.8088	1188.3816	599	1
3_MACS_peak_728_lociStitched	chr1	154387635	154393606	3	4782	5232.3873	1903.5548	600	1
4_MACS_peak_2868_lociStitched	chr12	11902447	11912649	4	5327	5487.6558	2161.8038	601	1
