#02_0EWO_0229Kronos_MM1S-No-Treatment-2_H3K18Ac_hs-dm_i04_peaks Enhancers
#Created from /data/projects/IRF4_mm_trn_data/p300_internal_ChIP/rose/02_0EWO_0229Kronos_MM1S-No-Treatment-2_H3K18Ac_hs-dm_i04_ROSE/02_0EWO_0229Kronos_MM1S-No-Treatment-2_H3K18Ac_hs-dm_i04_peaks_6KB_STITCHED_ENHANCER_REGION_MAP.txt
#Ranked by X02_0EWO_0229Kronos_MM1S.No.Treatment.2_H3K18Ac_hs.dm_i04.bam
#Using cutoff of 14943.2417 for Super-Enhancers
#Created on Jul 18 2024 
REGION_ID	CHROM	START	STOP	NUM_LOCI	CONSTITUENT_SIZE	X02_0EWO_0229Kronos_MM1S.No.Treatment.2_H3K18Ac_hs.dm_i04.bam	X36_0EXO_0229Kronos_MM1S.No.Treatment.2_Input_hs_i78.bam	enhancerRank	isSuperStretch
9_MACS_peak_18123_lociStitched	chr22	23191771	23298620	9	92994	244577.361	18463.5072	1	1
7_MACS_peak_15391_lociStitched	chr2	99054527	99133597	7	69790	205479.209	18075.402	2	1
10_MACS_peak_14687_lociStitched	chr2	37529749	37624738	10	72876	182312.3877	19624.7274	3	1
7_MACS_peak_20013_lociStitched	chr3	141079060	141149862	7	58272	186287.1422	16638.47	4	1
5_MACS_peak_1441_lociStitched	chr1	118141635	118219473	5	68549	143058.4602	10041.102	5	1
8_MACS_peak_24930_lociStitched	chr6	108878016	108958379	8	74137	110515.1976	14023.3435	6	1
4_MACS_peak_2386_lociStitched	chr1	203236422	203298138	4	54570	174323.0136	19360.3092	7	1
13_MACS_peak_17117_lociStitched	chr20	32398757	32477978	13	61378	103042.7547	15939.2652	8	1
8_MACS_peak_8639_lociStitched	chr14	91813027	91885965	8	56233	105461.0542	8628.5654	9	1
4_MACS_peak_23713_lociStitched	chr6	290008	338070	4	42623	137024.762	16153.6382	10	1
2_MACS_peak_23832_lociStitched	chr6	7888864	7922283	2	32628	143781.9056	9765.0318	11	1
6_MACS_peak_11607_lociStitched	chr17	34596591	34651540	6	46501	117634.8192	14061.4491	12	1
6_MACS_peak_17068_lociStitched	chr20	30261914	30312225	6	46743	97065.0123	11164.0109	13	1
4_MACS_peak_11602_lociStitched	chr17	34508014	34550181	4	37493	105130.7644	11595.925	14	1
9_MACS_peak_11898_lociStitched	chr17	46506190	46571453	9	46154	76749.288	12452.1804	15	1
3_MACS_peak_11555_lociStitched	chr17	32688360	32729284	3	38829	93294.4428	8991.0028	16	1
2_MACS_peak_8813_lociStitched	chr14	106024455	106058184	2	33496	102428.2272	5693.4552	17	1
6_MACS_peak_26599_lociStitched	chr7	104562477	104608469	6	38223	83259.3176	8940.8448	18	1
8_MACS_peak_24520_lociStitched	chr6	52392292	52443055	8	39955	72037.7733	10908.9687	19	1
8_MACS_peak_2480_lociStitched	chr1	206955393	207008829	8	43617	57449.0436	13695.6468	20	1
7_MACS_peak_13260_lociStitched	chr19	2594362	2638131	7	32736	94020.1889	12176.5358	21	1
5_MACS_peak_4137_lociStitched	chr10	112146578	112190285	5	39931	65656.6554	8042.088	22	1
3_MACS_peak_1740_lociStitched	chr1	154907932	154935667	3	24810	94770.495	9069.345	23	1
6_MACS_peak_12881_lociStitched	chr18	46439135	46483078	6	38215	50714.6163	8283.2555	24	1
4_MACS_peak_20435_lociStitched	chr3	183223917	183260991	4	33535	72450.0108	12067.587	25	1
7_MACS_peak_8963_lociStitched	chr15	31616688	31660725	7	36171	57763.3329	7257.2976	26	1
4_MACS_peak_8817_lociStitched	chr14	106145117	106176591	4	30477	68068.8198	3732.8164	27	1
4_MACS_peak_12130_lociStitched	chr17	62150029	62187277	4	34270	59224.32	8391.9744	28	1
1_MACS_peak_3105_lociStitched	chr10	11202496	11224610	1	22115	87003.1102	5776.1768	29	1
6_MACS_peak_17875_lociStitched	chr21	41295615	41345237	6	34752	61903.445	13889.1978	30	1
5_MACS_peak_28174_lociStitched	chr8	120914282	120950007	5	33997	55480.925	7141.4275	31	1
6_MACS_peak_6006_lociStitched	chr12	7045245	7085870	6	30201	67876.25	7718.75	32	1
3_MACS_peak_1809_lociStitched	chr1	156449622	156479008	3	28885	72556.9726	8903.958	33	1
5_MACS_peak_11314_lociStitched	chr17	16859049	16895626	5	27049	73984.2979	7867.7127	34	1
7_MACS_peak_16344_lociStitched	chr2	204536564	204585743	7	33400	56024.7168	10848.8874	35	1
6_MACS_peak_17044_lociStitched	chr20	25261503	25302636	6	26888	72653.2179	7029.6297	36	1
10_MACS_peak_25256_lociStitched	chr6	138246221	138298230	10	34170	49965.0463	9564.4551	37	1
6_MACS_peak_29064_lociStitched	chr9	93670432	93709132	6	31484	54029.07	7093.71	38	1
7_MACS_peak_10783_lociStitched	chr16	68269850	68320962	7	31817	54751.1744	9680.6128	39	1
5_MACS_peak_17961_lociStitched	chr21	45552564	45581380	5	22590	77610.1328	7457.5808	40	1
5_MACS_peak_20565_lociStitched	chr3	193787488	193825295	5	25630	71961.8438	10188.9865	41	1
5_MACS_peak_7157_lociStitched	chr12	109006766	109035907	5	23678	72703.8809	6923.9016	42	1
2_MACS_peak_21396_lociStitched	chr4	90204547	90230415	2	25080	68105.2704	6084.1536	43	1
4_MACS_peak_12401_lociStitched	chr17	76711050	76747488	4	27459	62024.7636	7579.104	44	1
3_MACS_peak_14484_lociStitched	chr2	20392330	20426636	3	26312	62941.2182	6483.834	45	1
1_MACS_peak_5071_lociStitched	chr11	65183261	65200152	1	16892	79306.6232	5256.4792	46	1
4_MACS_peak_18710_lociStitched	chr3	5222384	5257084	4	26336	62564.1	7529.9	47	1
3_MACS_peak_23092_lociStitched	chr5	131744658	131774348	3	23421	69020.343	6831.669	48	1
2_MACS_peak_27110_lociStitched	chr7	150062265	150084769	2	21901	71159.8984	6499.1552	49	1
2_MACS_peak_1797_lociStitched	chr1	156115343	156136897	2	21118	71300.632	7188.259	50	1
1_MACS_peak_26129_lociStitched	chr7	55614744	55643077	1	28334	49953.9123	5958.4299	51	1
1_MACS_peak_11596_lociStitched	chr17	34408339	34433323	1	24985	60836.04	6285.9744	52	1
2_MACS_peak_20290_lociStitched	chr3	171801507	171828416	2	25481	60827.7945	8180.336	53	1
3_MACS_peak_26572_lociStitched	chr7	102063619	102093258	3	22975	65093.1718	6286.4319	54	1
3_MACS_peak_12056_lociStitched	chr17	56404441	56431148	3	21024	68554.1983	7058.6601	55	1
5_MACS_peak_2455_lociStitched	chr1	206271464	206311641	5	26487	55765.676	10807.613	56	1
7_MACS_peak_27451_lociStitched	chr8	27208557	27252431	7	28288	45958.015	8511.556	57	1
4_MACS_peak_4268_lociStitched	chr10	125821815	125854847	4	26975	49105.3712	6424.724	58	1
1_MACS_peak_24897_lociStitched	chr6	106531146	106555781	1	24636	56116.0665	6033.1115	59	1
1_MACS_peak_5829_lociStitched	chr11	128585312	128609897	1	24586	56004.63	6033.159	60	1
2_MACS_peak_6557_lociStitched	chr12	53583253	53604384	2	20750	64576.336	5631.4115	61	1
2_MACS_peak_13238_lociStitched	chr19	2081515	2098656	2	15767	73433.7581	6105.6242	62	1
6_MACS_peak_19136_lociStitched	chr3	46317710	46347536	6	28812	38922.93	5833.9656	63	1
4_MACS_peak_4078_lociStitched	chr10	105244491	105276221	4	24086	56120.851	6253.983	64	1
4_MACS_peak_13623_lociStitched	chr19	16693428	16717242	4	20378	63452.403	5093.8146	65	1
5_MACS_peak_4132_lociStitched	chr10	112103319	112130601	5	21154	62011.986	5527.3332	66	1
6_MACS_peak_5866_lociStitched	chr11	130669370	130705984	6	26945	46067.7348	7033.5494	67	1
3_MACS_peak_18784_lociStitched	chr3	13035452	13061957	3	20645	63299.241	5902.6635	68	1
2_MACS_peak_6571_lociStitched	chr12	53845963	53874826	2	28710	36627.147	6000.6177	69	1
5_MACS_peak_24898_lociStitched	chr6	106585014	106619048	5	24084	55621.7662	7000.7938	70	1
3_MACS_peak_13954_lociStitched	chr19	42027220	42062674	3	26807	46196.562	7296.4332	71	1
6_MACS_peak_19149_lociStitched	chr3	46419751	46459949	6	27495	42043.0882	7038.6698	72	1
3_MACS_peak_15364_lociStitched	chr2	97187984	97212879	3	22318	57096.6825	4767.3925	73	1
4_MACS_peak_2143_lociStitched	chr1	181095098	181131507	4	25984	49811.1529	9262.4496	74	1
3_MACS_peak_7367_lociStitched	chr12	123354995	123387387	3	26380	43259.516	4424.7472	75	1
3_MACS_peak_10221_lociStitched	chr16	11808328	11837999	3	26421	44776.5061	6355.5282	76	1
4_MACS_peak_13601_lociStitched	chr19	16244078	16272611	4	25357	48334.902	6088.9422	77	1
5_MACS_peak_20150_lociStitched	chr3	156795240	156826012	5	22542	59122.2436	9256.2176	78	1
3_MACS_peak_5078_lociStitched	chr11	65253659	65279033	3	22697	54480.5154	5488.3962	79	1
4_MACS_peak_1603_lociStitched	chr1	149802609	149834570	4	19316	65785.3263	9022.5903	80	1
1_MACS_peak_484_lociStitched	chr1	31213996	31236376	1	22381	54685.53	5136.21	81	1
6_MACS_peak_28239_lociStitched	chr8	126284249	126322774	6	27066	39757.8	7404.505	82	1
2_MACS_peak_19818_lociStitched	chr3	124487084	124513303	2	24971	44753.2111	4732.5295	83	1
3_MACS_peak_3109_lociStitched	chr10	11278711	11304978	3	24144	47800.6866	5271.7869	84	1
2_MACS_peak_27217_lociStitched	chr8	2027008	2051016	2	19702	59090.8904	4873.624	85	1
4_MACS_peak_2415_lociStitched	chr1	204474591	204501114	4	19992	59870.3679	7163.8623	86	1
4_MACS_peak_2795_lociStitched	chr1	230256057	230287831	4	22080	54241.3954	7387.455	87	1
4_MACS_peak_4155_lociStitched	chr10	112599770	112633180	4	23842	48581.481	7149.74	88	1
4_MACS_peak_17931_lociStitched	chr21	44723491	44750039	4	23361	48293.4668	5681.272	89	1
2_MACS_peak_12601_lociStitched	chr18	9094854	9122781	2	22868	49941.8541	5906.5605	90	1
10_MACS_peak_18441_lociStitched	chr22	39630931	39674589	10	26010	37842.7544	6435.1892	91	1
3_MACS_peak_9488_lociStitched	chr15	68568757	68599547	3	25823	38207.311	5982.497	92	1
5_MACS_peak_9816_lociStitched	chr15	89646484	89677067	5	23212	47626.9059	5407.0744	93	1
3_MACS_peak_13895_lociStitched	chr19	39880479	39904310	3	19537	56832.1688	4851.9916	94	1
8_MACS_peak_23080_lociStitched	chr5	131418258	131453872	8	22623	50108.898	6560.0988	95	1
4_MACS_peak_22019_lociStitched	chr4	185317358	185350379	4	25057	41523.9075	6941.0142	96	1
2_MACS_peak_4669_lociStitched	chr11	22677058	22703735	2	22398	48448.0997	4823.2016	97	1
2_MACS_peak_16487_lociStitched	chr2	219741169	219763549	2	19796	55652.346	5158.59	98	1
4_MACS_peak_24776_lociStitched	chr6	90054746	90086580	4	22600	48470.4484	6732.891	99	1
4_MACS_peak_23594_lociStitched	chr5	173309999	173343912	4	26277	29938.3964	6341.731	100	1
3_MACS_peak_10217_lociStitched	chr16	11762521	11786323	3	21731	48184.7688	5424.4758	101	1
4_MACS_peak_16616_lociStitched	chr2	232687054	232714942	4	25768	29706.2976	3550.1424	102	1
5_MACS_peak_9968_lociStitched	chr15	101660719	101692450	5	23835	40771.1619	5730.6186	103	1
3_MACS_peak_9073_lociStitched	chr15	40386770	40409416	3	21029	49483.7746	5163.288	104	1
2_MACS_peak_6113_lociStitched	chr12	12866045	12881802	2	15723	59104.507	3740.7118	105	1
7_MACS_peak_9394_lociStitched	chr15	63758579	63798586	7	23635	41871.3262	7197.2593	106	1
4_MACS_peak_2466_lociStitched	chr1	206727287	206754836	4	21387	50219.0721	7969.9257	107	1
4_MACS_peak_12597_lociStitched	chr18	9054846	9084947	4	20003	51930.2452	6092.4424	108	1
5_MACS_peak_12405_lociStitched	chr17	76753516	76780464	5	22238	43973.7464	5066.224	109	1
4_MACS_peak_23095_lociStitched	chr5	131789513	131816222	4	20162	51348.0525	6436.869	110	1
3_MACS_peak_19938_lociStitched	chr3	133178615	133201077	3	22202	43630.1888	4892.2236	111	1
4_MACS_peak_9532_lociStitched	chr15	70767233	70800888	4	23083	41429.305	5953.5695	112	1
4_MACS_peak_2255_lociStitched	chr1	192496108	192521251	4	23157	41521.1502	6562.323	113	1
4_MACS_peak_17240_lociStitched	chr20	37498498	37523405	4	17426	55642.238	4719.8765	114	1
7_MACS_peak_21295_lociStitched	chr4	82409568	82442019	7	25226	29893.8612	5308.9836	115	1
1_MACS_peak_11708_lociStitched	chr17	38465499	38484259	1	18761	51263.576	4333.56	116	1
3_MACS_peak_1719_lociStitched	chr1	154370261	154394524	3	19032	52978.2605	7259.4896	117	1
2_MACS_peak_24029_lociStitched	chr6	25402779	25418096	2	15136	57524.5252	3990.0785	118	1
7_MACS_peak_8704_lociStitched	chr14	95946149	95986072	7	24614	28880.2982	3688.8852	119	1
3_MACS_peak_1625_lociStitched	chr1	150531676	150553454	3	18122	54976.3832	7476.3874	120	1
4_MACS_peak_14851_lociStitched	chr2	47522684	47551078	4	19980	48823.483	5968.4188	121	1
1_MACS_peak_16300_lociStitched	chr2	201979862	201995129	1	15268	56486.3733	3943.4661	122	1
6_MACS_peak_12822_lociStitched	chr18	42287503	42314516	6	24718	27234.5066	4743.4828	123	1
1_MACS_peak_21009_lociStitched	chr4	40190958	40209616	1	18659	49759.0202	4851.08	124	1
4_MACS_peak_16230_lociStitched	chr2	197023163	197049381	4	22120	39062.1982	5922.6462	125	1
1_MACS_peak_14426_lociStitched	chr2	11883193	11898720	1	15528	54125.5693	3650.3977	126	1
2_MACS_peak_15029_lociStitched	chr2	65156936	65179366	2	20678	42910.833	5356.284	127	1
2_MACS_peak_7155_lociStitched	chr12	108952690	108973439	2	20104	43475.3797	5286.8452	128	1
1_MACS_peak_5261_lociStitched	chr11	72851230	72869980	1	18751	45590.625	4717.5	129	1
7_MACS_peak_9065_lociStitched	chr15	40329766	40358610	7	22244	32945.6168	4842.9076	130	1
5_MACS_peak_17289_lociStitched	chr20	42564451	42593749	5	21470	35728.911	4787.2932	131	1
3_MACS_peak_4520_lociStitched	chr11	10323558	10345173	3	19503	42058.467	4223.571	132	1
3_MACS_peak_8051_lociStitched	chr13	115023531	115048779	3	19970	40906.8096	4751.6736	133	1
4_MACS_peak_6446_lociStitched	chr12	48195796	48220879	4	20100	40117.7502	4813.4277	134	1
6_MACS_peak_3659_lociStitched	chr10	74006781	74035522	6	20694	38343.3681	5156.1354	135	1
5_MACS_peak_26973_lociStitched	chr7	137683896	137727146	5	22049	37047.95	10085.9	136	1
2_MACS_peak_9588_lociStitched	chr15	75062768	75083671	2	20312	38793.8777	4880.8505	137	1
3_MACS_peak_27577_lociStitched	chr8	37736684	37764317	3	19687	40247.4645	4979.4666	138	1
5_MACS_peak_2177_lociStitched	chr1	183856392	183885950	5	20624	38862.8584	7283.0912	139	1
5_MACS_peak_15548_lociStitched	chr2	112208728	112242294	5	21390	33827.8148	5743.1426	140	1
1_MACS_peak_22770_lociStitched	chr5	88111481	88130925	1	19445	39762.98	4291.2908	141	1
4_MACS_peak_19891_lociStitched	chr3	129025286	129055259	4	18241	44713.7214	6099.5055	142	1
3_MACS_peak_24026_lociStitched	chr6	25365765	25390469	3	20754	34454.6688	4990.208	143	1
2_MACS_peak_17458_lociStitched	chr20	52194810	52216071	2	20531	33949.5648	3741.936	144	1
3_MACS_peak_2853_lociStitched	chr1	234733181	234750411	3	13141	54172.843	5591.135	145	1
5_MACS_peak_16235_lociStitched	chr2	197072941	197108092	5	21706	30345.8583	6495.9048	146	1
4_MACS_peak_19128_lociStitched	chr3	46126993	46153466	4	20623	34070.751	5225.7702	147	1
1_MACS_peak_12603_lociStitched	chr18	9132527	9152655	1	20129	34604.0576	4283.2384	148	1
3_MACS_peak_18457_lociStitched	chr22	39822974	39846335	3	17617	42495.9951	4048.4613	149	1
5_MACS_peak_29456_lociStitched	chr9	126081992	126107182	5	17892	41863.261	4420.845	150	1
7_MACS_peak_25437_lociStitched	chr6	157976502	158007556	7	20997	28852.2714	3061.9244	151	1
2_MACS_peak_10729_lociStitched	chr16	66548866	66562782	2	13828	49444.9396	3257.7356	152	1
3_MACS_peak_2432_lociStitched	chr1	205242161	205259403	3	16466	45644.7466	4927.7636	153	1
5_MACS_peak_5577_lociStitched	chr11	111230375	111251550	5	18221	40168.975	4203.2375	154	1
6_MACS_peak_13441_lociStitched	chr19	10513219	10542991	6	20522	32549.7276	5239.872	155	1
1_MACS_peak_18150_lociStitched	chr22	24178929	24192243	1	13315	50008.7154	3261.93	156	1
3_MACS_peak_20346_lociStitched	chr3	177055431	177080317	3	16674	46509.4454	6669.448	157	1
4_MACS_peak_22082_lociStitched	chr4	187746905	187776043	4	18868	38246.5388	5020.4774	158	1
3_MACS_peak_29315_lociStitched	chr9	112904287	112925481	3	20851	30065.8084	5063.2466	159	1
6_MACS_peak_9510_lociStitched	chr15	70306046	70330799	6	19517	34807.6686	4222.8618	160	1
3_MACS_peak_12353_lociStitched	chr17	75128772	75146058	3	16509	43669.6218	4096.782	161	1
4_MACS_peak_21163_lociStitched	chr4	71526582	71555477	4	20330	32816.0515	5773.221	162	1
5_MACS_peak_10678_lociStitched	chr16	57624629	57658985	5	20440	32136.6024	5668.74	163	1
3_MACS_peak_1518_lociStitched	chr1	145138197	145164497	3	20408	35142.06	9512.71	164	1
3_MACS_peak_10658_lociStitched	chr16	56930720	56955244	3	15901	44346.7492	4291.7	165	1
1_MACS_peak_23879_lociStitched	chr6	11826560	11839882	1	13323	47877.9358	2952.1552	166	1
7_MACS_peak_8857_lociStitched	chr15	21967031	22003899	7	21229	24967.0096	5120.9652	167	1
3_MACS_peak_17297_lociStitched	chr20	42693777	42711985	3	16449	41201.0624	3441.312	168	1
2_MACS_peak_22466_lociStitched	chr5	55436940	55459916	2	18168	37041.9072	4716.9728	169	1
5_MACS_peak_12261_lociStitched	chr17	72733052	72757163	5	20686	26321.9787	4913.8218	170	1
6_MACS_peak_9461_lociStitched	chr15	67366016	67396406	6	20568	27426.975	5427.654	171	1
2_MACS_peak_26024_lociStitched	chr7	44661737	44680443	2	16827	40468.5604	4380.9452	172	1
6_MACS_peak_17478_lociStitched	chr20	52531140	52567124	6	19746	31802.6592	6074.0992	173	1
2_MACS_peak_15564_lociStitched	chr2	112455267	112468668	2	13337	46853.9163	3259.1232	174	1
3_MACS_peak_18940_lociStitched	chr3	30680985	30703947	3	19968	29111.2236	4833.501	175	1
2_MACS_peak_13814_lociStitched	chr19	35693691	35708319	2	14282	44748.5148	3047.0124	176	1
3_MACS_peak_3770_lociStitched	chr10	81000903	81020587	3	18103	34885.9532	3588.3932	177	1
2_MACS_peak_8961_lociStitched	chr15	31546266	31563024	2	14213	45194.6502	3737.034	178	1
3_MACS_peak_22175_lociStitched	chr5	6475837	6497942	3	15880	41347.4025	3802.06	179	1
3_MACS_peak_29079_lociStitched	chr9	93907456	93928008	3	17291	37408.7504	3995.3088	180	1
4_MACS_peak_15489_lociStitched	chr2	109822806	109843492	4	18664	32228.788	4042.0444	181	1
5_MACS_peak_12304_lociStitched	chr17	73850276	73875850	5	15883	41496.3724	4790.0102	182	1
4_MACS_peak_8890_lociStitched	chr15	23657593	23682670	4	18931	30634.0632	3851.8272	183	1
4_MACS_peak_11845_lociStitched	chr17	43504669	43531654	4	19444	29216.6595	4816.8225	184	1
4_MACS_peak_20254_lociStitched	chr3	169647407	169668407	4	18006	35966.7	5842.2	185	1
4_MACS_peak_5378_lociStitched	chr11	82763101	82790488	4	17956	35405.9136	5521.2192	186	1
3_MACS_peak_4058_lociStitched	chr10	104529586	104547259	3	15644	40336.8552	3564.6441	187	1
2_MACS_peak_668_lociStitched	chr1	40838964	40858721	2	16333	39016.1236	4293.1961	188	1
5_MACS_peak_15315_lociStitched	chr2	89044147	89066751	5	16219	38799.766	4089.0636	189	1
1_MACS_peak_26348_lociStitched	chr7	78113704	78128585	1	14882	41744.1812	3662.2141	190	1
2_MACS_peak_4649_lociStitched	chr11	19449920	19466350	2	16274	38339.405	3884.052	191	1
5_MACS_peak_10355_lociStitched	chr16	22194953	22219327	5	17997	33840.8616	5162.4132	192	1
3_MACS_peak_19557_lociStitched	chr3	98477271	98496845	3	18296	31388.8664	4032.244	193	1
2_MACS_peak_22294_lociStitched	chr5	32570953	32591219	2	17447	34134.0238	3998.4818	194	1
4_MACS_peak_18207_lociStitched	chr22	29206845	29225841	4	17204	34394.1576	3616.8384	195	1
2_MACS_peak_21250_lociStitched	chr4	77601723	77625128	2	19268	27224.696	4901.007	196	1
3_MACS_peak_1487_lociStitched	chr1	143442079	143469133	3	17702	37177.6068	8603.172	197	1
2_MACS_peak_6983_lociStitched	chr12	94583094	94603740	2	14767	41426.199	4333.5954	198	1
5_MACS_peak_15309_lociStitched	chr2	88898749	88928707	5	18664	30092.811	5662.062	199	1
4_MACS_peak_9571_lociStitched	chr15	74674093	74696794	4	16490	36239.8764	4176.984	200	1
4_MACS_peak_24045_lociStitched	chr6	26183679	26207378	4	16503	36979.9196	4976.79	201	1
2_MACS_peak_17928_lociStitched	chr21	44579857	44598545	2	15017	40908.032	4918.6816	202	1
3_MACS_peak_5189_lociStitched	chr11	67760278	67782266	3	17275	33412.9648	4188.714	203	1
2_MACS_peak_29424_lociStitched	chr9	123650446	123668498	2	18013	29558.3448	3382.9448	204	1
4_MACS_peak_14999_lociStitched	chr2	64430466	64456468	4	18728	27913.147	5085.9912	205	1
4_MACS_peak_9088_lociStitched	chr15	40833488	40862548	4	17845	32166.514	5858.496	206	1
4_MACS_peak_6773_lociStitched	chr12	68752056	68770975	4	17031	33032.574	3829.2056	207	1
3_MACS_peak_341_lociStitched	chr1	24512186	24533973	3	16469	35754.6457	4780.0678	208	1
4_MACS_peak_5042_lociStitched	chr11	64611324	64634937	4	16591	34052.3073	3858.3642	209	1
2_MACS_peak_24202_lociStitched	chr6	31693453	31709541	2	13502	41832.0176	3621.4088	210	1
3_MACS_peak_1905_lociStitched	chr1	161144152	161163947	3	14672	41446.771	6118.6345	211	1
3_MACS_peak_5234_lociStitched	chr11	71411859	71427999	3	15610	36744.324	3918.792	212	1
1_MACS_peak_2746_lociStitched	chr1	226837910	226852576	1	14667	40211.2388	5030.438	213	1
5_MACS_peak_22283_lociStitched	chr5	32275217	32296723	5	18788	24645.876	4415.1818	214	1
2_MACS_peak_20517_lociStitched	chr3	186703182	186720653	2	14387	41306.6853	5679.8221	215	1
3_MACS_peak_17269_lociStitched	chr20	40709855	40727589	3	15536	35446.7192	2800.1986	216	1
4_MACS_peak_10374_lociStitched	chr16	23342676	23366140	4	15912	36097.0176	4552.016	217	1
1_MACS_peak_1011_lociStitched	chr1	66735755	66751879	1	16125	34166.756	3635.962	218	1
1_MACS_peak_13045_lociStitched	chr18	60820828	60832151	1	11324	44321.6189	2981.3459	219	1
4_MACS_peak_14533_lociStitched	chr2	25622787	25646052	4	15990	35486.1045	4664.6325	220	1
2_MACS_peak_18205_lociStitched	chr22	29185821	29199819	2	13899	39320.382	3136.9518	221	1
1_MACS_peak_22135_lociStitched	chr5	1311055	1320625	1	9571	46328.37	2633.664	222	1
2_MACS_peak_22771_lociStitched	chr5	88171125	88187028	2	15685	34880.0499	3559.0914	223	1
5_MACS_peak_8555_lociStitched	chr14	77487736	77510887	5	18068	25005.3951	2579.0214	224	1
3_MACS_peak_13553_lociStitched	chr19	13943895	13962056	3	14958	36305.6551	3021.9904	225	1
4_MACS_peak_29638_lociStitched	chr9	134126808	134152964	4	17221	29650.4416	4394.208	226	1
2_MACS_peak_18359_lociStitched	chr22	37610713	37628994	2	16070	33220.2332	4027.3043	227	1
1_MACS_peak_10661_lociStitched	chr16	56962974	56976407	1	13434	39456.7509	3296.4582	228	1
5_MACS_peak_1460_lociStitched	chr1	120610653	120636834	5	18449	26725.5648	7760.0484	229	1
2_MACS_peak_17908_lociStitched	chr21	43638581	43658228	2	14073	39301.8588	4945.1499	230	1
2_MACS_peak_9706_lociStitched	chr15	81576247	81596781	2	15694	34417.0374	4747.4608	231	1
3_MACS_peak_23835_lociStitched	chr6	7958162	7978831	3	17102	28002.3612	3749.3566	232	1
3_MACS_peak_23684_lociStitched	chr5	180228395	180249448	3	16029	31819.5042	3713.7492	233	1
3_MACS_peak_6952_lociStitched	chr12	92929187	92951101	3	17182	27732.167	4058.4728	234	1
2_MACS_peak_26126_lociStitched	chr7	55568980	55586205	2	17126	27184.495	3281.3625	235	1
1_MACS_peak_6229_lociStitched	chr12	26265560	26280389	1	14830	35171.4222	3733.9422	236	1
2_MACS_peak_17353_lociStitched	chr20	45172080	45192020	2	16267	30286.866	3385.812	237	1
2_MACS_peak_17576_lociStitched	chr20	61272751	61291159	2	14214	36009.7296	3007.8672	238	1
3_MACS_peak_12237_lociStitched	chr17	70581946	70603503	3	16321	30546.269	3981.5779	239	1
3_MACS_peak_29087_lociStitched	chr9	94180968	94196235	3	14826	34337.0097	3096.1476	240	1
4_MACS_peak_7167_lociStitched	chr12	109161643	109181257	4	16736	28644.2856	3777.6564	241	1
1_MACS_peak_5629_lociStitched	chr11	115088747	115102514	1	13768	37066.2708	3147.1362	242	1
2_MACS_peak_5944_lociStitched	chr12	4216390	4231950	2	9734	44417.576	3278.492	243	1
3_MACS_peak_14085_lociStitched	chr19	47728344	47748741	3	14570	35323.5246	3897.8667	244	1
4_MACS_peak_23815_lociStitched	chr6	7134893	7157600	4	15989	31453.7364	4484.6325	245	1
2_MACS_peak_18167_lociStitched	chr22	24819843	24833416	2	13260	36963.3509	2405.1356	246	1
3_MACS_peak_5863_lociStitched	chr11	130631210	130650751	3	18032	20473.1057	2954.5992	247	1
5_MACS_peak_5979_lociStitched	chr12	6551718	6580829	5	14393	36749.7264	5248.7133	248	1
3_MACS_peak_9802_lociStitched	chr15	89163695	89185544	3	16608	28397.1453	4190.6382	249	1
4_MACS_peak_23638_lociStitched	chr5	176717111	176740747	4	16432	29145.5516	4389.2052	250	1
2_MACS_peak_1785_lociStitched	chr1	155938592	155954584	2	15311	32895.544	4460.1688	251	1
5_MACS_peak_16853_lociStitched	chr20	5570523	5592583	5	17716	22419.578	4025.95	252	1
2_MACS_peak_27112_lociStitched	chr7	150100432	150115065	2	12940	38168.7172	3599.718	253	1
4_MACS_peak_5268_lociStitched	chr11	72976799	73002050	4	17094	25495.9347	4113.3879	254	1
4_MACS_peak_8581_lociStitched	chr14	81930754	81955812	4	17426	22158.7894	2583.4798	255	1
3_MACS_peak_11701_lociStitched	chr17	38251170	38270773	3	16693	27544.1753	4506.7297	256	1
3_MACS_peak_23099_lociStitched	chr5	131822436	131842247	3	15819	30199.8884	4098.8959	257	1
5_MACS_peak_3081_lociStitched	chr10	7510996	7536011	5	17396	23599.151	4372.622	258	1
6_MACS_peak_15073_lociStitched	chr2	68936314	68965877	6	17268	25678.4218	5829.8236	259	1
3_MACS_peak_21432_lociStitched	chr4	100765812	100784117	3	16320	27490.449	3827.5755	260	1
4_MACS_peak_11907_lociStitched	chr17	46578345	46596352	4	17435	21226.6516	3446.5398	261	1
7_MACS_peak_19026_lociStitched	chr3	39296038	39332517	7	17411	23379.3911	5811.1047	262	1
4_MACS_peak_245_lociStitched	chr1	17221240	17245160	4	12243	42168.568	7429.552	263	1
3_MACS_peak_9841_lociStitched	chr15	90573909	90593824	3	16145	27172.026	3702.1985	264	1
1_MACS_peak_17524_lociStitched	chr20	56046482	56058689	1	12208	37426.662	2735.5887	265	1
4_MACS_peak_30523_lociStitched	chrX	128901626	128921423	4	16168	25490.6172	2340.0054	266	1
3_MACS_peak_4980_lociStitched	chr11	62308047	62325931	3	14764	31579.5672	3489.1684	267	1
3_MACS_peak_18836_lociStitched	chr3	15834617	15851851	3	16887	22905.7094	3324.4386	268	1
1_MACS_peak_16311_lociStitched	chr2	202116014	202128718	1	12705	36441.424	3148.0512	269	1
1_MACS_peak_25824_lociStitched	chr7	26001971	26012229	1	10259	40576.5448	2625.0222	270	1
3_MACS_peak_19133_lociStitched	chr3	46245642	46264368	3	12899	37144.8936	4421.2086	271	1
1_MACS_peak_23191_lociStitched	chr5	138719392	138730644	1	11253	38538.1	2780.3692	272	1
2_MACS_peak_30145_lociStitched	chrX	48790332	48805600	2	14615	29468.7668	1885.598	273	1
1_MACS_peak_14775_lociStitched	chr2	43444081	43456851	1	12771	35527.417	3031.598	274	1
1_MACS_peak_4143_lociStitched	chr10	112214481	112226596	1	12116	36617.5875	2700.4335	275	1
1_MACS_peak_23605_lociStitched	chr5	173695785	173711048	1	15264	28370.8644	3077.0208	276	1
4_MACS_peak_23375_lociStitched	chr5	150512910	150538149	4	16442	25095.1377	4628.8326	277	1
6_MACS_peak_25061_lociStitched	chr6	119762112	119789384	6	17084	22093.0472	5056.2288	278	1
3_MACS_peak_17517_lociStitched	chr20	55956814	55975947	3	15227	29074.5068	3757.7212	279	1
4_MACS_peak_24512_lociStitched	chr6	52240046	52264922	4	16654	23468.0184	4378.176	280	1
4_MACS_peak_3428_lociStitched	chr10	45913602	45932248	4	14069	31972.2962	3119.4758	281	1
4_MACS_peak_1735_lociStitched	chr1	154821289	154844638	4	14682	32396.7375	5571.0714	282	1
4_MACS_peak_14840_lociStitched	chr2	47193727	47215750	4	14632	31270.4577	4338.531	283	1
6_MACS_peak_8844_lociStitched	chr15	20968480	20996265	6	16664	22644.775	4048.2745	284	1
3_MACS_peak_17181_lociStitched	chr20	34673179	34691175	3	15753	25946.6328	3152.8992	285	1
3_MACS_peak_13243_lociStitched	chr19	2254649	2271878	3	12906	35705.3796	4236.6111	286	1
1_MACS_peak_14490_lociStitched	chr2	20615122	20631266	1	16145	23741.3664	3060.9024	287	1
2_MACS_peak_18190_lociStitched	chr22	27000022	27015779	2	13874	31799.2017	3015.8898	288	1
5_MACS_peak_11946_lociStitched	chr17	48224763	48250177	5	16498	23157.2368	4434.743	289	1
4_MACS_peak_6345_lociStitched	chr12	33037839	33060846	4	17115	19392.6003	4336.8195	290	1
2_MACS_peak_20520_lociStitched	chr3	186779824	186793088	2	10004	41436.736	4491.1904	291	1
6_MACS_peak_8683_lociStitched	chr14	94422767	94447815	6	16150	23116.7992	2787.8424	292	1
2_MACS_peak_27900_lociStitched	chr8	81046032	81061681	2	15254	27393.5745	3333.237	293	1
5_MACS_peak_5370_lociStitched	chr11	82666238	82690634	5	15590	27360.114	4801.1328	294	1
1_MACS_peak_12351_lociStitched	chr17	75078540	75093129	1	14590	29278.6641	3340.881	295	1
2_MACS_peak_24062_lociStitched	chr6	26353896	26367964	2	14019	30568.3572	2923.3304	296	1
3_MACS_peak_1792_lociStitched	chr1	156065090	156086179	3	14386	31169.542	4915.8459	297	1
3_MACS_peak_19106_lociStitched	chr3	45592834	45618062	3	15199	27541.4076	4500.6752	298	1
2_MACS_peak_24756_lociStitched	chr6	88625427	88640472	2	14657	28224.42	3431.7645	299	1
2_MACS_peak_5583_lociStitched	chr11	111278132	111294251	2	16104	21995.9874	3333.4092	300	1
4_MACS_peak_28432_lociStitched	chr8	145002268	145027689	4	15314	25326.9423	3225.9249	301	1
3_MACS_peak_21238_lociStitched	chr4	77117352	77136639	3	14206	30249.7308	4275.9279	303	1
2_MACS_peak_21330_lociStitched	chr4	84130029	84144369	2	14045	29699.574	3450.204	305	1
4_MACS_peak_17941_lociStitched	chr21	44843770	44862433	4	15625	24153.6546	3900.567	306	1
1_MACS_peak_20361_lociStitched	chr3	178228049	178241630	1	13582	31543.2306	4026.7665	307	1
6_MACS_peak_4285_lociStitched	chr10	126406183	126433760	6	15816	22844.7868	4337.8621	308	1
2_MACS_peak_5790_lociStitched	chr11	126056248	126069289	2	12435	33019.812	2900.3184	309	1
6_MACS_peak_6452_lociStitched	chr12	48276203	48299234	6	16169	20458.4373	4062.6684	310	1
5_MACS_peak_10842_lociStitched	chr16	70826060	70850538	5	15233	25364.1036	4452.5482	311	1
1_MACS_peak_11518_lociStitched	chr17	29636071	29651078	1	15008	24815.5752	3133.4616	312	1
1_MACS_peak_406_lociStitched	chr1	27018400	27031922	1	13523	29594.2492	2770.6578	313	1
3_MACS_peak_14757_lociStitched	chr2	42343143	42361699	3	15346	24037.4424	3906.038	314	1
1_MACS_peak_8029_lociStitched	chr13	114556133	114568181	1	12049	33536.8128	2932.4832	315	1
3_MACS_peak_3668_lociStitched	chr10	74077794	74097426	3	12944	31517.2128	3196.0896	316	1
3_MACS_peak_11187_lociStitched	chr17	6059912	6074585	3	12268	32569.6581	2522.2887	317	1
4_MACS_peak_6087_lociStitched	chr12	11901302	11920033	4	15432	23228.3131	3626.3216	318	1
4_MACS_peak_10760_lociStitched	chr16	67562542	67587787	4	15087	25298.0145	4200.768	319	1
6_MACS_peak_24088_lociStitched	chr6	27094167	27126216	6	15204	26459.6544	5871.3768	320	1
1_MACS_peak_18405_lociStitched	chr22	38782045	38795849	1	13805	28244.3644	2481.9592	321	1
1_MACS_peak_11840_lociStitched	chr17	43298148	43309070	1	10923	35061.8044	2222.627	322	1
2_MACS_peak_27544_lociStitched	chr8	33409840	33425686	2	12696	31959.7974	3154.9386	323	1
2_MACS_peak_311_lociStitched	chr1	23850080	23866808	2	12314	33256.9368	3494.4792	324	1
1_MACS_peak_26128_lociStitched	chr7	55595770	55606103	1	10334	36542.6545	2631.8151	325	1
5_MACS_peak_11233_lociStitched	chr17	7736855	7762276	5	14873	26219.2194	4479.1802	326	1
2_MACS_peak_13615_lociStitched	chr19	16544577	16561838	2	13585	29186.6249	3208.8199	327	1
2_MACS_peak_5668_lociStitched	chr11	117871513	117885111	2	13216	29503.5806	2440.841	328	1
1_MACS_peak_5952_lociStitched	chr12	4377341	4388377	1	11037	34736.9136	2441.1632	329	1
4_MACS_peak_13199_lociStitched	chr19	1258449	1277628	4	12136	34646.8635	4850.3691	330	1
6_MACS_peak_15105_lociStitched	chr2	70334267	70361008	6	13971	29235.9353	4693.0455	331	1
4_MACS_peak_9174_lociStitched	chr15	45001868	45029381	4	14255	29119.7592	5601.6468	332	1
2_MACS_peak_29305_lociStitched	chr9	112668723	112684520	2	14017	27461.5048	3348.964	333	1
3_MACS_peak_10942_lociStitched	chr16	81841200	81857831	3	14384	24397.677	1747.9181	334	1
2_MACS_peak_22292_lociStitched	chr5	32530089	32544158	2	13782	27767.9853	3089.5524	335	1
6_MACS_peak_13517_lociStitched	chr19	12885542	12918210	6	14782	26216.07	5308.55	336	1
4_MACS_peak_11341_lociStitched	chr17	17724916	17745633	4	15069	23097.3833	3470.0975	337	1
1_MACS_peak_9846_lociStitched	chr15	90637038	90646787	1	9750	36748.8555	2634.1798	338	1
3_MACS_peak_29542_lociStitched	chr9	130531809	130551605	3	12958	30515.534	3458.3612	339	1
2_MACS_peak_1730_lociStitched	chr1	154753564	154766392	2	12824	31197.696	3818.8956	340	1
2_MACS_peak_15251_lociStitched	chr2	86220042	86231906	2	11841	32513.292	2722.788	341	1
2_MACS_peak_6156_lociStitched	chr12	15101073	15116265	2	15084	22701.4056	3538.2168	342	1
1_MACS_peak_24958_lociStitched	chr6	109214202	109228723	1	14522	24409.801	3043.6016	343	1
2_MACS_peak_14834_lociStitched	chr2	46788258	46804552	2	15298	21307.6638	3431.5164	344	1
5_MACS_peak_5322_lociStitched	chr11	77146641	77171469	5	15608	20577.4464	4486.4196	345	1
2_MACS_peak_4415_lociStitched	chr11	2791750	2805218	2	12285	31142.0564	2794.61	346	1
2_MACS_peak_23717_lociStitched	chr6	381263	401518	2	14258	26276.8115	4069.2295	347	1
1_MACS_peak_14756_lociStitched	chr2	42323314	42335338	1	12025	31590.6552	2784.7584	349	1
4_MACS_peak_10609_lociStitched	chr16	50713985	50732848	4	14759	22956.271	3206.71	350	1
1_MACS_peak_16118_lociStitched	chr2	182168391	182180058	1	11668	32832.1047	3286.5939	351	1
2_MACS_peak_9603_lociStitched	chr15	75352759	75371019	2	14571	24083.114	3606.35	352	1
3_MACS_peak_15003_lociStitched	chr2	64486382	64511943	3	15245	21777.972	4485.9555	353	1
4_MACS_peak_3416_lociStitched	chr10	45453978	45475798	4	15163	21193.766	3796.68	354	1
7_MACS_peak_9167_lociStitched	chr15	44954582	44976692	7	15456	20007.339	4273.863	355	1
1_MACS_peak_17312_lociStitched	chr20	43270057	43282299	1	12243	30875.5482	3060.5	356	1
3_MACS_peak_19022_lociStitched	chr3	39247647	39264172	3	14145	25190.71	3376.0575	357	1
4_MACS_peak_5801_lociStitched	chr11	126332061	126355787	4	13204	28770.1476	3753.4532	358	1
2_MACS_peak_22009_lociStitched	chr4	185200570	185210946	2	10296	35056.3536	2979.9872	359	1
4_MACS_peak_13234_lociStitched	chr19	2040527	2063001	4	13328	28858.8634	4584.696	360	1
4_MACS_peak_24944_lociStitched	chr6	109067023	109090861	4	15336	20057.2932	4367.1216	361	1
4_MACS_peak_25744_lociStitched	chr7	20471426	20490812	4	15273	19194.0786	3377.0412	362	1
2_MACS_peak_3922_lociStitched	chr10	94868692	94886554	2	14891	20864.6022	3281.2494	364	1
3_MACS_peak_19162_lociStitched	chr3	46577515	46592237	3	12649	29011.1732	3090.1478	365	1
6_MACS_peak_18655_lociStitched	chr22	50962753	50983552	6	13904	25195.9086	3641.9049	366	1
4_MACS_peak_22777_lociStitched	chr5	88595588	88617499	4	13644	26698.5535	4248.5429	367	1
3_MACS_peak_21053_lociStitched	chr4	48191213	48206619	3	13470	26080.8174	3030.3602	368	1
5_MACS_peak_14111_lociStitched	chr19	48879935	48902449	5	13334	27329.7446	3818.3744	369	1
2_MACS_peak_15042_lociStitched	chr2	65608850	65624784	2	14244	23137.7614	3068.8884	370	1
6_MACS_peak_13215_lociStitched	chr19	1647818	1672869	6	13810	26716.8915	5270.7304	371	1
3_MACS_peak_5630_lociStitched	chr11	115123529	115137716	3	13692	24647.0751	2851.587	372	1
1_MACS_peak_3546_lociStitched	chr10	63802797	63815126	1	12330	28932.4643	2873.8899	373	1
5_MACS_peak_317_lociStitched	chr1	23927844	23954708	5	14593	22939.1696	5171.32	374	1
2_MACS_peak_20981_lociStitched	chr4	38306918	38322531	2	13198	26926.1798	3700.281	377	1
5_MACS_peak_15702_lociStitched	chr2	129127240	129147415	5	14067	22749.33	2792.22	378	1
4_MACS_peak_29075_lociStitched	chr9	93847239	93866649	4	14071	23606.442	3856.767	379	1
3_MACS_peak_24955_lociStitched	chr6	109186395	109207520	3	14591	21194.7125	3861.65	380	1
3_MACS_peak_13431_lociStitched	chr19	10328982	10347966	3	13376	25505.004	3122.868	381	1
3_MACS_peak_26967_lociStitched	chr7	137424420	137440896	3	14465	21328.182	3576.9396	383	1
1_MACS_peak_2526_lociStitched	chr1	209274464	209286164	1	11701	31081.05	3843.45	384	1
3_MACS_peak_12384_lociStitched	chr17	76137292	76152685	3	13726	23572.8402	2821.5369	385	1
1_MACS_peak_12134_lociStitched	chr17	62196753	62210354	1	13602	24409.7147	3219.3567	386	1
3_MACS_peak_6126_lociStitched	chr12	13242114	13256373	3	14172	21449.8137	2613.6747	387	1
3_MACS_peak_16688_lociStitched	chr2	238599797	238613885	3	13606	22871.868	1730.0064	388	1
4_MACS_peak_10245_lociStitched	chr16	14486387	14503843	4	13348	25152.3504	3067.0192	389	1
4_MACS_peak_15474_lociStitched	chr2	109220836	109239139	4	14871	18513.4845	3340.2975	390	1
2_MACS_peak_18188_lociStitched	chr22	26974948	26993743	2	12890	26997.138	3603.0015	391	1
1_MACS_peak_18134_lociStitched	chr22	23477828	23489009	1	11182	30654.9477	2554.8585	392	1
3_MACS_peak_11387_lociStitched	chr17	19204064	19221785	3	12004	29227.2453	3356.3574	393	1
2_MACS_peak_5946_lociStitched	chr12	4249315	4264004	2	14587	18762.2597	2702.776	394	1
2_MACS_peak_21013_lociStitched	chr4	40301549	40319936	2	13405	25285.8024	4067.2044	395	1
3_MACS_peak_1674_lociStitched	chr1	152001081	152021703	3	13910	25090.7874	6159.7914	396	1
6_MACS_peak_29215_lociStitched	chr9	101996416	102029428	6	13384	25930.926	5017.824	397	1
2_MACS_peak_10229_lociStitched	chr16	12056260	12072086	2	11354	30730.9268	3677.9624	398	1
2_MACS_peak_20570_lociStitched	chr3	193846977	193860682	2	13661	23213.529	3475.588	399	1
4_MACS_peak_26916_lociStitched	chr7	130902232	130917839	4	14230	20760.4314	3681.6913	400	1
2_MACS_peak_11683_lociStitched	chr17	37924932	37938996	2	14031	20887.8528	3019.5408	401	1
2_MACS_peak_3393_lociStitched	chr10	43890504	43906070	2	12195	27182.9058	2683.5784	402	1
2_MACS_peak_636_lociStitched	chr1	40029935	40048059	2	14533	19158.8804	3985.4676	403	1
3_MACS_peak_25322_lociStitched	chr6	143162913	143179987	3	13595	21397.1368	1847.4068	405	1
4_MACS_peak_3786_lociStitched	chr10	81946283	81966211	4	13608	22972.9984	3487.4	406	1
2_MACS_peak_15103_lociStitched	chr2	70310190	70323284	2	9100	34193.6716	2917.3432	408	1
3_MACS_peak_4128_lociStitched	chr10	111966752	111986551	3	12974	25784.2377	4128.0915	409	1
1_MACS_peak_2977_lociStitched	chr1	249110961	249122096	1	11136	30564.4615	3558.746	410	1
4_MACS_peak_11201_lociStitched	chr17	6915017	6940200	4	11387	30725.7783	4364.2139	411	1
1_MACS_peak_4951_lociStitched	chr11	60672299	60684340	1	12042	27280.0896	2735.7152	412	1
3_MACS_peak_17656_lociStitched	chr21	19151733	19167952	3	13959	20724.6382	3219.4715	413	1
5_MACS_peak_19144_lociStitched	chr3	46389747	46411609	5	14054	21153.6712	4274.021	414	1
3_MACS_peak_17316_lociStitched	chr20	43587501	43609515	3	13483	23891.7942	4530.4812	415	1
4_MACS_peak_29559_lociStitched	chr9	130828641	130845609	4	13600	22180.5696	3363.0576	416	1
3_MACS_peak_9504_lociStitched	chr15	70042243	70056927	3	14133	19165.5568	2858.9748	417	1
2_MACS_peak_23335_lociStitched	chr5	148204759	148222481	2	13022	25190.0508	4180.6198	418	1
3_MACS_peak_27466_lociStitched	chr8	27934247	27951519	3	13684	21888.8056	3801.5672	420	1
2_MACS_peak_1614_lociStitched	chr1	150120960	150139257	2	12468	27397.9278	4784.6655	422	1
2_MACS_peak_1783_lociStitched	chr1	155902828	155919205	2	12230	28098.0189	4746.0546	423	1
1_MACS_peak_20341_lociStitched	chr3	176911088	176921984	1	10897	30402.0192	3442.0464	424	1
4_MACS_peak_21215_lociStitched	chr4	76022607	76043689	4	11944	27942.0828	3756.8124	425	1
1_MACS_peak_1529_lociStitched	chr1	145448130	145457884	1	9755	33177.2556	3793.3306	426	1
3_MACS_peak_2096_lociStitched	chr1	177778266	177795538	3	13419	22913.0352	4053.7384	427	1
2_MACS_peak_4144_lociStitched	chr10	112251565	112265308	2	11271	28992.2328	3140.2755	429	1
2_MACS_peak_13373_lociStitched	chr19	7398355	7411384	2	11288	29125.0266	3394.0545	430	1
3_MACS_peak_13221_lociStitched	chr19	1846850	1865859	3	12052	27445.1942	3934.863	431	1
5_MACS_peak_12724_lociStitched	chr18	23745862	23772011	5	14012	20061.5128	4249.2125	432	1
3_MACS_peak_24034_lociStitched	chr6	26020213	26034964	3	12928	23703.3819	3178.8405	433	1
3_MACS_peak_22968_lociStitched	chr5	118657831	118678922	3	13929	20129.2504	3965.108	434	1
1_MACS_peak_2175_lociStitched	chr1	183806113	183817562	1	11450	28479.3875	3355.7019	435	1
2_MACS_peak_26093_lociStitched	chr7	50342892	50357960	2	13569	20619.0512	2852.3724	436	1
5_MACS_peak_6644_lociStitched	chr12	57093589	57120054	5	13639	21989.7685	4557.273	437	1
1_MACS_peak_24473_lociStitched	chr6	45671525	45684492	1	12968	23070.8864	2879.9707	438	1
2_MACS_peak_2337_lociStitched	chr1	200850172	200865195	2	11984	27371.906	3928.5145	440	1
3_MACS_peak_19909_lociStitched	chr3	130557189	130574116	3	13205	22392.7283	3336.3117	441	1
2_MACS_peak_26719_lociStitched	chr7	114561547	114574804	2	11618	28253.3184	3896.2323	443	1
4_MACS_peak_1086_lociStitched	chr1	75595723	75610670	4	13772	18719.6228	2348.1737	444	1
4_MACS_peak_22449_lociStitched	chr5	55272577	55292052	4	13344	21845.1075	3826.8375	445	1
2_MACS_peak_11142_lociStitched	chr17	4267833	4281759	2	11371	27506.6352	2776.8444	447	1
4_MACS_peak_24208_lociStitched	chr6	31783160	31805357	4	13711	20234.7852	4099.7859	448	1
3_MACS_peak_22052_lociStitched	chr4	186252393	186276037	3	13748	20241.6284	4319.7588	449	1
3_MACS_peak_4611_lociStitched	chr11	16966948	16986831	3	13030	23177.6131	4056.132	450	1
2_MACS_peak_24939_lociStitched	chr6	108986204	108999115	2	12849	21960.3199	2148.3904	451	1
2_MACS_peak_2564_lociStitched	chr1	211686753	211703075	2	12654	24915.533	4410.2044	452	1
2_MACS_peak_23874_lociStitched	chr6	11722248	11736411	2	12878	22735.8639	3121.5252	453	1
2_MACS_peak_12444_lociStitched	chr17	78873242	78887841	2	10862	28830.1052	3001.5544	454	1
1_MACS_peak_21758_lociStitched	chr4	144272732	144283981	1	11250	27517.3038	2696.3853	455	1
4_MACS_peak_24506_lociStitched	chr6	52157212	52173557	4	13290	21375.991	3488.023	456	1
3_MACS_peak_5641_lociStitched	chr11	115789835	115811515	3	13312	21335.288	3601.048	457	1
3_MACS_peak_23576_lociStitched	chr5	172191043	172205893	3	12163	24799.5	2733.885	458	1
2_MACS_peak_20619_lociStitched	chr3	196357741	196371442	2	11068	29214.6423	4011.6528	459	1
2_MACS_peak_25141_lociStitched	chr6	130832639	130849039	2	12668	23401.16	3239	460	1
4_MACS_peak_25199_lociStitched	chr6	135322915	135344117	4	13161	22062.8012	3979.6154	461	1
2_MACS_peak_26066_lociStitched	chr7	47513267	47524538	2	10991	28162.8477	2947.3665	462	1
2_MACS_peak_17092_lociStitched	chr20	31254589	31270789	2	12160	24593.22	3149.28	464	1
3_MACS_peak_27495_lociStitched	chr8	29403965	29420516	3	12078	24376.3128	2994.0759	466	1
2_MACS_peak_2488_lociStitched	chr1	207092455	207107206	2	10468	29931.2541	4109.6286	467	1
5_MACS_peak_22763_lociStitched	chr5	87954779	87976687	5	10757	28760.8224	3768.176	468	1
2_MACS_peak_2339_lociStitched	chr1	200984258	200996995	2	11434	26508.2444	3386.7683	469	1
2_MACS_peak_23373_lociStitched	chr5	150459539	150476080	2	12345	23334.3887	3376.0181	470	1
3_MACS_peak_27365_lociStitched	chr8	19518733	19541000	3	12640	22565.3778	3787.6167	471	1
1_MACS_peak_2794_lociStitched	chr1	230238247	230249690	1	11444	26252.5306	3414.5912	472	1
3_MACS_peak_24406_lociStitched	chr6	42737782	42752483	3	11511	25345.9941	2715.2747	473	1
2_MACS_peak_20641_lociStitched	chr3	197449870	197465183	2	11499	26840.6264	4203.4185	474	1
2_MACS_peak_17144_lociStitched	chr20	32989049	33005666	2	12666	21607.0851	3045.8961	475	1
3_MACS_peak_2259_lociStitched	chr1	192538204	192551705	3	13042	21115.564	4171.809	476	1
2_MACS_peak_28893_lociStitched	chr9	71251169	71269691	2	13121	19842.6186	3293.2116	477	1
2_MACS_peak_16285_lociStitched	chr2	201310114	201322899	2	12705	20490.5195	2305.1355	478	1
3_MACS_peak_17952_lociStitched	chr21	45194897	45210624	3	12079	24991.7757	4482.195	479	1
4_MACS_peak_13252_lociStitched	chr19	2455091	2480182	4	12640	23778.7407	5394.565	480	1
2_MACS_peak_28372_lociStitched	chr8	137189109	137201561	2	12451	21539.4696	2495.3808	482	1
1_MACS_peak_4947_lociStitched	chr11	60602364	60613387	1	11024	26122.3054	2517.6532	483	1
3_MACS_peak_22478_lociStitched	chr5	55953208	55969818	3	12800	20325.657	2883.496	484	1
4_MACS_peak_5074_lociStitched	chr11	65235701	65247322	4	10504	26957.2337	2073.1864	486	1
3_MACS_peak_2428_lociStitched	chr1	205197167	205218620	3	13288	20311.7004	5343.9423	487	1
2_MACS_peak_6251_lociStitched	chr12	27329604	27346279	2	12732	21237.28	3691.845	488	1
5_MACS_peak_28245_lociStitched	chr8	126340768	126366434	5	13184	19039.0388	3665.1048	489	1
2_MACS_peak_24467_lociStitched	chr6	45386700	45399474	2	10738	26491.9986	2363.19	490	1
2_MACS_peak_27512_lociStitched	chr8	29622007	29635546	2	8787	31112.622	2737.5858	491	1
3_MACS_peak_5182_lociStitched	chr11	67644655	67660137	3	11781	24381.0536	3402.9436	492	1
2_MACS_peak_11063_lociStitched	chr17	1010891	1027221	2	13213	18080.576	2965.528	493	1
5_MACS_peak_29649_lociStitched	chr9	134594606	134616404	5	13035	19441.6362	3553.074	494	1
4_MACS_peak_27220_lociStitched	chr8	2098068	2115830	4	12779	20023.1026	2968.0302	495	1
3_MACS_peak_27047_lociStitched	chr7	142490303	142509385	3	12424	22873.5934	4486.1782	499	1
2_MACS_peak_4257_lociStitched	chr10	125151589	125163946	2	10952	25434.4131	2269.9809	501	1
3_MACS_peak_2112_lociStitched	chr1	179048902	179061825	3	9491	30279.8813	3645.5783	503	1
3_MACS_peak_26960_lociStitched	chr7	136031622	136046741	3	12909	20136.9961	4218.201	504	1
3_MACS_peak_11408_lociStitched	chr17	20204601	20225193	3	12799	19337.9472	2965.248	505	1
3_MACS_peak_18727_lociStitched	chr3	8696128	8708982	3	12411	20450.714	2476.9658	506	1
3_MACS_peak_13597_lociStitched	chr19	16180230	16198200	3	10966	26149.944	3351.405	507	1
2_MACS_peak_6904_lociStitched	chr12	89737878	89749566	2	10798	26129.6928	2895.1176	508	1
2_MACS_peak_13945_lociStitched	chr19	41801235	41817311	2	11094	25332.5608	3035.1488	509	1
3_MACS_peak_29840_lociStitched	chrX	10074365	10091315	3	12537	19214.52	2088.24	510	1
2_MACS_peak_29498_lociStitched	chr9	128388138	128400989	2	12094	21601.2459	2818.2243	511	1
3_MACS_peak_26034_lociStitched	chr7	45024952	45042757	3	12523	20292.3585	3258.315	512	1
2_MACS_peak_24354_lociStitched	chr6	37271257	37287500	2	12002	22543.6597	3425.6487	513	1
3_MACS_peak_6003_lociStitched	chr12	7022743	7038568	3	12172	21556.815	3136.515	515	1
2_MACS_peak_16205_lociStitched	chr2	192530028	192546119	2	10749	26167.1842	3332.4461	519	1
1_MACS_peak_2766_lociStitched	chr1	228268826	228279934	1	11109	25212.9384	3425.7072	520	1
3_MACS_peak_1885_lociStitched	chr1	160694250	160715227	3	12835	21318.9251	6257.4391	521	1
4_MACS_peak_16923_lociStitched	chr20	12028388	12042384	4	12661	18080.0328	2229.5628	522	1
1_MACS_peak_9319_lociStitched	chr15	56656172	56666292	1	10121	26487.076	2187.944	523	1
4_MACS_peak_28769_lociStitched	chr9	36135962	36153890	4	12708	18829.7784	3348.9504	525	1
3_MACS_peak_14107_lociStitched	chr19	48823221	48837946	3	11816	22044.7975	2974.45	527	1
5_MACS_peak_18100_lociStitched	chr22	22549096	22565903	5	11696	22521.38	3102.5722	529	1
5_MACS_peak_9976_lociStitched	chr15	101782291	101807905	5	12395	21072.6378	4415.8536	530	1
1_MACS_peak_25129_lociStitched	chr6	130000937	130011133	1	10197	26441.2868	2581.6272	531	1
4_MACS_peak_23288_lociStitched	chr5	142952593	142975085	4	12151	21994.9268	4376.9432	532	1
2_MACS_peak_17842_lociStitched	chr21	37905106	37916845	2	11501	22928.6148	2897.1852	533	1
4_MACS_peak_13898_lociStitched	chr19	39920764	39939989	4	12481	19869.0375	3768.1	534	1
2_MACS_peak_11134_lociStitched	chr17	3813007	3822836	2	9657	27233.2103	2179.0893	536	1
2_MACS_peak_26946_lociStitched	chr7	134670217	134683959	2	10775	26052.0836	3857.3794	537	1
1_MACS_peak_29374_lociStitched	chr9	117125278	117137065	1	11788	21256.6758	2404.548	538	1
2_MACS_peak_1827_lociStitched	chr1	157141826	157153557	2	11651	22718.2546	3441.8754	539	1
4_MACS_peak_14245_lociStitched	chr19	56145412	56167935	4	11142	24041.0502	3198.266	540	1
4_MACS_peak_15534_lociStitched	chr2	111804712	111821580	4	12081	20194.3696	2786.5936	541	1
2_MACS_peak_16956_lociStitched	chr20	17825947	17840662	2	12001	20497.995	2820.8655	542	1
3_MACS_peak_576_lociStitched	chr1	36614079	36628168	3	10905	24171.0884	2723.4037	543	1
2_MACS_peak_18763_lociStitched	chr3	10429928	10442450	2	12332	18228.2754	2143.7664	544	1
4_MACS_peak_18463_lociStitched	chr22	39910376	39929416	4	10984	25222.288	4150.72	545	1
1_MACS_peak_13600_lociStitched	chr19	16221336	16232336	1	11001	23228.7	2396.9	546	1
4_MACS_peak_24348_lociStitched	chr6	37121480	37140893	4	11151	23536.3212	3263.3253	549	1
3_MACS_peak_20593_lociStitched	chr3	195263807	195278238	3	12438	19206.2179	4128.7091	550	1
4_MACS_peak_23192_lociStitched	chr5	138738389	138754987	4	10996	23934.316	3284.7442	551	1
3_MACS_peak_23884_lociStitched	chr6	12043987	12062414	3	11688	21817.568	3582.2088	552	1
2_MACS_peak_5881_lociStitched	chr11	132217646	132231596	2	11309	22035.42	2654.685	554	1
1_MACS_peak_9602_lociStitched	chr15	75334272	75343339	1	9068	27652.5366	2261.3098	555	1
2_MACS_peak_28392_lociStitched	chr8	142126388	142141026	2	9989	25973.6672	2768.0458	558	1
2_MACS_peak_7407_lociStitched	chr12	125398163	125413101	2	10402	23881.3806	1811.9794	559	1
3_MACS_peak_5339_lociStitched	chr11	78127111	78141349	3	12148	18616.185	2685.2868	560	1
5_MACS_peak_10685_lociStitched	chr16	57824449	57851394	5	12088	20098.2755	4060.6115	562	1
3_MACS_peak_24105_lociStitched	chr6	27791018	27808132	3	9510	27587.768	3472.4306	564	1
2_MACS_peak_16051_lociStitched	chr2	175454744	175465311	2	9836	25585.8771	2314.173	565	1
2_MACS_peak_20575_lociStitched	chr3	194020725	194034260	2	9764	26565.1445	3230.8045	566	1
2_MACS_peak_2402_lociStitched	chr1	203721970	203736279	2	9209	28220.2098	3603.0062	567	1
5_MACS_peak_30677_lociStitched	chrX	153232642	153252636	5	11654	19638.1068	2301.3094	568	1
5_MACS_peak_5027_lociStitched	chr11	63992690	64015220	5	11700	20705.07	3602.547	570	1
2_MACS_peak_2104_lociStitched	chr1	178544192	178553143	2	8927	27911.0082	2960.9908	572	1
3_MACS_peak_19834_lociStitched	chr3	125548503	125561047	3	10762	22882.7648	2765.952	574	1
3_MACS_peak_5838_lociStitched	chr11	129233528	129249384	3	11007	22390.2576	3172.7856	575	1
5_MACS_peak_8659_lociStitched	chr14	93033991	93054254	5	11708	18727.0646	2255.2719	577	1
5_MACS_peak_10466_lociStitched	chr16	29815567	29833494	5	11521	20277.2297	3090.6148	578	1
3_MACS_peak_25481_lociStitched	chr6	160389178	160405325	3	11700	18399.5065	1976.3928	579	1
1_MACS_peak_27444_lociStitched	chr8	26428161	26437506	1	9346	25777.248	2210.0925	582	1
2_MACS_peak_6425_lociStitched	chr12	46908678	46920190	2	11290	20112.6152	2400.252	583	1
1_MACS_peak_3183_lociStitched	chr10	15824554	15834879	1	10326	23084.635	2241.5575	584	1
3_MACS_peak_18427_lociStitched	chr22	39459075	39474396	3	11558	19269.2217	2763.9084	585	1
2_MACS_peak_11936_lociStitched	chr17	47815846	47827825	2	10749	22038.9642	2619.8073	586	1
1_MACS_peak_7072_lociStitched	chr12	102870403	102879277	1	8875	25983.072	1782.7866	591	1
3_MACS_peak_29471_lociStitched	chr9	126961491	126982178	3	11757	18773.4525	3498.1717	592	1
3_MACS_peak_13697_lociStitched	chr19	19050181	19061906	3	10832	20830.635	1983.87	593	1
2_MACS_peak_4053_lociStitched	chr10	104401276	104413705	2	10395	22301.3547	2093.0436	595	1
3_MACS_peak_19598_lociStitched	chr3	101495313	101513648	3	11151	21470.285	3942.025	597	1
3_MACS_peak_3606_lociStitched	chr10	70974093	70989929	3	11286	19528.9552	2707.956	600	1
2_MACS_peak_22781_lociStitched	chr5	88633941	88650892	2	10996	21075.1783	3157.9713	601	1
2_MACS_peak_14001_lociStitched	chr19	44257429	44272057	2	10365	22690.9536	2695.9404	603	1
3_MACS_peak_11273_lociStitched	chr17	9915376	9931051	3	11522	17893.0125	2127.0975	604	1
2_MACS_peak_29621_lociStitched	chr9	132646040	132657811	2	9007	25697.2701	2383.6275	608	1
2_MACS_peak_23809_lociStitched	chr6	6798491	6812696	2	10921	20443.836	2630.766	609	1
3_MACS_peak_9900_lociStitched	chr15	93346129	93364594	3	10392	22440.5145	2908.2375	610	1
3_MACS_peak_362_lociStitched	chr1	25346530	25364366	3	11253	19095.2216	2671.8328	611	1
3_MACS_peak_17936_lociStitched	chr21	44771874	44785738	3	9750	24445.0048	3098.604	612	1
1_MACS_peak_157_lociStitched	chr1	11622771	11632851	1	10081	22428	2035.152	613	1
3_MACS_peak_12387_lociStitched	chr17	76163496	76184096	3	11304	19862.52	3763.62	615	1
2_MACS_peak_2198_lociStitched	chr1	184710839	184725750	2	11079	21210.8975	4270.5104	616	1
3_MACS_peak_23567_lociStitched	chr5	171601081	171616174	3	11178	19551.4722	3057.8418	617	1
5_MACS_peak_5054_lociStitched	chr11	64839001	64864869	5	11284	20407.2652	4475.164	620	1
3_MACS_peak_26802_lociStitched	chr7	122822637	122839633	3	11243	20294.9236	4192.9132	621	1
1_MACS_peak_16457_lociStitched	chr2	217080147	217089738	1	9592	23797.1892	2391.0363	623	1
4_MACS_peak_21189_lociStitched	chr4	74454092	74475162	4	10855	20701.275	3265.85	625	1
1_MACS_peak_4772_lociStitched	chr11	35159440	35169414	1	9975	22989.0726	2727.889	626	1
2_MACS_peak_21466_lociStitched	chr4	103532535	103543534	2	10855	19491.3279	2294.3914	630	1
4_MACS_peak_24264_lociStitched	chr6	33536562	33558868	4	10715	21088.0924	3548.8846	633	1
1_MACS_peak_30144_lociStitched	chrX	48767973	48778948	1	10976	18236.06	1715.3925	634	1
1_MACS_peak_23617_lociStitched	chr5	175075582	175086444	1	10863	19262.6708	2327.7266	635	1
3_MACS_peak_28253_lociStitched	chr8	126647904	126661698	3	11004	19210.9038	2946.3984	637	1
4_MACS_peak_8991_lociStitched	chr15	33296362	33315374	4	11247	18652.6732	3412.654	638	1
3_MACS_peak_22754_lociStitched	chr5	86408068	86420273	3	10886	19033.6975	2372.652	639	1
3_MACS_peak_9295_lociStitched	chr15	52959367	52977340	3	11011	19434.2049	3407.6808	643	1
3_MACS_peak_12504_lociStitched	chr17	80405718	80424211	3	9412	24708.4973	3552.5053	644	1
2_MACS_peak_25822_lociStitched	chr7	25979729	25994711	2	10101	22037.0238	2905.0098	647	1
4_MACS_peak_22136_lociStitched	chr5	1335224	1346326	4	10855	18505.9238	2090.5066	649	1
3_MACS_peak_14366_lociStitched	chr2	8651661	8666814	3	11094	18012.3711	2624.4996	650	1
3_MACS_peak_15885_lociStitched	chr2	158323291	158337944	3	9708	23296.8047	3220.7294	651	1
2_MACS_peak_25197_lociStitched	chr6	135190281	135204140	2	8718	25145.7696	2653.9985	653	1
3_MACS_peak_6937_lociStitched	chr12	92753920	92770205	3	10045	22259.9665	3331.911	654	1
2_MACS_peak_7831_lociStitched	chr13	77898937	77914787	2	9979	22226.455	3106.6	655	1
3_MACS_peak_23367_lociStitched	chr5	149854513	149870818	3	10854	18990.4335	3083.2755	656	1
1_MACS_peak_9516_lociStitched	chr15	70386969	70396857	1	9889	21360.0576	2209.968	659	1
3_MACS_peak_24636_lociStitched	chr6	74220613	74234416	3	9906	22365.0009	3425.9046	662	1
3_MACS_peak_9580_lociStitched	chr15	74831605	74846126	3	10634	19339.0678	2941.9546	663	1
3_MACS_peak_1695_lociStitched	chr1	153755110	153770695	3	10826	19231.89	3773.1285	665	1
2_MACS_peak_5747_lociStitched	chr11	122929363	122942619	2	10124	20892.7816	2872.5752	666	1
2_MACS_peak_21269_lociStitched	chr4	78735745	78749513	2	10388	19461.068	2461.7184	670	1
2_MACS_peak_12359_lociStitched	chr17	75229016	75244044	2	9790	21847.7064	2871.8508	671	1
2_MACS_peak_5375_lociStitched	chr11	82703734	82720043	2	10588	19014.6631	2826.3497	672	1
3_MACS_peak_26260_lociStitched	chr7	74057209	74076662	3	10815	18075.7276	2812.9038	673	1
1_MACS_peak_2852_lociStitched	chr1	234652061	234661546	1	9486	22507.905	2761.0835	675	1
3_MACS_peak_1743_lociStitched	chr1	154942160	154957866	3	10180	22808.2532	5236.3804	676	1
2_MACS_peak_4773_lociStitched	chr11	35183477	35196654	2	10707	18256.7335	2701.285	678	1
2_MACS_peak_18512_lociStitched	chr22	42140898	42152010	2	10473	18911.5128	2511.312	680	1
3_MACS_peak_17772_lociStitched	chr21	34696135	34712634	3	8822	26211.9613	5000.8469	682	1
3_MACS_peak_20789_lociStitched	chr4	9599114	9611112	3	9906	20427.7948	2346.8088	684	1
2_MACS_peak_2501_lociStitched	chr1	207994705	208006391	2	8819	24676.1576	3605.131	688	1
2_MACS_peak_27470_lociStitched	chr8	28195031	28207387	2	9092	22568.234	2364.9384	692	1
1_MACS_peak_16590_lociStitched	chr2	231729330	231739862	1	10533	16874.3704	1390.224	694	1
3_MACS_peak_29421_lociStitched	chr9	123630270	123641826	3	9436	21653.6328	2484.54	696	1
3_MACS_peak_10461_lociStitched	chr16	29740390	29759202	3	10369	18902.2976	3038.138	698	1
2_MACS_peak_13610_lociStitched	chr19	16432714	16442664	2	9908	19270.165	1812.89	699	1
2_MACS_peak_4433_lociStitched	chr11	3525384	3536685	2	10274	18228.513	2074.8636	700	1
2_MACS_peak_1818_lociStitched	chr1	156709100	156722726	2	9932	20951.3376	3590.451	702	1
2_MACS_peak_12064_lociStitched	chr17	56695367	56710438	2	10420	18537.33	3146.8248	707	1
3_MACS_peak_15872_lociStitched	chr2	157188196	157207829	3	8995	23157.1235	3178.5827	708	1
2_MACS_peak_10834_lociStitched	chr16	70460630	70474206	2	10073	19033.552	2404.3096	709	1
4_MACS_peak_18792_lociStitched	chr3	13455346	13470936	4	10157	19030.713	2722.014	710	1
3_MACS_peak_15241_lociStitched	chr2	85922746	85938679	3	10384	18463.1604	3033.6432	711	1
2_MACS_peak_26949_lociStitched	chr7	134842108	134857467	2	9628	21573.2514	3613.9727	713	1
3_MACS_peak_11161_lociStitched	chr17	4842242	4854738	3	9646	20149.8	2260.5264	714	1
1_MACS_peak_20155_lociStitched	chr3	156845656	156855818	1	10163	19186.8722	3108.5558	716	1
2_MACS_peak_17764_lociStitched	chr21	34600926	34613451	2	10132	19164.5025	3131.25	721	1
2_MACS_peak_7058_lociStitched	chr12	102129407	102140596	2	9552	19961.176	2064.3705	726	1
1_MACS_peak_18420_lociStitched	chr22	39377013	39386575	1	9563	19708.2382	1850.247	727	1
2_MACS_peak_13612_lociStitched	chr19	16475316	16484957	2	9518	19704.2758	1790.3337	731	1
3_MACS_peak_13184_lociStitched	chr19	1014968	1029274	3	10289	18820.9736	3696.6704	732	1
3_MACS_peak_2163_lociStitched	chr1	183439013	183451517	3	8761	23572.5408	3563.64	733	1
1_MACS_peak_2732_lociStitched	chr1	226308427	226317282	1	8856	22500.555	2788.4395	735	1
2_MACS_peak_10861_lociStitched	chr16	71875996	71889422	2	9964	18761.4924	2524.088	736	1
1_MACS_peak_1348_lociStitched	chr1	111172725	111181528	1	8804	20996.9156	1230.6594	737	1
1_MACS_peak_1746_lociStitched	chr1	154970836	154979749	1	8914	21702.2637	2308.467	742	1
2_MACS_peak_18136_lociStitched	chr22	23517154	23526369	2	9216	20790.883	2262.2825	743	1
2_MACS_peak_30428_lociStitched	chrX	106915581	106929178	2	9505	19101.0656	1671.0713	749	1
1_MACS_peak_13468_lociStitched	chr19	11198979	11208186	1	9208	20437.6986	2139.7068	752	1
3_MACS_peak_15014_lociStitched	chr2	64862576	64873040	3	9423	19997.7504	2539.6128	756	1
1_MACS_peak_3541_lociStitched	chr10	63656318	63665620	1	9303	19876.5136	2042.7192	757	1
1_MACS_peak_19890_lociStitched	chr3	128994548	129003826	1	9279	19719.4612	1947.4522	759	1
1_MACS_peak_2297_lociStitched	chr1	197740144	197748885	1	8742	22224.8666	2956.2062	761	1
1_MACS_peak_1884_lociStitched	chr1	160675845	160685184	1	9340	20565.4119	3334.023	774	1
2_MACS_peak_29415_lociStitched	chr9	123340732	123350527	2	9716	18176.5815	2224.4445	775	1
2_MACS_peak_19906_lociStitched	chr3	129890263	129900525	2	9474	18994.962	2213.5134	776	1
2_MACS_peak_16561_lociStitched	chr2	228270411	228282187	2	9790	17560.3712	2029.0048	781	1
4_MACS_peak_17012_lociStitched	chr20	23329820	23347903	4	9644	18658.0394	2848.0725	787	1
1_MACS_peak_28251_lociStitched	chr8	126440939	126449690	1	8752	20464.2135	1842.9606	788	1
2_MACS_peak_8268_lociStitched	chr14	50465328	50476544	2	8904	19556.2176	1375.0816	789	1
1_MACS_peak_21155_lociStitched	chr4	69434800	69444103	1	9304	18904.6263	2011.3086	792	1
2_MACS_peak_11891_lociStitched	chr17	46123932	46134937	2	8928	20412.074	2372.678	793	1
3_MACS_peak_11247_lociStitched	chr17	8053580	8067603	3	8788	21075.1667	2640.5309	794	1
2_MACS_peak_373_lociStitched	chr1	25869643	25879919	2	9662	17684.996	2160.0152	799	1
1_MACS_peak_19852_lociStitched	chr3	126627361	126636891	1	9531	17913.541	1954.603	801	1
2_MACS_peak_6534_lociStitched	chr12	51711964	51722076	2	9564	17927.5648	2349.0176	810	1
2_MACS_peak_1897_lociStitched	chr1	161028865	161042775	2	8899	21315.684	3782.129	821	1
3_MACS_peak_4948_lociStitched	chr11	60626181	60641318	3	9630	17598.2762	2524.8516	822	1
1_MACS_peak_14657_lociStitched	chr2	33716487	33725339	1	8853	19604.5244	2020.9116	826	1
1_MACS_peak_26640_lociStitched	chr7	105982630	105991676	1	9047	19500.4622	2512.9788	827	1
2_MACS_peak_6419_lociStitched	chr12	46776179	46785761	2	9291	17920.2564	1971.9756	836	1
1_MACS_peak_26433_lociStitched	chr7	92436960	92445916	1	8957	19164.0488	2148.5444	838	1
4_MACS_peak_19883_lociStitched	chr3	128900498	128916502	4	9158	18382.1944	2413.4032	857	1
3_MACS_peak_2040_lociStitched	chr1	171219727	171229353	3	9267	17953.4526	2516.2364	864	1
2_MACS_peak_30430_lociStitched	chrX	106952988	106962978	2	8995	17478.504	1388.61	877	1
2_MACS_peak_3017_lociStitched	chr10	3798124	3808426	2	9189	16938.5484	1819.3332	889	1
2_MACS_peak_17758_lociStitched	chr21	34443115	34453945	2	8816	18898.35	2538.552	891	1
2_MACS_peak_29482_lociStitched	chr9	127622789	127636043	2	8815	18726.5766	2645.4984	905	1
3_MACS_peak_21675_lociStitched	chr4	129723726	129741428	3	8929	18918.1274	3326.2058	913	1
3_MACS_peak_12362_lociStitched	chr17	75314835	75330007	3	8811	18397.5672	2504.8972	918	1
2_MACS_peak_22922_lociStitched	chr5	112256520	112267702	2	8692	18510.6828	2245.3456	919	1
2_MACS_peak_1495_lociStitched	chr1	143947842	143961913	2	8894	19083.0902	3893.4457	932	1
2_MACS_peak_22014_lociStitched	chr4	185263581	185277167	2	8694	18449.788	2672.3662	934	1
3_MACS_peak_7163_lociStitched	chr12	109072122	109087404	3	8776	18478.9944	3067.0974	936	1
2_MACS_peak_12828_lociStitched	chr18	42330535	42342590	2	8751	17378.488	2131.324	951	1
1_MACS_peak_11061_lociStitched	chr17	977234	985951	1	8718	16957.1801	1612.645	952	1
3_MACS_peak_11227_lociStitched	chr17	7474963	7488504	3	8776	18002.7595	3042.6627	958	1
1_MACS_peak_5806_lociStitched	chr11	126566272	126574973	1	8702	16693.7386	1521.8049	962	1
