#27_0F2D_0229Kronos_MM1S-KB-6hr-1_H3K27me3_hs-dm_i14_peaks Enhancers
#Created from /data/projects/IRF4_mm_trn_data/p300_internal_ChIP/rose/27_0F2D_0229Kronos_MM1S-KB-6hr-1_H3K27me3_hs-dm_i14_ROSE/27_0F2D_0229Kronos_MM1S-KB-6hr-1_H3K27me3_hs-dm_i14_peaks_0KB_STITCHED_ENHANCER_REGION_MAP.txt
#Ranked by X27_0F2D_0229Kronos_MM1S.KB.6hr.1_H3K27me3_hs.dm_i14.bam
#Using cutoff of 11276.0776 for Super-Enhancers
#Created on Jul 18 2024 
REGION_ID	CHROM	START	STOP	NUM_LOCI	CONSTITUENT_SIZE	X27_0F2D_0229Kronos_MM1S.KB.6hr.1_H3K27me3_hs.dm_i14.bam	X41_0EXT_0229Kronos_MM1S.KB.6hr.1_Input_hs_i85.bam	enhancerRank	isSuperStretch
31_MACS_peak_15797_lociStitched	chr17	77084510	77228183	31	138072	198671.0244	11594.4111	1	1
19_MACS_peak_29285_lociStitched	chr4	9211676	9274612	19	61364	178178.1096	18868.2128	2	1
15_MACS_peak_23817_lociStitched	chr20	60984439	61072120	15	85737	138290.4732	7023.2481	3	1
2_MACS_peak_18035_lociStitched	chr19	8851028	8900870	2	49350	181375.038	24751.5372	4	1
7_MACS_peak_6872_lociStitched	chr11	1982285	2063745	7	80532	134995.512	6223.544	5	1
14_MACS_peak_17148_lociStitched	chr19	3798494	3882930	14	82638	127506.8036	10470.064	6	1
12_MACS_peak_701_lociStitched	chr1	3408583	3488396	12	78106	114826.9631	5586.91	7	1
5_MACS_peak_16286_lociStitched	chr17	79009457	79075045	5	64927	118845.456	5358.5396	8	1
9_MACS_peak_36306_lociStitched	chr9	139525924	139596965	9	69363	112038.7611	5853.7784	9	1
5_MACS_peak_16756_lociStitched	chr19	1286368	1343729	5	57038	123228.6363	7107.0279	10	1
5_MACS_peak_2188_lociStitched	chr1	17012917	17066239	5	52804	128538.0132	12520.0056	11	1
10_MACS_peak_24484_lociStitched	chr21	44155094	44219926	10	63155	114849.888	8907.9168	12	1
10_MACS_peak_16711_lociStitched	chr19	681389	745189	10	62505	108810.9	7388.04	13	1
16_MACS_peak_15874_lociStitched	chr17	77356374	77430433	16	72314	92721.868	5998.779	14	1
11_MACS_peak_29304_lociStitched	chr4	9324626	9370930	11	45498	127081.328	13270.7264	15	1
12_MACS_peak_14698_lociStitched	chr17	47966550	48031573	12	64085	85674.3048	5663.5033	16	1
5_MACS_peak_20665_lociStitched	chr19	48406606	48462924	5	56207	108676.8446	19531.0824	17	1
11_MACS_peak_17237_lociStitched	chr19	4557655	4616219	11	56995	88935.2904	7835.8632	18	1
11_MACS_peak_16797_lociStitched	chr19	1703692	1753544	11	48540	94055.7684	6111.8552	19	1
14_MACS_peak_1760_lociStitched	chr1	10792405	10851990	14	57839	77245.994	4909.804	20	1
10_MACS_peak_1211_lociStitched	chr1	6475519	6530224	10	52961	83151.6	4452.987	21	1
18_MACS_peak_25912_lociStitched	chr22	37771848	37832345	18	57788	77914.0863	5753.2647	22	1
7_MACS_peak_16339_lociStitched	chr17	79399993	79451503	7	50622	82204.809	3816.891	23	1
11_MACS_peak_283_lociStitched	chr1	2244473	2294371	11	49225	82037.3018	4011.7992	24	1
11_MACS_peak_23858_lociStitched	chr20	61317094	61371332	11	52406	75293.1916	4279.3782	25	1
10_MACS_peak_23982_lociStitched	chr20	61850369	61900948	10	50003	76713.1693	4192.9991	26	1
2_MACS_peak_24712_lociStitched	chr21	46301434	46342405	2	40926	86993.7243	5408.172	27	1
19_MACS_peak_25027_lociStitched	chr22	19694355	19747735	19	50653	73322.768	4345.132	28	1
4_MACS_peak_21045_lociStitched	chr19	50594088	50643832	4	49514	84893.1104	14749.096	29	1
7_MACS_peak_24779_lociStitched	chr21	46709972	46755051	7	44257	80159.4778	6045.0939	30	1
12_MACS_peak_1172_lociStitched	chr1	6180737	6233905	12	50938	68661.1552	4769.1696	31	1
7_MACS_peak_26962_lociStitched	chr22	46325732	46374709	7	48103	69885.2813	3923.0577	32	1
5_MACS_peak_24467_lociStitched	chr21	44074192	44120964	5	46034	73165.4396	5636.026	33	1
17_MACS_peak_23905_lociStitched	chr20	61590502	61640746	17	48546	67698.7656	4476.7404	34	1
9_MACS_peak_36297_lociStitched	chr9	139477211	139524592	9	46666	68432.3783	3449.3368	35	1
18_MACS_peak_575_lociStitched	chr1	3099592	3153338	18	50476	62436.7282	3525.7376	36	1
10_MACS_peak_25898_lociStitched	chr22	37712348	37761779	10	48385	64492.6257	4592.1399	37	1
16_MACS_peak_24190_lociStitched	chr20	62815114	62864270	16	48053	65067.7972	4753.3852	38	1
4_MACS_peak_33428_lociStitched	chr8	142012894	142058604	4	45247	69739.747	5933.158	39	1
9_MACS_peak_11273_lociStitched	chr16	1153022	1197394	9	43403	67303.4496	3114.9144	40	1
13_MACS_peak_16323_lociStitched	chr17	79328009	79373184	13	42959	63913.59	3826.3225	41	1
6_MACS_peak_30291_lociStitched	chr6	31990990	32030619	6	39097	67817.1077	3974.7887	42	1
14_MACS_peak_9512_lociStitched	chr12	54342681	54389666	14	44367	59943.463	3993.725	43	1
4_MACS_peak_24806_lociStitched	chr21	46883063	46919953	4	36022	67674.705	4264.484	44	1
4_MACS_peak_36278_lociStitched	chr9	139216977	139252747	4	35261	64453.963	2439.514	45	1
6_MACS_peak_34568_lociStitched	chr9	129376633	129417814	6	40697	59082.3807	3525.0936	46	1
10_MACS_peak_191_lociStitched	chr1	1938459	1981797	10	42355	56738.1096	3666.3948	47	1
10_MACS_peak_34956_lociStitched	chr9	133785235	133825503	10	38946	61187.226	3591.9056	48	1
5_MACS_peak_24038_lociStitched	chr20	62081967	62122510	5	39640	59063.0424	2769.0869	49	1
17_MACS_peak_17494_lociStitched	chr19	5842290	5888485	17	43794	56454.9095	6388.7685	50	1
5_MACS_peak_16808_lociStitched	chr19	1754548	1790006	5	34925	65544.113	4184.044	51	1
6_MACS_peak_24716_lociStitched	chr21	46404310	46438503	6	33194	66655.8342	3891.1634	52	1
9_MACS_peak_17083_lociStitched	chr19	3391387	3434109	9	41173	57320.1074	4874.5802	53	1
14_MACS_peak_14710_lociStitched	chr17	48033185	48075781	14	40745	56358.7676	4242.5616	54	1
6_MACS_peak_24023_lociStitched	chr20	62023033	62062757	6	38492	57345.5664	2931.6312	55	1
9_MACS_peak_16721_lociStitched	chr19	745743	785375	9	37170	60541.8432	4755.84	56	1
8_MACS_peak_23842_lociStitched	chr20	61169818	61209459	8	38969	55263.5181	3373.4491	57	1
5_MACS_peak_305_lociStitched	chr1	2371458	2410571	5	37899	54996.7893	2601.0145	58	1
5_MACS_peak_31942_lociStitched	chr7	149498342	149531163	5	32049	62455.0809	3780.9792	59	1
7_MACS_peak_11303_lociStitched	chr16	1305247	1340850	7	34615	57958.1237	3150.8655	60	1
12_MACS_peak_35108_lociStitched	chr9	135053569	135094711	12	39703	51657.8952	3673.9806	61	1
2_MACS_peak_16795_lociStitched	chr19	1672258	1703083	2	30497	63459.4275	4491.2025	62	1
8_MACS_peak_35409_lociStitched	chr9	136377524	136416903	8	37950	52858.4317	2669.8962	63	1
6_MACS_peak_11294_lociStitched	chr16	1249566	1285416	6	35228	55764.675	2409.12	64	1
5_MACS_peak_24639_lociStitched	chr21	45907883	45943457	5	35426	56793.891	4756.2438	65	1
2_MACS_peak_24799_lociStitched	chr21	46825718	46856406	2	30428	58098.5216	2786.4704	66	1
6_MACS_peak_70_lociStitched	chr1	1089548	1122111	6	31801	55738.0871	2425.9435	67	1
17_MACS_peak_34974_lociStitched	chr9	133841985	133881085	17	37498	48906.28	3515.09	68	1
7_MACS_peak_1753_lociStitched	chr1	10755047	10791200	7	35502	51308.3376	3130.8498	69	1
4_MACS_peak_24789_lociStitched	chr21	46762548	46795171	4	32013	56013.691	3702.7105	70	1
4_MACS_peak_16295_lociStitched	chr17	79112626	79147456	4	34168	51691.203	2838.645	71	1
5_MACS_peak_9600_lociStitched	chr12	57585849	57620036	5	33781	52131.7563	3384.513	72	1
4_MACS_peak_28_lociStitched	chr1	840296	869479	4	28242	55970.0757	2495.1465	73	1
8_MACS_peak_33463_lociStitched	chr8	142359195	142395520	8	35686	46318.0075	2826.085	74	1
8_MACS_peak_17225_lociStitched	chr19	4509779	4542025	8	31231	51667.7658	3869.52	75	1
5_MACS_peak_6758_lociStitched	chr11	1663526	1697380	5	32981	48472.1572	3530.9722	76	1
7_MACS_peak_16783_lociStitched	chr19	1518077	1549491	7	30830	51588.0708	4011.5678	77	1
4_MACS_peak_17213_lociStitched	chr19	4275726	4309486	4	33126	48448.976	4415.808	78	1
8_MACS_peak_13046_lociStitched	chr17	1041392	1075776	8	33108	47498.0576	3455.592	79	1
17_MACS_peak_1912_lociStitched	chr1	11487234	11525836	17	36047	42751.715	3292.7506	80	1
8_MACS_peak_16734_lociStitched	chr19	822613	854529	8	30899	49648.5296	3766.088	81	1
4_MACS_peak_1749_lociStitched	chr1	10722538	10753358	4	30498	48544.582	2625.864	82	1
15_MACS_peak_6743_lociStitched	chr11	1624860	1663022	15	34776	43844.3218	3980.2966	83	1
8_MACS_peak_17513_lociStitched	chr19	5992488	6027932	8	34495	44886.2816	4614.8088	84	1
4_MACS_peak_28253_lociStitched	chr4	3471330	3499140	4	27542	50775.498	2502.9	85	1
2_MACS_peak_30289_lociStitched	chr6	31958317	31985318	2	26990	51023.7897	3013.3116	86	1
9_MACS_peak_35_lociStitched	chr1	913416	945670	9	30911	46061.9374	2728.6884	87	1
12_MACS_peak_36204_lociStitched	chr9	138883808	138918891	12	32099	42759.1604	2508.4345	88	1
1_MACS_peak_23841_lociStitched	chr20	61141425	61168633	1	27209	48277.8752	1918.164	89	1
4_MACS_peak_723_lociStitched	chr1	3505046	3536202	4	30703	43811.5672	2445.746	90	1
7_MACS_peak_6602_lociStitched	chr11	1031650	1062569	7	29575	45228.3132	2451.8767	91	1
6_MACS_peak_36272_lociStitched	chr9	139138118	139167016	6	28060	46875.4458	2609.4894	92	1
15_MACS_peak_35763_lociStitched	chr9	137682687	137717122	15	32504	40764.153	2606.7295	93	1
26_MACS_peak_2473_lociStitched	chr1	17916339	17954361	26	34207	37809.0768	2965.716	94	1
4_MACS_peak_31938_lociStitched	chr7	149470070	149497142	4	26646	48504.9024	3605.9904	95	1
10_MACS_peak_546_lociStitched	chr1	3030872	3063143	10	31102	39922.4541	1991.1207	96	1
7_MACS_peak_17252_lociStitched	chr19	4734163	4765838	7	31040	42089.74	4247.6175	97	1
3_MACS_peak_17178_lociStitched	chr19	3924119	3952628	3	28414	44633.6904	3244.3242	98	1
10_MACS_peak_35261_lociStitched	chr9	135851029	135883695	10	31610	39146.9344	2616.5466	99	1
9_MACS_peak_26953_lociStitched	chr22	46293462	46325189	9	29770	41032.5291	2243.0989	100	1
12_MACS_peak_36359_lociStitched	chr9	139923545	139953768	12	28098	43052.6635	2638.4679	101	1
6_MACS_peak_16102_lociStitched	chr17	77900609	77931135	6	29477	40602.6326	2304.713	102	1
16_MACS_peak_36144_lociStitched	chr9	138572687	138605880	16	31127	36950.4476	2346.7451	104	1
6_MACS_peak_13131_lociStitched	chr17	1828616	1858711	6	29427	39445.5165	2449.733	105	1
3_MACS_peak_25078_lociStitched	chr22	20206974	20235508	3	27955	40909.1958	2296.987	106	1
8_MACS_peak_34814_lociStitched	chr9	132952264	132983109	8	29991	37803.632	2498.445	107	1
12_MACS_peak_17196_lociStitched	chr19	4192930	4223313	12	29379	40637.2625	4490.6074	108	1
7_MACS_peak_29931_lociStitched	chr5	176269874	176297937	7	27683	40374.2381	2637.922	109	1
4_MACS_peak_15836_lociStitched	chr17	77241768	77270952	4	28972	38055.936	2244.2496	110	1
5_MACS_peak_24411_lociStitched	chr21	43776539	43803522	5	26579	42295.8525	3534.773	112	1
12_MACS_peak_11451_lociStitched	chr16	3078294	3108733	12	27753	39616.3585	2763.8612	113	1
9_MACS_peak_5249_lociStitched	chr1	228744103	228779448	9	34947	38063.0305	16258.7	114	1
3_MACS_peak_17189_lociStitched	chr19	4140699	4167268	3	26066	41596.4264	3395.5182	115	1
4_MACS_peak_28201_lociStitched	chr4	1769696	1794869	4	25008	41248.4778	1940.8383	116	1
4_MACS_peak_31981_lociStitched	chr7	150940729	150964199	4	22874	44675.145	3267.024	117	1
9_MACS_peak_36263_lociStitched	chr9	139068254	139096582	9	26754	38721.5432	1940.468	118	1
14_MACS_peak_24007_lociStitched	chr20	61985948	62016499	14	28289	36257.9268	1906.3824	119	1
2_MACS_peak_27995_lociStitched	chr3	184278259	184303922	2	25409	41396.9853	3641.5797	120	1
11_MACS_peak_36244_lociStitched	chr9	139013287	139042278	11	27971	36537.3573	2388.8584	121	1
5_MACS_peak_36182_lociStitched	chr9	138660862	138686876	5	25401	39549.0842	2065.5116	122	1
7_MACS_peak_6644_lociStitched	chr11	1238299	1267138	7	27969	35316.2394	1981.2393	123	1
3_MACS_peak_16336_lociStitched	chr17	79373705	79398252	3	24534	39660.5879	1767.384	124	1
6_MACS_peak_7358_lociStitched	chr11	61471653	61500034	6	27392	36631.3567	2559.9662	125	1
10_MACS_peak_26747_lociStitched	chr22	45326467	45356962	10	29161	33413.3715	2262.729	126	1
12_MACS_peak_2123_lociStitched	chr1	16432619	16462624	12	28255	34766.7935	2460.41	127	1
5_MACS_peak_1780_lociStitched	chr1	10863472	10892147	5	27871	35350.54	2540.605	128	1
9_MACS_peak_35096_lociStitched	chr9	135020454	135049286	9	27242	35645.0016	2776.5216	129	1
7_MACS_peak_20970_lociStitched	chr19	49918111	49946017	7	26831	35633.1714	2204.574	130	1
8_MACS_peak_36319_lociStitched	chr9	139627738	139653152	8	24225	38962.2034	2221.1836	131	1
7_MACS_peak_20541_lociStitched	chr19	47903516	47930553	7	26219	36210.6541	2652.3297	132	1
7_MACS_peak_34204_lociStitched	chr8	144944055	144970913	7	25377	36916.321	2481.6792	133	1
7_MACS_peak_22142_lociStitched	chr2	219845435	219871324	7	24621	37533.8722	2376.6102	134	1
11_MACS_peak_18997_lociStitched	chr19	18090346	18118974	11	26998	34113.1248	2401.8892	135	1
7_MACS_peak_20497_lociStitched	chr19	47116818	47144496	7	26913	34683.3018	3290.9142	136	1
12_MACS_peak_656_lociStitched	chr1	3297193	3325166	12	26465	33450.1134	1711.9476	137	1
14_MACS_peak_11175_lociStitched	chr16	859430	887272	14	26026	34301.344	2235.7126	138	1
3_MACS_peak_7010_lociStitched	chr11	2426350	2449565	3	23140	37794.02	2073.0995	139	1
6_MACS_peak_35386_lociStitched	chr9	136297247	136323943	6	25934	34018.7128	2159.7064	140	1
8_MACS_peak_5860_lociStitched	chr10	102492971	102516334	8	21736	39308.2475	2380.6897	141	1
9_MACS_peak_34581_lociStitched	chr9	129441185	129468205	9	25385	34888.224	2612.834	142	1
14_MACS_peak_9102_lociStitched	chr12	3369199	3398542	14	27186	31928.1183	2593.9212	143	1
2_MACS_peak_25072_lociStitched	chr22	20151869	20176075	2	24203	35396.4338	1834.8148	144	1
12_MACS_peak_13061_lociStitched	chr17	1109949	1138387	12	26877	32169.0656	2784.0802	145	1
6_MACS_peak_30228_lociStitched	chr6	30411118	30435851	6	24040	36894.2161	3509.6127	146	1
13_MACS_peak_33912_lociStitched	chr8	143643846	143671712	13	26328	32040.3268	2059.2974	147	1
8_MACS_peak_16054_lociStitched	chr17	77740382	77766569	8	24914	33854.5536	2390.8731	148	1
5_MACS_peak_21713_lociStitched	chr2	26790322	26814695	5	23253	36425.4485	2949.133	149	1
6_MACS_peak_7278_lociStitched	chr11	61287785	61313471	6	25254	32939.7264	2411.9154	150	1
3_MACS_peak_22198_lociStitched	chr2	220374355	220398899	3	24209	33873.1744	2096.0576	151	1
5_MACS_peak_6862_lociStitched	chr11	1937801	1960903	5	22144	35678.7288	1573.2462	152	1
4_MACS_peak_3295_lociStitched	chr1	21909391	21933521	4	23775	33692.719	1925.574	153	1
7_MACS_peak_16773_lociStitched	chr19	1490996	1513145	7	21640	37349.8587	2967.966	154	1
10_MACS_peak_26087_lociStitched	chr22	40068671	40094655	10	25243	31126.2336	2068.3264	155	1
10_MACS_peak_20889_lociStitched	chr19	49538530	49563662	10	23691	33561.2728	2319.6836	156	1
6_MACS_peak_31975_lociStitched	chr7	150881962	150905385	6	22824	35420.2606	3077.7822	157	1
10_MACS_peak_34736_lociStitched	chr9	132427085	132453852	10	24650	31812.5795	2044.9988	158	1
7_MACS_peak_6919_lociStitched	chr11	2183246	2208185	7	24315	31388.2254	1531.2546	159	1
5_MACS_peak_36234_lociStitched	chr9	138962590	138986741	5	23135	32656.9822	1796.8344	160	1
8_MACS_peak_2196_lociStitched	chr1	17083783	17109773	8	25310	32261.387	4805.551	161	1
2_MACS_peak_31622_lociStitched	chr7	100634053	100648911	2	14750	41748.0084	2739.8152	162	1
8_MACS_peak_13262_lociStitched	chr17	4480401	4505066	8	23027	32880.9115	2271.6465	163	1
7_MACS_peak_24460_lociStitched	chr21	44050015	44073632	7	22868	33399.1614	2968.6569	164	1
11_MACS_peak_672_lociStitched	chr1	3335334	3361762	11	24960	28869.9472	1691.392	165	1
11_MACS_peak_12960_lociStitched	chr17	739377	764585	11	24503	29856.3552	2195.6168	166	1
5_MACS_peak_24801_lociStitched	chr21	46858175	46882086	5	23091	32499.8312	2914.7509	167	1
13_MACS_peak_1793_lociStitched	chr1	10916503	10942960	13	24286	29959.9068	2211.8052	168	1
4_MACS_peak_24401_lociStitched	chr21	43721214	43743674	4	21974	33876.418	3294.882	169	1
6_MACS_peak_11329_lociStitched	chr16	1567630	1590329	6	21847	32323.376	1600.2795	170	1
10_MACS_peak_3357_lociStitched	chr1	22576621	22601821	10	24468	28665	2061.36	171	1
6_MACS_peak_17438_lociStitched	chr19	5541276	5566301	6	24043	30147.6175	2930.4275	172	1
15_MACS_peak_15203_lociStitched	chr17	72333571	72360768	15	24286	28845.1382	2121.366	173	1
11_MACS_peak_15364_lociStitched	chr17	72910806	72935609	11	22851	30936.7819	2346.3638	174	1
8_MACS_peak_24880_lociStitched	chr21	47404141	47425689	8	20207	33914.3972	2001.8092	175	1
2_MACS_peak_11283_lociStitched	chr16	1204250	1224396	2	20070	33182.4766	1128.176	176	1
2_MACS_peak_27916_lociStitched	chr3	128197654	128216680	2	18953	35078.2362	1879.7688	177	1
7_MACS_peak_17352_lociStitched	chr19	5316272	5340041	7	23298	30291.2136	2864.1645	178	1
8_MACS_peak_30473_lociStitched	chr6	34013146	34038029	8	23979	28545.7776	2224.5402	179	1
3_MACS_peak_25863_lociStitched	chr22	37490000	37513581	3	23292	29657.8237	2273.2084	180	1
4_MACS_peak_24148_lociStitched	chr20	62726943	62749111	4	21071	32467.2528	2114.8272	181	1
2_MACS_peak_22196_lociStitched	chr2	220341516	220362817	2	21296	32017.5331	2006.5542	182	1
2_MACS_peak_4829_lociStitched	chr1	156860031	156880677	2	20215	34332.2334	3003.993	183	1
21_MACS_peak_1431_lociStitched	chr1	7512898	7540170	21	24130	27596.5368	1952.6752	184	1
9_MACS_peak_2018_lociStitched	chr1	11925156	11949885	9	23741	28487.808	2334.4176	185	1
7_MACS_peak_9526_lociStitched	chr12	54390254	54411832	7	20584	32714.4058	2099.5394	186	1
5_MACS_peak_35758_lociStitched	chr9	137656340	137679830	5	23192	28852.767	1954.368	187	1
4_MACS_peak_16302_lociStitched	chr17	79273426	79294307	4	20264	32363.4619	1568.1631	188	1
11_MACS_peak_33452_lociStitched	chr8	142332397	142356566	11	22966	28739.3579	2064.0326	189	1
3_MACS_peak_13054_lociStitched	chr17	1076595	1097770	3	20817	31430.0525	1939.63	190	1
8_MACS_peak_23705_lociStitched	chr20	60371717	60396063	8	23433	27311.3428	1916.0302	191	1
9_MACS_peak_2086_lociStitched	chr1	16338580	16360489	9	20713	30856.6356	1822.8288	192	1
6_MACS_peak_14087_lociStitched	chr17	36716242	36737237	6	20682	31122.988	2107.898	193	1
8_MACS_peak_17722_lociStitched	chr19	7640869	7664033	8	22161	29288.5616	2545.7236	194	1
7_MACS_peak_1742_lociStitched	chr1	10699919	10721266	7	20116	31284.0285	1724.8376	195	1
10_MACS_peak_34746_lociStitched	chr9	132455061	132478749	10	22234	28565.3592	1982.6856	196	1
6_MACS_peak_299_lociStitched	chr1	2347841	2370681	6	21381	29392.796	1742.692	197	1
3_MACS_peak_11247_lociStitched	chr16	1044935	1066592	3	20783	29871.5001	1626.4407	198	1
6_MACS_peak_35556_lociStitched	chr9	137105655	137127914	6	21109	29266.1332	1469.094	199	1
13_MACS_peak_26878_lociStitched	chr22	45906242	45931603	13	22888	26877.5878	1927.436	200	1
2_MACS_peak_18292_lociStitched	chr19	13106767	13126750	2	19971	30725.8608	1798.47	201	1
6_MACS_peak_14657_lociStitched	chr17	47570010	47592176	6	21357	29097.3082	2105.77	202	1
6_MACS_peak_16236_lociStitched	chr17	78441087	78461772	6	19801	30686.1975	1650.663	203	1
6_MACS_peak_27908_lociStitched	chr3	128169210	128191565	6	21337	28645.697	2139.3735	204	1
8_MACS_peak_615_lociStitched	chr1	3195083	3217337	8	21578	27505.944	1684.6278	205	1
15_MACS_peak_11152_lociStitched	chr16	791938	816487	15	22031	26630.7552	1905.0024	206	1
6_MACS_peak_26456_lociStitched	chr22	44667893	44690079	6	21567	27317.6218	1916.8704	207	1
6_MACS_peak_14765_lociStitched	chr17	48652769	48674853	6	21204	28097.4732	2208.4	208	1
7_MACS_peak_34807_lociStitched	chr9	132929166	132951496	7	21296	27943.762	2199.505	209	1
14_MACS_peak_28285_lociStitched	chr4	3641142	3664897	14	22066	26574.7185	2052.432	210	1
7_MACS_peak_23968_lociStitched	chr20	61779726	61803085	7	22057	26045.285	1511.3273	211	1
4_MACS_peak_24597_lociStitched	chr21	45699324	45717546	4	17389	32415.1158	1782.1116	212	1
2_MACS_peak_23879_lociStitched	chr20	61388907	61407941	2	18946	30425.849	1555.0778	213	1
13_MACS_peak_25722_lociStitched	chr22	36969296	36993991	13	22828	25359.2955	2247.245	214	1
5_MACS_peak_24689_lociStitched	chr21	46114604	46134273	5	19137	30298.1276	1868.555	215	1
6_MACS_peak_11144_lociStitched	chr16	740789	762008	6	20147	28501.3608	1500.1833	216	1
15_MACS_peak_15890_lociStitched	chr17	77430967	77456170	15	22583	24910.6452	1887.7047	217	1
12_MACS_peak_12991_lociStitched	chr17	802263	826789	12	22341	25286.306	2094.5204	218	1
1_MACS_peak_16291_lociStitched	chr17	79075601	79093238	1	17638	31005.846	1292.7921	219	1
6_MACS_peak_1812_lociStitched	chr1	10956761	10979132	6	20906	27353.0217	1944.0399	220	1
5_MACS_peak_14645_lociStitched	chr17	47528536	47551168	5	21319	26823.4464	2091.1968	221	1
12_MACS_peak_25872_lociStitched	chr22	37522724	37546007	12	21913	25702.1037	2023.2927	222	1
4_MACS_peak_4983_lociStitched	chr1	201322866	201343593	4	20450	28590.8238	2872.7622	223	1
6_MACS_peak_24620_lociStitched	chr21	45851886	45872483	6	20009	28341.472	2055.5806	224	1
11_MACS_peak_35393_lociStitched	chr9	136344743	136366827	11	20456	27748.546	2179.6908	225	1
4_MACS_peak_4792_lociStitched	chr1	156395815	156415122	4	18958	30800.4571	3241.6453	226	1
9_MACS_peak_26482_lociStitched	chr22	44744366	44766984	9	21796	24983.8428	1723.4916	227	1
10_MACS_peak_15732_lociStitched	chr17	76551359	76573939	10	20947	26633.11	2057.038	228	1
4_MACS_peak_58_lociStitched	chr1	1052578	1072482	4	19281	28822.9824	2052.1024	229	1
6_MACS_peak_6913_lociStitched	chr11	2160958	2182476	6	20385	26901.8036	1803.2084	230	1
10_MACS_peak_3284_lociStitched	chr1	21882739	21905476	10	21073	26199.8451	2171.3835	231	1
5_MACS_peak_24353_lociStitched	chr21	43130353	43151429	5	19535	28850.9364	2651.3608	232	1
9_MACS_peak_31037_lociStitched	chr7	2532342	2554175	9	20460	26644.9932	1812.139	233	1
4_MACS_peak_6640_lociStitched	chr11	1212765	1232388	4	19017	28520.0682	1766.07	234	1
5_MACS_peak_24695_lociStitched	chr21	46141228	46161068	5	19313	28567.616	2257.792	235	1
10_MACS_peak_14873_lociStitched	chr17	61552099	61573950	10	20501	25840.9926	2047.4387	236	1
1_MACS_peak_11444_lociStitched	chr16	3033902	3052098	1	18197	28676.896	1672.2124	237	1
4_MACS_peak_24605_lociStitched	chr21	45782228	45801054	4	18533	28717.1804	2368.3108	238	1
7_MACS_peak_35007_lociStitched	chr9	133936266	133956496	7	19885	26195.827	1764.056	239	1
11_MACS_peak_35725_lociStitched	chr9	137579428	137602198	11	20459	25124.418	1755.567	240	1
10_MACS_peak_1192_lociStitched	chr1	6299966	6320278	10	19441	26501.0664	1785.4248	241	1
9_MACS_peak_24824_lociStitched	chr21	46987406	47007405	9	19021	27854.6072	2651.8674	242	1
5_MACS_peak_35482_lociStitched	chr9	136564225	136584448	5	19322	26267.6547	1561.2156	243	1
5_MACS_peak_24701_lociStitched	chr21	46163706	46183650	5	19173	27315.3024	2435.1624	244	1
5_MACS_peak_13094_lociStitched	chr17	1193322	1214917	5	20875	24294.375	2457.511	245	1
8_MACS_peak_13162_lociStitched	chr17	1913696	1933373	8	18773	27112.9383	2123.1483	246	1
5_MACS_peak_10536_lociStitched	chr15	42152080	42171267	5	19077	25727.8483	1724.9113	247	1
4_MACS_peak_23995_lociStitched	chr20	61937848	61956629	4	18606	25760.0196	1171.9344	248	1
1_MACS_peak_35480_lociStitched	chr9	136540852	136560351	1	19500	24479.0446	1345.431	249	1
9_MACS_peak_258_lociStitched	chr1	2092685	2113966	9	19742	24319.9268	1606.7155	250	1
4_MACS_peak_6830_lociStitched	chr11	1840385	1859218	4	18148	26611.029	1636.5877	251	1
10_MACS_peak_7509_lociStitched	chr11	64288609	64310545	10	20690	23217.0624	2336.184	252	1
8_MACS_peak_27720_lociStitched	chr3	50229045	50248771	8	18876	25898.2654	2100.819	253	1
3_MACS_peak_3255_lociStitched	chr1	21040581	21059011	3	18178	26607.391	1839.314	254	1
5_MACS_peak_24531_lociStitched	chr21	44863745	44882260	5	18386	26367.2115	1907.045	255	1
4_MACS_peak_2095_lociStitched	chr1	16361270	16379502	4	17946	26321.5384	1318.1736	256	1
9_MACS_peak_17065_lociStitched	chr19	3338264	3359426	9	19677	24899.2092	2465.373	257	1
4_MACS_peak_28197_lociStitched	chr4	1751867	1768674	4	16191	28148.3636	1194.9777	258	1
4_MACS_peak_24601_lociStitched	chr21	45761201	45780319	4	18142	26726.964	2190.9228	259	1
5_MACS_peak_25858_lociStitched	chr22	37469208	37489016	5	18746	25110.6016	1560.8704	260	1
5_MACS_peak_14172_lociStitched	chr17	39765872	39785516	5	18752	24906.6276	1394.724	261	1
11_MACS_peak_9533_lociStitched	chr12	54413198	54433931	11	19119	24435.9138	1911.5826	262	1
12_MACS_peak_19557_lociStitched	chr19	36338855	36360873	12	20295	22264.6016	1724.0094	263	1
5_MACS_peak_34995_lociStitched	chr9	133899413	133917705	5	17804	25863.0588	1505.4316	264	1
3_MACS_peak_17129_lociStitched	chr19	3728397	3746738	3	17621	27172.1915	2586.081	265	1
10_MACS_peak_27810_lociStitched	chr3	50535381	50557398	10	19765	23252.1537	1961.7147	266	1
15_MACS_peak_3613_lociStitched	chr1	23224884	23247169	15	20272	21883.87	1660.2325	267	1
10_MACS_peak_26178_lociStitched	chr22	42795006	42815858	10	19041	23679.5312	1405.4248	268	1
4_MACS_peak_24722_lociStitched	chr21	46439098	46455876	4	15965	28463.877	2164.362	269	1
4_MACS_peak_19039_lociStitched	chr19	18319681	18339307	4	18934	24424.557	2060.73	270	1
3_MACS_peak_20098_lociStitched	chr19	42468395	42487397	3	18500	24613.2906	1641.7728	271	1
4_MACS_peak_9810_lociStitched	chr13	113627155	113645848	4	18567	24442.9668	1721.6253	272	1
6_MACS_peak_26140_lociStitched	chr22	42696405	42716219	6	19102	23160.5846	1545.492	273	1
1_MACS_peak_31993_lociStitched	chr7	151077884	151094639	1	16756	26975.55	2054.163	274	1
7_MACS_peak_34870_lociStitched	chr9	133250419	133270250	7	19182	22726.326	1519.0546	275	1
3_MACS_peak_14071_lociStitched	chr17	36334274	36350408	3	16115	30746.5638	5301.6324	276	1
2_MACS_peak_36436_lociStitched	chr9	140317871	140334328	2	16251	26696.5454	1435.0504	277	1
7_MACS_peak_18990_lociStitched	chr19	18070321	18089581	7	18651	23643.576	1669.842	278	1
8_MACS_peak_34518_lociStitched	chr9	127245766	127265384	8	18461	23931.9982	1742.0784	279	1
4_MACS_peak_11372_lociStitched	chr16	2325247	2342171	4	16651	26166.1964	1491.0044	280	1
8_MACS_peak_23957_lociStitched	chr20	61745615	61765744	8	18922	22943.0342	1551.9459	281	1
5_MACS_peak_28070_lociStitched	chr3	195530039	195547928	5	17364	25999.8726	2463.3153	282	1
6_MACS_peak_28387_lociStitched	chr4	3859639	3878723	6	18388	23650.8012	1664.1248	283	1
8_MACS_peak_7367_lociStitched	chr11	61515418	61534923	8	18406	23454.7625	1589.6575	284	1
6_MACS_peak_23925_lociStitched	chr20	61651927	61670970	6	18035	24114.1509	1711.9657	285	1
12_MACS_peak_1704_lociStitched	chr1	9682798	9704443	12	19066	22805.172	2129.868	286	1
6_MACS_peak_20090_lociStitched	chr19	42424168	42442685	6	17562	24683.161	1790.5939	287	1
4_MACS_peak_34764_lociStitched	chr9	132500634	132519485	4	18560	23324.3423	2003.8613	288	1
7_MACS_peak_17799_lociStitched	chr19	7851269	7871697	7	19204	22891.6168	2721.0096	289	1
7_MACS_peak_7527_lociStitched	chr11	64321181	64340347	7	18287	23110.3628	1585.0282	290	1
5_MACS_peak_11255_lociStitched	chr16	1091733	1109447	5	16715	24847.4278	1114.2106	291	1
11_MACS_peak_13732_lociStitched	chr17	18982423	19004431	11	20822	19014.912	2335.0488	292	1
10_MACS_peak_464_lociStitched	chr1	2832800	2852446	10	18681	21869.9272	1165.0078	293	1
8_MACS_peak_11315_lociStitched	chr16	1475635	1493603	8	16335	25295.3504	1270.3376	294	1
14_MACS_peak_15951_lociStitched	chr17	77525276	77546125	14	18962	21543.2717	1517.8072	295	1
3_MACS_peak_3446_lociStitched	chr1	22907775	22925887	3	17676	23491.264	1436.2816	296	1
4_MACS_peak_36315_lociStitched	chr9	139597609	139614710	4	16456	25005.0822	1340.7184	297	1
9_MACS_peak_28454_lociStitched	chr4	6365735	6385917	9	19166	21025.6076	1667.0332	298	1
10_MACS_peak_6950_lociStitched	chr11	2305856	2325952	10	18578	21896.6016	1563.4688	299	1
5_MACS_peak_26146_lociStitched	chr22	42720789	42739428	5	17928	22832.775	1472.481	300	1
9_MACS_peak_35469_lociStitched	chr9	136514591	136533435	9	18148	22309.4116	1305.8892	301	1
2_MACS_peak_1231_lociStitched	chr1	6555494	6570981	2	15244	26129.6664	1263.7392	302	1
5_MACS_peak_17879_lociStitched	chr19	8202883	8220345	5	17034	24380.4444	1995.9066	303	1
1_MACS_peak_4751_lociStitched	chr1	155088898	155104230	1	15333	26755.8732	2261.47	304	1
8_MACS_peak_15347_lociStitched	chr17	72873472	72893484	8	18393	21979.1796	1745.0464	305	1
10_MACS_peak_35086_lociStitched	chr9	134999904	135019600	10	18613	21549.3936	1904.6032	306	1
3_MACS_peak_648_lociStitched	chr1	3268920	3287197	3	17792	22286.9738	1321.4271	307	1
5_MACS_peak_15774_lociStitched	chr17	77017660	77035242	5	16578	24247.3362	1564.798	308	1
9_MACS_peak_36166_lociStitched	chr9	138623843	138643716	9	17977	21367.4496	908.1961	309	1
6_MACS_peak_29143_lociStitched	chr4	8591678	8609402	6	17485	22438.584	1354.1136	310	1
2_MACS_peak_85_lociStitched	chr1	1133499	1149217	2	15460	24736.9884	1152.1294	311	1
6_MACS_peak_26228_lociStitched	chr22	42929881	42947945	6	17518	23826.416	3085.3312	312	1
3_MACS_peak_11300_lociStitched	chr16	1287234	1304731	3	17223	22634.1192	1767.197	313	1
11_MACS_peak_17699_lociStitched	chr19	7542826	7562448	11	18395	21692.121	2756.891	314	1
4_MACS_peak_17074_lociStitched	chr19	3360314	3377072	4	16076	24401.3238	1927.17	315	1
6_MACS_peak_17873_lociStitched	chr19	8183160	8201706	6	17347	22952.5296	2292.2856	316	1
1_MACS_peak_24714_lociStitched	chr21	46343709	46356964	1	13256	27246.978	1680.734	317	1
5_MACS_peak_21477_lociStitched	chr19	55996094	56013620	5	16719	22471.8372	1251.3564	318	1
2_MACS_peak_7821_lociStitched	chr11	68768594	68783949	2	15281	24360.7075	1374.2725	319	1
8_MACS_peak_33858_lociStitched	chr8	143531638	143549720	8	17255	21407.2798	1166.289	320	1
3_MACS_peak_6593_lociStitched	chr11	843074	858636	3	15339	24214.472	1353.894	321	1
2_MACS_peak_16376_lociStitched	chr17	79759034	79772614	2	13506	26088.538	1378.37	322	1
9_MACS_peak_26359_lociStitched	chr22	44230969	44249392	9	17190	21449.8989	1400.148	323	1
8_MACS_peak_26466_lociStitched	chr22	44700155	44719030	8	17476	21245.7	1691.2	324	1
3_MACS_peak_24364_lociStitched	chr21	43159088	43175940	3	16284	23353.5016	2114.926	325	1
11_MACS_peak_15218_lociStitched	chr17	72361389	72381164	11	18160	19881.785	1698.6725	326	1
15_MACS_peak_13777_lociStitched	chr17	19108371	19129154	15	19404	17567.8699	2151.0405	327	1
7_MACS_peak_527_lociStitched	chr1	2986306	3004588	7	17146	20777.493	1085.9508	328	1
6_MACS_peak_5942_lociStitched	chr10	102974613	102991680	6	16173	22415.7978	1440.4548	329	1
2_MACS_peak_25074_lociStitched	chr22	20176767	20192066	2	15185	23457.9567	1193.322	330	1
10_MACS_peak_2312_lociStitched	chr1	17535019	17553645	10	17648	19996.8736	1462.141	331	1
5_MACS_peak_28373_lociStitched	chr4	3821017	3838268	5	16979	20556.2916	1097.1636	332	1
4_MACS_peak_14771_lociStitched	chr17	48676231	48692209	4	15863	22311.6792	1299.0114	333	1
5_MACS_peak_13579_lociStitched	chr17	7964389	7981170	5	15998	22486.54	1713.3401	334	1
2_MACS_peak_14005_lociStitched	chr17	34742392	34757629	2	15133	25869.3786	3955.5252	335	1
12_MACS_peak_6726_lociStitched	chr11	1593603	1613734	12	17303	20680.5763	2079.5323	336	1
5_MACS_peak_6926_lociStitched	chr11	2209137	2226575	5	16835	20674.4928	1354.9326	337	1
13_MACS_peak_2451_lociStitched	chr1	17883724	17903002	13	17616	19322.3394	1359.099	338	1
7_MACS_peak_23749_lociStitched	chr20	60469102	60486100	7	16678	21069.021	1614.81	339	1
4_MACS_peak_7349_lociStitched	chr11	61448178	61464999	4	16476	21260.0619	1505.4795	340	1
11_MACS_peak_17938_lociStitched	chr19	8391733	8410043	11	16135	22285.101	2123.96	341	1
2_MACS_peak_14069_lociStitched	chr17	36283547	36297247	2	13678	27263	4014.1	342	1
2_MACS_peak_687_lociStitched	chr1	3371792	3386803	2	14816	22858.7508	947.1941	343	1
3_MACS_peak_16708_lociStitched	chr19	664920	680031	3	14714	23796.8028	1822.3866	344	1
6_MACS_peak_16818_lociStitched	chr19	2299490	2316085	6	16037	22184.196	2042.8445	345	1
15_MACS_peak_33051_lociStitched	chr8	7424802	7444193	15	17113	20527.3126	2142.7055	346	1
4_MACS_peak_14001_lociStitched	chr17	34576768	34592430	4	15636	24669.2162	4062.7228	347	1
8_MACS_peak_6545_lociStitched	chr11	380123	397464	8	16009	21310.3549	1283.234	348	1
4_MACS_peak_14008_lociStitched	chr17	34793639	34808548	4	14512	25850.7151	3873.3582	349	1
4_MACS_peak_34947_lociStitched	chr9	133529710	133544545	4	14359	23285.016	1124.493	350	1
5_MACS_peak_6711_lociStitched	chr11	1463373	1479183	5	15545	21572.745	1136.739	351	1
4_MACS_peak_3435_lociStitched	chr1	22872360	22889720	4	16667	20111.56	1421.784	352	1
2_MACS_peak_31876_lociStitched	chr7	128482380	128497564	2	15172	22709.1904	1945.0704	353	1
4_MACS_peak_17208_lociStitched	chr19	4223835	4239145	4	15087	22767.501	2025.513	354	1
11_MACS_peak_7301_lociStitched	chr11	61360811	61379686	11	17170	19222.3	1732.725	355	1
13_MACS_peak_12886_lociStitched	chr17	144811	162745	13	16120	21135.219	1987.0872	356	1
2_MACS_peak_35121_lociStitched	chr9	135101005	135116586	2	15368	21353.7605	1219.9923	357	1
6_MACS_peak_7603_lociStitched	chr11	64501234	64516748	6	14699	22630.2718	1628.97	358	1
4_MACS_peak_35070_lociStitched	chr9	134706643	134723280	4	15957	20470.1648	1420.7998	359	1
12_MACS_peak_27745_lociStitched	chr3	50415734	50433556	12	16758	19299.4438	1644.9706	360	1
4_MACS_peak_9910_lociStitched	chr13	114051665	114067054	4	14923	21612.3116	1215.731	361	1
5_MACS_peak_11050_lociStitched	chr15	89900019	89916534	5	15999	20615.6745	1806.741	362	1
3_MACS_peak_295_lociStitched	chr1	2301315	2316310	3	14617	22224.0895	1454.515	363	1
12_MACS_peak_35798_lociStitched	chr9	137820394	137837815	12	16624	18847.7799	1188.1122	364	1
8_MACS_peak_10766_lociStitched	chr15	74588624	74605760	8	16576	19427.0832	1777.0032	365	1
3_MACS_peak_17110_lociStitched	chr19	3581574	3596677	3	14867	22376.6048	2227.6925	366	1
3_MACS_peak_9814_lociStitched	chr13	113646809	113662574	3	15550	20431.44	1308.495	367	1
6_MACS_peak_2901_lociStitched	chr1	19037982	19055600	6	16895	18423.1426	1590.9054	368	1
4_MACS_peak_11168_lociStitched	chr16	818448	833878	4	14827	21268.712	1257.545	369	1
3_MACS_peak_14558_lociStitched	chr17	46691074	46707053	3	15911	20155.9106	1749.7005	370	1
3_MACS_peak_26910_lociStitched	chr22	45969665	45984637	3	14859	21225.8044	1307.0556	371	1
3_MACS_peak_27661_lociStitched	chr3	48616449	48632658	3	15619	20163.996	1361.556	372	1
9_MACS_peak_18446_lociStitched	chr19	14287236	14304749	9	16431	18843.988	1497.3615	373	1
2_MACS_peak_16293_lociStitched	chr17	79096504	79111545	2	14766	20881.4203	977.665	374	1
5_MACS_peak_14539_lociStitched	chr17	45922843	45938850	5	15343	20605.8111	1562.2832	375	1
15_MACS_peak_29239_lociStitched	chr4	8850291	8869490	15	16879	17701.478	1311.2917	376	1
5_MACS_peak_25046_lociStitched	chr22	19748699	19763397	5	13936	21930.8858	1128.8064	377	1
4_MACS_peak_6892_lociStitched	chr11	2111396	2127219	4	15765	19272.414	1126.5976	378	1
5_MACS_peak_31070_lociStitched	chr7	2714225	2731283	5	16043	19106.6658	1466.988	379	1
4_MACS_peak_24369_lociStitched	chr21	43180213	43196322	4	15263	21136.6189	2279.4235	380	1
4_MACS_peak_24062_lociStitched	chr20	62170184	62184925	4	14042	21804.8872	1314.8972	381	1
4_MACS_peak_26156_lociStitched	chr22	42749460	42765348	4	15615	19469.1552	1258.3296	382	1
4_MACS_peak_7034_lociStitched	chr11	3211758	3227073	4	14594	20894.2545	1287.9915	383	1
3_MACS_peak_15503_lociStitched	chr17	74905529	74921048	3	15002	20202.6342	1337.7378	384	1
7_MACS_peak_35663_lociStitched	chr9	137435031	137451861	7	16031	18420.435	1418.769	385	1
2_MACS_peak_34954_lociStitched	chr9	133770104	133784669	2	14246	20832.3195	1147.722	386	1
3_MACS_peak_33435_lociStitched	chr8	142064002	142079444	3	14867	20437.487	1743.4018	387	1
7_MACS_peak_23742_lociStitched	chr20	60446540	60463509	7	15370	19290.3592	1377.8828	388	1
13_MACS_peak_35692_lociStitched	chr9	137508779	137527925	13	16177	17981.9232	1499.1318	389	1
3_MACS_peak_4822_lociStitched	chr1	156826393	156841761	3	14701	21097.1904	2348.2304	390	1
11_MACS_peak_22013_lociStitched	chr2	128380115	128397979	11	15707	18471.376	1313.004	391	1
3_MACS_peak_51_lociStitched	chr1	985768	1000268	3	14327	20571.15	1325.3	392	1
7_MACS_peak_17292_lociStitched	chr19	5205165	5222456	7	15747	19291.5687	2218.4353	393	1
3_MACS_peak_15424_lociStitched	chr17	73605226	73619036	3	13410	21484.217	1142.087	394	1
1_MACS_peak_16062_lociStitched	chr17	77771577	77783552	1	11976	22778.845	998.715	395	1
2_MACS_peak_36387_lociStitched	chr9	140056759	140068871	2	11985	22647.0176	884.176	396	1
12_MACS_peak_34332_lociStitched	chr9	34562504	34580279	12	16127	17741.2275	1624.635	397	1
11_MACS_peak_17037_lociStitched	chr19	3287765	3305751	11	15865	18736.0162	2305.8052	398	1
4_MACS_peak_20474_lociStitched	chr19	46987083	47001800	4	14103	20237.3467	1255.3601	399	1
4_MACS_peak_3601_lociStitched	chr1	23195834	23211574	4	15197	18519.684	1359.936	400	1
6_MACS_peak_24454_lociStitched	chr21	44033139	44048331	6	13999	20904.192	2002.3056	401	1
4_MACS_peak_9169_lociStitched	chr12	6928398	6941759	4	12807	21783.7744	1398.8967	402	1
6_MACS_peak_28572_lociStitched	chr4	7144734	7160808	6	15296	18338.8266	1441.8378	403	1
2_MACS_peak_31272_lociStitched	chr7	44267337	44280826	2	13325	20573.4228	1013.0239	404	1
7_MACS_peak_18853_lociStitched	chr19	17634350	17650406	7	15121	18702.0288	1799.8776	405	1
4_MACS_peak_9256_lociStitched	chr12	52227165	52242493	4	15226	18169.8112	1499.0784	406	1
6_MACS_peak_25092_lociStitched	chr22	20256024	20270832	6	14495	18881.6808	1160.9472	407	1
6_MACS_peak_17680_lociStitched	chr19	7036710	7052647	6	15213	19535.5746	3102.9339	408	1
6_MACS_peak_2249_lociStitched	chr1	17419719	17435529	6	14734	18383.868	1271.124	409	1
6_MACS_peak_35429_lociStitched	chr9	136437553	136452689	6	14386	18520.4096	911.1872	410	1
11_MACS_peak_26493_lociStitched	chr22	44777055	44793629	11	15341	17019.8406	1069.023	411	1
5_MACS_peak_534_lociStitched	chr1	3005420	3021365	5	15244	17048.394	1031.6415	412	1
4_MACS_peak_27091_lociStitched	chr22	49289196	49305266	4	15389	17010.095	1256.674	413	1
5_MACS_peak_31676_lociStitched	chr7	100810397	100825042	5	14164	19269.891	1549.441	414	1
9_MACS_peak_16455_lociStitched	chr17	81061401	81077995	9	14757	18155.4954	1446.9968	415	1
10_MACS_peak_31554_lociStitched	chr7	100350955	100367964	10	14849	17784.6104	1284.1795	416	1
3_MACS_peak_24918_lociStitched	chr21	47528928	47542678	3	13646	19617.125	1399.75	417	1
3_MACS_peak_5106_lociStitched	chr1	204976597	204991722	3	15061	18048.6625	2055.4875	419	1
6_MACS_peak_6452_lociStitched	chr10	135054401	135069646	6	14321	18460.1705	1298.874	420	1
1_MACS_peak_36459_lociStitched	chr9	140777143	140787469	1	10327	23470.998	1676.9424	421	1
8_MACS_peak_16968_lociStitched	chr19	3104048	3120284	8	15094	17629.0488	1803.8196	422	1
2_MACS_peak_23881_lociStitched	chr20	61408800	61422367	2	13448	19444.2244	1104.3538	423	1
4_MACS_peak_8110_lociStitched	chr11	69968477	69983968	4	15026	17140.7915	1293.4985	424	1
3_MACS_peak_31659_lociStitched	chr7	100757064	100772418	3	14941	17475.9228	1532.3292	425	1
6_MACS_peak_11260_lociStitched	chr16	1110280	1125865	6	14258	18036.5205	995.8815	426	1
5_MACS_peak_2135_lociStitched	chr1	16463282	16477986	5	14169	18324.1248	1245.4288	427	1
4_MACS_peak_6078_lociStitched	chr10	126736834	126752061	4	14897	17491.2549	1647.5614	428	1
9_MACS_peak_12971_lociStitched	chr17	765269	781620	9	15428	16377.1616	1582.7768	429	1
6_MACS_peak_16427_lociStitched	chr17	81011803	81026070	6	13752	18542.8199	1128.5197	430	1
7_MACS_peak_17791_lociStitched	chr19	7830598	7847113	7	14785	17864.2755	2110.617	431	1
6_MACS_peak_23931_lociStitched	chr20	61672753	61687677	6	14205	17862.5356	1173.0264	432	1
3_MACS_peak_16535_lociStitched	chr18	44541972	44557378	3	15271	21605.3744	6784.8024	433	1
5_MACS_peak_28311_lociStitched	chr4	3701508	3716188	5	14391	17287.168	930.712	434	1
3_MACS_peak_5023_lociStitched	chr1	202154037	202166259	3	11907	21181.9482	1579.0824	435	1
7_MACS_peak_20592_lociStitched	chr19	48214663	48230589	7	14519	17239.895	1234.265	436	1
2_MACS_peak_34891_lociStitched	chr9	133296494	133310110	2	13433	18652.5584	1015.7536	437	1
9_MACS_peak_14119_lociStitched	chr17	37751693	37766152	9	13687	18160.504	1093.1004	438	1
4_MACS_peak_9040_lociStitched	chr12	3237083	3251906	4	14351	17497.0692	1467.477	439	1
9_MACS_peak_11127_lociStitched	chr16	318539	333664	9	13501	18440.4	1158.575	440	1
2_MACS_peak_16699_lociStitched	chr19	590895	603527	2	12400	20398.1536	1688.8984	441	1
12_MACS_peak_12823_lociStitched	chr17	12	16827	12	14899	16453.4775	1523.439	442	1
9_MACS_peak_6763_lociStitched	chr11	1699090	1714754	9	13450	18608.832	1339.272	443	1
10_MACS_peak_34216_lociStitched	chr8	145093609	145109320	10	13893	17781.7098	1178.325	444	1
9_MACS_peak_18181_lociStitched	chr19	11370773	11386542	9	14381	17377.438	1597.3997	445	1
7_MACS_peak_35462_lociStitched	chr9	136498642	136514037	7	14573	16640.4555	1202.3495	446	1
4_MACS_peak_13493_lociStitched	chr17	7614642	7628714	4	13692	18216.204	1456.452	447	1
7_MACS_peak_29886_lociStitched	chr5	176157995	176173613	7	14315	17012.6874	1269.7434	448	1
5_MACS_peak_32606_lociStitched	chr7	157635908	157650829	5	13794	18202.1279	1735.3123	449	1
15_MACS_peak_23342_lociStitched	chr20	57193881	57210724	15	14700	16234.9677	1371.0202	450	1
8_MACS_peak_1118_lociStitched	chr1	5804544	5820448	8	14384	16651.488	1369.3344	451	1
5_MACS_peak_1521_lociStitched	chr1	7690716	7705560	5	14228	16681.6872	1151.8944	452	1
7_MACS_peak_6961_lociStitched	chr11	2328215	2342780	7	13540	17507.13	1006.4415	453	1
6_MACS_peak_17743_lociStitched	chr19	7724544	7738868	6	13310	18460.7712	1737.5012	454	1
7_MACS_peak_30481_lociStitched	chr6	34041257	34057235	7	14554	16067.4768	1386.8904	455	1
4_MACS_peak_24337_lociStitched	chr21	43079204	43092717	4	13022	18688.479	1601.2905	456	1
6_MACS_peak_17163_lociStitched	chr19	3885679	3900061	6	13868	17525.9052	1743.0984	458	1
5_MACS_peak_165_lociStitched	chr1	1886390	1900328	5	13420	17727.7422	1389.6186	459	1
1_MACS_peak_19476_lociStitched	chr19	35990093	36003227	1	13135	18096.0252	1417.1586	460	1
8_MACS_peak_17672_lociStitched	chr19	7018460	7033671	8	14300	17551.9729	2786.6552	461	1
4_MACS_peak_11341_lociStitched	chr16	1961549	1975123	4	13104	17633.9834	1009.9056	462	1
3_MACS_peak_6813_lociStitched	chr11	1797558	1810497	3	12726	18313.8606	1164.51	463	1
8_MACS_peak_7545_lociStitched	chr11	64365139	64380178	8	13767	16496.2791	967.0077	464	1
3_MACS_peak_19100_lociStitched	chr19	18717764	18728792	3	11002	20141.5392	1003.548	465	1
15_MACS_peak_15604_lociStitched	chr17	75909936	75926542	15	14567	15667.761	1574.2488	466	1
4_MACS_peak_36200_lociStitched	chr9	138870368	138883264	4	12621	18164.016	1000.7296	467	1
4_MACS_peak_13042_lociStitched	chr17	1026419	1039366	4	12595	18309.6474	1210.5445	468	1
2_MACS_peak_13998_lociStitched	chr17	34493125	34504407	2	11264	21451.5948	2735.885	469	1
5_MACS_peak_24945_lociStitched	chr22	18760779	18775462	5	14048	17133.5927	2296.4212	470	1
9_MACS_peak_224_lociStitched	chr1	2027682	2043835	9	14435	15229.0484	1109.7111	471	1
9_MACS_peak_15678_lociStitched	chr17	76357344	76372226	9	13393	17144.064	1257.529	472	1
4_MACS_peak_24649_lociStitched	chr21	45966034	45979657	4	13009	18046.3881	1630.6731	473	1
12_MACS_peak_28734_lociStitched	chr4	7479166	7495147	12	13733	16255.8732	1006.803	474	1
8_MACS_peak_36428_lociStitched	chr9	140260254	140274206	8	13417	16872.1536	1128.7168	475	1
7_MACS_peak_15452_lociStitched	chr17	74522319	74536914	7	13823	16266.1275	1185.114	476	1
9_MACS_peak_31587_lociStitched	chr7	100415171	100430083	9	13526	16682.0544	1118.4	477	1
5_MACS_peak_22901_lociStitched	chr20	44933715	44947430	5	13213	17178.0375	1141.088	478	1
8_MACS_peak_13673_lociStitched	chr17	16734394	16749822	8	14430	15272.1772	1371.5492	479	1
5_MACS_peak_2101_lociStitched	chr1	16383312	16396185	5	12258	18465.0312	1174.0176	480	1
6_MACS_peak_6855_lociStitched	chr11	1917916	1932710	6	13723	16453.8868	1392.1154	481	1
6_MACS_peak_25204_lociStitched	chr22	21561975	21576702	6	14275	16416.1869	2404.9191	482	1
10_MACS_peak_17835_lociStitched	chr19	8088067	8103681	10	14245	16009.0342	1951.75	483	1
4_MACS_peak_16070_lociStitched	chr17	77813791	77826204	4	11978	18330.2771	1046.4159	484	1
6_MACS_peak_14651_lociStitched	chr17	47555277	47569433	6	13662	16228.4384	1414.1844	485	1
6_MACS_peak_28205_lociStitched	chr4	1795599	1809015	6	12433	17415.3096	798.252	486	1
8_MACS_peak_9094_lociStitched	chr12	3350613	3366722	8	14275	15100.5766	1470.7517	487	1
2_MACS_peak_4810_lociStitched	chr1	156657733	156667680	2	9862	21009.0587	1490.0606	488	1
4_MACS_peak_22210_lociStitched	chr2	220493011	220506638	4	13446	16128.9172	1065.6314	489	1
9_MACS_peak_6673_lociStitched	chr11	1387145	1402177	9	13910	15484.4632	1222.1016	490	1
2_MACS_peak_13446_lociStitched	chr17	7185078	7197499	2	12349	17692.4724	1043.364	491	1
6_MACS_peak_36021_lociStitched	chr9	138237237	138251516	6	13868	15278.53	1052.3623	492	1
9_MACS_peak_4762_lociStitched	chr1	155159371	155173548	9	13006	17633.3526	2014.5517	493	1
10_MACS_peak_33790_lociStitched	chr8	143199640	143214648	10	14037	14968.9792	1121.0976	494	1
3_MACS_peak_5967_lociStitched	chr10	104166470	104178613	3	11915	18243.6432	1159.6565	495	1
4_MACS_peak_33471_lociStitched	chr8	142396135	142410410	4	13492	15892.3575	1187.68	496	1
10_MACS_peak_21129_lociStitched	chr19	51050291	51065706	10	13882	15020.376	1105.2555	497	1
5_MACS_peak_16690_lociStitched	chr19	544971	557940	5	12421	17707.8726	1483.6536	498	1
10_MACS_peak_4230_lociStitched	chr1	32143572	32158735	10	13563	15626.9878	1213.04	499	1
3_MACS_peak_22189_lociStitched	chr2	220305946	220318976	3	12326	17267.356	974.644	500	1
6_MACS_peak_30491_lociStitched	chr6	34066949	34081830	6	13519	15717.3122	1278.2779	501	1
9_MACS_peak_22706_lociStitched	chr20	34958268	34972588	9	13700	15253.664	1148.464	502	1
6_MACS_peak_27824_lociStitched	chr3	50566166	50579654	6	13256	16049.3712	1216.6176	503	1
5_MACS_peak_3392_lociStitched	chr1	22664730	22679173	5	13409	15780.4218	1207.4348	504	1
9_MACS_peak_10725_lociStitched	chr15	74510788	74525675	9	13562	15807.0166	1505.0757	505	1
7_MACS_peak_19278_lociStitched	chr19	33699190	33713198	7	13353	15873.8656	1291.5376	506	1
10_MACS_peak_3542_lociStitched	chr1	23097726	23113569	10	13573	15503.9598	1391.0154	507	1
7_MACS_peak_28705_lociStitched	chr4	7425124	7439615	7	13904	14519.982	1095.5196	508	1
7_MACS_peak_28327_lociStitched	chr4	3732634	3747099	7	13634	15024.7955	1239.6505	509	1
7_MACS_peak_2847_lociStitched	chr1	18954228	18968161	7	13177	15519.9687	966.9502	510	1
4_MACS_peak_16118_lociStitched	chr17	77944365	77957718	4	12728	16428.1959	1161.711	511	1
4_MACS_peak_30579_lociStitched	chr6	41603917	41617209	4	12799	16168.3888	1107.2236	512	1
9_MACS_peak_17321_lociStitched	chr19	5259973	5274228	9	12897	16364.74	1476.818	513	1
5_MACS_peak_26945_lociStitched	chr22	46272962	46285560	5	12123	16969.506	971.3058	514	1
3_MACS_peak_34992_lociStitched	chr9	133883438	133896628	3	12692	16393.851	1241.179	515	1
4_MACS_peak_440_lociStitched	chr1	2789726	2803168	4	12921	15487.8724	854.9112	516	1
2_MACS_peak_22492_lociStitched	chr20	3650751	3663444	2	12365	16724.2968	1238.8368	517	1
3_MACS_peak_7364_lociStitched	chr11	61501873	61514171	3	12072	17081.922	1219.9616	518	1
5_MACS_peak_218_lociStitched	chr1	2012486	2026048	5	12978	15144.6854	773.034	519	1
3_MACS_peak_32297_lociStitched	chr7	155595830	155607840	3	11505	17700.338	1198.598	520	1
2_MACS_peak_35063_lociStitched	chr9	134680671	134693023	2	12151	16645.5552	1059.8016	521	1
2_MACS_peak_29938_lociStitched	chr5	176299456	176310494	2	10957	18107.839	985.6934	522	1
8_MACS_peak_398_lociStitched	chr1	2715431	2729032	8	13053	14859.0925	810.6196	523	1
12_MACS_peak_25270_lociStitched	chr22	23723692	23737550	12	12743	15520.96	1047.6648	524	1
2_MACS_peak_17095_lociStitched	chr19	3452121	3463639	2	11488	17573.0126	1301.534	525	1
8_MACS_peak_16257_lociStitched	chr17	78493246	78507011	8	13199	14864.8235	1271.886	527	1
1_MACS_peak_16285_lociStitched	chr17	78996917	79008398	1	11482	17431.6023	1247.9847	528	1
6_MACS_peak_5218_lociStitched	chr1	228192553	228205650	6	12270	16482.5745	1415.7857	529	1
1_MACS_peak_15841_lociStitched	chr17	77273667	77286723	1	13057	14900.8128	1117.5936	530	1
7_MACS_peak_27766_lociStitched	chr3	50452768	50466706	7	13227	14777.0676	1322.7162	531	1
6_MACS_peak_14692_lociStitched	chr17	47951817	47965561	6	13133	14967.216	1390.8928	532	1
3_MACS_peak_323_lociStitched	chr1	2458168	2470212	3	11360	17037.4424	806.948	533	1
4_MACS_peak_6716_lociStitched	chr11	1558987	1571492	4	12046	16432.8205	1154.2115	534	1
5_MACS_peak_24143_lociStitched	chr20	62711517	62724439	5	12337	16024.5722	1248.2652	535	1
7_MACS_peak_35024_lociStitched	chr9	133980590	133994885	7	12812	15339.9645	1355.166	536	1
4_MACS_peak_9119_lociStitched	chr12	3412369	3424350	4	11626	16723.0798	951.2914	537	1
5_MACS_peak_16063_lociStitched	chr17	77784196	77796893	5	12070	16175.978	1033.5358	538	1
5_MACS_peak_6431_lociStitched	chr10	135008263	135021778	5	12871	14746.2165	871.7175	539	1
4_MACS_peak_21441_lociStitched	chr19	55873151	55885975	4	12280	15809.4272	1031.0496	540	1
5_MACS_peak_11415_lociStitched	chr16	2860151	2873282	5	12751	15125.5989	1122.7005	541	1
5_MACS_peak_29167_lociStitched	chr4	8642222	8655697	5	13088	14292.9325	874.5275	542	1
4_MACS_peak_26032_lociStitched	chr22	39235923	39249438	4	12871	15376.0155	1589.364	543	1
1_MACS_peak_27482_lociStitched	chr3	13668880	13681255	1	12376	15629.625	1056.825	544	1
6_MACS_peak_14756_lociStitched	chr17	48634369	48647844	6	12126	16152.4825	1216.7925	545	1
8_MACS_peak_16641_lociStitched	chr19	377826	392200	8	12719	15966.6392	2052.6072	546	1
4_MACS_peak_26028_lociStitched	chr22	39222078	39235188	4	12807	14910.003	1223.163	547	1
5_MACS_peak_23108_lociStitched	chr20	56127836	56141025	5	12860	14962.9205	1399.3529	548	1
3_MACS_peak_33218_lociStitched	chr8	21981133	21992403	3	10831	17244.227	747.201	549	1
6_MACS_peak_29150_lociStitched	chr4	8611448	8624516	6	12174	15465.978	806.2956	550	1
7_MACS_peak_23661_lociStitched	chr20	60270672	60285394	7	13241	13994.7332	1165.9824	551	1
7_MACS_peak_15909_lociStitched	chr17	77465202	77479384	7	13120	14379.1298	1343.0354	552	1
5_MACS_peak_34756_lociStitched	chr9	132479493	132492511	5	12547	15274.0194	1252.3316	553	1
10_MACS_peak_23116_lociStitched	chr20	56146883	56161556	10	12674	15211.4991	1414.4772	554	1
3_MACS_peak_31465_lociStitched	chr7	99762922	99774525	3	11413	17049.4482	1363.3525	555	1
8_MACS_peak_31538_lociStitched	chr7	100324219	100337950	8	12921	14597.4261	1245.4017	556	1
7_MACS_peak_26891_lociStitched	chr22	45932178	45945330	7	12709	14764.4352	1078.464	557	1
10_MACS_peak_26188_lociStitched	chr22	42816997	42830879	10	12574	15018.9358	1106.3954	558	1
9_MACS_peak_25614_lociStitched	chr22	30834078	30848707	9	13312	14276.4411	1767.1832	559	1
6_MACS_peak_30929_lociStitched	chr7	1462453	1475659	6	12531	14826.3762	948.1908	560	1
7_MACS_peak_16007_lociStitched	chr17	77647982	77661553	7	12698	14831.7459	1290.6021	561	1
2_MACS_peak_16813_lociStitched	chr19	1790736	1801688	2	10928	17581.2456	1470.8536	562	1
7_MACS_peak_1349_lociStitched	chr1	7283528	7297586	7	12656	14652.6534	1123.2342	563	1
2_MACS_peak_17828_lociStitched	chr19	7950056	7962148	2	11841	16422.1452	1614.282	564	1
4_MACS_peak_24865_lociStitched	chr21	47364141	47375412	4	11165	17118.3948	1397.604	565	1
5_MACS_peak_156_lociStitched	chr1	1867877	1880372	5	11946	15779.9355	1167.033	566	1
4_MACS_peak_6931_lociStitched	chr11	2227429	2238975	4	11118	16584.6744	830.1574	567	1
5_MACS_peak_28280_lociStitched	chr4	3626390	3639051	5	12057	15660.3909	1247.1085	568	1
14_MACS_peak_11653_lociStitched	chr16	5050266	5066296	14	12842	14484.708	1397.816	569	1
7_MACS_peak_18438_lociStitched	chr19	14269360	14282935	7	12931	13801.7025	950.25	571	1
7_MACS_peak_21392_lociStitched	chr19	55643689	55656575	7	12274	15231.252	1251.2306	572	1
8_MACS_peak_31579_lociStitched	chr7	100397474	100411779	8	13181	13768.5625	1406.1815	573	1
3_MACS_peak_12944_lociStitched	chr17	701179	712552	3	11166	16626.1887	1065.6501	574	1
2_MACS_peak_33225_lociStitched	chr8	22010554	22022151	2	11397	16153.4613	927.76	575	1
2_MACS_peak_27709_lociStitched	chr3	50192839	50204687	2	11604	15967.5496	1054.472	576	1
1_MACS_peak_23946_lociStitched	chr20	61713397	61724815	1	11419	15882.438	725.043	577	1
3_MACS_peak_30508_lociStitched	chr6	34102715	34115337	3	12286	14847.2586	1012.2844	578	1
5_MACS_peak_7444_lociStitched	chr11	64057899	64068696	5	10506	17234.1714	1010.5992	579	1
7_MACS_peak_19025_lociStitched	chr19	18149109	18162644	7	12627	14954.8215	1800.155	580	1
4_MACS_peak_11447_lociStitched	chr16	3056873	3068866	4	11512	15917.1096	1020.6043	581	1
3_MACS_peak_9821_lociStitched	chr13	113676063	113687346	3	11241	16257.6747	1016.5983	582	1
5_MACS_peak_16186_lociStitched	chr17	78080984	78093916	5	11841	15425.2896	1060.424	583	1
4_MACS_peak_24124_lociStitched	chr20	62467966	62480125	4	11893	15192.6705	966.6405	584	1
1_MACS_peak_27972_lociStitched	chr3	183944850	183954982	1	10133	18048.1316	1574.5128	585	1
4_MACS_peak_21726_lociStitched	chr2	26830707	26843836	4	12674	14095.2944	1290.5807	586	1
8_MACS_peak_27236_lociStitched	chr22	50445679	50458238	8	11604	15579.4395	1039.8852	587	1
2_MACS_peak_17093_lociStitched	chr19	3439983	3450624	2	10587	17295.8814	1396.0992	588	1
3_MACS_peak_13933_lociStitched	chr17	26831266	26843434	3	11468	15952.248	1266.6888	589	1
2_MACS_peak_11245_lociStitched	chr16	1032064	1043114	2	10897	16172.78	723.775	590	1
3_MACS_peak_36255_lociStitched	chr9	139043346	139054536	3	10767	16381.041	785.538	591	1
2_MACS_peak_24408_lociStitched	chr21	43763459	43774508	2	10847	16959.1101	1480.566	592	1
9_MACS_peak_24426_lociStitched	chr21	43840867	43855305	9	12695	14752.7484	2158.481	593	1
3_MACS_peak_13929_lociStitched	chr17	26815190	26827782	3	12428	14469.4672	1410.304	594	1
4_MACS_peak_16637_lociStitched	chr19	364338	376694	4	11763	15587.094	1466.6572	596	1
5_MACS_peak_2408_lociStitched	chr1	17703410	17716602	5	12308	14443.9208	1216.3024	597	1
3_MACS_peak_36345_lociStitched	chr9	139874477	139885693	3	11152	15933.4496	953.36	598	1
5_MACS_peak_13540_lociStitched	chr17	7718103	7731380	5	12195	15018.9424	1615.8109	599	1
4_MACS_peak_18875_lociStitched	chr19	17704051	17716703	4	12569	13966.5428	1318.3384	600	1
8_MACS_peak_6388_lociStitched	chr10	134906834	134920607	8	12526	13694.4939	973.7511	601	1
4_MACS_peak_21540_lociStitched	chr19	56273069	56285711	4	12525	14904.918	2195.9154	602	1
9_MACS_peak_22994_lociStitched	chr20	48956857	48970275	9	12575	14035.228	1521.6012	603	1
5_MACS_peak_26010_lociStitched	chr22	38844625	38857653	5	12398	14209.6396	1427.8688	604	1
4_MACS_peak_35634_lociStitched	chr9	137377344	137389491	4	11539	14926.2336	827.2107	605	1
4_MACS_peak_8536_lociStitched	chr11	75141488	75154387	4	12600	13393.0317	1211.2161	606	1
6_MACS_peak_2504_lociStitched	chr1	17964444	17977151	6	12172	13973.8879	1026.7256	607	1
7_MACS_peak_4717_lociStitched	chr1	151679425	151691891	7	11624	15981.412	2206.482	608	1
8_MACS_peak_5989_lociStitched	chr10	114741936	114755467	8	12587	13639.248	1562.8305	609	1
4_MACS_peak_10946_lociStitched	chr15	78180591	78192596	4	11777	14469.6265	992.8135	610	1
8_MACS_peak_35601_lociStitched	chr9	137204625	137217372	8	12030	13838.1432	785.2152	611	1
5_MACS_peak_17078_lociStitched	chr19	3377846	3390718	5	12289	14184.944	1585.8304	612	1
3_MACS_peak_24775_lociStitched	chr21	46668331	46679647	3	11038	15960.0864	1466.5536	613	1
1_MACS_peak_11870_lociStitched	chr16	30033977	30043855	1	9879	16726.4174	772.4596	614	1
4_MACS_peak_33209_lociStitched	chr8	21898541	21910772	4	11612	14720.0085	1104.4593	615	1
3_MACS_peak_16390_lociStitched	chr17	79914011	79925732	3	10949	15569.0043	988.0803	616	1
8_MACS_peak_28927_lociStitched	chr4	7999805	8012992	8	12574	13047.2178	1116.9389	617	1
5_MACS_peak_25942_lociStitched	chr22	37888132	37901235	5	12306	13627.12	1204.1657	618	1
5_MACS_peak_16074_lociStitched	chr17	77828468	77840874	5	11880	14371.1104	1215.788	619	1
5_MACS_peak_20105_lociStitched	chr19	42499325	42511083	5	11398	14899.7376	1013.5396	621	1
3_MACS_peak_34143_lociStitched	chr8	144501363	144511444	3	9923	16534.8562	706.6781	622	1
8_MACS_peak_19950_lociStitched	chr19	41695239	41708393	8	12208	13688.0524	1154.9212	623	1
1_MACS_peak_16815_lociStitched	chr19	1802419	1812353	1	9935	16891.7736	1204.9942	625	1
6_MACS_peak_30171_lociStitched	chr6	2632621	2645897	6	12240	14262.4068	1946.2616	626	1
2_MACS_peak_11369_lociStitched	chr16	2240126	2250562	2	10092	16406.4356	937.1528	627	1
9_MACS_peak_2950_lociStitched	chr1	19136545	19149791	9	12288	13473.8312	1312.6786	628	1
3_MACS_peak_11285_lociStitched	chr16	1224953	1235358	3	10145	16066.3605	715.864	629	1
7_MACS_peak_16250_lociStitched	chr17	78478911	78491515	7	12388	13215.294	1317.118	630	1
4_MACS_peak_3235_lociStitched	chr1	21005720	21016830	4	10726	15868.413	1315.424	631	1
4_MACS_peak_36239_lociStitched	chr9	138987278	138998431	4	10901	15056.55	745.0204	632	1
14_MACS_peak_11781_lociStitched	chr16	29186742	29201431	14	12470	12854.3439	1194.2157	633	1
6_MACS_peak_8993_lociStitched	chr12	1928126	1940991	6	11570	14169.511	926.28	634	1
4_MACS_peak_35319_lociStitched	chr9	136075080	136087203	4	11598	14130.5688	994.086	635	1
2_MACS_peak_24267_lociStitched	chr21	38071827	38082449	2	10532	15673.8232	1061.1378	636	1
10_MACS_peak_8999_lociStitched	chr12	1942359	1955875	10	11824	13759.288	1154.2664	637	1
3_MACS_peak_36342_lociStitched	chr9	139862395	139872800	3	10329	15542.989	736.674	638	1
3_MACS_peak_11200_lociStitched	chr16	917210	928244	3	10964	14609.016	687.4182	639	1
6_MACS_peak_23937_lociStitched	chr20	61689775	61702206	6	11667	14027.1404	1224.4535	640	1
4_MACS_peak_24900_lociStitched	chr21	47469085	47480774	4	10920	15226.0914	1316.1814	641	1
4_MACS_peak_6636_lociStitched	chr11	1150380	1161699	4	10733	14992.0155	829.6827	642	1
9_MACS_peak_14775_lociStitched	chr17	48692873	48706010	9	11372	14507.1891	1320.2685	643	1
7_MACS_peak_34877_lociStitched	chr9	133271709	133284532	7	11948	13147.4219	1021.9931	644	1
5_MACS_peak_14640_lociStitched	chr17	47514647	47527438	5	12136	13058.3319	1336.6595	645	1
7_MACS_peak_8114_lociStitched	chr11	69984482	69997385	7	11866	13333.9602	1119.9804	646	1
3_MACS_peak_16299_lociStitched	chr17	79149914	79160412	3	10397	15096.124	657.1748	647	1
2_MACS_peak_26973_lociStitched	chr22	46390918	46402495	2	11410	13870.4037	948.1563	648	1
3_MACS_peak_24895_lociStitched	chr21	47451035	47461984	3	10508	15476.4115	1219.7186	649	1
5_MACS_peak_32947_lociStitched	chr8	1904774	1917282	5	11902	13372.3028	1305.8352	650	1
5_MACS_peak_30796_lociStitched	chr7	1016725	1028497	5	10745	14791.518	902.9124	651	1
2_MACS_peak_14732_lociStitched	chr17	48263780	48274744	2	10731	14723.5556	831.0712	652	1
4_MACS_peak_15709_lociStitched	chr17	76492787	76504570	4	11321	13895.6919	912.0042	654	1
1_MACS_peak_24711_lociStitched	chr21	46256366	46266580	1	10215	15790.844	1272.6644	655	1
4_MACS_peak_116_lociStitched	chr1	1383634	1395261	4	11351	13974.4913	1117.3547	656	1
4_MACS_peak_7208_lociStitched	chr11	46402346	46413253	4	10581	15038.5716	1050.3441	657	1
6_MACS_peak_13390_lociStitched	chr17	7002025	7014441	6	11414	13673.7408	957.2736	658	1
4_MACS_peak_20767_lociStitched	chr19	49051302	49063213	4	11397	13963.2653	1229.2152	659	1
3_MACS_peak_31196_lociStitched	chr7	5629450	5640290	3	10506	15073.02	1010.288	660	1
7_MACS_peak_9317_lociStitched	chr12	52590460	52603784	7	11862	12889.6376	1024.6156	661	1
7_MACS_peak_26383_lociStitched	chr22	44284853	44297014	7	11681	13212.9265	1083.5451	662	1
6_MACS_peak_31494_lociStitched	chr7	100213872	100226221	6	11453	13691.3363	1176.8597	663	1
4_MACS_peak_26073_lociStitched	chr22	40036752	40047914	4	10726	14415.723	812.5936	664	1
5_MACS_peak_29865_lociStitched	chr5	176119547	176132102	5	11718	13092.354	1117.395	665	1
7_MACS_peak_19117_lociStitched	chr19	18898074	18910615	7	11083	14153.7726	1126.1818	666	1
4_MACS_peak_15705_lociStitched	chr17	76480893	76492075	4	11089	13838.8432	829.7044	667	1
8_MACS_peak_15492_lociStitched	chr17	74879240	74891503	8	11565	13223.1929	1103.67	669	1
6_MACS_peak_29188_lociStitched	chr4	8699370	8711624	6	11505	13037.0306	874.9356	670	1
2_MACS_peak_46_lociStitched	chr1	955511	965932	2	10208	14963.5139	848.2694	671	1
4_MACS_peak_4816_lociStitched	chr1	156808731	156819886	4	10772	14731.293	1437.8795	672	1
1_MACS_peak_31231_lociStitched	chr7	27190611	27200441	1	9831	15760.439	1291.662	675	1
3_MACS_peak_36230_lociStitched	chr9	138947005	138957344	3	10111	14686.5495	635.8485	676	1
10_MACS_peak_7137_lociStitched	chr11	44323196	44336270	10	11364	13118.4516	1014.5424	677	1
4_MACS_peak_17260_lociStitched	chr19	4772906	4784774	4	11449	13544.9484	1608.114	678	1
1_MACS_peak_31059_lociStitched	chr7	2671667	2681865	1	10199	14466.8828	627.177	679	1
6_MACS_peak_33926_lociStitched	chr8	143675892	143687744	6	11223	12903.2724	612.7484	680	1
5_MACS_peak_24839_lociStitched	chr21	47027771	47040488	5	11317	13581.756	1459.9116	681	1
3_MACS_peak_32300_lociStitched	chr7	155608392	155620351	3	11375	13593.7953	1590.547	682	1
7_MACS_peak_2141_lociStitched	chr1	16493056	16505738	7	11614	12604.6398	1070.3608	683	1
5_MACS_peak_8724_lociStitched	chr11	118020060	118031424	5	10058	14940.2508	1000.032	685	1
5_MACS_peak_36160_lociStitched	chr9	138606943	138618589	5	11040	13183.272	682.4556	686	1
8_MACS_peak_35904_lociStitched	chr9	137993299	138005918	8	11279	12770.428	712.9735	687	1
5_MACS_peak_17422_lociStitched	chr19	5488390	5499842	5	11080	13391.9688	1042.132	688	1
2_MACS_peak_1155_lociStitched	chr1	5892498	5903773	2	11265	12815.165	798.27	689	1
9_MACS_peak_3381_lociStitched	chr1	22643585	22656747	9	11477	12582.872	943.7154	690	1
2_MACS_peak_25856_lociStitched	chr22	37457617	37467967	2	10216	14478.615	869.4	691	1
5_MACS_peak_19771_lociStitched	chr19	39683523	39695652	5	11212	13276.4034	1194.7065	692	1
4_MACS_peak_30463_lociStitched	chr6	33988630	34000110	4	11227	12709.508	997.612	693	1
8_MACS_peak_20881_lociStitched	chr19	49525278	49537668	8	11273	12647.712	1049.433	694	1
3_MACS_peak_25069_lociStitched	chr22	20138685	20149685	3	10588	13517.9	876.7	695	1
4_MACS_peak_15656_lociStitched	chr17	76310962	76321851	4	10890	13011.2661	874.3867	696	1
3_MACS_peak_26479_lociStitched	chr22	44732939	44743808	3	10814	13015.6275	771.699	697	1
5_MACS_peak_17488_lociStitched	chr19	5828251	5839971	5	11168	13168.592	1536.492	698	1
6_MACS_peak_2536_lociStitched	chr1	18022887	18034644	6	10945	12828.0627	828.8685	699	1
8_MACS_peak_34724_lociStitched	chr9	132410219	132421768	8	10720	13273.2657	932.0043	700	1
7_MACS_peak_9826_lociStitched	chr13	113694748	113706831	7	10642	13334.7988	1088.6783	704	1
5_MACS_peak_13475_lociStitched	chr17	7341565	7353068	5	11032	12530.2179	935.1939	705	1
4_MACS_peak_3351_lociStitched	chr1	22557460	22569061	4	10936	12781.9818	1039.4496	706	1
2_MACS_peak_11420_lociStitched	chr16	2873969	2884077	2	10047	13928.824	839.9748	709	1
2_MACS_peak_20223_lociStitched	chr19	45376258	45387025	2	10701	13142.2002	1045.4757	710	1
6_MACS_peak_26097_lociStitched	chr22	40095156	40106867	6	11163	12330.5119	1045.7923	711	1
7_MACS_peak_210_lociStitched	chr1	1998528	2010277	7	11035	12296.5034	808.3312	712	1
4_MACS_peak_36404_lociStitched	chr9	140206993	140217582	4	9866	13945.713	678.7549	713	1
7_MACS_peak_21503_lociStitched	chr19	56055193	56067838	7	10980	12650.058	1111.4955	714	1
3_MACS_peak_24628_lociStitched	chr21	45878176	45888328	3	9821	14651.3664	1369.5048	717	1
5_MACS_peak_608_lociStitched	chr1	3178899	3190344	5	11038	12030.984	653.5095	718	1
3_MACS_peak_30583_lociStitched	chr6	41617915	41628312	3	10299	13596.1569	1011.6281	719	1
7_MACS_peak_32261_lociStitched	chr7	155332684	155345075	7	10943	12813.5331	1304.7723	720	1
4_MACS_peak_15377_lociStitched	chr17	72941784	72952502	4	10419	13323.5458	1047.1486	721	1
6_MACS_peak_22546_lociStitched	chr20	30441640	30453064	6	10662	12949.104	1070.4288	722	1
5_MACS_peak_20567_lociStitched	chr19	47967542	47979008	5	10739	12731.8464	990.6624	723	1
3_MACS_peak_16221_lociStitched	chr17	78397348	78407881	3	10098	13572.8238	927.9573	724	1
4_MACS_peak_1532_lociStitched	chr1	7716407	7726947	4	10406	13009.522	900.116	725	1
5_MACS_peak_20213_lociStitched	chr19	45349488	45360162	5	9861	13852.7172	939.312	726	1
3_MACS_peak_1996_lociStitched	chr1	11760569	11770741	3	9990	13631.4972	917.5144	727	1
4_MACS_peak_31971_lociStitched	chr7	150869266	150880292	4	10761	13254.3546	1796.1354	728	1
5_MACS_peak_4385_lociStitched	chr1	37315509	37326870	5	10615	12533.4552	855.4833	729	1
4_MACS_peak_24472_lociStitched	chr21	44121557	44131426	4	9754	14245.9015	1297.7735	730	1
5_MACS_peak_9844_lociStitched	chr13	113741060	113751562	5	9966	13502.4214	869.5656	732	1
7_MACS_peak_15129_lociStitched	chr17	72188736	72199718	7	10312	13127.8828	1025.7188	733	1
3_MACS_peak_14666_lociStitched	chr17	47597016	47607222	3	10022	13415.787	898.128	735	1
3_MACS_peak_13944_lociStitched	chr17	26858031	26868295	3	9926	13884.1128	1292.2376	738	1
5_MACS_peak_7410_lociStitched	chr11	62685606	62696840	5	10714	12302.3534	972.8644	739	1
3_MACS_peak_30962_lociStitched	chr7	1622867	1633480	3	10283	12988.1894	976.396	740	1
2_MACS_peak_24582_lociStitched	chr21	45665870	45675863	2	9580	14234.0292	1258.1187	743	1
4_MACS_peak_624_lociStitched	chr1	3221088	3231265	4	9631	13463.1533	557.6996	744	1
4_MACS_peak_26252_lociStitched	chr22	43602212	43612420	4	9753	13454.144	763.5584	748	1
2_MACS_peak_4803_lociStitched	chr1	156639821	156650225	2	10175	13572.018	1549.1556	751	1
3_MACS_peak_17052_lociStitched	chr19	3311457	3322103	3	10271	13172.2958	1403.1428	753	1
3_MACS_peak_29586_lociStitched	chr5	1652799	1663621	3	10188	12768.8778	943.6784	755	1
5_MACS_peak_11598_lociStitched	chr16	4363466	4374450	5	10144	12730.456	860.0472	757	1
5_MACS_peak_34132_lociStitched	chr8	144476516	144487179	5	10067	12759.3458	863.703	762	1
5_MACS_peak_2257_lociStitched	chr1	17439943	17450189	5	9967	12970.4114	1021.5262	766	1
3_MACS_peak_20899_lociStitched	chr19	49564264	49575179	3	10256	12391.7995	928.8665	768	1
5_MACS_peak_31054_lociStitched	chr7	2660441	2670697	5	9879	12929.7392	885.0928	769	1
5_MACS_peak_26052_lociStitched	chr22	39967846	39978442	5	10099	12477.8496	798.9384	771	1
2_MACS_peak_4942_lociStitched	chr1	197879164	197889149	2	9981	13612.5505	1831.249	773	1
3_MACS_peak_7284_lociStitched	chr11	61314590	61324743	3	10046	12469.9146	845.7449	775	1
6_MACS_peak_24731_lociStitched	chr21	46466852	46477887	6	9821	13371.1095	1400.3415	776	1
4_MACS_peak_11241_lociStitched	chr16	1021030	1031536	4	10176	12090.3048	748.0272	779	1
4_MACS_peak_14083_lociStitched	chr17	36697749	36708419	4	10074	12370.798	871.739	780	1
3_MACS_peak_26078_lociStitched	chr22	40049932	40060251	3	9934	12602.5947	946.2523	782	1
3_MACS_peak_13867_lociStitched	chr17	21313163	21323361	3	9542	13809.1118	1587.8286	784	1
3_MACS_peak_13585_lociStitched	chr17	7986885	7996832	3	9742	12848.5399	1015.5887	789	1
5_MACS_peak_24342_lociStitched	chr21	43103850	43114095	5	9893	12676.1385	1365.6585	803	1
1_MACS_peak_15502_lociStitched	chr17	74894536	74904238	1	9703	12577.6728	979.902	804	1
4_MACS_peak_31534_lociStitched	chr7	100312683	100322849	4	9812	12359.8228	972.8862	806	1
3_MACS_peak_16657_lociStitched	chr19	416114	426226	3	9659	12431.6928	1001.088	814	1
