#MM11 Enhancers
#Created from /data/projects/IRF4_mm_trn_data/myeloma_public_data/rose/MM11.H3K27ac_ROSE/MM11_0KB_STITCHED_ENHANCER_REGION_MAP.txt
#Ranked by MM11.jin.bam
#Using cutoff of 9845.5644 for Super-Enhancers
#Created on Jul 16 2024 
REGION_ID	CHROM	START	STOP	NUM_LOCI	CONSTITUENT_SIZE	MM11.jin.bam	enhancerRank	isSuper
6_MACS_peak_3348_lociStitched	chr11	65184015	65198769	6	14431	73907.2122	1	1
1_MACS_peak_19921_lociStitched	chrX	106953314	106963022	1	9709	64572.762	2	1
1_MACS_peak_3367_lociStitched	chr11	65263773	65274998	1	11226	58530.5175	3	1
1_MACS_peak_5488_lociStitched	chr14	50085654	50090886	1	5233	54923.9664	4	1
2_MACS_peak_9248_lociStitched	chr19	13949174	13959358	2	9812	53286.7616	5	1
2_MACS_peak_2021_lociStitched	chr1	234738137	234749209	2	11034	52296.3776	6	1
1_MACS_peak_5489_lociStitched	chr14	50099447	50103413	1	3967	49726.8978	7	1
1_MACS_peak_16157_lociStitched	chr6	32935724	32941888	1	6165	48694.9836	8	1
1_MACS_peak_15171_lociStitched	chr5	90674770	90680773	1	6004	46923.6501	9	1
2_MACS_peak_12338_lociStitched	chr22	29192885	29199015	2	5671	46670.142	10	1
2_MACS_peak_1157_lociStitched	chr1	150545684	150553058	2	7017	44589.1032	11	1
1_MACS_peak_5501_lociStitched	chr14	50465686	50471096	1	5411	44485.348	12	1
2_MACS_peak_4879_lociStitched	chr12	125396604	125406303	2	9424	43425.3327	13	1
1_MACS_peak_1959_lociStitched	chr1	228269426	228273099	1	3674	41675.6945	14	1
1_MACS_peak_1775_lociStitched	chr1	207993673	208001031	1	7359	40846.4654	15	1
3_MACS_peak_9534_lociStitched	chr19	39891738	39902285	3	10510	38869.9138	16	1
1_MACS_peak_9307_lociStitched	chr19	16434199	16440393	1	6195	38111.682	17	1
1_MACS_peak_18566_lociStitched	chr9	3524405	3528323	1	3919	37979.133	18	1
1_MACS_peak_19086_lociStitched	chr9	101983030	101986199	1	3170	37504.4812	19	1
1_MACS_peak_15763_lociStitched	chr5	179245128	179249076	1	3949	36961.176	20	1
1_MACS_peak_7134_lociStitched	chr16	56964200	56971199	1	7000	36366.1041	21	1
1_MACS_peak_9711_lociStitched	chr19	47286579	47291997	1	5419	34588.512	22	1
1_MACS_peak_18934_lociStitched	chr9	80910634	80913755	1	3122	34235.4974	23	1
1_MACS_peak_6086_lociStitched	chr15	41244055	41247186	1	3132	34183.3187	24	1
5_MACS_peak_2228_lociStitched	chr10	22623528	22631179	5	6912	34023.997	25	1
1_MACS_peak_2075_lociStitched	chr1	245132597	245135644	1	3048	33357.0325	26	1
4_MACS_peak_18353_lociStitched	chr8	126441210	126449018	4	7574	33112.9472	27	1
1_MACS_peak_5842_lociStitched	chr14	105946984	105950003	1	3020	32804.454	28	1
2_MACS_peak_18914_lociStitched	chr9	74976902	74981363	2	4436	31681.5759	29	1
1_MACS_peak_18904_lociStitched	chr9	73032887	73036590	1	3704	31385.1468	30	1
1_MACS_peak_18645_lociStitched	chr9	20353152	20359020	1	5869	31265.8776	31	1
1_MACS_peak_17489_lociStitched	chr7	104651857	104656448	1	4592	31242.2141	32	1
1_MACS_peak_1572_lociStitched	chr1	184019233	184022166	1	2934	31068.9757	33	1
1_MACS_peak_18848_lociStitched	chr9	66454645	66459394	1	4750	31063.6839	34	1
1_MACS_peak_5204_lociStitched	chr13	97873708	97878850	1	5143	30912.1614	35	1
1_MACS_peak_5491_lociStitched	chr14	50233517	50236339	1	2823	30674.5756	36	1
1_MACS_peak_18903_lociStitched	chr9	73025888	73029875	1	3988	30272.0949	37	1
1_MACS_peak_19077_lociStitched	chr9	100744320	100748446	1	4127	29694.4094	38	1
2_MACS_peak_4068_lociStitched	chr12	25534895	25540663	2	5361	29350.468	39	1
1_MACS_peak_18945_lociStitched	chr9	86320791	86324118	1	3328	29311.8681	40	1
2_MACS_peak_4805_lociStitched	chr12	122237686	122243364	2	5648	28924.2998	41	1
1_MACS_peak_5496_lociStitched	chr14	50358281	50361958	1	3678	28672.1429	42	1
1_MACS_peak_18756_lociStitched	chr9	35070478	35073624	1	3147	28229.058	43	1
1_MACS_peak_3288_lociStitched	chr11	62647469	62650928	1	3460	27797.9076	44	1
1_MACS_peak_8058_lociStitched	chr17	43660272	43663843	1	3572	27751.3123	45	1
1_MACS_peak_5907_lociStitched	chr14	106326376	106330851	1	4476	27514.985	46	1
1_MACS_peak_15677_lociStitched	chr5	172196341	172200113	1	3773	27377.176	47	1
1_MACS_peak_1348_lociStitched	chr1	159890465	159895741	1	5277	27365.0292	48	1
1_MACS_peak_1027_lociStitched	chr1	143742355	143745847	1	3493	26726.7204	49	1
1_MACS_peak_19459_lociStitched	chr9	139376337	139379342	1	3006	26599.9595	50	1
2_MACS_peak_1688_lociStitched	chr1	203255397	203261218	2	5735	26539.6853	51	1
1_MACS_peak_19250_lociStitched	chr9	127630346	127636217	1	5872	25988.5686	52	1
1_MACS_peak_9765_lociStitched	chr19	49375380	49379946	1	4567	25614.8034	53	1
1_MACS_peak_19155_lociStitched	chr9	114244666	114247290	1	2625	25536.2432	54	1
1_MACS_peak_1263_lociStitched	chr1	155176721	155179691	1	2971	25500.42	55	1
1_MACS_peak_1160_lociStitched	chr1	150581413	150587165	1	5753	25495.74	56	1
1_MACS_peak_16445_lociStitched	chr6	74228921	74234079	1	5159	25284.516	57	1
1_MACS_peak_5089_lociStitched	chr13	49549240	49555105	1	5866	25242.96	58	1
5_MACS_peak_15794_lociStitched	chr6	319871	330382	5	9629	25167.5384	59	1
1_MACS_peak_14421_lociStitched	chr4	119754586	119758327	1	3742	25066.1964	60	1
1_MACS_peak_14093_lociStitched	chr4	40056138	40059958	1	3821	24983.564	61	1
2_MACS_peak_15444_lociStitched	chr5	138723153	138729834	2	6671	24884.7207	62	1
1_MACS_peak_12343_lociStitched	chr22	29662917	29666278	1	3362	24691.2504	63	1
1_MACS_peak_9678_lociStitched	chr19	45970266	45973864	1	3599	24352.7032	64	1
3_MACS_peak_10405_lociStitched	chr2	70311991	70316916	3	4668	23907.4275	65	1
3_MACS_peak_7398_lociStitched	chr16	87883774	87891085	3	7098	23882.8437	66	1
1_MACS_peak_5494_lociStitched	chr14	50328058	50331125	1	3068	23840.7111	67	1
1_MACS_peak_14833_lociStitched	chr5	32172265	32175522	1	3258	23771.2145	68	1
1_MACS_peak_17040_lociStitched	chr7	30633302	30636573	1	3272	23518.1629	69	1
2_MACS_peak_11161_lociStitched	chr2	208028600	208032334	2	3440	23248.2574	70	1
2_MACS_peak_17623_lociStitched	chr7	130789983	130796208	2	6222	23100.3525	71	1
1_MACS_peak_12790_lociStitched	chr3	15835485	15839859	1	4375	23088.5964	72	1
2_MACS_peak_12140_lociStitched	chr21	45572649	45578288	2	5608	22936.6325	73	1
4_MACS_peak_1557_lociStitched	chr1	182990933	182999175	4	8147	22860.8354	74	1
1_MACS_peak_12043_lociStitched	chr21	38737714	38741343	1	3630	22800.6441	75	1
1_MACS_peak_1381_lociStitched	chr1	161013743	161018204	1	4462	22660.0956	76	1
2_MACS_peak_9232_lociStitched	chr19	13260640	13267076	2	6189	22544.0208	77	1
1_MACS_peak_18596_lociStitched	chr9	5626241	5630724	1	4484	22483.1416	78	1
2_MACS_peak_5504_lociStitched	chr14	50527100	50532858	2	5754	22353.7076	79	1
1_MACS_peak_1816_lociStitched	chr1	212780039	212783426	1	3388	22317.2817	80	1
2_MACS_peak_17483_lociStitched	chr7	104581180	104586681	2	5144	22202.036	81	1
2_MACS_peak_18936_lociStitched	chr9	82185054	82189015	2	3884	22133.6719	82	1
1_MACS_peak_16285_lociStitched	chr6	42749104	42752150	1	3047	22118.8336	83	1
1_MACS_peak_19092_lociStitched	chr9	102581107	102585385	1	4279	21956.835	84	1
1_MACS_peak_4971_lociStitched	chr13	30167558	30170382	1	2825	21935.7024	85	1
1_MACS_peak_2708_lociStitched	chr10	104401553	104406899	1	5347	21882.7818	86	1
1_MACS_peak_18654_lociStitched	chr9	20620192	20625206	1	5015	21798.8664	87	1
2_MACS_peak_18977_lociStitched	chr9	91932343	91935287	2	2945	21778.8288	88	1
1_MACS_peak_9367_lociStitched	chr19	18389287	18393633	1	4347	21773.46	89	1
5_MACS_peak_7391_lociStitched	chr16	87810591	87814579	5	3548	21734.2012	90	1
1_MACS_peak_12890_lociStitched	chr3	39191920	39195696	1	3777	21681.0368	91	1
1_MACS_peak_14859_lociStitched	chr5	36240402	36243333	1	2932	21656.8659	92	1
1_MACS_peak_1133_lociStitched	chr1	149856160	149860541	1	4382	21478.2906	93	1
1_MACS_peak_4080_lociStitched	chr12	26273559	26280255	1	6697	21425.1912	94	1
1_MACS_peak_1294_lociStitched	chr1	156073027	156077403	1	4377	21418.7696	95	1
1_MACS_peak_16079_lociStitched	chr6	30581881	30586379	1	4499	21392.488	96	1
1_MACS_peak_2314_lociStitched	chr10	43902224	43905396	1	3173	21390.6992	97	1
1_MACS_peak_15949_lociStitched	chr6	16758953	16763908	1	4956	21367.942	98	1
1_MACS_peak_19421_lociStitched	chr9	136022163	136025576	1	3414	21315.2089	99	1
1_MACS_peak_14940_lociStitched	chr5	55883357	55886847	1	3491	21263.523	100	1
1_MACS_peak_20147_lociStitched	chrX	153235527	153239322	1	3796	21219.363	101	1
1_MACS_peak_16317_lociStitched	chr6	43737257	43741376	1	4120	21127.9986	102	1
3_MACS_peak_15874_lociStitched	chr6	7905358	7911784	3	5899	21090.7746	103	1
2_MACS_peak_15424_lociStitched	chr5	137087449	137091213	2	3752	21053.934	104	1
1_MACS_peak_6375_lociStitched	chr15	72765530	72768361	1	2832	20977.9931	105	1
1_MACS_peak_19425_lociStitched	chr9	136241359	136243767	1	2409	20951.2856	106	1
1_MACS_peak_14270_lociStitched	chr4	83349709	83352696	1	2988	20907.2078	107	1
1_MACS_peak_692_lociStitched	chr1	59247283	59251527	1	4245	20830.8252	108	1
2_MACS_peak_3027_lociStitched	chr11	10323813	10332200	2	8149	20730.1479	109	1
6_MACS_peak_2220_lociStitched	chr10	22603806	22612863	6	8758	20639.9973	110	1
1_MACS_peak_12105_lociStitched	chr21	44772671	44776740	1	4070	20635.1197	111	1
4_MACS_peak_1707_lociStitched	chr1	204376127	204381912	4	5436	20632.2025	112	1
1_MACS_peak_15190_lociStitched	chr5	95293535	95298516	1	4982	20587.4692	113	1
2_MACS_peak_10082_lociStitched	chr2	30368437	30373360	2	4797	20528.91	114	1
1_MACS_peak_19046_lociStitched	chr9	98267814	98273967	1	6154	20520.255	115	1
1_MACS_peak_8065_lociStitched	chr17	44268521	44272366	1	3846	20503.4625	116	1
4_MACS_peak_14096_lociStitched	chr4	40194652	40204004	4	8730	20453.7592	117	1
4_MACS_peak_17675_lociStitched	chr7	139470675	139478562	4	7130	20437.5831	118	1
1_MACS_peak_19151_lociStitched	chr9	113017153	113021638	1	4486	20365.9365	119	1
2_MACS_peak_15452_lociStitched	chr5	139014758	139019042	2	4251	20277.4572	120	1
1_MACS_peak_1098_lociStitched	chr1	147929921	147933151	1	3231	20265.989	121	1
1_MACS_peak_10992_lociStitched	chr2	178127878	178130780	1	2903	20235.9362	122	1
1_MACS_peak_2073_lociStitched	chr1	244996612	244999977	1	3366	20114.2875	123	1
2_MACS_peak_15250_lociStitched	chr5	108743971	108749451	2	5471	20084.2	124	1
3_MACS_peak_19190_lociStitched	chr9	117263862	117268774	3	4880	20074.8528	125	1
1_MACS_peak_8964_lociStitched	chr19	2269311	2272207	1	2897	20068.4112	126	1
1_MACS_peak_3260_lociStitched	chr11	62318211	62325115	1	6905	20001.5784	127	1
1_MACS_peak_4653_lociStitched	chr12	105476287	105478584	1	2298	19894.0873	128	1
1_MACS_peak_14912_lociStitched	chr5	49961190	49964856	1	3667	19830.8604	129	1
3_MACS_peak_15516_lociStitched	chr5	142430881	142438133	3	6583	19816.8152	130	1
3_MACS_peak_2470_lociStitched	chr10	74031670	74036820	3	5073	19811.02	131	1
1_MACS_peak_11796_lociStitched	chr20	48806629	48810179	1	3551	19788.41	132	1
1_MACS_peak_2074_lociStitched	chr1	245024632	245028760	1	4129	19782.6144	133	1
2_MACS_peak_6609_lociStitched	chr15	93443244	93449007	2	5747	19724.4438	134	1
1_MACS_peak_16037_lociStitched	chr6	27804426	27807343	1	2918	19678.9571	135	1
1_MACS_peak_15434_lociStitched	chr5	137877492	137880504	1	3013	19614.144	136	1
2_MACS_peak_10560_lociStitched	chr2	88922479	88928445	2	5838	19610.242	137	1
1_MACS_peak_12044_lociStitched	chr21	38935333	38937840	1	2508	19552.8451	138	1
1_MACS_peak_1656_lociStitched	chr1	201138853	201141508	1	2656	19515.5775	139	1
2_MACS_peak_14579_lociStitched	chr4	153453481	153459350	2	5567	19483.3193	140	1
1_MACS_peak_17584_lociStitched	chr7	127290863	127293350	1	2488	19471.4691	141	1
3_MACS_peak_15401_lociStitched	chr5	133559620	133563228	3	3482	19425.472	142	1
1_MACS_peak_478_lociStitched	chr1	36850563	36854227	1	3665	19411.872	143	1
1_MACS_peak_1042_lociStitched	chr1	144518948	144522304	1	3357	19382.578	144	1
1_MACS_peak_12483_lociStitched	chr22	38900531	38903374	1	2844	19357.7027	145	1
1_MACS_peak_7884_lociStitched	chr17	36570708	36572756	1	2049	19327.3856	146	1
1_MACS_peak_9257_lociStitched	chr19	14115995	14118416	1	2422	19252.5183	147	1
1_MACS_peak_5108_lociStitched	chr13	50697106	50701827	1	4722	19247.9891	148	1
1_MACS_peak_8245_lociStitched	chr17	61522421	61524863	1	2443	19222.9356	149	1
1_MACS_peak_20102_lociStitched	chrX	148583963	148587231	1	3269	19146.8852	150	1
2_MACS_peak_11311_lociStitched	chr2	232570591	232576048	2	5344	19128.4221	151	1
1_MACS_peak_1586_lociStitched	chr1	185124819	185127638	1	2820	19128.3245	152	1
2_MACS_peak_10881_lociStitched	chr2	158295709	158301507	2	5670	19092.814	153	1
1_MACS_peak_4191_lociStitched	chr12	46764514	46767802	1	3289	19065.7968	154	1
1_MACS_peak_15247_lociStitched	chr5	108062565	108065298	1	2734	19050.6498	155	1
1_MACS_peak_11978_lociStitched	chr21	30670512	30673791	1	3280	18980.8194	156	1
2_MACS_peak_18801_lociStitched	chr9	37528060	37532320	2	4233	18949.758	157	1
3_MACS_peak_4014_lociStitched	chr12	12867107	12873641	3	6384	18943.3728	158	1
1_MACS_peak_14469_lociStitched	chr4	128981042	128983844	1	2803	18831.9618	159	1
2_MACS_peak_12113_lociStitched	chr21	44843182	44848349	2	5100	18831.6482	160	1
1_MACS_peak_15759_lociStitched	chr5	179124467	179127441	1	2975	18807.8734	161	1
2_MACS_peak_19347_lociStitched	chr9	132646821	132653420	2	6267	18751.7184	162	1
1_MACS_peak_5486_lociStitched	chr14	50051409	50053976	1	2568	18703.9321	163	1
1_MACS_peak_14888_lociStitched	chr5	42949283	42952904	1	3622	18698.1198	164	1
2_MACS_peak_19919_lociStitched	chrX	106916003	106922892	2	6803	18649.9008	165	1
1_MACS_peak_14363_lociStitched	chr4	103746016	103750225	1	4210	18612.6189	166	1
4_MACS_peak_2769_lociStitched	chr10	112256971	112264396	4	6967	18570.6675	167	1
1_MACS_peak_1538_lociStitched	chr1	179850486	179853101	1	2616	18541.1345	168	1
2_MACS_peak_14631_lociStitched	chr4	160023452	160028076	2	4297	18496	169	1
1_MACS_peak_10647_lociStitched	chr2	101922317	101925780	1	3464	18440.8213	170	1
6_MACS_peak_779_lociStitched	chr1	73830477	73837301	6	5679	18426.1648	171	1
1_MACS_peak_15725_lociStitched	chr5	176559159	176562466	1	3308	18363.4403	172	1
1_MACS_peak_8388_lociStitched	chr17	73779913	73782620	1	2708	18357.7912	173	1
1_MACS_peak_5377_lociStitched	chr14	24561853	24565044	1	3192	18319.8501	174	1
3_MACS_peak_2197_lociStitched	chr10	17269126	17274190	3	4869	18296.232	175	1
3_MACS_peak_9215_lociStitched	chr19	12899387	12905361	3	5965	18294.1802	176	1
1_MACS_peak_1040_lociStitched	chr1	144338773	144341961	1	3189	18236.3164	177	1
1_MACS_peak_14914_lociStitched	chr5	52094918	52097785	1	2868	18233.5466	178	1
1_MACS_peak_1971_lociStitched	chr1	228674054	228676294	1	2241	18230.016	179	1
2_MACS_peak_240_lociStitched	chr1	22105822	22110477	2	4638	18163.3445	180	1
1_MACS_peak_4437_lociStitched	chr12	62995745	62998192	1	2448	18136.6746	181	1
1_MACS_peak_1564_lociStitched	chr1	183439419	183442485	1	3067	18088.1736	182	1
2_MACS_peak_15252_lociStitched	chr5	109024008	109028441	2	4191	18041.8667	183	1
1_MACS_peak_19195_lociStitched	chr9	117372733	117375786	1	3054	18025.5226	184	1
1_MACS_peak_19094_lociStitched	chr9	102668146	102670318	1	2173	17978.2956	185	1
1_MACS_peak_6277_lociStitched	chr15	63795028	63798300	1	3273	17961.9712	186	1
1_MACS_peak_1251_lociStitched	chr1	154971274	154977150	1	5877	17941.1908	187	1
1_MACS_peak_20163_lociStitched	chrX	153625240	153628297	1	3058	17937.8646	188	1
3_MACS_peak_12643_lociStitched	chr22	50353237	50358735	3	5064	17934.476	189	1
1_MACS_peak_5385_lociStitched	chr14	24663800	24666546	1	2747	17925.0642	190	1
1_MACS_peak_18719_lociStitched	chr9	33024159	33026635	1	2477	17802.44	191	1
1_MACS_peak_1296_lociStitched	chr1	156092476	156097306	1	4831	17779.713	192	1
6_MACS_peak_4378_lociStitched	chr12	57076754	57083273	6	6080	17734.9395	193	1
1_MACS_peak_13602_lociStitched	chr3	150479130	150482293	1	3164	17662.192	194	1
1_MACS_peak_17007_lociStitched	chr7	26237789	26242575	1	4787	17654.1182	195	1
3_MACS_peak_15569_lociStitched	chr5	150457445	150463516	3	5611	17644.1473	196	1
2_MACS_peak_19005_lociStitched	chr9	94183603	94188015	2	4003	17632.9992	197	1
1_MACS_peak_18609_lociStitched	chr9	6680061	6683032	1	2972	17587.4287	198	1
2_MACS_peak_13130_lociStitched	chr3	57581301	57584921	2	3464	17587.046	199	1
2_MACS_peak_15754_lociStitched	chr5	179048410	179051647	2	3213	17565.9042	200	1
1_MACS_peak_10991_lociStitched	chr2	178075923	178078655	1	2733	17511.0272	201	1
1_MACS_peak_14257_lociStitched	chr4	78738602	78742913	1	4312	17481.9672	202	1
3_MACS_peak_1322_lociStitched	chr1	156716015	156722321	3	6105	17477.079	203	1
1_MACS_peak_10994_lociStitched	chr2	178416518	178418460	1	1943	17469.4552	204	1
1_MACS_peak_10448_lociStitched	chr2	74425103	74427608	1	2506	17436.804	205	1
1_MACS_peak_4187_lociStitched	chr12	46120199	46125176	1	4978	17406.0621	206	1
1_MACS_peak_14475_lociStitched	chr4	129730554	129734369	1	3816	17378.4695	207	1
1_MACS_peak_5772_lociStitched	chr14	102552070	102555174	1	3105	17362.8448	208	1
1_MACS_peak_14001_lociStitched	chr4	17577123	17580797	1	3675	17300.866	209	1
1_MACS_peak_18612_lociStitched	chr9	6756796	6759949	1	3154	17283.4848	210	1
3_MACS_peak_13255_lociStitched	chr3	99821906	99826302	3	4231	17278.478	211	1
1_MACS_peak_17797_lociStitched	chr7	158620551	158623460	1	2910	17270.733	212	1
1_MACS_peak_17076_lociStitched	chr7	39988102	39992399	1	4298	17257.1817	213	1
1_MACS_peak_19127_lociStitched	chr9	110044574	110047147	1	2574	17234.2113	214	1
1_MACS_peak_208_lociStitched	chr1	17764170	17768847	1	4678	17226.7941	215	1
1_MACS_peak_18603_lociStitched	chr9	6411677	6414638	1	2962	17221.4721	216	1
1_MACS_peak_12841_lociStitched	chr3	28388947	28391294	1	2348	17214.3062	217	1
1_MACS_peak_2211_lociStitched	chr10	22290612	22294538	1	3927	17207.2654	218	1
1_MACS_peak_8282_lociStitched	chr17	62500731	62503915	1	3185	17201.2416	219	1
1_MACS_peak_20009_lociStitched	chrX	123093094	123097906	1	4813	17194.2384	220	1
2_MACS_peak_1120_lociStitched	chr1	149575393	149578498	2	3103	17173.755	221	1
1_MACS_peak_4190_lociStitched	chr12	46660417	46663854	1	3438	17164.0343	222	1
1_MACS_peak_1834_lociStitched	chr1	217803633	217805500	1	1868	17153.996	223	1
1_MACS_peak_13644_lociStitched	chr3	156876228	156879266	1	3039	17140.396	224	1
1_MACS_peak_9588_lociStitched	chr19	41802453	41805880	1	3428	17093.1906	225	1
1_MACS_peak_15086_lociStitched	chr5	78530875	78534093	1	3219	16972.0538	226	1
1_MACS_peak_15970_lociStitched	chr6	24718865	24722366	1	3502	16902.828	227	1
1_MACS_peak_14681_lociStitched	chr4	177240225	177244124	1	3900	16879.5508	228	1
3_MACS_peak_7947_lociStitched	chr17	39844356	39847373	3	2815	16847.2297	229	1
2_MACS_peak_19647_lociStitched	chrX	41190607	41195236	2	4140	16822.7118	230	1
3_MACS_peak_3339_lociStitched	chr11	64899756	64903541	3	3571	16816.3765	231	1
1_MACS_peak_2699_lociStitched	chr10	104153347	104156198	1	2852	16804.3642	232	1
1_MACS_peak_5464_lociStitched	chr14	39900038	39903287	1	3250	16790.5071	233	1
1_MACS_peak_18961_lociStitched	chr9	88896310	88898510	1	2201	16776.98	234	1
1_MACS_peak_5768_lociStitched	chr14	102413651	102415730	1	2080	16772.1246	235	1
3_MACS_peak_19279_lociStitched	chr9	130538444	130542642	3	4082	16752.9586	236	1
1_MACS_peak_1386_lociStitched	chr1	161122921	161124848	1	1928	16658.915	237	1
1_MACS_peak_15244_lociStitched	chr5	107715958	107719098	1	3141	16625.986	238	1
1_MACS_peak_15181_lociStitched	chr5	95157207	95160596	1	3390	16622.7061	239	1
2_MACS_peak_1531_lociStitched	chr1	179049662	179053372	2	3481	16589.265	240	1
1_MACS_peak_7598_lociStitched	chr17	7744424	7748828	1	4405	16572.252	241	1
2_MACS_peak_10692_lociStitched	chr2	111875069	111881101	2	6028	16568.6976	242	1
1_MACS_peak_18559_lociStitched	chr9	2014507	2018738	1	4232	16544.4793	243	1
1_MACS_peak_1230_lociStitched	chr1	154297125	154302104	1	4980	16520.8199	244	1
1_MACS_peak_19156_lociStitched	chr9	114392941	114395064	1	2124	16507.1742	245	1
1_MACS_peak_19071_lociStitched	chr9	100394033	100396814	1	2782	16485.4899	246	1
1_MACS_peak_375_lociStitched	chr1	28572609	28577132	1	4524	16436.582	247	1
2_MACS_peak_4192_lociStitched	chr12	46776326	46779336	2	2927	16317.511	248	1
1_MACS_peak_1110_lociStitched	chr1	149222570	149225466	1	2897	16263.3568	249	1
1_MACS_peak_17517_lociStitched	chr7	106807736	106810890	1	3155	16256.6622	250	1
1_MACS_peak_11111_lociStitched	chr2	201727004	201729846	1	2843	16253.1138	251	1
1_MACS_peak_1459_lociStitched	chr1	167904172	167907151	1	2980	16242.6996	252	1
1_MACS_peak_2753_lociStitched	chr10	111967052	111972597	1	5546	16185.855	253	1
1_MACS_peak_18312_lociStitched	chr8	123792142	123795341	1	3200	16138.955	254	1
1_MACS_peak_15435_lociStitched	chr5	137909909	137911973	1	2065	16092.5952	255	1
1_MACS_peak_15037_lociStitched	chr5	72111460	72114082	1	2623	16091.4762	256	1
1_MACS_peak_7437_lociStitched	chr16	89554622	89557907	1	3286	16057.737	257	1
1_MACS_peak_12122_lociStitched	chr21	45138385	45140795	1	2411	16034.453	258	1
2_MACS_peak_1653_lociStitched	chr1	200986694	200992859	2	6084	15993.243	259	1
3_MACS_peak_1285_lociStitched	chr1	155946021	155951817	3	5647	15990.5844	260	1
2_MACS_peak_18216_lociStitched	chr8	101962278	101966174	2	3679	15966.9768	261	1
1_MACS_peak_18666_lociStitched	chr9	21993280	21996579	1	3300	15952.9743	262	1
3_MACS_peak_5_lociStitched	chr1	875771	881089	3	5154	15943.364	263	1
2_MACS_peak_14843_lociStitched	chr5	32582464	32587469	2	4935	15935.92	264	1
1_MACS_peak_18769_lociStitched	chr9	35656962	35659203	1	2242	15923.2014	265	1
1_MACS_peak_5423_lociStitched	chr14	32669885	32673577	1	3693	15863.0472	266	1
1_MACS_peak_13627_lociStitched	chr3	156271248	156273859	1	2612	15847.7256	267	1
1_MACS_peak_1129_lociStitched	chr1	149812286	149815723	1	3438	15842.8515	268	1
2_MACS_peak_5421_lociStitched	chr14	32544850	32548258	2	3399	15794.7168	269	1
2_MACS_peak_1621_lociStitched	chr1	197741597	197746639	2	4893	15764.3172	270	1
2_MACS_peak_13444_lociStitched	chr3	127770193	127773133	2	2923	15762.222	271	1
1_MACS_peak_13598_lociStitched	chr3	150262753	150265333	1	2581	15760.962	272	1
1_MACS_peak_19032_lociStitched	chr9	96927726	96930030	1	2305	15757.7472	273	1
1_MACS_peak_5506_lociStitched	chr14	50548722	50551506	1	2785	15714.5664	274	1
1_MACS_peak_10995_lociStitched	chr2	178482450	178484150	1	1701	15699.84	275	1
1_MACS_peak_15788_lociStitched	chr6	290292	294347	1	4056	15695.283	276	1
3_MACS_peak_1725_lociStitched	chr1	204680286	204685167	3	4532	15642.1407	277	1
2_MACS_peak_1147_lociStitched	chr1	150335456	150339062	2	3522	15619.389	278	1
1_MACS_peak_10173_lociStitched	chr2	43450489	43455358	1	4870	15569.1144	279	1
1_MACS_peak_13691_lociStitched	chr3	171757004	171759429	1	2426	15528.9725	280	1
1_MACS_peak_9721_lociStitched	chr19	47728519	47731839	1	3321	15500.084	281	1
1_MACS_peak_6969_lociStitched	chr16	28833554	28836851	1	3298	15494.9109	282	1
1_MACS_peak_5448_lociStitched	chr14	35450482	35453348	1	2867	15483.565	283	1
1_MACS_peak_19905_lociStitched	chrX	102940482	102943245	1	2764	15481.3653	284	1
5_MACS_peak_16545_lociStitched	chr6	106531867	106540776	5	7721	15468.6967	285	1
2_MACS_peak_5415_lociStitched	chr14	31675080	31678263	2	3124	15466.8336	286	1
2_MACS_peak_5475_lociStitched	chr14	45429796	45433023	2	3172	15465.7202	287	1
1_MACS_peak_14986_lociStitched	chr5	65439291	65441524	1	2234	15454.1464	288	1
2_MACS_peak_6140_lociStitched	chr15	45002212	45006926	2	4304	15450.135	289	1
1_MACS_peak_1503_lociStitched	chr1	174967521	174969924	1	2404	15433.5078	290	1
1_MACS_peak_14233_lociStitched	chr4	76648338	76651046	1	2709	15430.9964	291	1
4_MACS_peak_14593_lociStitched	chr4	153581308	153589063	4	7105	15429.348	292	1
1_MACS_peak_19251_lociStitched	chr9	127702374	127705027	1	2654	15325.0545	293	1
1_MACS_peak_14706_lociStitched	chr4	185392858	185397191	1	4334	15322.7879	294	1
1_MACS_peak_19255_lociStitched	chr9	128002105	128004602	1	2498	15321.592	295	1
1_MACS_peak_9295_lociStitched	chr19	16186505	16191151	1	4647	15299.278	296	1
2_MACS_peak_10335_lociStitched	chr2	64750310	64753614	2	3303	15299.172	297	1
1_MACS_peak_19408_lociStitched	chr9	135544598	135546924	1	2327	15295.0782	298	1
2_MACS_peak_11786_lociStitched	chr20	48531152	48534237	2	3013	15289.5685	299	1
1_MACS_peak_19225_lociStitched	chr9	125026213	125028254	1	2042	15270.3538	300	1
2_MACS_peak_5243_lociStitched	chr13	111364249	111368883	2	4353	15259.2986	301	1
1_MACS_peak_10876_lociStitched	chr2	157188319	157191909	1	3591	15254.987	302	1
1_MACS_peak_5008_lociStitched	chr13	36919043	36921136	1	2094	15250.6445	303	1
2_MACS_peak_15066_lociStitched	chr5	75837983	75844317	2	6096	15237.7038	304	1
7_MACS_peak_15802_lociStitched	chr6	389237	397134	7	7440	15223.0469	305	1
1_MACS_peak_14258_lociStitched	chr4	78782685	78785041	1	2357	15192.666	306	1
1_MACS_peak_14317_lociStitched	chr4	91047944	91050819	1	2876	15179.425	307	1
1_MACS_peak_3638_lociStitched	chr11	95521998	95524742	1	2745	15163.6184	308	1
1_MACS_peak_10217_lociStitched	chr2	48131250	48135010	1	3761	15135.504	309	1
1_MACS_peak_12003_lociStitched	chr21	34913320	34916315	1	2996	15128.6435	310	1
2_MACS_peak_10946_lociStitched	chr2	171785418	171787569	2	2121	15125.6169	311	1
1_MACS_peak_1587_lociStitched	chr1	185284709	185287571	1	2863	15118.8012	312	1
1_MACS_peak_5463_lociStitched	chr14	39734906	39737756	1	2851	15114.12	313	1
1_MACS_peak_16405_lociStitched	chr6	64281592	64284290	1	2699	15098.5476	314	1
1_MACS_peak_17619_lociStitched	chr7	130643748	130646463	1	2716	15079.9245	315	1
1_MACS_peak_14524_lociStitched	chr4	142556905	142559863	1	2959	15069.531	316	1
2_MACS_peak_14889_lociStitched	chr5	42991553	42995657	2	4072	15032.5416	317	1
1_MACS_peak_11549_lociStitched	chr20	30101668	30104169	1	2502	15020.7559	318	1
1_MACS_peak_8581_lociStitched	chr18	2653983	2658667	1	4685	15016.4356	319	1
1_MACS_peak_18759_lociStitched	chr9	35102252	35104720	1	2469	15008.4016	320	1
1_MACS_peak_4405_lociStitched	chr12	57912946	57917286	1	4341	14905.73	321	1
1_MACS_peak_19336_lociStitched	chr9	132174847	132176859	1	2013	14886.3856	322	1
1_MACS_peak_15859_lociStitched	chr6	7311656	7313773	1	2118	14877.8526	323	1
1_MACS_peak_14845_lociStitched	chr5	33440069	33442526	1	2458	14868.2898	324	1
1_MACS_peak_2737_lociStitched	chr10	105879527	105882411	1	2885	14850.0044	325	1
1_MACS_peak_36_lociStitched	chr1	1509133	1511086	1	1954	14843.9718	326	1
1_MACS_peak_1468_lociStitched	chr1	169861964	169864053	1	2090	14817.0681	327	1
1_MACS_peak_14722_lociStitched	chr4	186346092	186348017	1	1926	14809.9875	328	1
2_MACS_peak_1170_lociStitched	chr1	150977909	150981547	2	3495	14780.4664	329	1
1_MACS_peak_5450_lociStitched	chr14	35590039	35592753	1	2715	14684.3684	330	1
1_MACS_peak_6905_lociStitched	chr16	21529368	21532191	1	2824	14667.4611	331	1
1_MACS_peak_11985_lociStitched	chr21	33983741	33985797	1	2057	14658.8688	332	1
1_MACS_peak_4444_lociStitched	chr12	64797678	64799753	1	2076	14644.935	333	1
5_MACS_peak_5318_lociStitched	chr14	21731805	21738489	5	5532	14630.6076	334	1
1_MACS_peak_459_lociStitched	chr1	35657314	35659140	1	1827	14573.306	335	1
2_MACS_peak_6817_lociStitched	chr16	9183905	9187358	2	3267	14567.5164	336	1
1_MACS_peak_12087_lociStitched	chr21	44526420	44530439	1	4020	14542.3496	337	1
3_MACS_peak_7926_lociStitched	chr17	38253740	38257714	3	3817	14541.6608	338	1
1_MACS_peak_15399_lociStitched	chr5	133511260	133513520	1	2261	14525.924	339	1
1_MACS_peak_15392_lociStitched	chr5	132386521	132389057	1	2537	14517.8392	340	1
1_MACS_peak_19027_lociStitched	chr9	95895285	95897741	1	2457	14516.4336	341	1
1_MACS_peak_18718_lociStitched	chr9	33000569	33002478	1	1910	14511.4544	342	1
1_MACS_peak_5487_lociStitched	chr14	50064197	50066990	1	2794	14501.8146	343	1
1_MACS_peak_11939_lociStitched	chr21	18983071	18985814	1	2744	14476.7311	344	1
1_MACS_peak_17610_lociStitched	chr7	129588743	129593006	1	4264	14447.7333	345	1
1_MACS_peak_1480_lociStitched	chr1	172500900	172503516	1	2617	14443.9824	346	1
1_MACS_peak_12969_lociStitched	chr3	47322913	47325278	1	2366	14440.9265	347	1
2_MACS_peak_15598_lociStitched	chr5	154133669	154138250	2	4085	14430.6081	348	1
1_MACS_peak_15590_lociStitched	chr5	151149617	151152719	1	3103	14416.2348	349	1
2_MACS_peak_1130_lociStitched	chr1	149821235	149824616	2	3318	14408.8077	350	1
1_MACS_peak_13449_lociStitched	chr3	128368074	128369928	1	1855	14398.9056	351	1
2_MACS_peak_17002_lociStitched	chr7	26003548	26009232	2	5603	14384.4988	352	1
1_MACS_peak_7682_lociStitched	chr17	18085594	18088700	1	3107	14373.3256	353	1
1_MACS_peak_12828_lociStitched	chr3	23986143	23988542	1	2400	14367.1312	354	1
1_MACS_peak_14271_lociStitched	chr4	83811267	83813636	1	2370	14349.2699	355	1
1_MACS_peak_12008_lociStitched	chr21	35319357	35322204	1	2848	14339.4849	356	1
2_MACS_peak_11629_lociStitched	chr20	34328718	34331894	2	3167	14335.5112	357	1
1_MACS_peak_7893_lociStitched	chr17	36980463	36982533	1	2071	14328.126	358	1
1_MACS_peak_2113_lociStitched	chr10	3824265	3828560	1	4296	14328.12	359	1
2_MACS_peak_14950_lociStitched	chr5	56468088	56472669	2	4533	14318.3736	360	1
1_MACS_peak_4635_lociStitched	chr12	104321415	104325637	1	4223	14316.3798	361	1
1_MACS_peak_9718_lociStitched	chr19	47613961	47617652	1	3692	14305.9469	362	1
1_MACS_peak_4493_lociStitched	chr12	70635811	70638464	1	2654	14293.5681	363	1
1_MACS_peak_6341_lociStitched	chr15	69109317	69114104	1	4788	14286.3228	364	1
1_MACS_peak_5756_lociStitched	chr14	100839762	100843282	1	3521	14284.512	365	1
1_MACS_peak_19488_lociStitched	chr9	140082094	140084413	1	2320	14283.4167	366	1
1_MACS_peak_1045_lociStitched	chr1	144930383	144933496	1	3114	14280.5762	367	1
1_MACS_peak_15467_lociStitched	chr5	139088388	139091573	1	3186	14258.9265	368	1
1_MACS_peak_13788_lociStitched	chr3	185653643	185656442	1	2800	14249.709	369	1
1_MACS_peak_5806_lociStitched	chr14	103799122	103801949	1	2828	14246.3838	370	1
1_MACS_peak_19075_lociStitched	chr9	100683852	100686011	1	2160	14214.6401	371	1
2_MACS_peak_16136_lociStitched	chr6	31937924	31941023	2	2967	14207.3655	372	1
1_MACS_peak_14839_lociStitched	chr5	32530652	32533303	1	2652	14205.3835	373	1
1_MACS_peak_19289_lociStitched	chr9	130676856	130679458	1	2603	14198.5936	374	1
1_MACS_peak_15375_lociStitched	chr5	131760424	131763975	1	3552	14192.9919	375	1
1_MACS_peak_9805_lociStitched	chr19	50379144	50381658	1	2515	14188.2618	376	1
1_MACS_peak_15826_lociStitched	chr6	2988646	2991475	1	2830	14169.0465	377	1
1_MACS_peak_14559_lociStitched	chr4	147441521	147444375	1	2855	14155.84	378	1
1_MACS_peak_11663_lociStitched	chr20	35806222	35808832	1	2611	14146.2	379	1
1_MACS_peak_3285_lociStitched	chr11	62606468	62610397	1	3930	14130.2556	380	1
3_MACS_peak_2747_lociStitched	chr10	106108392	106113429	3	4989	14122.2369	381	1
2_MACS_peak_2375_lociStitched	chr10	60025406	60029690	2	4254	14099.5008	382	1
1_MACS_peak_12584_lociStitched	chr22	43251883	43253671	1	1789	14076.5664	383	1
3_MACS_peak_10312_lociStitched	chr2	64366815	64372313	3	4679	14059.4856	384	1
1_MACS_peak_18212_lociStitched	chr8	101731643	101735457	1	3815	14051.5388	385	1
4_MACS_peak_6049_lociStitched	chr15	40388202	40393259	4	4311	14044.8061	386	1
1_MACS_peak_2358_lociStitched	chr10	52381450	52385706	1	4257	14042.672	387	1
1_MACS_peak_11362_lociStitched	chr2	242210421	242212948	1	2528	14041.7809	388	1
1_MACS_peak_11169_lociStitched	chr2	208393100	208396048	1	2949	14020.9828	389	1
1_MACS_peak_2475_lociStitched	chr10	74078571	74082191	1	3621	14020.622	390	1
2_MACS_peak_18066_lociStitched	chr8	71518329	71521103	2	2766	14018.409	391	1
2_MACS_peak_18185_lociStitched	chr8	98655016	98658821	2	3752	14012.6735	392	1
1_MACS_peak_18729_lociStitched	chr9	33289074	33291422	1	2349	14005.1156	393	1
1_MACS_peak_15990_lociStitched	chr6	26122565	26127173	1	4609	13990.3488	394	1
1_MACS_peak_6481_lociStitched	chr15	81291652	81294826	1	3175	13977.9786	395	1
1_MACS_peak_13993_lociStitched	chr4	15002801	15007204	1	4404	13950.4652	396	1
1_MACS_peak_18927_lociStitched	chr9	77701435	77704504	1	3070	13934.4876	397	1
1_MACS_peak_5229_lociStitched	chr13	103248201	103250829	1	2629	13926.5604	398	1
1_MACS_peak_3756_lociStitched	chr11	116967727	116970403	1	2677	13906.9044	399	1
1_MACS_peak_9676_lociStitched	chr19	45952909	45955209	1	2301	13903.27	400	1
2_MACS_peak_1445_lociStitched	chr1	167188808	167192324	2	3276	13891.3644	401	1
1_MACS_peak_13496_lociStitched	chr3	132377919	132380288	1	2370	13856.9917	402	1
2_MACS_peak_14876_lociStitched	chr5	39072874	39077638	2	4475	13843.2312	403	1
2_MACS_peak_8533_lociStitched	chr17	79817297	79820224	2	2867	13826.8553	404	1
1_MACS_peak_7597_lociStitched	chr17	7737292	7740306	1	3015	13821.6012	405	1
1_MACS_peak_10366_lociStitched	chr2	65214820	65217876	1	3057	13816.7872	406	1
1_MACS_peak_14689_lociStitched	chr4	184424266	184427996	1	3731	13811.817	407	1
1_MACS_peak_11921_lociStitched	chr21	15753948	15756790	1	2843	13808.1412	408	1
2_MACS_peak_7493_lociStitched	chr17	2302285	2306008	2	3722	13771.0047	409	1
1_MACS_peak_17034_lociStitched	chr7	30065335	30069116	1	3782	13765.1086	410	1
1_MACS_peak_19242_lociStitched	chr9	126099945	126103619	1	3675	13760.2322	411	1
2_MACS_peak_4400_lociStitched	chr12	57847721	57851317	2	3537	13757.9364	412	1
1_MACS_peak_1473_lociStitched	chr1	171453843	171455977	1	2135	13749.362	413	1
2_MACS_peak_18975_lociStitched	chr9	91924719	91926902	2	2182	13718.4086	414	1
1_MACS_peak_10830_lociStitched	chr2	136498992	136501182	1	2191	13714.656	415	1
1_MACS_peak_1609_lociStitched	chr1	193027179	193029583	1	2405	13678.76	416	1
1_MACS_peak_10823_lociStitched	chr2	133024005	133027240	1	3236	13653.9645	417	1
2_MACS_peak_14239_lociStitched	chr4	77118046	77122637	2	4431	13649.9612	418	1
3_MACS_peak_17381_lociStitched	chr7	97839755	97842400	3	2591	13649.5225	419	1
1_MACS_peak_12713_lociStitched	chr3	9437163	9440716	1	3554	13648.8495	420	1
1_MACS_peak_11395_lociStitched	chr20	2082048	2084689	1	2642	13637.8599	421	1
1_MACS_peak_19028_lociStitched	chr9	96212627	96216349	1	3723	13614.7038	422	1
4_MACS_peak_11466_lociStitched	chr20	10651170	10655967	4	4510	13605.2514	423	1
1_MACS_peak_12672_lociStitched	chr22	50968196	50971356	1	3161	13550.712	424	1
1_MACS_peak_1692_lociStitched	chr1	203273472	203278129	1	4658	13541.1589	425	1
1_MACS_peak_5348_lociStitched	chr14	23387017	23389159	1	2143	13531.6566	426	1
2_MACS_peak_13281_lociStitched	chr3	104237583	104242527	2	4930	13516.896	427	1
1_MACS_peak_4011_lociStitched	chr12	12713767	12716241	1	2475	13515.7094	428	1
1_MACS_peak_1181_lociStitched	chr1	151253459	151256360	1	2902	13499.2233	429	1
1_MACS_peak_4255_lociStitched	chr12	49759860	49763798	1	3939	13482.9244	430	1
2_MACS_peak_6607_lociStitched	chr15	93425163	93428658	2	3430	13440.372	431	1
1_MACS_peak_12047_lociStitched	chr21	40719676	40722206	1	2531	13430.758	432	1
2_MACS_peak_1912_lociStitched	chr1	226249096	226252125	2	3018	13408.4743	433	1
1_MACS_peak_3052_lociStitched	chr11	16759424	16761507	1	2084	13396.3979	434	1
1_MACS_peak_12970_lociStitched	chr3	47421085	47423173	1	2089	13391.5968	435	1
4_MACS_peak_11750_lociStitched	chr20	45984490	45989740	4	5167	13373.325	436	1
1_MACS_peak_13015_lociStitched	chr3	49447877	49450975	1	3099	13369.1092	437	1
1_MACS_peak_14556_lociStitched	chr4	146856434	146860368	1	3935	13368.1254	438	1
1_MACS_peak_2233_lociStitched	chr10	22632806	22635357	1	2552	13365.4543	439	1
1_MACS_peak_9287_lociStitched	chr19	15488968	15491522	1	2555	13343.373	440	1
1_MACS_peak_9884_lociStitched	chr19	57790611	57792907	1	2297	13321.6216	441	1
1_MACS_peak_8149_lociStitched	chr17	48942388	48945600	1	3213	13321.1276	442	1
1_MACS_peak_19303_lociStitched	chr9	130889161	130891303	1	2143	13314.8862	443	1
1_MACS_peak_18035_lociStitched	chr8	66753011	66755398	1	2388	13309.4346	444	1
1_MACS_peak_13023_lociStitched	chr3	49759887	49762761	1	2875	13299.7224	445	1
1_MACS_peak_14519_lociStitched	chr4	141676536	141678977	1	2442	13256.8269	446	1
2_MACS_peak_14982_lociStitched	chr5	65220501	65224052	2	3441	13255.1728	447	1
1_MACS_peak_3772_lociStitched	chr11	118660270	118663319	1	3050	13251.2589	448	1
1_MACS_peak_13907_lociStitched	chr4	2009614	2011964	1	2351	13246.01	449	1
3_MACS_peak_8911_lociStitched	chr19	1248105	1253569	3	5438	13244.736	450	1
6_MACS_peak_8414_lociStitched	chr17	74257702	74264573	6	5777	13223.2395	451	1
1_MACS_peak_9801_lociStitched	chr19	50319984	50322325	1	2342	13222.4362	452	1
1_MACS_peak_1738_lociStitched	chr1	205598826	205601906	1	3081	13206.116	453	1
2_MACS_peak_11907_lociStitched	chr21	9967046	9968996	2	1894	13192.53	454	1
1_MACS_peak_4395_lociStitched	chr12	57632805	57635242	1	2438	13164.1866	455	1
1_MACS_peak_5123_lociStitched	chr13	52376830	52379143	1	2314	13163.9769	456	1
1_MACS_peak_18947_lociStitched	chr9	86535222	86536927	1	1706	13153.052	457	1
1_MACS_peak_10488_lociStitched	chr2	85196988	85199930	1	2943	13127.204	458	1
1_MACS_peak_1249_lociStitched	chr1	154945917	154949235	1	3319	13118.3766	459	1
4_MACS_peak_7656_lociStitched	chr17	16889821	16894377	4	4400	13105.7896	460	1
2_MACS_peak_14669_lociStitched	chr4	174254352	174256756	2	2260	13104.204	461	1
1_MACS_peak_5412_lociStitched	chr14	31089720	31092515	1	2796	13086.19	462	1
1_MACS_peak_19282_lociStitched	chr9	130545213	130549076	1	3864	13062.7345	463	1
1_MACS_peak_8213_lociStitched	chr17	57695556	57698583	1	3028	13043.343	464	1
1_MACS_peak_17546_lociStitched	chr7	115850227	115852876	1	2650	13034.1396	465	1
3_MACS_peak_9808_lociStitched	chr19	50423542	50428409	3	4611	13033.826	466	1
2_MACS_peak_7938_lociStitched	chr17	38477559	38481229	2	3620	13020.793	467	1
1_MACS_peak_4027_lociStitched	chr12	14921606	14924345	1	2740	13020.1104	468	1
2_MACS_peak_11635_lociStitched	chr20	34540713	34543228	2	2412	13019.9035	469	1
3_MACS_peak_13547_lociStitched	chr3	141102559	141108583	3	5600	12974.4912	470	1
1_MACS_peak_16673_lociStitched	chr6	136609224	136612045	1	2822	12959.9561	471	1
1_MACS_peak_10208_lociStitched	chr2	47402140	47404952	1	2813	12954.0404	472	1
1_MACS_peak_17533_lociStitched	chr7	112089458	112092208	1	2751	12916.475	473	1
2_MACS_peak_6196_lociStitched	chr15	52310812	52314464	2	3629	12911.2808	474	1
1_MACS_peak_6543_lociStitched	chr15	89180620	89183546	1	2927	12895.7598	475	1
2_MACS_peak_16231_lociStitched	chr6	36561273	36564487	2	3206	12883.6404	476	1
2_MACS_peak_14894_lociStitched	chr5	43039412	43043697	2	4106	12881.9955	477	1
1_MACS_peak_13955_lociStitched	chr4	6783599	6785621	1	2023	12820.2888	478	1
2_MACS_peak_14254_lociStitched	chr4	77995077	77998148	2	2731	12817.7398	479	1
1_MACS_peak_1809_lociStitched	chr1	212457701	212460541	1	2841	12807.264	480	1
1_MACS_peak_6612_lociStitched	chr15	94772798	94775978	1	3181	12798.228	481	1
1_MACS_peak_5509_lociStitched	chr14	50696742	50699252	1	2511	12791.211	482	1
2_MACS_peak_18918_lociStitched	chr9	75765948	75770902	2	4838	12769.9258	483	1
3_MACS_peak_9585_lociStitched	chr19	41768356	41771892	3	3316	12767.4352	484	1
1_MACS_peak_11363_lociStitched	chr2	242253625	242256714	1	3090	12760.3501	485	1
5_MACS_peak_2385_lociStitched	chr10	63659076	63665371	5	6200	12753.0405	486	1
1_MACS_peak_14214_lociStitched	chr4	74123099	74125985	1	2887	12749.4822	487	1
1_MACS_peak_14163_lociStitched	chr4	56261133	56263837	1	2705	12745.5744	488	1
1_MACS_peak_11598_lociStitched	chr20	32698641	32700949	1	2309	12742.2372	489	1
2_MACS_peak_2907_lociStitched	chr11	534974	538521	2	3323	12734.7941	490	1
1_MACS_peak_1948_lociStitched	chr1	227126375	227129007	1	2633	12720.456	491	1
1_MACS_peak_14472_lociStitched	chr4	129206869	129210347	1	3479	12718.3504	492	1
1_MACS_peak_12019_lociStitched	chr21	36259987	36262769	1	2783	12716.2438	493	1
1_MACS_peak_2097_lociStitched	chr1	249131794	249133946	1	2153	12705.1928	494	1
2_MACS_peak_5010_lociStitched	chr13	37572250	37575758	2	3468	12699.3108	495	1
1_MACS_peak_7993_lociStitched	chr17	41321388	41324044	1	2657	12695.9456	496	1
1_MACS_peak_18949_lociStitched	chr9	86593743	86596464	1	2722	12693.1929	497	1
1_MACS_peak_1430_lociStitched	chr1	165706390	165708962	1	2573	12670.958	498	1
1_MACS_peak_14504_lociStitched	chr4	140476084	140479165	1	3082	12668.7639	499	1
1_MACS_peak_15335_lociStitched	chr5	126112044	126114852	1	2809	12659.5872	500	1
1_MACS_peak_2035_lociStitched	chr1	235666053	235669183	1	3131	12658.033	501	1
1_MACS_peak_15410_lociStitched	chr5	133859759	133863351	1	3593	12629.472	502	1
2_MACS_peak_7405_lociStitched	chr16	87899622	87903255	2	3424	12622.1319	503	1
1_MACS_peak_3857_lociStitched	chr11	129871438	129874090	1	2653	12601.2432	504	1
1_MACS_peak_15199_lociStitched	chr5	96142587	96145021	1	2435	12600.3312	505	1
1_MACS_peak_12707_lociStitched	chr3	5227605	5231275	1	3671	12598.009	506	1
1_MACS_peak_15781_lociStitched	chr5	180669170	180671890	1	2721	12595.504	507	1
1_MACS_peak_19423_lociStitched	chr9	136213744	136216458	1	2715	12594.5884	508	1
1_MACS_peak_2550_lociStitched	chr10	85898237	85900608	1	2372	12572.4646	509	1
1_MACS_peak_15166_lociStitched	chr5	89824075	89826320	1	2246	12566.8365	510	1
1_MACS_peak_19493_lociStitched	chr9	140134407	140137082	1	2676	12566.615	511	1
2_MACS_peak_14542_lociStitched	chr4	146098809	146102809	2	3907	12565.6	512	1
1_MACS_peak_13743_lociStitched	chr3	182510382	182513141	1	2760	12556.7608	513	1
2_MACS_peak_9448_lociStitched	chr19	33863196	33865970	2	2691	12553.1822	514	1
1_MACS_peak_14388_lociStitched	chr4	109571159	109573141	1	1983	12531.195	515	1
1_MACS_peak_18746_lociStitched	chr9	34328156	34330557	1	2402	12529.6185	516	1
1_MACS_peak_19048_lociStitched	chr9	98637074	98638927	1	1854	12529.4301	517	1
1_MACS_peak_12519_lociStitched	chr22	39914981	39917842	1	2862	12490.2677	518	1
1_MACS_peak_10877_lociStitched	chr2	157197198	157200206	1	3009	12475.0784	519	1
1_MACS_peak_15293_lociStitched	chr5	114877118	114880757	1	3640	12461.7555	520	1
1_MACS_peak_17138_lociStitched	chr7	48126227	48129553	1	3327	12460.5264	521	1
1_MACS_peak_5514_lociStitched	chr14	50998148	51000408	1	2261	12454.634	522	1
1_MACS_peak_7889_lociStitched	chr17	36856732	36862233	1	5502	12454.264	523	1
1_MACS_peak_15553_lociStitched	chr5	148928624	148931823	1	3200	12435.4727	524	1
1_MACS_peak_18024_lociStitched	chr8	64079979	64082121	1	2143	12419.1018	525	1
1_MACS_peak_13714_lociStitched	chr3	176913306	176917068	1	3763	12418.362	526	1
2_MACS_peak_18221_lociStitched	chr8	102215117	102219438	2	4165	12417.6898	527	1
1_MACS_peak_8289_lociStitched	chr17	62914739	62916452	1	1714	12413.2545	528	1
1_MACS_peak_17594_lociStitched	chr7	128378473	128380806	1	2334	12406.1941	529	1
3_MACS_peak_9274_lociStitched	chr19	14491614	14496251	3	4417	12404.4387	530	1
1_MACS_peak_4000_lociStitched	chr12	10364753	10367089	1	2337	12393.8816	531	1
2_MACS_peak_17650_lociStitched	chr7	137664874	137668750	2	3871	12393.1224	532	1
1_MACS_peak_14444_lociStitched	chr4	122616892	122619025	1	2134	12390.597	533	1
1_MACS_peak_19386_lociStitched	chr9	134268572	134271288	1	2717	12380.3428	534	1
1_MACS_peak_18765_lociStitched	chr9	35603616	35606170	1	2555	12356.7628	535	1
1_MACS_peak_12537_lociStitched	chr22	41486917	41489383	1	2467	12348.2484	536	1
1_MACS_peak_19410_lociStitched	chr9	135752849	135754734	1	1886	12329.031	537	1
1_MACS_peak_1590_lociStitched	chr1	186343544	186345952	1	2409	12328.4784	538	1
1_MACS_peak_16324_lociStitched	chr6	44213650	44216283	1	2634	12315.0676	539	1
4_MACS_peak_2400_lociStitched	chr10	63806173	63811821	4	4878	12312.0752	540	1
2_MACS_peak_13338_lociStitched	chr3	113463942	113468354	2	4409	12309.9212	541	1
1_MACS_peak_14134_lociStitched	chr4	47915364	47916970	1	1607	12291.3604	542	1
1_MACS_peak_12071_lociStitched	chr21	43429256	43431633	1	2378	12286.2376	543	1
1_MACS_peak_14744_lociStitched	chr5	9987	11816	1	1830	12279.1744	544	1
1_MACS_peak_16713_lociStitched	chr6	143264957	143269473	1	4517	12275.8428	545	1
1_MACS_peak_7699_lociStitched	chr17	18964568	18968212	1	3645	12259.8736	546	1
1_MACS_peak_1428_lociStitched	chr1	165599247	165601776	1	2530	12253.2579	547	1
2_MACS_peak_13104_lociStitched	chr3	53924413	53926567	2	1938	12245.9208	548	1
1_MACS_peak_15659_lociStitched	chr5	162929842	162934287	1	4446	12230.862	549	1
1_MACS_peak_15768_lociStitched	chr5	180228610	180231551	1	2942	12217.2081	550	1
1_MACS_peak_14090_lociStitched	chr4	39638860	39641455	1	2596	12210.2535	551	1
1_MACS_peak_14040_lociStitched	chr4	26320396	26323718	1	3323	12206.689	552	1
1_MACS_peak_18741_lociStitched	chr9	33816100	33818815	1	2716	12200.3955	553	1
1_MACS_peak_18332_lociStitched	chr8	125485415	125488461	1	3047	12194.9656	554	1
1_MACS_peak_4126_lociStitched	chr12	31475821	31479180	1	3360	12186.452	555	1
3_MACS_peak_3740_lociStitched	chr11	115091772	115095181	3	3039	12155.1304	556	1
1_MACS_peak_1529_lociStitched	chr1	178693915	178698035	1	4121	12151.528	557	1
1_MACS_peak_1582_lociStitched	chr1	184722184	184725587	1	3404	12151.0921	558	1
1_MACS_peak_1023_lociStitched	chr1	143466176	143468519	1	2344	12147.0492	559	1
1_MACS_peak_15441_lociStitched	chr5	138628857	138630957	1	2101	12134.01	560	1
1_MACS_peak_2971_lociStitched	chr11	3077422	3079077	1	1656	12129.164	561	1
2_MACS_peak_19392_lociStitched	chr9	134549071	134554938	2	5819	12126.5023	562	1
1_MACS_peak_16073_lociStitched	chr6	30293415	30295669	1	2255	12118.4056	563	1
1_MACS_peak_18715_lociStitched	chr9	32550076	32553331	1	3256	12104.694	564	1
1_MACS_peak_14242_lociStitched	chr4	77131923	77136483	1	4561	12104.064	565	1
2_MACS_peak_14694_lociStitched	chr4	185200658	185206811	2	6135	12099.8745	566	1
1_MACS_peak_5453_lociStitched	chr14	35871546	35874773	1	3228	12099.6365	567	1
1_MACS_peak_7076_lociStitched	chr16	31518664	31520575	1	1912	12099.4965	568	1
1_MACS_peak_8138_lociStitched	chr17	48473266	48475301	1	2036	12094.412	569	1
1_MACS_peak_14685_lociStitched	chr4	178361845	178364551	1	2707	12089.055	570	1
2_MACS_peak_10100_lociStitched	chr2	33700176	33704834	2	4507	12087.9758	571	1
2_MACS_peak_5985_lociStitched	chr15	31617110	31621429	2	4108	12075.924	572	1
1_MACS_peak_14087_lociStitched	chr4	39459175	39461586	1	2412	12062.9563	573	1
1_MACS_peak_5649_lociStitched	chr14	75743285	75746716	1	3432	12040.4083	574	1
1_MACS_peak_599_lociStitched	chr1	45272003	45275455	1	3453	12034.3624	575	1
1_MACS_peak_14213_lociStitched	chr4	73933710	73936247	1	2538	12021.3208	576	1
2_MACS_peak_13998_lociStitched	chr4	16226629	16230210	2	3507	12011.7483	577	1
1_MACS_peak_14364_lociStitched	chr4	103788617	103791455	1	2839	12005.3076	578	1
1_MACS_peak_11877_lociStitched	chr20	61903317	61905626	1	2310	11996.8713	579	1
1_MACS_peak_19117_lociStitched	chr9	108006089	108009469	1	3381	11993.592	580	1
2_MACS_peak_17000_lociStitched	chr7	25987022	25991737	2	4615	11992.6025	581	1
1_MACS_peak_17527_lociStitched	chr7	108209210	108211906	1	2697	11983.72	582	1
1_MACS_peak_6744_lociStitched	chr16	2562822	2565281	1	2460	11975.0841	583	1
1_MACS_peak_1883_lociStitched	chr1	224369786	224372137	1	2352	11973.4079	584	1
1_MACS_peak_14037_lociStitched	chr4	25862167	25865936	1	3770	11958.6601	585	1
1_MACS_peak_15212_lociStitched	chr5	98263386	98266069	1	2684	11955.7163	586	1
2_MACS_peak_5845_lociStitched	chr14	105955410	105958215	2	2756	11955.471	587	1
1_MACS_peak_19015_lociStitched	chr9	95054452	95057135	1	2684	11937.2036	588	1
2_MACS_peak_1245_lociStitched	chr1	154926142	154929470	2	2954	11935.2064	589	1
1_MACS_peak_12642_lociStitched	chr22	50326871	50330844	1	3974	11932.5082	590	1
1_MACS_peak_6938_lociStitched	chr16	24550166	24552735	1	2570	11924.2704	591	1
1_MACS_peak_3127_lociStitched	chr11	33278168	33280948	1	2781	11898.4	592	1
1_MACS_peak_2316_lociStitched	chr10	43931580	43933308	1	1729	11897.4528	593	1
1_MACS_peak_5414_lociStitched	chr14	31494387	31496958	1	2572	11877.5058	594	1
1_MACS_peak_1354_lociStitched	chr1	160230707	160233311	1	2605	11856.5328	595	1
1_MACS_peak_5250_lociStitched	chr13	113862045	113864908	1	2864	11842.5132	596	1
1_MACS_peak_8068_lociStitched	chr17	44343567	44345670	1	2104	11812.9716	597	1
1_MACS_peak_2634_lociStitched	chr10	98345506	98348107	1	2602	11807.2395	598	1
1_MACS_peak_2289_lociStitched	chr10	35415334	35417469	1	2136	11786.6945	599	1
5_MACS_peak_4830_lociStitched	chr12	123376049	123381254	5	4840	11784.12	600	1
1_MACS_peak_10272_lociStitched	chr2	55843089	55846050	1	2962	11773.2321	601	1
1_MACS_peak_14373_lociStitched	chr4	106393105	106395585	1	2481	11763.384	602	1
2_MACS_peak_2095_lociStitched	chr1	249118953	249121419	2	2402	11753.4492	603	1
1_MACS_peak_19089_lociStitched	chr9	102015180	102016899	1	1720	11753.3187	604	1
1_MACS_peak_3224_lociStitched	chr11	58344304	58347769	1	3466	11734.2225	605	1
1_MACS_peak_4667_lociStitched	chr12	107486004	107488190	1	2187	11703.4068	606	1
1_MACS_peak_11256_lociStitched	chr2	227699360	227702304	1	2945	11692.9792	607	1
1_MACS_peak_8541_lociStitched	chr17	79894363	79896071	1	1709	11679.9872	608	1
1_MACS_peak_1813_lociStitched	chr1	212731352	212732911	1	1560	11677.3777	609	1
1_MACS_peak_1233_lociStitched	chr1	154376711	154381423	1	4713	11668.7968	610	1
1_MACS_peak_13521_lociStitched	chr3	136469718	136472806	1	3089	11649.7888	611	1
1_MACS_peak_7703_lociStitched	chr17	19090686	19094267	1	3582	11642.5472	612	1
1_MACS_peak_14862_lociStitched	chr5	36875273	36878481	1	3209	11642.4736	613	1
1_MACS_peak_4983_lociStitched	chr13	31189830	31193021	1	3192	11641.7253	614	1
1_MACS_peak_14641_lociStitched	chr4	164086967	164088755	1	1789	11620.212	615	1
1_MACS_peak_2606_lociStitched	chr10	94332385	94334550	1	2166	11616.7405	616	1
1_MACS_peak_15530_lociStitched	chr5	142781528	142785580	1	4053	11615.4632	617	1
1_MACS_peak_12598_lociStitched	chr22	44419549	44423569	1	4021	11595.288	618	1
2_MACS_peak_1659_lociStitched	chr1	201705105	201709959	2	4466	11586.9834	619	1
1_MACS_peak_17319_lociStitched	chr7	86847899	86850300	1	2402	11584.1047	620	1
2_MACS_peak_16264_lociStitched	chr6	41039052	41042642	2	3529	11574.16	621	1
1_MACS_peak_19947_lociStitched	chrX	110923963	110925668	1	1706	11569.789	622	1
1_MACS_peak_20103_lociStitched	chrX	148606051	148608358	1	2308	11558.07	623	1
1_MACS_peak_2873_lociStitched	chr10	134209204	134212691	1	3488	11545.457	624	1
2_MACS_peak_17508_lociStitched	chr7	105924017	105927103	2	3086	11527.753	625	1
1_MACS_peak_14269_lociStitched	chr4	83293702	83296426	1	2725	11515.9824	626	1
1_MACS_peak_15236_lociStitched	chr5	103512896	103515064	1	2169	11515.7656	627	1
1_MACS_peak_16077_lociStitched	chr6	30523208	30525704	1	2497	11504.3136	628	1
1_MACS_peak_15088_lociStitched	chr5	78808829	78811181	1	2353	11489.7552	629	1
1_MACS_peak_17696_lociStitched	chr7	140623408	140625517	1	2110	11486.6685	630	1
1_MACS_peak_7542_lociStitched	chr17	4850614	4854170	1	3557	11484.4576	631	1
1_MACS_peak_13283_lociStitched	chr3	105085080	105088867	1	3788	11475.3674	632	1
1_MACS_peak_218_lociStitched	chr1	19922350	19924608	1	2259	11474.027	633	1
1_MACS_peak_4189_lociStitched	chr12	46383108	46386199	1	3092	11471.3192	634	1
1_MACS_peak_15248_lociStitched	chr5	108083301	108085643	1	2343	11463.8558	635	1
1_MACS_peak_18621_lociStitched	chr9	12774838	12777115	1	2278	11463.7842	636	1
1_MACS_peak_18660_lociStitched	chr9	21334377	21335906	1	1530	11462.4543	637	1
2_MACS_peak_13293_lociStitched	chr3	107939331	107943407	2	3873	11457.2284	638	1
1_MACS_peak_18138_lociStitched	chr8	90769044	90771058	1	2015	11456.4376	639	1
2_MACS_peak_13561_lociStitched	chr3	142164255	142167478	2	3214	11446.8068	640	1
2_MACS_peak_3437_lociStitched	chr11	67007311	67009721	2	2391	11444.849	641	1
1_MACS_peak_6462_lociStitched	chr15	79165055	79166880	1	1826	11443.6625	642	1
5_MACS_peak_15145_lociStitched	chr5	88175733	88181330	5	5273	11443.6262	643	1
1_MACS_peak_10074_lociStitched	chr2	28612645	28616883	1	4239	11434.5478	644	1
1_MACS_peak_3603_lociStitched	chr11	82903742	82906243	1	2502	11429.8201	645	1
1_MACS_peak_16833_lociStitched	chr7	870518	873321	1	2804	11428.6719	646	1
1_MACS_peak_14295_lociStitched	chr4	87855239	87858450	1	3212	11405.7931	647	1
1_MACS_peak_15783_lociStitched	chr5	180686989	180689308	1	2320	11394.6384	648	1
1_MACS_peak_4017_lociStitched	chr12	12875723	12879507	1	3785	11389.0832	649	1
1_MACS_peak_2589_lociStitched	chr10	92921751	92924269	1	2519	11336.2878	650	1
1_MACS_peak_3243_lociStitched	chr11	61099324	61101350	1	2027	11335.47	651	1
1_MACS_peak_14535_lociStitched	chr4	144433973	144436460	1	2488	11331.0207	652	1
2_MACS_peak_7806_lociStitched	chr17	29643798	29648485	2	4408	11309.2623	653	1
1_MACS_peak_7595_lociStitched	chr17	7588661	7591214	1	2554	11299.0674	654	1
1_MACS_peak_14151_lociStitched	chr4	53577487	53580184	1	2698	11275.0782	655	1
1_MACS_peak_623_lociStitched	chr1	46767282	46770177	1	2896	11260.392	656	1
1_MACS_peak_11803_lociStitched	chr20	49546291	49548711	1	2421	11257.84	657	1
1_MACS_peak_814_lociStitched	chr1	85038321	85040770	1	2450	11220.5833	658	1
1_MACS_peak_6337_lociStitched	chr15	68500519	68503224	1	2706	11217.635	659	1
1_MACS_peak_11490_lociStitched	chr20	17661026	17663517	1	2492	11211.7419	660	1
2_MACS_peak_4393_lociStitched	chr12	57622887	57625254	2	2329	11211.5322	661	1
1_MACS_peak_306_lociStitched	chr1	25756142	25758528	1	2387	11201.3156	662	1
1_MACS_peak_17541_lociStitched	chr7	113724376	113727342	1	2967	11198.7262	663	1
1_MACS_peak_2556_lociStitched	chr10	88730031	88732303	1	2273	11177.104	664	1
3_MACS_peak_5081_lociStitched	chr13	48806782	48809926	3	2964	11173.776	665	1
1_MACS_peak_11000_lociStitched	chr2	179314418	179316868	1	2451	11172.98	666	1
1_MACS_peak_20059_lociStitched	chrX	131350380	131353728	1	3349	11170.602	667	1
1_MACS_peak_11605_lociStitched	chr20	33291390	33293353	1	1964	11165.3477	668	1
1_MACS_peak_4664_lociStitched	chr12	107349472	107351465	1	1994	11164.3874	669	1
1_MACS_peak_112_lociStitched	chr1	6660545	6664298	1	3754	11162.1726	670	1
1_MACS_peak_2565_lociStitched	chr10	89621175	89625071	1	3897	11160.092	671	1
1_MACS_peak_1881_lociStitched	chr1	224179317	224181795	1	2479	11159.1774	672	1
1_MACS_peak_2777_lociStitched	chr10	112600309	112603850	1	3542	11141.7565	673	1
1_MACS_peak_3832_lociStitched	chr11	126137455	126139758	1	2304	11139.8413	674	1
1_MACS_peak_11707_lociStitched	chr20	42838384	42840801	1	2418	11121.5838	675	1
1_MACS_peak_12708_lociStitched	chr3	5238445	5241163	1	2719	11121.5124	676	1
1_MACS_peak_5752_lociStitched	chr14	100703996	100707106	1	3111	11111.408	677	1
1_MACS_peak_18694_lociStitched	chr9	26891646	26893544	1	1899	11108.2348	678	1
1_MACS_peak_6605_lociStitched	chr15	93373710	93376563	1	2854	11093.3199	679	1
1_MACS_peak_15405_lociStitched	chr5	133705946	133708256	1	2311	11091.465	680	1
1_MACS_peak_4485_lociStitched	chr12	69200902	69203178	1	2277	11080.706	681	1
1_MACS_peak_3037_lociStitched	chr11	10878390	10880948	1	2559	11080.4886	682	1
1_MACS_peak_1228_lociStitched	chr1	154192025	154194556	1	2532	11080.2118	683	1
1_MACS_peak_2431_lociStitched	chr10	70846867	70850642	1	3776	11078.87	684	1
1_MACS_peak_14327_lociStitched	chr4	99181142	99183368	1	2227	11077.2438	685	1
2_MACS_peak_18982_lociStitched	chr9	92039541	92044102	2	4313	11070.4592	686	1
1_MACS_peak_14171_lociStitched	chr4	57332989	57335229	1	2241	11067.168	687	1
2_MACS_peak_19239_lociStitched	chr9	126027611	126031745	2	4117	11059.6902	688	1
1_MACS_peak_14675_lociStitched	chr4	175203880	175205970	1	2091	11054.01	689	1
1_MACS_peak_7757_lociStitched	chr17	27053133	27056136	1	3004	11050.4394	690	1
1_MACS_peak_10296_lociStitched	chr2	61763273	61766645	1	3373	11045.9976	691	1
2_MACS_peak_2015_lociStitched	chr1	234657461	234660058	2	2484	11041.1455	692	1
1_MACS_peak_1855_lociStitched	chr1	221914493	221917132	1	2640	11033.1312	693	1
1_MACS_peak_12551_lociStitched	chr22	42014607	42018317	1	3711	11032.427	694	1
1_MACS_peak_9609_lociStitched	chr19	42462244	42463942	1	1699	11019.171	695	1
1_MACS_peak_15478_lociStitched	chr5	139553993	139555886	1	1894	11000.223	696	1
2_MACS_peak_7476_lociStitched	chr17	1618467	1621882	2	3327	10996.3	697	1
1_MACS_peak_11155_lociStitched	chr2	206949004	206951452	1	2449	10990.5408	698	1
1_MACS_peak_2830_lociStitched	chr10	123686320	123688742	1	2423	10986.4342	699	1
1_MACS_peak_7159_lociStitched	chr16	58662739	58664610	1	1872	10980.1506	700	1
1_MACS_peak_1419_lociStitched	chr1	162530269	162532681	1	2413	10969.776	701	1
2_MACS_peak_12072_lociStitched	chr21	43481279	43485310	2	4031	10965.1262	702	1
1_MACS_peak_19109_lociStitched	chr9	104159857	104162027	1	2171	10958.934	703	1
1_MACS_peak_1186_lociStitched	chr1	151429941	151432259	1	2319	10958.345	704	1
1_MACS_peak_11448_lociStitched	chr20	5589437	5592225	1	2789	10957.9552	705	1
1_MACS_peak_10728_lociStitched	chr2	113032467	113034315	1	1849	10938.312	706	1
1_MACS_peak_4656_lociStitched	chr12	106640687	106643577	1	2891	10927.379	707	1
1_MACS_peak_4724_lociStitched	chr12	112450111	112453030	1	2920	10914.7248	708	1
1_MACS_peak_15601_lociStitched	chr5	154236593	154239013	1	2421	10899.68	709	1
1_MACS_peak_12000_lociStitched	chr21	34774734	34777137	1	2404	10897.1244	710	1
1_MACS_peak_19339_lociStitched	chr9	132249981	132252241	1	2261	10883.708	711	1
1_MACS_peak_1142_lociStitched	chr1	150206234	150208580	1	2347	10880.9826	712	1
1_MACS_peak_5231_lociStitched	chr13	103497312	103499717	1	2406	10877.5745	713	1
3_MACS_peak_6356_lociStitched	chr15	70387733	70392134	3	4110	10874.4309	714	1
1_MACS_peak_15413_lociStitched	chr5	133983322	133985964	1	2643	10871.3016	715	1
1_MACS_peak_3205_lociStitched	chr11	47787340	47790059	1	2720	10870.2901	716	1
3_MACS_peak_8043_lociStitched	chr17	43302973	43308130	3	4920	10851.3594	717	1
5_MACS_peak_10564_lociStitched	chr2	89051793	89056025	5	3764	10850.0016	718	1
2_MACS_peak_5896_lociStitched	chr14	106175104	106179209	2	4026	10834.3265	719	1
1_MACS_peak_1243_lociStitched	chr1	154908313	154911383	1	3071	10826.355	720	1
2_MACS_peak_16097_lociStitched	chr6	31238537	31241122	2	2564	10816.4155	721	1
1_MACS_peak_17977_lociStitched	chr8	53625738	53628214	1	2477	10802.2928	722	1
1_MACS_peak_15107_lociStitched	chr5	81266763	81268717	1	1955	10798.1948	723	1
1_MACS_peak_6632_lociStitched	chr15	100104869	100107351	1	2483	10793.7216	724	1
1_MACS_peak_14499_lociStitched	chr4	140097074	140100056	1	2983	10778.7372	725	1
1_MACS_peak_13372_lociStitched	chr3	119181312	119183307	1	1996	10769.01	726	1
2_MACS_peak_19274_lociStitched	chr9	130212007	130214670	2	2664	10752.9277	727	1
1_MACS_peak_16925_lociStitched	chr7	12725698	12727775	1	2078	10735.3899	728	1
3_MACS_peak_6834_lociStitched	chr16	11833579	11837420	3	3263	10733.2904	729	1
2_MACS_peak_9861_lociStitched	chr19	55849524	55852023	2	2332	10720.71	730	1
1_MACS_peak_17745_lociStitched	chr7	150064539	150066839	1	2301	10717.08	731	1
1_MACS_peak_3940_lociStitched	chr12	6641044	6645046	1	4003	10712.5536	732	1
1_MACS_peak_5602_lociStitched	chr14	69259863	69263312	1	3450	10711.2144	733	1
1_MACS_peak_14332_lociStitched	chr4	99848952	99851842	1	2891	10710.34	734	1
2_MACS_peak_14944_lociStitched	chr5	56109895	56113003	2	3107	10708.614	735	1
1_MACS_peak_18578_lociStitched	chr9	4678468	4680646	1	2179	10684.6146	736	1
1_MACS_peak_12908_lociStitched	chr3	42054185	42056711	1	2527	10678.9176	737	1
2_MACS_peak_5307_lociStitched	chr14	21149518	21153076	2	3553	10656.21	738	1
1_MACS_peak_2558_lociStitched	chr10	88852714	88855978	1	3265	10647.8208	739	1
1_MACS_peak_15004_lociStitched	chr5	68484403	68486238	1	1836	10641.899	740	1
1_MACS_peak_759_lociStitched	chr1	67389559	67391681	1	2123	10639.0714	741	1
1_MACS_peak_11114_lociStitched	chr2	201980346	201984490	1	4145	10637.648	742	1
1_MACS_peak_15525_lociStitched	chr5	142599864	142603371	1	3508	10625.5086	743	1
1_MACS_peak_12096_lociStitched	chr21	44725641	44728759	1	3119	10624.585	744	1
1_MACS_peak_10261_lociStitched	chr2	55275423	55278956	1	3534	10611.0122	745	1
1_MACS_peak_5811_lociStitched	chr14	104094371	104096559	1	2189	10603.7044	746	1
1_MACS_peak_13597_lociStitched	chr3	150125235	150128904	1	3670	10599.741	747	1
1_MACS_peak_7838_lociStitched	chr17	33306878	33308790	1	1913	10596.6864	748	1
1_MACS_peak_9104_lociStitched	chr19	8007634	8009609	1	1976	10595.6775	749	1
1_MACS_peak_18247_lociStitched	chr8	103874509	103877397	1	2889	10591.1624	750	1
1_MACS_peak_8914_lociStitched	chr19	1258796	1262930	1	4135	10590.4812	751	1
1_MACS_peak_18656_lociStitched	chr9	20683300	20685418	1	2119	10590.2118	752	1
1_MACS_peak_19163_lociStitched	chr9	115094577	115097141	1	2565	10581.628	753	1
2_MACS_peak_4422_lociStitched	chr12	58289730	58293807	2	4017	10579.815	754	1
1_MACS_peak_586_lociStitched	chr1	44495127	44497692	1	2566	10575.495	755	1
5_MACS_peak_14528_lociStitched	chr4	144276032	144281537	5	5294	10572.3525	756	1
1_MACS_peak_1867_lociStitched	chr1	222884635	222887249	1	2615	10571.016	757	1
2_MACS_peak_13905_lociStitched	chr4	1871300	1874345	2	2914	10560.06	758	1
1_MACS_peak_178_lociStitched	chr1	16160468	16164343	1	3876	10548.9125	759	1
3_MACS_peak_11766_lociStitched	chr20	47537529	47541417	3	3740	10541.9232	760	1
2_MACS_peak_10219_lociStitched	chr2	48540221	48543333	2	2884	10541.2776	761	1
2_MACS_peak_11688_lociStitched	chr20	39656837	39658753	2	1802	10534.7428	762	1
1_MACS_peak_3010_lociStitched	chr11	8703359	8705810	1	2452	10522.143	763	1
2_MACS_peak_12565_lociStitched	chr22	42335192	42337519	2	2320	10518.5054	764	1
1_MACS_peak_7706_lociStitched	chr17	19264771	19266470	1	1700	10503.8976	765	1
1_MACS_peak_800_lociStitched	chr1	78443183	78445756	1	2574	10502.986	766	1
3_MACS_peak_9922_lociStitched	chr19	59083775	59087641	3	3628	10501.989	767	1
1_MACS_peak_6754_lociStitched	chr16	2801258	2803650	1	2393	10486.528	768	1
1_MACS_peak_18638_lociStitched	chr9	19378779	19381029	1	2251	10475.325	769	1
1_MACS_peak_164_lociStitched	chr1	11967758	11970478	1	2721	10454.592	770	1
1_MACS_peak_7097_lociStitched	chr16	48399259	48401469	1	2211	10454.184	771	1
1_MACS_peak_4537_lociStitched	chr12	90101699	90104337	1	2639	10448.3266	772	1
3_MACS_peak_6143_lociStitched	chr15	45018071	45022889	3	4675	10447.833	773	1
1_MACS_peak_13890_lociStitched	chr4	774439	776274	1	1836	10443.719	774	1
1_MACS_peak_19019_lociStitched	chr9	95525709	95528303	1	2595	10442.147	775	1
1_MACS_peak_15431_lociStitched	chr5	137672774	137674923	1	2150	10441.991	776	1
1_MACS_peak_14566_lociStitched	chr4	151935556	151937891	1	2336	10440.719	777	1
2_MACS_peak_13897_lociStitched	chr4	1241006	1244146	2	3115	10440.186	778	1
1_MACS_peak_6602_lociStitched	chr15	93351279	93354611	1	3333	10437.49	779	1
2_MACS_peak_15083_lociStitched	chr5	78279504	78282043	2	2520	10434.0205	780	1
1_MACS_peak_3284_lociStitched	chr11	62598131	62600702	1	2572	10430.547	781	1
1_MACS_peak_11564_lociStitched	chr20	30792324	30796147	1	3824	10427.2325	782	1
3_MACS_peak_12544_lociStitched	chr22	41840584	41844467	3	3647	10425.855	783	1
1_MACS_peak_1713_lociStitched	chr1	204475263	204477543	1	2281	10418.232	784	1
1_MACS_peak_12037_lociStitched	chr21	38444266	38446824	1	2559	10401.3396	785	1
1_MACS_peak_17157_lociStitched	chr7	54825880	54827829	1	1950	10399.2793	786	1
1_MACS_peak_4991_lociStitched	chr13	32888846	32890760	1	1915	10380.0048	787	1
1_MACS_peak_10493_lociStitched	chr2	85764756	85767467	1	2712	10379.6057	788	1
1_MACS_peak_14004_lociStitched	chr4	18021919	18024726	1	2808	10378.8825	789	1
1_MACS_peak_4643_lociStitched	chr12	104679575	104683398	1	3824	10372.9459	790	1
1_MACS_peak_774_lociStitched	chr1	70875814	70878458	1	2645	10366.5952	791	1
1_MACS_peak_5440_lociStitched	chr14	35015059	35016870	1	1812	10363.6286	792	1
1_MACS_peak_15666_lociStitched	chr5	171432262	171434788	1	2527	10362.1572	793	1
2_MACS_peak_7917_lociStitched	chr17	38082003	38085528	2	3373	10358.9175	794	1
1_MACS_peak_19439_lociStitched	chr9	137282471	137285000	1	2530	10347.1506	795	1
1_MACS_peak_15719_lociStitched	chr5	175874121	175876250	1	2130	10340.3401	796	1
2_MACS_peak_4981_lociStitched	chr13	31037884	31040541	2	2613	10335.9957	797	1
1_MACS_peak_13776_lociStitched	chr3	184032154	184034298	1	2145	10334.2944	798	1
2_MACS_peak_12097_lociStitched	chr21	44729826	44734886	2	4980	10334.038	799	1
1_MACS_peak_4927_lociStitched	chr13	20531466	20534543	1	3078	10318.7195	800	1
1_MACS_peak_13465_lociStitched	chr3	128901113	128903586	1	2474	10316.8614	801	1
1_MACS_peak_18928_lociStitched	chr9	79008426	79010391	1	1966	10313.499	802	1
1_MACS_peak_14425_lociStitched	chr4	120374950	120376990	1	2041	10311.18	803	1
1_MACS_peak_19604_lociStitched	chrX	24166885	24168983	1	2099	10310.621	804	1
1_MACS_peak_14379_lociStitched	chr4	107236444	107238480	1	2037	10309.6932	805	1
1_MACS_peak_5013_lociStitched	chr13	38922764	38925160	1	2397	10306.6336	806	1
1_MACS_peak_13262_lociStitched	chr3	100119054	100121488	1	2435	10304.339	807	1
1_MACS_peak_4420_lociStitched	chr12	58238197	58240949	1	2753	10304.3136	808	1
2_MACS_peak_14412_lociStitched	chr4	114681238	114684538	2	3276	10303.59	809	1
1_MACS_peak_212_lociStitched	chr1	19276534	19279634	1	3101	10298.2	810	1
3_MACS_peak_4827_lociStitched	chr12	123371236	123375398	3	3630	10292.2098	811	1
1_MACS_peak_16448_lociStitched	chr6	74362611	74364924	1	2314	10288.9179	812	1
6_MACS_peak_5859_lociStitched	chr14	106037515	106044350	6	5774	10286.675	813	1
1_MACS_peak_15951_lociStitched	chr6	17705545	17707515	1	1971	10284.188	814	1
2_MACS_peak_7765_lociStitched	chr17	27275702	27279524	2	3598	10283.4732	815	1
1_MACS_peak_16043_lociStitched	chr6	28047321	28049570	1	2250	10280.8537	816	1
1_MACS_peak_2204_lociStitched	chr10	18946833	18949287	1	2455	10272.1986	817	1
1_MACS_peak_17423_lociStitched	chr7	100025859	100028283	1	2425	10266.852	818	1
1_MACS_peak_10899_lociStitched	chr2	160470465	160473180	1	2716	10246.1385	819	1
1_MACS_peak_5028_lociStitched	chr13	41633578	41636716	1	3139	10241.4906	820	1
1_MACS_peak_18916_lociStitched	chr9	75746377	75749592	1	3216	10234.3095	821	1
2_MACS_peak_12700_lociStitched	chr3	5018505	5022262	2	3754	10219.4157	822	1
5_MACS_peak_977_lociStitched	chr1	118147696	118152824	5	4918	10218.5656	823	1
1_MACS_peak_9549_lociStitched	chr19	40323437	40325051	1	1615	10218.234	824	1
2_MACS_peak_14436_lociStitched	chr4	121841876	121844784	2	2594	10204.7536	825	1
2_MACS_peak_2900_lociStitched	chr11	267510	270784	2	3248	10201.4566	826	1
1_MACS_peak_18792_lociStitched	chr9	37119590	37121690	1	2101	10197.81	827	1
2_MACS_peak_6569_lociStitched	chr15	90642519	90646328	2	3777	10197.0739	828	1
1_MACS_peak_13902_lociStitched	chr4	1712894	1715438	1	2545	10196.6064	829	1
1_MACS_peak_13379_lociStitched	chr3	119812459	119815320	1	2862	10192.0264	830	1
1_MACS_peak_1911_lociStitched	chr1	226186107	226188300	1	2194	10190.871	831	1
2_MACS_peak_17047_lociStitched	chr7	32929681	32932590	2	2812	10174.5184	832	1
1_MACS_peak_15844_lociStitched	chr6	5260297	5262424	1	2128	10171.1013	833	1
3_MACS_peak_7907_lociStitched	chr17	37909676	37914244	3	3918	10166.5408	834	1
2_MACS_peak_15062_lociStitched	chr5	75696751	75700448	2	3240	10151.5923	835	1
1_MACS_peak_17114_lociStitched	chr7	44923801	44926221	1	2421	10144.398	836	1
1_MACS_peak_10371_lociStitched	chr2	65356265	65358455	1	2191	10139.481	837	1
1_MACS_peak_14227_lociStitched	chr4	75858151	75860049	1	1899	10139.116	838	1
1_MACS_peak_1100_lociStitched	chr1	148176030	148177766	1	1737	10137.372	839	1
2_MACS_peak_10784_lociStitched	chr2	127413358	127417284	2	3440	10136.5394	840	1
1_MACS_peak_8536_lociStitched	chr17	79827947	79830486	1	2540	10124.0086	841	1
1_MACS_peak_10193_lociStitched	chr2	46768592	46771354	1	2763	10121.9014	842	1
1_MACS_peak_7849_lociStitched	chr17	33699947	33702159	1	2213	10114.1488	843	1
3_MACS_peak_9846_lociStitched	chr19	54640022	54642753	3	2277	10079.8479	844	1
1_MACS_peak_17769_lociStitched	chr7	151215179	151217473	1	2295	10077.7714	845	1
1_MACS_peak_3608_lociStitched	chr11	85374585	85376737	1	2153	10077.3856	846	1
1_MACS_peak_11839_lociStitched	chr20	57465477	57468683	1	3207	10068.1224	847	1
1_MACS_peak_18590_lociStitched	chr9	5436943	5439217	1	2275	10055.628	848	1
1_MACS_peak_14885_lociStitched	chr5	41924519	41926342	1	1824	10046.1884	849	1
2_MACS_peak_9031_lociStitched	chr19	4064037	4068129	2	3730	10033.1748	850	1
1_MACS_peak_9452_lociStitched	chr19	34662285	34664412	1	2128	10015.6176	851	1
1_MACS_peak_4519_lociStitched	chr12	82751295	82753224	1	1930	10007.4591	852	1
2_MACS_peak_1261_lociStitched	chr1	155162382	155165465	2	3023	10007.418	853	1
1_MACS_peak_4965_lociStitched	chr13	27998302	28000957	1	2656	10003.509	854	1
1_MACS_peak_8681_lociStitched	chr18	29671336	29673626	1	2291	10001.804	855	1
2_MACS_peak_5429_lociStitched	chr14	33407123	33410100	2	2975	9993.1936	856	1
1_MACS_peak_13580_lociStitched	chr3	143689420	143692299	1	2880	9992.7211	857	1
2_MACS_peak_1256_lociStitched	chr1	155107063	155109581	2	2442	9978.0786	858	1
1_MACS_peak_11299_lociStitched	chr2	232468445	232470539	1	2095	9973.3032	859	1
1_MACS_peak_6883_lociStitched	chr16	19078363	19079883	1	1521	9969.224	860	1
1_MACS_peak_17974_lociStitched	chr8	52809903	52813178	1	3276	9959.275	861	1
1_MACS_peak_5515_lociStitched	chr14	51133673	51135834	1	2162	9955.2948	862	1
2_MACS_peak_5182_lociStitched	chr13	79978538	79981069	2	2409	9944.8052	863	1
1_MACS_peak_6087_lociStitched	chr15	41407526	41409467	1	1942	9933.8439	864	1
2_MACS_peak_13518_lociStitched	chr3	135913099	135916518	2	3385	9923.3056	865	1
1_MACS_peak_7014_lociStitched	chr16	30075533	30078434	1	2902	9919.6794	866	1
1_MACS_peak_7501_lociStitched	chr17	3460316	3463001	1	2686	9914.8995	867	1
1_MACS_peak_17206_lociStitched	chr7	66309141	66311028	1	1888	9909.2031	868	1
1_MACS_peak_14540_lociStitched	chr4	146018278	146020530	1	2253	9898.4408	869	1
1_MACS_peak_3183_lociStitched	chr11	46638025	46640002	1	1978	9898.0482	870	1
1_MACS_peak_5441_lociStitched	chr14	35024577	35026434	1	1858	9893.7246	871	1
1_MACS_peak_11239_lociStitched	chr2	220406408	220408962	1	2555	9893.1744	872	1
2_MACS_peak_437_lociStitched	chr1	33281608	33284556	2	2943	9892.014	873	1
1_MACS_peak_14267_lociStitched	chr4	82391453	82394639	1	3187	9891.2556	874	1
2_MACS_peak_1962_lociStitched	chr1	228327144	228329527	2	2297	9887.067	875	1
3_MACS_peak_6204_lociStitched	chr15	52969288	52973323	3	3781	9875.6625	876	1
2_MACS_peak_7618_lociStitched	chr17	8150468	8153560	2	3092	9869.0456	877	1
1_MACS_peak_2746_lociStitched	chr10	106096523	106099993	1	3471	9868.333	878	1
1_MACS_peak_17392_lociStitched	chr7	99005391	99007624	1	2234	9852.6659	879	1
1_MACS_peak_11533_lociStitched	chr20	25037055	25039687	1	2633	9847.8912	880	1
