#11_0EWX_0229Kronos_MM1S-No-Treatment-1_H3K27Ac_hs-dm_i20_peaks Enhancers
#Created from /data/projects/IRF4_mm_trn_data/p300_internal_ChIP/rose/11_0EWX_0229Kronos_MM1S-No-Treatment-1_H3K27Ac_hs-dm_i20_ROSE/11_0EWX_0229Kronos_MM1S-No-Treatment-1_H3K27Ac_hs-dm_i20_peaks_6KB_STITCHED_ENHANCER_REGION_MAP.txt
#Ranked by X11_0EWX_0229Kronos_MM1S.No.Treatment.1_H3K27Ac_hs.dm_i20.bam
#Using cutoff of 24861.666 for Super-Enhancers
#Created on Jul 18 2024 
REGION_ID	CHROM	START	STOP	NUM_LOCI	CONSTITUENT_SIZE	X11_0EWX_0229Kronos_MM1S.No.Treatment.1_H3K27Ac_hs.dm_i20.bam	X35_0EXN_0229Kronos_MM1S.No.Treatment.1_Input_hs_i77.bam	enhancerRank	isSuper
12_MACS_peak_19545_lociStitched	chr3	141079120	141159727	12	69922	385994.6802	17088.684	1	1
4_MACS_peak_14985_lociStitched	chr2	99054656	99132583	4	60806	373800.2336	17782.9414	2	1
1_MACS_peak_23316_lociStitched	chr6	7877946	7919923	1	41978	319705.2274	11107.1142	3	1
6_MACS_peak_1412_lociStitched	chr1	118141804	118219329	6	58908	276182.8125	10427.1125	4	1
5_MACS_peak_14306_lociStitched	chr2	37525831	37587954	5	52016	271483.7223	12697.9412	5	1
4_MACS_peak_2337_lociStitched	chr1	203254914	203298088	4	30782	254627.2998	13863.1714	6	1
5_MACS_peak_1718_lociStitched	chr1	154907953	154957879	5	37210	250284.0306	15012.7482	7	1
5_MACS_peak_24402_lociStitched	chr6	108878216	108974516	5	88780	238698.81	16284.33	8	1
6_MACS_peak_8499_lociStitched	chr14	91812935	91885966	6	61723	223109.705	8639.5673	9	1
6_MACS_peak_23203_lociStitched	chr6	290005	337869	6	34657	226186.1184	17159.244	10	1
5_MACS_peak_10001_lociStitched	chr16	11765828	11843263	5	69428	224042.6855	16129.7105	11	1
1_MACS_peak_2991_lociStitched	chr10	11202245	11224476	1	22232	207030.6337	5882.3226	12	1
3_MACS_peak_16664_lociStitched	chr20	30261853	30312155	3	50043	203924.308	11307.8896	13	1
3_MACS_peak_4898_lociStitched	chr11	65183309	65214535	3	25096	186322.4194	7725.3124	14	1
4_MACS_peak_12306_lociStitched	chr18	9095119	9157724	4	49299	183451.4315	11744.698	15	1
4_MACS_peak_17689_lociStitched	chr22	23221441	23249227	4	27179	157349.3394	5034.8232	16	1
2_MACS_peak_6342_lociStitched	chr12	53573162	53604053	2	26124	156311.5491	7296.4542	17	1
2_MACS_peak_17693_lociStitched	chr22	23268627	23286314	2	17643	151895.956	4611.0009	18	1
4_MACS_peak_21640_lociStitched	chr5	1311690	1346142	4	28009	152570.682	7837.83	19	1
5_MACS_peak_6933_lociStitched	chr12	109009280	109036291	5	25641	149959.6698	6069.3717	20	1
2_MACS_peak_12903_lociStitched	chr19	2081349	2098455	2	15679	149860.5342	6031.5756	21	1
7_MACS_peak_16641_lociStitched	chr20	25261475	25303001	7	28800	149298.4278	7453.917	22	1
6_MACS_peak_11314_lociStitched	chr17	32690378	32726892	6	25630	147593.2394	8277.7238	23	1
2_MACS_peak_20895_lociStitched	chr4	90204562	90230288	2	24968	142149.013	5739.4706	24	1
5_MACS_peak_11362_lociStitched	chr17	34597814	34641453	5	36788	147578.3702	11324.3205	25	1
4_MACS_peak_11358_lociStitched	chr17	34509682	34540274	4	27237	143029.8368	9263.2576	26	1
1_MACS_peak_5904_lociStitched	chr12	12866102	12881965	1	15864	135508.0912	3930.8514	27	1
4_MACS_peak_11079_lociStitched	chr17	16863949	16895410	4	21876	136490.4024	6373.9986	28	1
5_MACS_peak_17521_lociStitched	chr21	45552528	45580728	5	19622	137384.76	7509.66	29	1
2_MACS_peak_8658_lociStitched	chr14	106024605	106052781	2	26497	133266.8448	5435.1504	30	1
3_MACS_peak_26608_lociStitched	chr8	2027144	2050934	3	19382	131085.279	4855.539	31	1
6_MACS_peak_22610_lociStitched	chr5	131789749	131837841	6	33224	135600.2032	10012.7544	32	1
2_MACS_peak_26515_lociStitched	chr7	150062710	150084687	2	21720	129930.2217	6428.2725	33	1
3_MACS_peak_22607_lociStitched	chr5	131744764	131774503	3	23437	130316.298	6914.3175	34	1
6_MACS_peak_23990_lociStitched	chr6	52392742	52442993	6	40828	133612.3839	10326.5805	35	1
4_MACS_peak_26014_lociStitched	chr7	102063503	102093217	4	21197	128495.2216	5850.6866	36	1
1_MACS_peak_15894_lociStitched	chr2	201979893	201995100	1	15208	124577.2647	4028.3343	37	1
4_MACS_peak_1588_lociStitched	chr1	149802759	149834123	4	17973	127664.0256	8747.4196	38	1
3_MACS_peak_11793_lociStitched	chr17	56405111	56430980	3	20563	124590.2778	6097.3233	39	1
4_MACS_peak_18253_lociStitched	chr3	5221989	5257148	4	32658	125728.584	7337.6833	40	1
3_MACS_peak_12928_lociStitched	chr19	2606906	2629085	3	13137	124373.1783	6303.2718	41	1
4_MACS_peak_13272_lociStitched	chr19	16693785	16717316	4	15952	122707.1057	4830.9143	42	1
3_MACS_peak_1772_lociStitched	chr1	156115361	156137266	3	21422	124295.5415	7401.6995	43	1
1_MACS_peak_24364_lociStitched	chr6	106530330	106555910	1	25581	121256.874	6238.962	44	1
7_MACS_peak_5805_lociStitched	chr12	7045189	7085767	7	30671	123300.3108	8383.4148	45	1
2_MACS_peak_11874_lociStitched	chr17	62149957	62187401	2	37302	120876.7208	8559.6984	46	1
4_MACS_peak_18323_lociStitched	chr3	13035447	13061632	4	18702	117211.9155	5462.191	47	1
1_MACS_peak_14066_lociStitched	chr2	11883543	11898291	1	14749	113502.0828	3453.9816	48	1
2_MACS_peak_2767_lociStitched	chr1	234733894	234749938	2	12181	114254.1372	4761.8592	49	1
4_MACS_peak_12122_lociStitched	chr17	76710967	76746821	4	27051	116270.9366	7034.5548	50	1
1_MACS_peak_476_lociStitched	chr1	31213477	31233349	1	19873	113580.4032	4962.0384	51	1
2_MACS_peak_2363_lociStitched	chr1	204474544	204492317	2	14447	112682.5973	5474.084	52	1
8_MACS_peak_19955_lociStitched	chr3	183219709	183261099	8	29415	118863.802	11953.432	53	1
3_MACS_peak_13546_lociStitched	chr19	39880622	39904107	3	17952	108850.6265	4852.001	54	1
3_MACS_peak_1784_lociStitched	chr1	156449649	156476186	3	24817	111755.2681	7947.8315	55	1
1_MACS_peak_20509_lociStitched	chr4	40190878	40209855	1	18978	108092.992	4501.3444	56	1
1_MACS_peak_23526_lociStitched	chr6	25402971	25415289	1	12319	105652.7178	3569.7564	57	1
1_MACS_peak_5643_lociStitched	chr11	128584853	128610119	1	25267	106263.7428	5467.5624	58	1
2_MACS_peak_14121_lociStitched	chr2	20397327	20426502	2	22918	106456.6575	5878.7625	59	1
2_MACS_peak_1615_lociStitched	chr1	150532219	150552945	2	20164	107356.5348	7191.922	60	1
2_MACS_peak_4905_lociStitched	chr11	65254260	65279032	2	18358	105325.5896	5615.8124	61	1
6_MACS_peak_16709_lociStitched	chr20	32398815	32452376	6	39509	108311.0542	10685.4195	62	1
2_MACS_peak_4020_lociStitched	chr10	112112609	112122389	2	7846	100204.902	2722.752	63	1
2_MACS_peak_17712_lociStitched	chr22	24176632	24191901	2	13313	100673.0977	3511.87	64	1
2_MACS_peak_10492_lociStitched	chr16	66549281	66560454	2	10441	98416.2532	2798.8365	65	1
2_MACS_peak_4514_lociStitched	chr11	22676851	22703824	2	22781	99654.4458	4442.4531	66	1
4_MACS_peak_19817_lociStitched	chr3	171801682	171826959	4	20848	100506.4074	7168.5572	67	1
5_MACS_peak_8798_lociStitched	chr15	31616817	31660648	5	35377	101293.441	7964.0927	68	1
2_MACS_peak_11450_lociStitched	chr17	38465576	38484050	2	17994	94538.8476	3942.3516	69	1
4_MACS_peak_8665_lociStitched	chr14	106145177	106173012	4	22568	93149.8275	3381.9525	70	1
5_MACS_peak_24259_lociStitched	chr6	90053791	90086350	5	23836	94896.4614	6163.4187	71	1
7_MACS_peak_10550_lociStitched	chr16	68269861	68320882	7	34281	97404.1911	9714.3984	72	1
5_MACS_peak_14959_lociStitched	chr2	97190710	97220693	5	23216	93585.9379	5999.5983	73	1
1_MACS_peak_17771_lociStitched	chr22	29185817	29199729	1	13913	90226.276	2957.6912	74	1
3_MACS_peak_16824_lociStitched	chr20	37486869	37505830	3	11209	90421.2168	3657.5769	75	1
1_MACS_peak_7851_lociStitched	chr13	114828897	114835209	1	6313	87669.2616	1554.0144	76	1
3_MACS_peak_4375_lociStitched	chr11	10323590	10345082	3	18728	90216.9684	4504.7232	77	1
1_MACS_peak_17470_lociStitched	chr21	43480419	43486544	1	6126	88481.1375	2769.1125	78	1
3_MACS_peak_2996_lociStitched	chr10	11278740	11313223	3	27507	92545.4754	7024.1871	79	1
4_MACS_peak_19690_lociStitched	chr3	156804504	156824715	4	13353	90977.7954	6275.5155	80	1
4_MACS_peak_12575_lociStitched	chr18	46440229	46480190	4	36719	92210.0075	7564.6173	81	1
3_MACS_peak_12080_lociStitched	chr17	75131311	75147070	3	15087	87891.0948	3411.8235	82	1
3_MACS_peak_1700_lociStitched	chr1	154370294	154394479	3	19551	90805.001	7267.5925	83	1
6_MACS_peak_27592_lociStitched	chr8	120912516	120947926	6	32732	89821.006	7142.197	84	1
1_MACS_peak_25584_lociStitched	chr7	55616232	55642898	1	26667	87363.1492	5538.5282	85	1
3_MACS_peak_10427_lociStitched	chr16	56963209	56986013	3	21348	86798.8652	5701	86	1
2_MACS_peak_5751_lociStitched	chr12	4216358	4230088	2	7253	84160.781	3138.678	87	1
1_MACS_peak_12726_lociStitched	chr18	60821971	60831097	1	9127	83547.6174	2528.8146	88	1
1_MACS_peak_22275_lociStitched	chr5	88111219	88131044	1	19826	85178.1125	4305.99	89	1
2_MACS_peak_20043_lociStitched	chr3	186779570	186792390	2	10672	84745.328	4045.992	90	1
4_MACS_peak_4145_lociStitched	chr10	125822086	125854780	4	28733	86792.7618	6100.7004	91	1
2_MACS_peak_25287_lociStitched	chr7	26002286	26011667	2	8876	82772.3154	2571.3321	92	1
3_MACS_peak_14460_lociStitched	chr2	47526767	47550725	3	12607	84339.3474	4468.167	93	1
3_MACS_peak_2406_lociStitched	chr1	206727857	206754715	3	22741	87250.8988	7525.6116	94	1
1_MACS_peak_25583_lociStitched	chr7	55597567	55606054	1	8488	81385.2378	2075.0715	95	1
3_MACS_peak_8904_lociStitched	chr15	40387228	40409026	3	18154	83863.4454	4874.0328	96	1
3_MACS_peak_16084_lociStitched	chr2	219743150	219763441	3	16754	82298.2669	4052.1127	97	1
1_MACS_peak_23725_lociStitched	chr6	32934684	32942170	1	7487	79595.6436	1952.3488	98	1
4_MACS_peak_11353_lociStitched	chr17	34408906	34432811	4	20408	83273.0675	5952.345	99	1
3_MACS_peak_7149_lociStitched	chr12	123354925	123387354	3	25084	81030.3423	3959.5809	100	1
3_MACS_peak_231_lociStitched	chr1	17221329	17233574	3	9180	81647.211	4817.183	101	1
2_MACS_peak_23690_lociStitched	chr6	31694442	31709206	2	12810	79973.6352	3468.0636	102	1
1_MACS_peak_14386_lociStitched	chr2	43444217	43457152	1	12936	79473.9335	3063.008	103	1
2_MACS_peak_9310_lociStitched	chr15	68568623	68599495	2	29140	82184.3512	6180.5744	104	1
5_MACS_peak_9393_lociStitched	chr15	75063274	75093077	5	23834	81356.2294	5880.1319	105	1
1_MACS_peak_6358_lociStitched	chr12	53845116	53876431	1	31316	81807.306	6466.5475	106	1
3_MACS_peak_12302_lociStitched	chr18	9055127	9074456	3	13128	79250.8329	4250.4471	107	1
3_MACS_peak_20038_lociStitched	chr3	186703181	186720470	3	13033	79908.0291	5207.4468	108	1
2_MACS_peak_8796_lociStitched	chr15	31546648	31560846	2	10026	77120.6964	3088.065	109	1
5_MACS_peak_27297_lociStitched	chr8	81046218	81084520	5	26921	80043.5196	6545.8118	110	1
3_MACS_peak_6930_lociStitched	chr12	108952732	108970792	3	16660	77708.568	4431.924	111	1
4_MACS_peak_14635_lociStitched	chr2	65157267	65178607	4	14033	78059.586	4805.768	112	1
5_MACS_peak_12033_lociStitched	chr17	73850274	73875770	5	15299	77609.824	4624.9744	113	1
2_MACS_peak_15906_lociStitched	chr2	202115968	202129085	2	13030	75560.4785	2624.7117	114	1
3_MACS_peak_13461_lociStitched	chr19	35695282	35708233	3	9282	75694.7097	3189.8313	115	1
5_MACS_peak_2398_lociStitched	chr1	206272188	206307686	5	19712	80970.938	8565.6674	116	1
2_MACS_peak_13252_lociStitched	chr19	16243672	16273301	2	24573	78504.9984	6136.1659	117	1
2_MACS_peak_21521_lociStitched	chr4	185200921	185210837	2	9004	74613.9336	2489.9076	118	1
5_MACS_peak_12126_lociStitched	chr17	76753831	76779876	5	20042	76658.2485	4734.981	119	1
3_MACS_peak_26044_lociStitched	chr7	104576303	104586737	3	9182	74033.4036	2402.9502	120	1
2_MACS_peak_17109_lociStitched	chr20	56047512	56058450	2	10293	73648.8354	2419.4856	121	1
1_MACS_peak_25793_lociStitched	chr7	78113704	78128307	1	14604	74221.2078	3170.3113	122	1
4_MACS_peak_17923_lociStitched	chr22	37610893	37642397	4	29175	76781.5488	6351.2064	123	1
2_MACS_peak_15152_lociStitched	chr2	112455819	112465782	2	9444	72749.826	2634.2172	124	1
6_MACS_peak_9623_lociStitched	chr15	89646485	89676872	6	17742	76286.5635	6262.7607	125	1
2_MACS_peak_654_lociStitched	chr1	40838993	40858620	2	16205	73783.7811	3766.4213	126	1
4_MACS_peak_23545_lociStitched	chr6	26183521	26207422	4	14500	74551.9992	4624.8435	127	1
1_MACS_peak_7844_lociStitched	chr13	114556363	114568197	1	11835	72931.7586	3023.587	128	1
1_MACS_peak_26050_lociStitched	chr7	104650868	104658768	1	7901	71370.97	1963.94	129	1
2_MACS_peak_17047_lociStitched	chr20	52194862	52215901	2	20190	72651.8748	3664.9938	130	1
1_MACS_peak_22276_lociStitched	chr5	88170918	88187016	1	16099	72321.8748	3444.972	131	1
1_MACS_peak_11402_lociStitched	chr17	36856065	36863692	1	7628	70348.3972	1598.6192	132	1
2_MACS_peak_5456_lociStitched	chr11	115090772	115102424	2	9538	71272.9536	2692.7772	133	1
1_MACS_peak_2666_lociStitched	chr1	226839962	226852493	1	12532	72340.2099	4051.2723	134	1
4_MACS_peak_19476_lociStitched	chr3	133179348	133200564	4	15990	72374.1408	4788.4512	135	1
1_MACS_peak_23362_lociStitched	chr6	11827794	11836769	1	8976	69791.395	2372.0925	136	1
2_MACS_peak_21683_lociStitched	chr5	6475552	6487419	2	11463	69828.9881	2494.4434	137	1
1_MACS_peak_15713_lociStitched	chr2	182168337	182180041	1	11705	69252.568	2470.7144	138	1
3_MACS_peak_19429_lociStitched	chr3	129026059	129048540	3	14918	71116.3954	4689.5366	139	1
1_MACS_peak_1592_lociStitched	chr1	149855387	149861340	1	5954	69027.4162	2618.7247	140	1
1_MACS_peak_11580_lociStitched	chr17	43298143	43308769	1	10627	68607.8316	2290.9656	141	1
3_MACS_peak_10013_lociStitched	chr16	12052554	12071601	3	12660	69334.8894	3599.883	142	1
2_MACS_peak_6025_lociStitched	chr12	26265739	26280345	2	14406	69071.774	3474.7674	143	1
1_MACS_peak_9652_lociStitched	chr15	90637400	90646519	1	9120	68003.1187	2564.2628	144	1
4_MACS_peak_13607_lociStitched	chr19	42037698	42070615	4	21590	71755.7683	6431.9818	145	1
1_MACS_peak_17449_lociStitched	chr21	41324759	41345240	1	20482	71505.3153	6277.4265	146	1
5_MACS_peak_28894_lociStitched	chr9	130531980	130566894	5	18851	71119.818	6012.1908	147	1
2_MACS_peak_1866_lociStitched	chr1	161144163	161157860	2	11098	69126.0196	4083.0757	148	1
1_MACS_peak_16219_lociStitched	chr2	232687022	232715087	1	28066	68346.6945	3903.8415	149	1
3_MACS_peak_5409_lociStitched	chr11	111230635	111251439	3	16776	68619.9136	4362.5988	150	1
2_MACS_peak_25489_lociStitched	chr7	44661725	44680231	2	15356	68446.2916	4213.8162	151	1
2_MACS_peak_4490_lociStitched	chr11	19450527	19465893	2	12970	67521.2772	3418.935	152	1
3_MACS_peak_19875_lociStitched	chr3	177062632	177079917	3	10663	68153.0265	4341.992	153	1
2_MACS_peak_14709_lociStitched	chr2	70310065	70323258	2	9013	66549.4499	2845.7301	154	1
4_MACS_peak_18006_lociStitched	chr22	39822794	39845944	4	14311	67364.185	4125.33	155	1
1_MACS_peak_16883_lociStitched	chr20	42695404	42700334	1	4931	64300.511	1068.331	156	1
2_MACS_peak_21815_lociStitched	chr5	32570789	32593435	2	16677	66595.0922	3951.727	157	1
2_MACS_peak_9149_lociStitched	chr15	56648168	56667006	2	12515	65710.7116	3247.6712	158	1
2_MACS_peak_26517_lociStitched	chr7	150100714	150113972	2	7447	65902.8664	3457.6864	159	1
3_MACS_peak_5058_lociStitched	chr11	71413715	71426934	3	11492	65722.2242	3344.407	160	1
1_MACS_peak_4734_lociStitched	chr11	58339861	58348075	1	8215	64126.698	1826.7936	161	1
2_MACS_peak_16715_lociStitched	chr20	32461806	32473742	2	8611	64559.4368	2640.2432	162	1
1_MACS_peak_26325_lociStitched	chr7	129587941	129593320	1	5380	63750.2943	1940.2053	163	1
1_MACS_peak_294_lociStitched	chr1	23849572	23858918	1	9347	63925.7054	2155.1876	164	1
3_MACS_peak_20745_lociStitched	chr4	77117594	77136602	3	15255	65938.752	4301.5104	165	1
2_MACS_peak_18662_lociStitched	chr3	46245542	46257154	2	9639	64558.0752	3026.0872	166	1
5_MACS_peak_26844_lociStitched	chr8	27207257	27241972	5	24312	68076.115	6727.767	167	1
1_MACS_peak_17961_lociStitched	chr22	38782006	38797092	1	15087	63830.3746	2612.8952	168	1
4_MACS_peak_19085_lociStitched	chr3	98472819	98495772	4	18667	65475.7278	4395.4995	169	1
1_MACS_peak_3217_lociStitched	chr10	30989190	30996931	1	7742	62844.5344	1866.3551	170	1
1_MACS_peak_21529_lociStitched	chr4	185302120	185308438	1	6319	62347.9194	1584.5544	171	1
1_MACS_peak_16896_lociStitched	chr20	43270348	43282283	1	11936	62927.2875	2505.1565	172	1
1_MACS_peak_22306_lociStitched	chr5	90674317	90681104	1	6788	61955.8082	1598.3385	173	1
1_MACS_peak_11427_lociStitched	chr17	37909345	37916625	1	7281	62040.888	1712.984	174	1
4_MACS_peak_6245_lociStitched	chr12	48196135	48218667	4	15312	64774.9936	4461.336	175	1
3_MACS_peak_23179_lociStitched	chr5	180228390	180249556	3	15260	64380.6222	4097.7376	176	1
3_MACS_peak_10153_lociStitched	chr16	23343528	23362863	3	10605	63869.3055	3851.532	177	1
5_MACS_peak_21530_lociStitched	chr4	185317572	185350401	5	20751	66045.3822	6129.1743	178	1
3_MACS_peak_9249_lociStitched	chr15	65169409	65189520	3	10521	63444.1717	3648.1354	179	1
2_MACS_peak_17159_lociStitched	chr20	61273032	61291150	2	13692	62695.5272	2987.6582	180	1
6_MACS_peak_10524_lociStitched	chr16	67562639	67601619	6	21561	65860.608	6197.82	181	1
6_MACS_peak_14622_lociStitched	chr2	64862698	64895915	6	17469	64666.8556	5533.9522	182	1
2_MACS_peak_28478_lociStitched	chr9	94180338	94195996	2	14342	62466.0252	3347.6804	183	1
1_MACS_peak_6764_lociStitched	chr12	94596033	94603706	1	7674	60668.8764	1777.8341	184	1
2_MACS_peak_5613_lociStitched	chr11	126056805	126069189	2	7839	61538.5728	2658.8448	185	1
2_MACS_peak_17698_lociStitched	chr22	23477644	23488872	2	10348	61612.5272	2755.3512	186	1
2_MACS_peak_4027_lociStitched	chr10	112216320	112226016	2	8787	60993.6576	2248.5024	187	1
3_MACS_peak_26930_lociStitched	chr8	33410043	33425478	3	11083	60887.988	2642.472	188	1
2_MACS_peak_1697_lociStitched	chr1	154296720	154308021	2	8080	60829.8927	3002.6757	189	1
9_MACS_peak_24716_lociStitched	chr6	138246682	138297584	9	23223	67114.287	9299.7954	190	1
3_MACS_peak_23600_lociStitched	chr6	27790881	27808105	3	10524	60707.7104	2903.9664	191	1
5_MACS_peak_22267_lociStitched	chr5	87954416	87976686	5	11049	61921.735	4220.165	192	1
2_MACS_peak_26900_lociStitched	chr8	29622108	29634317	2	6216	60296.5883	2743.3623	193	1
2_MACS_peak_19866_lociStitched	chr3	176908465	176921066	2	11779	60980.0193	3457.7144	194	1
2_MACS_peak_6692_lociStitched	chr12	89737990	89749594	2	10998	60237.5244	2885.9148	195	1
4_MACS_peak_320_lociStitched	chr1	24512344	24533749	4	13429	61562.9205	4364.4795	196	1
2_MACS_peak_3946_lociStitched	chr10	104531306	104543346	2	11308	60109.7	2919.7	197	1
2_MACS_peak_29494_lociStitched	chrX	48790298	48805920	2	13532	59174.5738	2079.2882	198	1
4_MACS_peak_15828_lociStitched	chr2	197023889	197048603	4	20844	62565.9624	5481.5652	199	1
2_MACS_peak_17772_lociStitched	chr22	29206905	29221456	2	11601	60111.6361	3153.2017	200	1
3_MACS_peak_21983_lociStitched	chr5	55436981	55453725	3	15551	60397.2824	3628.4248	201	1
2_MACS_peak_1574_lociStitched	chr1	149213956	149225588	2	6326	60562.008	4173.5616	202	1
1_MACS_peak_4233_lociStitched	chr11	267156	271073	1	3918	57317.0693	1011.3694	203	1
1_MACS_peak_5756_lociStitched	chr12	4377742	4390544	1	12803	58402.724	2664.0962	204	1
1_MACS_peak_2381_lociStitched	chr1	205252178	205258645	1	6468	58022.5707	2716.14	205	1
4_MACS_peak_14914_lociStitched	chr2	89043107	89066593	4	10141	59417.2314	4382.4876	206	1
3_MACS_peak_2080_lociStitched	chr1	179048936	179061407	3	9852	58109.8716	3173.8695	207	1
1_MACS_peak_3444_lociStitched	chr10	63802966	63814767	1	11802	57206.5276	2423.9254	208	1
1_MACS_peak_390_lociStitched	chr1	27018318	27030805	1	12488	57462.6766	2765.8705	209	1
1_MACS_peak_1510_lociStitched	chr1	145448718	145457936	1	9219	57825.4358	3218.0038	210	1
1_MACS_peak_21268_lociStitched	chr4	144272381	144282627	1	10247	56575.3382	2129.1188	211	1
3_MACS_peak_1759_lociStitched	chr1	155937914	155954251	3	15528	58667.8007	4283.5614	212	1
3_MACS_peak_4977_lociStitched	chr11	67034019	67057860	3	13621	57919.3254	3573.7659	213	1
5_MACS_peak_10134_lociStitched	chr16	22194947	22219241	5	17477	59374.536	5036.1462	214	1
2_MACS_peak_23937_lociStitched	chr6	45386541	45402613	2	11824	57116.6736	2875.2808	215	1
1_MACS_peak_17732_lociStitched	chr22	24822652	24832535	1	9884	56029.6919	2048.7459	216	1
1_MACS_peak_22701_lociStitched	chr5	138719922	138730560	1	10639	56328.21	2494.611	217	1
3_MACS_peak_6548_lociStitched	chr12	68752121	68770340	3	9645	57459.0822	3663.8409	218	1
1_MACS_peak_6857_lociStitched	chr12	102870858	102879425	1	8568	55533.8641	1824.771	219	1
4_MACS_peak_14449_lociStitched	chr2	47193751	47215125	4	14456	57237.4346	3699.8394	220	1
2_MACS_peak_14311_lociStitched	chr2	37598510	37606577	2	7159	55149.2388	1771.5132	221	1
1_MACS_peak_17492_lociStitched	chr21	44580957	44587434	1	6478	55839.5124	2504.6559	222	1
2_MACS_peak_3288_lociStitched	chr10	43890308	43906015	2	12953	56099.1212	2857.1033	223	1
2_MACS_peak_10966_lociStitched	chr17	6915080	6926253	2	7035	55357.7458	2265.8844	224	1
3_MACS_peak_14370_lociStitched	chr2	42323549	42334583	3	10030	55342.1304	2394.378	225	1
2_MACS_peak_23561_lociStitched	chr6	26355453	26367611	2	10746	55417.3798	2600.5962	226	1
3_MACS_peak_14171_lociStitched	chr2	25624072	25645807	3	10915	56908.7505	4149.2115	227	1
2_MACS_peak_28693_lociStitched	chr9	112903758	112925357	2	21003	57362.6242	4769.0592	228	1
1_MACS_peak_29273_lociStitched	chrX	19470044	19470598	1	555	52617.3688	26.5366	229	1
2_MACS_peak_10425_lociStitched	chr16	56943772	56952834	2	7906	54819.6628	2392.368	230	1
4_MACS_peak_12909_lociStitched	chr19	2254572	2274242	4	14595	56989.891	5074.86	231	1
2_MACS_peak_10955_lociStitched	chr17	6063555	6071133	2	6859	53718.1686	1805.0796	232	1
2_MACS_peak_12161_lociStitched	chr17	78873572	78887043	2	7976	54439.0052	2597.2088	233	1
1_MACS_peak_14855_lociStitched	chr2	86220089	86228815	1	8727	53696.3136	2005.2348	234	1
1_MACS_peak_15636_lociStitched	chr2	175457121	175464461	1	7341	53394.096	1840.138	235	1
5_MACS_peak_23087_lociStitched	chr5	173310181	173344116	5	29227	57475.7095	6104.9065	236	1
1_MACS_peak_2453_lociStitched	chr1	209275728	209284583	1	8856	54133.2715	2862.8215	237	1
3_MACS_peak_4029_lociStitched	chr10	112256046	112273321	3	11975	55169.44	3905.8775	238	1
1_MACS_peak_22602_lociStitched	chr5	131435455	131441454	1	6000	53280.7184	2048.0586	239	1
4_MACS_peak_5013_lociStitched	chr11	67760499	67781501	4	15015	55327.6688	4257.1054	240	1
2_MACS_peak_28963_lociStitched	chr9	132645916	132657874	2	8663	53498.8962	2476.5018	241	1
2_MACS_peak_1712_lociStitched	chr1	154755767	154766038	2	7417	54278.1266	3276.449	242	1
4_MACS_peak_12866_lociStitched	chr19	1258121	1277461	4	10957	56018.31	5020.664	243	1
2_MACS_peak_11274_lociStitched	chr17	29635215	29650970	2	15423	54268.0975	3374.721	244	1
4_MACS_peak_5780_lociStitched	chr12	6551980	6572472	4	10310	54666.5084	3793.0692	245	1
3_MACS_peak_17686_lociStitched	chr22	23189825	23210344	3	17731	53103.172	2232.4672	246	1
1_MACS_peak_6424_lociStitched	chr12	57076510	57083762	1	7253	52239.0568	1637.5016	247	1
4_MACS_peak_23132_lociStitched	chr5	176717049	176740572	4	16006	54780.3624	4337.6412	248	1
3_MACS_peak_3669_lociStitched	chr10	81001246	81020504	3	15712	54093.7962	3660.9458	249	1
1_MACS_peak_22717_lociStitched	chr5	139046495	139052237	1	5743	51970.2678	1610.0568	250	1
1_MACS_peak_12078_lociStitched	chr17	75078776	75093084	1	14309	53561.998	3329.4716	251	1
1_MACS_peak_24368_lociStitched	chr6	106609819	106617435	1	7617	52268.608	2199.5008	252	1
1_MACS_peak_8671_lociStitched	chr14	106323793	106329585	1	5793	50821.904	891.968	253	1
5_MACS_peak_23584_lociStitched	chr6	27094322	27123511	5	14849	54974.5626	5134.3451	254	1
2_MACS_peak_2350_lociStitched	chr1	203722244	203736403	2	8046	53189.6994	3637.4471	255	1
1_MACS_peak_15465_lociStitched	chr2	158293486	158302351	1	8866	51562.386	2042.496	256	1
2_MACS_peak_26154_lociStitched	chr7	114561740	114574061	2	10532	52802.8776	3515.1813	257	1
2_MACS_peak_2972_lociStitched	chr10	6961842	6973060	2	6993	51444.6262	2214.4332	258	1
2_MACS_peak_21813_lociStitched	chr5	32530318	32543943	2	12532	51580.1625	3024.75	259	1
2_MACS_peak_7189_lociStitched	chr12	125397862	125413026	2	10704	50385.4228	2044.1072	260	1
1_MACS_peak_11876_lociStitched	chr17	62195384	62210432	1	15049	51282.0792	3059.2584	261	1
2_MACS_peak_13596_lociStitched	chr19	41801251	41817189	2	10253	51344.267	3286.4156	262	1
4_MACS_peak_8400_lociStitched	chr14	77487747	77508150	4	16248	49962.8664	1930.1238	263	1
5_MACS_peak_9008_lociStitched	chr15	45001846	45029353	5	16319	52659.4008	4629.4281	264	1
1_MACS_peak_16866_lociStitched	chr20	42307503	42312551	1	5049	49365.9064	1342.2632	265	1
1_MACS_peak_2717_lociStitched	chr1	230256244	230261561	1	5318	50041.4772	2088.5176	266	1
4_MACS_peak_5206_lociStitched	chr11	82764843	82790116	4	13413	52871.116	4940.8715	267	1
4_MACS_peak_13203_lociStitched	chr19	13944535	13959265	4	10876	50305.896	2392.152	268	1
1_MACS_peak_19844_lociStitched	chr3	174865903	174871393	1	5491	49648.815	1841.895	269	1
2_MACS_peak_10911_lociStitched	chr17	4267910	4281166	2	9425	50633.9432	2899.0872	270	1
4_MACS_peak_8916_lociStitched	chr15	40834351	40862653	4	17041	53346.4398	5663.2302	271	1
5_MACS_peak_14908_lociStitched	chr2	88898891	88928557	5	19387	53022.0418	5577.208	272	1
1_MACS_peak_2143_lociStitched	chr1	183809130	183815800	1	6671	49681.495	2245.789	273	1
3_MACS_peak_23301_lociStitched	chr6	7134866	7148065	3	12007	50016.2906	2654.3189	274	1
1_MACS_peak_14856_lociStitched	chr2	86261715	86267534	1	5820	48796.3883	1586.8413	275	1
1_MACS_peak_9515_lociStitched	chr15	81584942	81596519	1	11578	50036.9517	2977.6044	276	1
4_MACS_peak_18014_lociStitched	chr22	39909921	39929600	4	14486	51063.0692	4051.9061	277	1
2_MACS_peak_9611_lociStitched	chr15	89163847	89184456	2	15560	51475.0993	4515.4319	278	1
3_MACS_peak_13264_lociStitched	chr19	16545013	16561904	3	11182	49977.0908	3035.3127	279	1
2_MACS_peak_25528_lociStitched	chr7	47512618	47524635	2	11561	49821.2803	2900.9038	280	1
2_MACS_peak_2648_lociStitched	chr1	226308674	226317135	2	6058	49566.2302	2790.4378	281	1
1_MACS_peak_28475_lociStitched	chr9	93952600	93957283	1	4684	47862.1332	1139.3739	282	1
3_MACS_peak_19790_lociStitched	chr3	169656649	169668263	3	9295	50149.252	3436.5826	283	1
1_MACS_peak_28824_lociStitched	chr9	126099811	126103744	1	3934	47941.6968	1282.5513	284	1
2_MACS_peak_18688_lociStitched	chr3	46578236	46589460	2	7080	48934.3952	2385.1	285	1
1_MACS_peak_17154_lociStitched	chr20	60911109	60916845	1	5737	47214.1632	1047.3936	286	1
1_MACS_peak_22836_lociStitched	chr5	148204738	148215940	1	11203	48566.271	2433.0744	287	1
4_MACS_peak_12062_lociStitched	chr17	74476170	74498266	4	12555	49936.96	3857.9616	288	1
2_MACS_peak_17751_lociStitched	chr22	26974839	26992241	2	12861	49052.7576	3128.8796	289	1
3_MACS_peak_16875_lociStitched	chr20	42567942	42585478	3	13588	49141.1328	3426.5344	290	1
7_MACS_peak_8561_lociStitched	chr14	95946114	95986376	7	26030	49421.605	3800.7328	291	1
3_MACS_peak_2131_lociStitched	chr1	183438624	183451323	3	8917	49193.3862	3629.3742	292	1
3_MACS_peak_12214_lociStitched	chr17	80405802	80424064	3	9066	48810.6736	3268.898	293	1
3_MACS_peak_4041_lociStitched	chr10	112611866	112633043	3	15699	49331.8215	3871.1556	294	1
2_MACS_peak_1855_lociStitched	chr1	161007869	161019256	2	7913	48919.6907	3474.1737	295	1
5_MACS_peak_23521_lociStitched	chr6	25365920	25390337	5	17481	49893.6978	4534.2369	296	1
4_MACS_peak_8434_lociStitched	chr14	81930655	81955940	4	18369	47953.0025	2677.6815	297	1
2_MACS_peak_27764_lociStitched	chr8	134576800	134585944	2	8703	47191.2696	2022.6528	298	1
5_MACS_peak_28981_lociStitched	chr9	134126990	134152396	5	15063	49640.7834	4522.268	299	1
4_MACS_peak_3560_lociStitched	chr10	74006775	74024313	4	10891	48439.956	3386.5878	300	1
2_MACS_peak_20122_lociStitched	chr3	195631931	195642411	2	6762	48114.728	3063.304	301	1
1_MACS_peak_9410_lociStitched	chr15	75334395	75341117	1	6723	46592.1986	1880.1434	302	1
2_MACS_peak_26834_lociStitched	chr8	26428249	26437550	2	8042	46964.4694	2275.9547	303	1
2_MACS_peak_20139_lociStitched	chr3	196357938	196371438	2	9577	48311.1	3775.95	304	1
3_MACS_peak_1617_lociStitched	chr1	150582872	150603258	3	11275	50019.0896	5487.9112	305	1
4_MACS_peak_23533_lociStitched	chr6	26017414	26034967	4	12127	47528.2581	3020.8713	306	1
1_MACS_peak_5947_lociStitched	chr12	15101053	15116363	1	15311	47803.944	3388.103	307	1
4_MACS_peak_2145_lociStitched	chr1	183865186	183885845	4	10926	49203.5403	4823.8765	308	1
2_MACS_peak_17105_lociStitched	chr20	55957784	55975516	2	14024	47459.698	3120.832	309	1
1_MACS_peak_25582_lociStitched	chr7	55569660	55586644	1	16985	47701.2624	3474.9264	310	1
1_MACS_peak_2261_lociStitched	chr1	197740001	197748793	1	8793	46687.2784	2614.7408	311	1
2_MACS_peak_10931_lociStitched	chr17	4842159	4854549	2	11949	46436.481	2394.987	312	1
2_MACS_peak_8094_lociStitched	chr14	50465329	50476784	2	8300	45262.1415	1262.341	313	1
1_MACS_peak_27763_lociStitched	chr8	134508253	134515669	1	7417	46053.36	2055.7152	314	1
3_MACS_peak_13248_lociStitched	chr19	16180358	16198230	3	9743	47140.9744	3208.024	315	1
1_MACS_peak_2849_lociStitched	chr1	244996291	245002217	1	5927	45454.1978	1534.2414	316	1
1_MACS_peak_2880_lociStitched	chr1	249111822	249121980	1	10159	47236.7316	3336.903	317	1
2_MACS_peak_23098_lociStitched	chr5	173696592	173709819	2	8927	46752.1542	2867.6136	318	1
3_MACS_peak_13815_lociStitched	chr19	50369490	50382218	3	8159	46505.5664	2628.332	319	1
1_MACS_peak_14273_lociStitched	chr2	33699380	33705493	1	6114	45573.6376	1708.5835	320	1
2_MACS_peak_2073_lociStitched	chr1	178544385	178552066	2	7037	46010.7262	2328.8792	321	1
1_MACS_peak_16055_lociStitched	chr2	217079187	217089128	1	9942	46108.3462	2443.4978	322	1
2_MACS_peak_13534_lociStitched	chr19	39338741	39349078	2	8083	45187.1618	1681.8299	323	1
1_MACS_peak_19355_lociStitched	chr3	124501881	124512436	1	10556	45635.598	2175.3855	324	1
8_MACS_peak_27659_lociStitched	chr8	126285135	126322696	8	19665	50459.4474	7008.8826	325	1
5_MACS_peak_15945_lociStitched	chr2	204548248	204574029	5	13881	48078.9869	4911.2805	326	1
4_MACS_peak_1462_lociStitched	chr1	143442389	143469171	4	14125	53604.173	10461.0492	327	1
3_MACS_peak_23879_lociStitched	chr6	42737760	42752391	3	9433	45749.6739	2627.7276	328	1
1_MACS_peak_5090_lociStitched	chr11	72862502	72869666	1	7165	44711.2404	1692.1368	329	1
6_MACS_peak_566_lociStitched	chr1	36838567	36867794	6	13769	47669.237	4676.32	330	1
1_MACS_peak_28746_lociStitched	chr9	117145359	117151739	1	6381	44341.638	1400.41	331	1
2_MACS_peak_13648_lociStitched	chr19	44257537	44271754	2	8378	45649.3653	2847.6651	332	1
4_MACS_peak_5005_lociStitched	chr11	67644673	67659588	4	9309	45732.373	3008.3555	333	1
1_MACS_peak_27958_lociStitched	chr9	5625665	5630837	1	5173	43829.0796	1146.1152	334	1
1_MACS_peak_24407_lociStitched	chr6	108985725	108999007	1	13283	44921.0522	2324.35	335	1
3_MACS_peak_19786_lociStitched	chr3	169480842	169492599	3	7107	45638.3226	3057.9957	336	1
4_MACS_peak_8731_lociStitched	chr15	23660181	23682759	4	12906	46036.542	3569.5818	337	1
3_MACS_peak_16445_lociStitched	chr20	5570609	5592550	3	20507	46639.9837	4181.9546	338	1
2_MACS_peak_24115_lociStitched	chr6	74220345	74234523	2	11923	45511.38	3070.9548	339	1
1_MACS_peak_13251_lociStitched	chr19	16221472	16231750	1	10279	44433.8496	2296.1052	340	1
3_MACS_peak_10973_lociStitched	chr17	7136621	7156728	3	12445	45689.1361	3583.0674	341	1
4_MACS_peak_3685_lociStitched	chr10	81946378	81966276	4	14127	45681.8284	3619.4462	342	1
3_MACS_peak_11969_lociStitched	chr17	70582371	70601681	3	13510	45617.944	3574.281	343	1
3_MACS_peak_13030_lociStitched	chr19	7400233	7410912	3	7114	44799.4729	2761.5894	344	1
3_MACS_peak_13806_lociStitched	chr19	50166021	50182952	3	10178	44868.8431	2866.4183	345	1
1_MACS_peak_12085_lociStitched	chr17	75203298	75210130	1	6833	43861.44	1878.1168	346	1
2_MACS_peak_16293_lociStitched	chr2	238600011	238613503	2	13370	43384.8752	1444.9932	347	1
1_MACS_peak_11428_lociStitched	chr17	37924829	37938280	1	13452	44807.9712	2887.9297	348	1
3_MACS_peak_17352_lociStitched	chr21	34696087	34712490	3	8637	46259.7406	4369.7592	349	1
3_MACS_peak_19370_lociStitched	chr3	125548487	125560730	3	9193	44739.5949	2870.9835	350	1
2_MACS_peak_20558_lociStitched	chr4	48193461	48206836	2	10414	44712.625	2874.2875	351	1
2_MACS_peak_6869_lociStitched	chr12	104318660	104326017	2	6333	43331.9943	1521.4276	352	1
1_MACS_peak_1723_lociStitched	chr1	154970811	154979802	1	8992	44161.9938	2355.642	353	1
4_MACS_peak_4805_lociStitched	chr11	62308024	62328689	4	14144	45946.561	4157.798	354	1
2_MACS_peak_20831_lociStitched	chr4	84132413	84144236	2	9161	44275.9527	2504.1114	355	1
1_MACS_peak_12133_lociStitched	chr17	76884423	76889402	1	4980	43050.4256	1348.3132	356	1
2_MACS_peak_9769_lociStitched	chr15	101737767	101751494	2	8605	43962.0902	2281.4274	357	1
1_MACS_peak_11767_lociStitched	chr17	55431288	55436535	1	5248	43050.5856	1392.5538	358	1
3_MACS_peak_1844_lociStitched	chr1	160633769	160656135	3	11244	47778.2492	6130.5206	359	1
3_MACS_peak_19735_lociStitched	chr3	160116201	160129643	3	10227	44411.0238	2898.0952	360	1
2_MACS_peak_2298_lociStitched	chr1	200986670	200996777	2	8440	44214.0822	2832.9921	361	1
8_MACS_peak_18664_lociStitched	chr3	46317961	46347319	8	19697	47090.232	5736.5532	362	1
4_MACS_peak_16900_lociStitched	chr20	43583375	43609470	4	15903	46762.24	5451.2455	363	1
1_MACS_peak_24604_lociStitched	chr6	130004005	130010977	1	6973	42720.93	1526.868	364	1
2_MACS_peak_23210_lociStitched	chr6	389106	404016	2	14873	44507.841	3318.966	365	1
1_MACS_peak_3318_lociStitched	chr10	45913670	45918207	1	4538	42061.1659	1053.0377	366	1
3_MACS_peak_18949_lociStitched	chr3	69128363	69155236	3	19983	45340.1256	4361.4879	367	1
4_MACS_peak_29181_lociStitched	chrX	10064991	10091072	4	14632	43325.7572	2469.8707	368	1
5_MACS_peak_2219_lociStitched	chr1	192498553	192520967	5	11307	46623.3614	6022.6418	369	1
3_MACS_peak_20301_lociStitched	chr4	9598968	9610941	3	9402	42768.7533	2191.059	370	1
3_MACS_peak_28681_lociStitched	chr9	112668862	112683245	3	8045	43360.4301	2824.8212	371	1
1_MACS_peak_20090_lociStitched	chr3	193817761	193823085	1	5325	42788.4556	2331.3796	372	1
2_MACS_peak_28909_lociStitched	chr9	130828732	130845784	2	14942	43828.7556	3435.978	373	1
4_MACS_peak_12887_lociStitched	chr19	1846993	1865764	4	11150	44175.6714	3803.0046	374	1
1_MACS_peak_26153_lociStitched	chr7	113723742	113728496	1	4755	41773.8734	1422.3968	375	1
1_MACS_peak_1322_lociStitched	chr1	111172726	111181469	1	8744	41904.3247	1558.0026	376	1
3_MACS_peak_10709_lociStitched	chr16	81841491	81857682	3	11038	42399.3717	2061.1143	377	1
4_MACS_peak_11988_lociStitched	chr17	72733610	72757408	4	18002	44890.1674	4628.711	378	1
1_MACS_peak_2687_lociStitched	chr1	228268925	228279620	1	10696	43462.341	3214.917	379	1
1_MACS_peak_3072_lociStitched	chr10	15826234	15832970	1	6737	41727.4992	1498.0864	380	1
1_MACS_peak_25206_lociStitched	chr7	20254734	20261934	1	7201	42144.48	1954.8	381	1
6_MACS_peak_12897_lociStitched	chr19	2031470	2062876	6	12108	46543.692	6516.745	382	1
3_MACS_peak_2090_lociStitched	chr1	179846253	179853610	3	5580	42078.3615	2192.386	383	1
1_MACS_peak_16945_lociStitched	chr20	45979032	45987228	1	8197	41281.6128	1472.8212	384	1
1_MACS_peak_271_lociStitched	chr1	21615870	21622749	1	6880	41131.6047	1416.3861	385	1
1_MACS_peak_20726_lociStitched	chr4	76023183	76029917	1	6735	41355.5142	1665.9916	386	1
2_MACS_peak_7862_lociStitched	chr13	115039366	115048693	2	9069	41325.1389	1791.7167	387	1
4_MACS_peak_10995_lociStitched	chr17	7736917	7762346	4	12951	43613.2779	4172.8989	388	1
3_MACS_peak_975_lociStitched	chr1	66736683	66750594	3	11233	42310.3065	2889.3147	389	1
1_MACS_peak_11935_lociStitched	chr17	66230168	66236379	1	6212	40782.6682	1375.1154	390	1
3_MACS_peak_19885_lociStitched	chr3	178230229	178241247	3	10398	42453.4558	3059.6986	391	1
1_MACS_peak_38_lociStitched	chr1	1708284	1715112	1	6829	40917.4728	1601.166	392	1
1_MACS_peak_1469_lociStitched	chr1	143741961	143746138	1	4178	40660.1711	1370.8914	393	1
4_MACS_peak_4870_lociStitched	chr11	64611565	64634558	4	9655	43279.7239	3996.1834	394	1
1_MACS_peak_29493_lociStitched	chrX	48767858	48779320	1	11463	40966.3342	1820.1656	395	1
1_MACS_peak_12705_lociStitched	chr18	56806287	56811963	1	5677	40513.0176	1391.7552	396	1
4_MACS_peak_6944_lociStitched	chr12	109161984	109181270	4	9979	42541.0588	3554.4098	397	1
5_MACS_peak_10241_lociStitched	chr16	29815280	29837079	5	14836	42582.1666	3662.232	398	1
3_MACS_peak_30096_lociStitched	chrX	153232565	153252602	3	12603	40633.0323	1837.3929	399	1
2_MACS_peak_2513_lociStitched	chr1	212779676	212788839	2	6173	41505.6411	2710.4154	400	1
1_MACS_peak_2640_lociStitched	chr1	226127702	226133601	1	5900	40811.6416	2024.5368	401	1
2_MACS_peak_229_lociStitched	chr1	17065962	17075584	2	3857	42088.5524	3319.59	402	1
3_MACS_peak_20483_lociStitched	chr4	38307085	38322317	3	11664	41970.2528	3203.2896	403	1
3_MACS_peak_15802_lociStitched	chr2	192530865	192546120	3	9549	41496.651	2736.747	404	1
3_MACS_peak_441_lociStitched	chr1	28558560	28577225	3	10758	42401.2805	3837.524	405	1
2_MACS_peak_28744_lociStitched	chr9	117125722	117137721	2	11626	40994.5835	2430.9974	406	1
3_MACS_peak_25965_lociStitched	chr7	100020534	100034873	3	7374	40523.4479	2106.3991	407	1
2_MACS_peak_2435_lociStitched	chr1	207994947	208006328	2	7778	41968.5756	3554.2863	408	1
2_MACS_peak_11215_lociStitched	chr17	27045982	27056758	2	9452	40706.34	2328.6936	409	1
1_MACS_peak_17528_lociStitched	chr21	45659783	45664983	1	5201	40123.72	1784.64	410	1
4_MACS_peak_18376_lociStitched	chr3	15834942	15851816	4	11509	41118.5632	2809.521	411	1
1_MACS_peak_17113_lociStitched	chr20	56192253	56197256	1	5004	39366.1055	1093.6558	412	1
2_MACS_peak_20776_lociStitched	chr4	78736000	78749567	2	9691	40865.1607	2617.0743	413	1
2_MACS_peak_20758_lociStitched	chr4	77608445	77624866	2	15768	41796.3713	3550.2202	414	1
2_MACS_peak_27573_lociStitched	chr8	118450258	118457552	2	7131	40063.7538	1872.3698	415	1
4_MACS_peak_21971_lociStitched	chr5	55272487	55291923	4	17528	41771.8512	3636.4756	416	1
1_MACS_peak_29062_lociStitched	chr9	139792091	139798328	1	6238	39488.9418	1361.5371	417	1
1_MACS_peak_23553_lociStitched	chr6	26269662	26275672	1	6011	39600.491	1512.116	418	1
1_MACS_peak_24660_lociStitched	chr6	135190487	135195966	1	5480	39480.0303	1403.1719	419	1
3_MACS_peak_20160_lociStitched	chr3	197450305	197464843	3	8713	41968.2984	3961.605	420	1
2_MACS_peak_28327_lociStitched	chr9	73026777	73036524	2	6881	39790.1781	1883.1204	421	1
5_MACS_peak_24902_lociStitched	chr6	157976490	158007213	5	15188	40668.0351	2783.5038	422	1
2_MACS_peak_226_lociStitched	chr1	16984951	16994428	2	3991	41044.887	3165.318	423	1
3_MACS_peak_14442_lociStitched	chr2	46788339	46804751	3	14611	40900.3452	3059.1968	424	1
4_MACS_peak_19124_lociStitched	chr3	101487694	101513251	4	12796	42324.9477	4505.6991	425	1
2_MACS_peak_6323_lociStitched	chr12	51712018	51722197	2	9498	40366.8603	2547.8037	426	1
1_MACS_peak_6723_lociStitched	chr12	92754896	92760384	1	5489	39395.0592	1577.2512	427	1
4_MACS_peak_4777_lociStitched	chr11	60666272	60684114	4	9752	41600.4072	3791.425	428	1
4_MACS_peak_9125_lociStitched	chr15	52950405	52977250	4	14867	42224.5005	4426.7405	429	1
2_MACS_peak_10624_lociStitched	chr16	71841330	71853040	2	6677	39905.338	2110.142	430	1
1_MACS_peak_18110_lociStitched	chr22	44419172	44424057	1	4886	38970.0875	1181.6815	431	1
2_MACS_peak_11683_lociStitched	chr17	47816067	47827856	2	10487	40347.8525	2578.2543	432	1
3_MACS_peak_10878_lociStitched	chr17	2294396	2306167	3	9612	39505.8302	1795.0775	433	1
1_MACS_peak_17114_lociStitched	chr20	56252843	56258956	1	6114	39127.4791	1460.3957	434	1
3_MACS_peak_17753_lociStitched	chr22	27005072	27014952	3	8724	40154.296	2487.784	435	1
3_MACS_peak_17967_lociStitched	chr22	39095792	39105936	3	8335	39797.9552	2154.5856	436	1
1_MACS_peak_26401_lociStitched	chr7	139042694	139046393	1	3700	38762.9307	1132.6338	437	1
2_MACS_peak_11894_lociStitched	chr17	62979888	62986056	2	5719	39079.8312	1469.2176	438	1
1_MACS_peak_2852_lociStitched	chr1	245132338	245136105	1	3768	38664.1113	1069.4513	439	1
1_MACS_peak_18338_lociStitched	chr3	14160862	14168259	1	7398	39382.3677	1864.7837	440	1
4_MACS_peak_15080_lociStitched	chr2	109829443	109843143	4	9782	40549.26	3050.99	441	1
5_MACS_peak_3963_lociStitched	chr10	105249696	105268240	5	12862	41295.6336	3827.4816	442	1
1_MACS_peak_26400_lociStitched	chr7	139024195	139027521	1	3327	38989.035	1554.2398	443	1
1_MACS_peak_20978_lociStitched	chr4	103746183	103751021	1	4839	38714.6436	1378.3462	444	1
1_MACS_peak_3438_lociStitched	chr10	63656449	63665381	1	8933	39301.6932	1965.9332	445	1
1_MACS_peak_15360_lociStitched	chr2	137137840	137142765	1	4926	38503.65	1174.12	446	1
1_MACS_peak_23599_lociStitched	chr6	27774511	27784200	1	9690	39295.6773	2040.5034	447	1
3_MACS_peak_9384_lociStitched	chr15	74827194	74846185	3	11900	40686.3184	3452.5638	448	1
1_MACS_peak_26290_lociStitched	chr7	128144686	128149853	1	5168	38896.6593	1679.7917	449	1
1_MACS_peak_23083_lociStitched	chr5	173168734	173174500	1	5767	38660.4534	1455.3384	450	1
2_MACS_peak_16731_lociStitched	chr20	32988818	33005799	2	12977	40177.046	3044.6933	451	1
4_MACS_peak_26859_lociStitched	chr8	27930167	27951665	4	14058	41265.411	4162.0128	452	1
3_MACS_peak_1756_lociStitched	chr1	155900416	155922430	3	17036	42993.342	5917.3632	453	1
2_MACS_peak_4830_lociStitched	chr11	62598090	62610570	2	7190	39570.336	2503.488	454	1
3_MACS_peak_23542_lociStitched	chr6	26155209	26174076	3	10984	40396.1337	3354.5526	455	1
4_MACS_peak_24661_lociStitched	chr6	135323055	135344165	4	11918	40729.634	3713.249	456	1
1_MACS_peak_17959_lociStitched	chr22	38700498	38714936	1	14439	39742.0388	2744.6638	457	1
5_MACS_peak_29929_lociStitched	chrX	128902180	128921340	5	14816	39099.812	2134.424	458	1
5_MACS_peak_14711_lociStitched	chr2	70334991	70360650	5	10334	41054.4	4123.4013	459	1
1_MACS_peak_4607_lociStitched	chr11	35159799	35169133	1	9335	39735.7714	2835.6692	460	1
2_MACS_peak_17611_lociStitched	chr22	19405748	19421161	2	9752	39936.6243	3062.5631	461	1
5_MACS_peak_12881_lociStitched	chr19	1647822	1672608	5	11662	41739.624	4882.842	462	1
1_MACS_peak_25877_lociStitched	chr7	92436913	92445739	1	8827	38808.8046	1997.3238	463	1
1_MACS_peak_22789_lociStitched	chr5	142774722	142785970	1	11249	38578.3904	1855.92	464	1
1_MACS_peak_13410_lociStitched	chr19	29121060	29126582	1	5523	37775.4498	1167.903	465	1
1_MACS_peak_17450_lociStitched	chr21	41382956	41389836	1	6881	39004.784	2432.08	466	1
3_MACS_peak_17236_lociStitched	chr21	19152043	19168974	3	14271	39967.3186	3435.2999	467	1
1_MACS_peak_13125_lociStitched	chr19	11199259	11208186	1	8928	38427.1642	1913.0561	468	1
1_MACS_peak_20670_lociStitched	chr4	69434530	69443477	1	8948	38215.3211	1727.6657	469	1
2_MACS_peak_5512_lociStitched	chr11	118738509	118744312	2	5666	37630.7141	1210.5058	470	1
4_MACS_peak_6419_lociStitched	chr12	57021762	57040953	4	14437	40414.3269	4020.5145	471	1
3_MACS_peak_11144_lociStitched	chr17	19206102	19221523	3	8749	38942.6513	2550.6334	472	1
4_MACS_peak_4013_lociStitched	chr10	111966926	111986765	4	11353	39902.1807	3539.2776	473	1
4_MACS_peak_13899_lociStitched	chr19	56145484	56168153	4	10935	39863.4365	3511.4281	474	1
1_MACS_peak_27757_lociStitched	chr8	134245129	134248946	1	3818	37381.0261	1036.6972	475	1
3_MACS_peak_5652_lociStitched	chr11	129233677	129249856	3	10608	39709.7376	3376.5573	476	1
2_MACS_peak_26864_lociStitched	chr8	28195113	28207418	2	8695	38936.7115	2607.4295	477	1
1_MACS_peak_5039_lociStitched	chr11	69060892	69066663	1	5772	37559.3993	1314.6338	478	1
3_MACS_peak_20512_lociStitched	chr4	40302591	40319769	3	11337	39648.5418	3442.4712	479	1
3_MACS_peak_23060_lociStitched	chr5	171601136	171616066	3	11622	39227.082	3096.482	480	1
3_MACS_peak_13757_lociStitched	chr19	48824076	48838067	3	10696	39782.0094	3683.8303	481	1
1_MACS_peak_17364_lociStitched	chr21	34913058	34916709	1	3652	37352.6508	1257.0393	482	1
2_MACS_peak_11180_lociStitched	chr17	20936670	20948008	2	8992	38101.349	2006.826	483	1
9_MACS_peak_10665_lociStitched	chr16	78763435	78804985	9	33542	40444.77	4375.215	484	1
3_MACS_peak_5574_lociStitched	chr11	122925935	122942065	3	12597	38684.579	2629.19	485	1
2_MACS_peak_3941_lociStitched	chr10	104401115	104413275	2	11831	37857.728	1849.536	486	1
3_MACS_peak_9707_lociStitched	chr15	93346274	93364531	3	10590	39418.6887	3423.1875	487	1
2_MACS_peak_23605_lociStitched	chr6	27857318	27871768	2	8801	38395.095	2400.145	488	1
1_MACS_peak_11019_lociStitched	chr17	8149370	8153824	1	4455	37138.3428	1145.1234	489	1
4_MACS_peak_23819_lociStitched	chr6	37121865	37144253	4	12303	39749.894	3758.9452	490	1
1_MACS_peak_16192_lociStitched	chr2	231729305	231739417	1	10113	37180.8128	1215.4624	491	1
3_MACS_peak_16682_lociStitched	chr20	31255039	31270461	3	9174	38704.5934	2882.3718	492	1
3_MACS_peak_18556_lociStitched	chr3	39248504	39263625	3	7964	38724.881	2938.0103	493	1
2_MACS_peak_26369_lociStitched	chr7	134843803	134857216	2	7130	39298.7487	3527.619	494	1
1_MACS_peak_11926_lociStitched	chr17	65642577	65648786	1	6210	37093.8078	1350.4575	495	1
3_MACS_peak_13086_lociStitched	chr19	10329539	10347840	3	9682	38662.6926	3006.8543	496	1
2_MACS_peak_19695_lociStitched	chr3	156871771	156879546	2	7433	38289.5425	2661.3825	497	1
3_MACS_peak_28463_lociStitched	chr9	93670878	93688885	3	9286	39129.211	3664.4245	498	1
4_MACS_peak_13761_lociStitched	chr19	48880288	48902304	4	12412	39525.3248	4086.1696	499	1
2_MACS_peak_3752_lociStitched	chr10	90143708	90152862	2	6951	37283.3266	1871.0776	500	1
3_MACS_peak_6425_lociStitched	chr12	57093663	57120252	3	17204	40064.3052	4727.5242	501	1
2_MACS_peak_10288_lociStitched	chr16	30661186	30672957	2	7693	37697.8046	2374.2107	502	1
3_MACS_peak_17512_lociStitched	chr21	45195104	45210758	3	11045	39643.755	4422.255	503	1
3_MACS_peak_28789_lociStitched	chr9	123630331	123641489	3	9202	37529.933	2316.4008	504	1
2_MACS_peak_18825_lociStitched	chr3	52729732	52745826	2	10409	38115.4202	2943.5926	505	1
1_MACS_peak_5662_lociStitched	chr11	129871089	129874554	1	3466	36070.9965	933.471	506	1
1_MACS_peak_23366_lociStitched	chr6	12007669	12014090	1	6422	36230.4925	1130.7381	507	1
1_MACS_peak_16958_lociStitched	chr20	46386364	46392792	1	6429	36566.9636	1564.5752	508	1
2_MACS_peak_1049_lociStitched	chr1	75596079	75612377	2	15650	37390.8716	2397.4358	509	1
2_MACS_peak_625_lociStitched	chr1	40029498	40047928	2	14465	38269.895	3300.813	510	1
2_MACS_peak_12070_lociStitched	chr17	74721487	74734983	2	8964	37516.1808	2553.4432	511	1
3_MACS_peak_28434_lociStitched	chr9	91924613	91935279	3	9172	36970.4892	2058.538	512	1
2_MACS_peak_3933_lociStitched	chr10	104153075	104160017	2	6027	36362.8902	1489.7532	513	1
2_MACS_peak_1792_lociStitched	chr1	156709166	156722713	2	13469	38552.0526	3714.5874	514	1
2_MACS_peak_20095_lociStitched	chr3	194022852	194034030	2	5398	37856.5326	3027.0024	515	1
4_MACS_peak_6563_lociStitched	chr12	69195329	69215758	4	11928	38247.1738	3421.8575	516	1
2_MACS_peak_5686_lociStitched	chr11	132218870	132231573	2	7216	37226.1415	2428.8136	517	1
2_MACS_peak_13163_lociStitched	chr19	12713675	12726046	2	7383	37161.2469	2367.8094	518	1
1_MACS_peak_26049_lociStitched	chr7	104621240	104626290	1	5051	36080.735	1293.81	519	1
1_MACS_peak_13886_lociStitched	chr19	55764135	55772368	1	8234	36677.1917	1929.8152	520	1
6_MACS_peak_13095_lociStitched	chr19	10513300	10539650	6	13870	39290.485	4569.09	521	1
5_MACS_peak_14605_lociStitched	chr2	64430492	64456397	5	11376	39178.722	4525.6035	522	1
1_MACS_peak_2554_lociStitched	chr1	218336078	218339969	1	3892	35726.3838	1099.2075	523	1
4_MACS_peak_23685_lociStitched	chr6	31618995	31634878	4	8878	37215.4573	2590.5173	524	1
1_MACS_peak_13515_lociStitched	chr19	38537030	38541162	1	4133	35721.9664	1159.026	525	1
3_MACS_peak_2696_lociStitched	chr1	228665689	228679007	3	6982	37087.9664	2573.0376	526	1
3_MACS_peak_9655_lociStitched	chr15	90721303	90736271	3	8211	37198.4736	2704.7176	527	1
3_MACS_peak_1863_lociStitched	chr1	161122706	161137545	3	7971	39066.6353	4610.4773	528	1
2_MACS_peak_26302_lociStitched	chr7	128572530	128582346	2	6938	37332.2112	2887.8672	529	1
3_MACS_peak_14373_lociStitched	chr2	42344142	42361021	3	11853	37464.6284	3023.0289	530	1
3_MACS_peak_17476_lociStitched	chr21	43639121	43655844	3	8276	38576.6164	4143.9594	531	1
1_MACS_peak_22170_lociStitched	chr5	75696803	75702534	1	5732	35745.3932	1349.0774	532	1
2_MACS_peak_10032_lociStitched	chr16	14491958	14501669	2	5388	36086.076	1693.5984	533	1
3_MACS_peak_559_lociStitched	chr1	36614170	36627515	3	8881	36872.235	2508.86	534	1
1_MACS_peak_17701_lociStitched	chr22	23517277	23526655	1	9379	36594.8316	2308.8636	535	1
3_MACS_peak_18476_lociStitched	chr3	30682685	30703662	3	16746	38232.6802	3981.4346	536	1
1_MACS_peak_23764_lociStitched	chr6	34622840	34627300	1	4461	35527.468	1279.128	537	1
3_MACS_peak_23924_lociStitched	chr6	44213190	44234219	3	12146	38308.5293	4071.2144	538	1
1_MACS_peak_17204_lociStitched	chr21	9963133	9969934	1	6802	37800.6381	3572.5653	539	1
3_MACS_peak_24365_lociStitched	chr6	106585425	106595719	3	8638	36352.2316	2150.4166	540	1
2_MACS_peak_22445_lociStitched	chr5	112256408	112266833	2	7901	36716.85	2590.6125	541	1
2_MACS_peak_12031_lociStitched	chr17	73774148	73782605	2	7172	36015.8259	1983.1665	542	1
2_MACS_peak_19283_lociStitched	chr3	119811239	119823067	2	5767	36045.83	2022.588	543	1
2_MACS_peak_2815_lociStitched	chr1	240074419	240082512	2	6666	36246.1191	2234.4773	544	1
1_MACS_peak_16050_lociStitched	chr2	216877143	216883323	1	6181	35426.232	1417.692	545	1
1_MACS_peak_9425_lociStitched	chr15	75742318	75749138	1	6821	35721.114	1713.866	546	1
1_MACS_peak_10903_lociStitched	chr17	3813439	3820711	1	7273	35809.5096	1893.6288	547	1
3_MACS_peak_28792_lociStitched	chr9	123653348	123667623	3	8135	36582.5425	2676.5625	548	1
2_MACS_peak_25553_lociStitched	chr7	50343493	50358006	2	13246	36373.9319	2491.8821	549	1
1_MACS_peak_14274_lociStitched	chr2	33716506	33724183	1	7678	35585.1981	1753.4268	550	1
1_MACS_peak_28469_lociStitched	chr9	93795629	93799385	1	3757	34821.876	1045.6704	551	1
3_MACS_peak_20937_lociStitched	chr4	100765789	100783796	3	10621	37407.7418	3637.414	552	1
3_MACS_peak_1857_lociStitched	chr1	161028913	161041502	3	8069	36895.8412	3237.8908	553	1
1_MACS_peak_19623_lociStitched	chr3	150315235	150323426	1	8192	35458.839	1847.0705	554	1
1_MACS_peak_5622_lociStitched	chr11	126333879	126337861	1	3983	34580.4844	984.7486	555	1
2_MACS_peak_6209_lociStitched	chr12	46119387	46132709	2	10841	35721.6108	2128.8556	556	1
1_MACS_peak_1130_lociStitched	chr1	87792781	87803183	1	10403	35252.378	1692.4054	557	1
2_MACS_peak_6843_lociStitched	chr12	102129065	102140282	2	7864	35544.4296	2048.2242	558	1
4_MACS_peak_22876_lociStitched	chr5	150512961	150537888	4	16481	38021.1531	4604.0169	559	1
4_MACS_peak_16934_lociStitched	chr20	45172762	45191653	4	10639	37003.6908	3617.6265	560	1
2_MACS_peak_27979_lociStitched	chr9	6673137	6684283	2	4916	35579.1466	2204.6788	561	1
1_MACS_peak_27671_lociStitched	chr8	126441069	126449621	1	8553	35347.9816	1981.4984	562	1
1_MACS_peak_24711_lociStitched	chr6	138186927	138196341	1	9415	35393.8158	2042.838	563	1
3_MACS_peak_5168_lociStitched	chr11	78163240	78178227	3	7509	36030.2467	2697.66	564	1
5_MACS_peak_6220_lociStitched	chr12	46776336	46798794	5	13274	37352.1456	4078.3728	565	1
1_MACS_peak_26891_lociStitched	chr8	29410392	29416078	1	5687	34579.9776	1307.2114	566	1
1_MACS_peak_26338_lociStitched	chr7	130789933	130796513	1	6581	35392.504	2137.842	567	1
1_MACS_peak_25537_lociStitched	chr7	47708134	47712360	1	4227	34500.6414	1325.2736	568	1
2_MACS_peak_15456_lociStitched	chr2	157188254	157200617	2	7549	35537.4435	2367.5145	569	1
1_MACS_peak_20804_lociStitched	chr4	82389762	82394862	1	5101	34503.03	1425.45	570	1
1_MACS_peak_21541_lociStitched	chr4	185454453	185460732	1	6280	34623.0339	1552.7967	571	1
1_MACS_peak_12057_lociStitched	chr17	74257552	74265711	1	8160	34628.4278	1591.8209	572	1
1_MACS_peak_11707_lociStitched	chr17	48941963	48946011	1	4049	33890.6656	879.2256	573	1
2_MACS_peak_277_lociStitched	chr1	22099537	22110698	2	6094	34803.3463	1810.3142	574	1
3_MACS_peak_22497_lociStitched	chr5	118657884	118678715	3	13970	36833.3742	3855.8181	575	1
1_MACS_peak_26870_lociStitched	chr8	28346909	28353093	1	6185	34594.5328	1622.6816	576	1
1_MACS_peak_1716_lociStitched	chr1	154831059	154834575	1	3517	34664.244	1756.242	577	1
2_MACS_peak_15042_lociStitched	chr2	106405798	106416288	2	7448	34833.094	1929.111	578	1
1_MACS_peak_28748_lociStitched	chr9	117210452	117216494	1	6043	34406.169	1530.4386	579	1
2_MACS_peak_10891_lociStitched	chr17	3459622	3466839	2	4958	34036.8154	1209.5692	580	1
2_MACS_peak_25543_lociStitched	chr7	48124372	48129684	2	5038	33945.2736	1121.8944	581	1
1_MACS_peak_11434_lociStitched	chr17	38016428	38024968	1	8541	34600.664	1795.962	582	1
2_MACS_peak_20311_lociStitched	chr4	10096209	10109319	2	9468	34973.547	2205.102	583	1
5_MACS_peak_11586_lociStitched	chr17	43504836	43531669	5	15718	37077.8394	4317.4297	584	1
3_MACS_peak_9575_lociStitched	chr15	85277062	85293291	3	8394	35476.594	2744.3239	585	1
6_MACS_peak_8897_lociStitched	chr15	40329772	40358312	6	13856	37989.594	5277.046	586	1
2_MACS_peak_4292_lociStitched	chr11	3528520	3536605	2	6887	34399.2495	1747.977	587	1
1_MACS_peak_20988_lociStitched	chr4	105407375	105417386	1	10012	34686.1128	2041.2429	588	1
1_MACS_peak_15467_lociStitched	chr2	158323922	158328460	1	4539	33829.4286	1211.646	589	1
2_MACS_peak_10990_lociStitched	chr17	7474956	7488453	2	11482	35476.8645	2878.9101	590	1
3_MACS_peak_18736_lociStitched	chr3	49054824	49067748	3	10201	35276.058	2715.3324	591	1
1_MACS_peak_2051_lociStitched	chr1	174967174	174970937	1	3764	33918.9294	1379.1395	592	1
4_MACS_peak_17666_lociStitched	chr22	22549239	22565538	4	7835	35802.3834	3294.0279	593	1
3_MACS_peak_9388_lociStitched	chr15	74906340	74924565	3	12036	35766.5625	3291.435	594	1
3_MACS_peak_21189_lociStitched	chr4	129724219	129741544	3	10250	35112.5775	2645.5275	595	1
3_MACS_peak_23735_lociStitched	chr6	33279658	33292598	3	9389	35073.87	2607.41	596	1
2_MACS_peak_28842_lociStitched	chr9	127622725	127636146	2	8970	35032.8363	2575.4899	597	1
2_MACS_peak_10976_lociStitched	chr17	7209433	7219685	2	7914	34524.6352	2085.2568	598	1
1_MACS_peak_1847_lociStitched	chr1	160676609	160685111	1	8503	35619.129	3204.4038	599	1
1_MACS_peak_7849_lociStitched	chr13	114789349	114794643	1	5295	33834.4834	1428.8506	600	1
3_MACS_peak_14947_lociStitched	chr2	96889877	96913039	3	11422	36026.1748	3631.8016	601	1
2_MACS_peak_26366_lociStitched	chr7	134670626	134682315	2	8045	35771.8467	3396.8234	602	1
2_MACS_peak_2715_lociStitched	chr1	230238343	230248918	2	9520	35475.9525	3136.545	603	1
1_MACS_peak_28467_lociStitched	chr9	93733089	93737832	1	4744	33542.496	1210.8879	604	1
4_MACS_peak_23697_lociStitched	chr6	31783101	31805824	4	16617	36679.4666	4358.2714	605	1
3_MACS_peak_23668_lociStitched	chr6	31157564	31172917	3	7461	35098.4933	2812.6696	606	1
2_MACS_peak_17494_lociStitched	chr21	44725785	44734561	2	7313	34781.0432	2509.0584	607	1
1_MACS_peak_4457_lociStitched	chr11	16979599	16986809	1	7211	33830.041	1594.852	608	1
2_MACS_peak_9764_lociStitched	chr15	101661411	101669550	2	5962	33797.1975	1664.4255	609	1
2_MACS_peak_2636_lociStitched	chr1	226062565	226071530	2	8806	34837.0935	2736.118	610	1
1_MACS_peak_14039_lociStitched	chr2	10259821	10267051	1	7231	33907.254	1874.016	611	1
2_MACS_peak_20226_lociStitched	chr4	4029738	4037584	2	6490	33665.6168	1663.352	612	1
2_MACS_peak_19233_lociStitched	chr3	113455254	113468850	2	9280	34533.84	2645.7816	613	1
1_MACS_peak_26666_lociStitched	chr8	10821969	10825700	1	3732	32882.7954	1117.0614	614	1
2_MACS_peak_5458_lociStitched	chr11	115125930	115137023	2	7424	33889.115	2185.321	615	1
2_MACS_peak_27783_lociStitched	chr8	137189300	137201667	2	10868	34315.9516	2632.9343	616	1
1_MACS_peak_26984_lociStitched	chr8	38237120	38245054	1	7935	33438.6364	1765.315	617	1
4_MACS_peak_21804_lociStitched	chr5	32275898	32297084	4	16942	35906.0328	4237.2	618	1
3_MACS_peak_28120_lociStitched	chr9	33286881	33299028	3	8150	34182.8727	2535.0789	619	1
1_MACS_peak_18167_lociStitched	chr22	48491959	48496289	1	4331	32422.607	808.844	620	1
2_MACS_peak_9376_lociStitched	chr15	74665769	74678877	2	6644	34142.4076	2552.1276	621	1
1_MACS_peak_3566_lociStitched	chr10	74078135	74082075	1	3941	32412.804	856.162	622	1
2_MACS_peak_19442_lociStitched	chr3	129893226	129900706	2	6605	33331.628	1775.752	623	1
1_MACS_peak_13782_lociStitched	chr19	49375132	49380634	1	5503	33130.8432	1597.7808	624	1
1_MACS_peak_13730_lociStitched	chr19	47613818	47617854	1	4037	32259.748	856.4392	625	1
1_MACS_peak_3535_lociStitched	chr10	72335092	72340424	1	5333	32663.832	1301.008	626	1
4_MACS_peak_2977_lociStitched	chr10	7511496	7535745	4	12195	35059.2042	3741.6207	627	1
2_MACS_peak_4277_lociStitched	chr11	2792907	2801164	2	8200	33089.1018	1774.4293	628	1
1_MACS_peak_4890_lociStitched	chr11	64898636	64903670	1	5035	32716.4694	1422.6084	629	1
1_MACS_peak_22007_lociStitched	chr5	56467232	56473038	1	5807	32418.9622	1131.0088	630	1
2_MACS_peak_16560_lociStitched	chr20	17945245	17952747	2	7280	32706.4694	1420.8788	631	1
1_MACS_peak_6485_lociStitched	chr12	62995201	62998251	1	3051	31816.685	540.155	632	1
2_MACS_peak_23744_lociStitched	chr6	33537714	33548781	2	7472	33417.9132	2238.8541	633	1
3_MACS_peak_23986_lociStitched	chr6	52358153	52368615	3	8966	33075.613	1965.8098	634	1
1_MACS_peak_22415_lociStitched	chr5	109023697	109034347	1	10651	33294.03	2239.695	635	1
3_MACS_peak_25501_lociStitched	chr7	45024235	45042295	3	11282	34183.968	3129.798	636	1
1_MACS_peak_12927_lociStitched	chr19	2594918	2600372	1	5455	32822.172	1789.4574	637	1
1_MACS_peak_6448_lociStitched	chr12	57912601	57917836	1	5236	32208.3375	1178.922	638	1
3_MACS_peak_5802_lociStitched	chr12	7022757	7038396	3	14271	34055.4864	3032.4021	639	1
2_MACS_peak_6412_lociStitched	chr12	56726400	56734378	2	7895	32969.085	1961.7902	640	1
4_MACS_peak_5915_lociStitched	chr12	13242290	13256049	4	10293	33785.2245	2830.2263	641	1
1_MACS_peak_28212_lociStitched	chr9	37527896	37532875	1	4980	32264.9158	1319.9329	642	1
1_MACS_peak_12615_lociStitched	chr18	48677550	48681703	1	4154	31887.1493	961.0042	643	1
2_MACS_peak_26006_lociStitched	chr7	101944899	101952397	2	7289	32251.1474	1385.6304	644	1
3_MACS_peak_14651_lociStitched	chr2	65609270	65623040	3	10241	33439.068	2574.99	645	1
2_MACS_peak_19295_lociStitched	chr3	121303170	121313598	2	4329	32553.0876	1710.192	646	1
3_MACS_peak_24941_lociStitched	chr6	160389288	160405279	3	11597	32482.5183	1663.064	647	1
1_MACS_peak_9407_lociStitched	chr15	75298911	75303628	1	4718	32015.6941	1224.5332	648	1
2_MACS_peak_9917_lociStitched	chr16	4554082	4568864	2	9350	33503.403	2737.6264	649	1
1_MACS_peak_19169_lociStitched	chr3	108787882	108793009	1	5128	31908.3972	1150.4988	650	1
2_MACS_peak_20680_lociStitched	chr4	71542183	71555189	2	8886	33158.797	2442.5268	651	1
2_MACS_peak_17344_lociStitched	chr21	34600828	34612897	2	9332	34193.8908	3479.4927	652	1
6_MACS_peak_17068_lociStitched	chr20	52531412	52566853	6	14161	36433.348	5794.6035	653	1
1_MACS_peak_6940_lociStitched	chr12	109082756	109088189	1	5434	32051.4402	1419.0996	654	1
4_MACS_peak_28995_lociStitched	chr9	134595114	134615390	4	11411	33824.4232	3197.5252	655	1
1_MACS_peak_6027_lociStitched	chr12	26306093	26312280	1	6188	32141.465	1548.6061	656	1
5_MACS_peak_4882_lociStitched	chr11	64839224	64865045	5	11919	34687.9314	4095.2106	657	1
1_MACS_peak_23801_lociStitched	chr6	36559240	36566275	1	7036	32185.125	1673.6265	658	1
4_MACS_peak_9736_lociStitched	chr15	99393312	99419362	4	10574	34552.72	4131.53	659	1
3_MACS_peak_19795_lociStitched	chr3	169754937	169776509	3	11884	35716.7604	5295.926	660	1
1_MACS_peak_6762_lociStitched	chr12	94563778	94569311	1	5534	31794.8312	1377.1637	661	1
4_MACS_peak_12112_lociStitched	chr17	76163776	76184062	4	12539	34216.3962	3823.911	662	1
1_MACS_peak_17498_lociStitched	chr21	44780500	44783181	1	2682	31448.3981	1059.5312	663	1
1_MACS_peak_17894_lociStitched	chr22	36726233	36731693	1	5461	31676.19	1303.848	664	1
2_MACS_peak_19297_lociStitched	chr3	121372998	121381737	2	5292	32072.13	1722.4569	665	1
2_MACS_peak_1815_lociStitched	chr1	159036539	159048231	2	5848	33712.7128	3366.1268	666	1
4_MACS_peak_16613_lociStitched	chr20	23329737	23347986	4	10168	33486.915	3158.9019	667	1
2_MACS_peak_26996_lociStitched	chr8	38792409	38802139	2	7332	31963.05	1650.208	668	1
1_MACS_peak_2920_lociStitched	chr10	3823775	3828982	1	5208	31439.866	1158.0368	669	1
1_MACS_peak_3506_lociStitched	chr10	70846063	70851957	1	5895	31602.4492	1363.2822	670	1
3_MACS_peak_19421_lociStitched	chr3	128899469	128915563	3	8988	32608.0534	2373.865	671	1
3_MACS_peak_18414_lociStitched	chr3	20080327	20098737	3	12247	33334.987	3105.767	672	1
1_MACS_peak_19485_lociStitched	chr3	133290441	133298430	1	7990	32206.0557	1990.8588	673	1
1_MACS_peak_24679_lociStitched	chr6	136609224	136612794	1	3571	31317.468	1124.193	674	1
1_MACS_peak_23655_lociStitched	chr6	30582035	30587075	1	5041	31471.272	1294.776	675	1
1_MACS_peak_22715_lociStitched	chr5	139011697	139019127	1	7431	32299.696	2129.438	676	1
1_MACS_peak_16855_lociStitched	chr20	40720484	40724903	1	4420	31329.8262	1162.6389	677	1
1_MACS_peak_21909_lociStitched	chr5	43036943	43043788	1	6846	31840.8865	1676.3405	678	1
5_MACS_peak_5879_lociStitched	chr12	11901542	11920186	5	12281	33383.9464	3245.9204	679	1
4_MACS_peak_12108_lociStitched	chr17	76137615	76152445	4	10016	32864.763	2727.237	680	1
1_MACS_peak_4775_lociStitched	chr11	60604777	60613087	1	8311	32364.126	2246.193	681	1
1_MACS_peak_13904_lociStitched	chr19	56329085	56333053	1	3969	31236.096	1145.1648	682	1
1_MACS_peak_23390_lociStitched	chr6	13354455	13358510	1	4056	31199.5755	1109.448	683	1
2_MACS_peak_20203_lociStitched	chr4	2413379	2421715	2	5635	31733.4848	1653.0288	684	1
1_MACS_peak_1612_lociStitched	chr1	150335377	150339561	1	4185	31528.532	1472.768	685	1
2_MACS_peak_5827_lociStitched	chr12	8467844	8475089	2	5783	31580.2305	1603.3185	686	1
6_MACS_peak_15900_lociStitched	chr2	202072914	202101896	6	18873	35630.4708	5660.1846	687	1
1_MACS_peak_6543_lociStitched	chr12	68381038	68387094	1	6057	31322.2376	1354.7272	688	1
6_MACS_peak_21687_lociStitched	chr5	6708530	6738404	6	12173	34423.8102	4478.1126	689	1
3_MACS_peak_11641_lociStitched	chr17	46124132	46134964	3	9735	31787.5872	1894.5168	690	1
1_MACS_peak_16867_lociStitched	chr20	42378206	42382366	1	4161	31308.16	1443.52	691	1
4_MACS_peak_4608_lociStitched	chr11	35183170	35205525	4	12551	33876.767	4115.5555	692	1
1_MACS_peak_7643_lociStitched	chr13	77898962	77905431	1	6470	31000.0949	1249.1639	693	1
2_MACS_peak_19498_lociStitched	chr3	135910585	135917459	2	6836	31326.8802	1589.9562	694	1
3_MACS_peak_4902_lociStitched	chr11	65236085	65246289	3	6556	31826.276	2095.9016	695	1
2_MACS_peak_19278_lociStitched	chr3	119356003	119362750	2	5243	31293.9354	1576.7739	696	1
1_MACS_peak_20614_lociStitched	chr4	57622285	57626775	1	4491	30838.218	1178.176	697	1
1_MACS_peak_5508_lociStitched	chr11	118689405	118692989	1	3585	30632.0896	1003.8784	698	1
1_MACS_peak_10834_lociStitched	chr17	977532	985586	1	8055	31098.9102	1484.3522	699	1
6_MACS_peak_4162_lociStitched	chr10	126407093	126438400	6	15212	33899.2196	4351.673	700	1
1_MACS_peak_2787_lociStitched	chr1	235665410	235669590	1	4181	30886.856	1351.812	701	1
2_MACS_peak_12703_lociStitched	chr18	56751287	56762493	2	6794	31533.684	2018.2006	702	1
1_MACS_peak_2850_lociStitched	chr1	245025058	245029094	1	4037	30505.7024	1011.4216	703	1
1_MACS_peak_3742_lociStitched	chr10	89619823	89626032	1	6210	30880.4615	1449.8015	704	1
1_MACS_peak_5786_lociStitched	chr12	6640826	6647793	1	6968	31141.0966	1725.0292	705	1
3_MACS_peak_25284_lociStitched	chr7	25979763	25994350	3	8315	31993.6671	2631.4948	706	1
3_MACS_peak_5535_lociStitched	chr11	119543235	119566736	3	11304	32776.8447	3419.3955	707	1
3_MACS_peak_27839_lociStitched	chr8	145002140	145018812	3	11044	31958.5568	2620.8384	708	1
4_MACS_peak_18201_lociStitched	chr22	50962057	50979093	4	9652	31951.018	2621.8404	709	1
1_MACS_peak_5778_lociStitched	chr12	6468396	6473985	1	5590	30564.5643	1237.9635	710	1
4_MACS_peak_24781_lociStitched	chr6	143162861	143179961	4	11509	31195.53	1882.71	711	1
3_MACS_peak_784_lociStitched	chr1	46790096	46807487	3	8641	32237.6967	2940.8181	712	1
1_MACS_peak_24752_lociStitched	chr6	139690539	139697998	1	7460	30942.1697	1707.3651	713	1
2_MACS_peak_16212_lociStitched	chr2	232570525	232579833	2	9196	30376.658	1170.0156	714	1
1_MACS_peak_21520_lociStitched	chr4	185184651	185191456	1	6806	30756.5585	1612.785	715	1
2_MACS_peak_28900_lociStitched	chr9	130672455	130681229	2	8722	30677.4136	1567.0364	716	1
5_MACS_peak_3291_lociStitched	chr10	43931369	43951927	5	10049	32181.4932	3087.8116	717	1
2_MACS_peak_17178_lociStitched	chr20	62358005	62371005	2	9893	31509.4	2447.9	718	1
1_MACS_peak_19748_lociStitched	chr3	161486691	161490629	1	3939	30311.9674	1255.0406	719	1
1_MACS_peak_22049_lociStitched	chr5	61985033	61991127	1	6095	30398.7002	1346.774	720	1
5_MACS_peak_12918_lociStitched	chr19	2445732	2480285	5	14846	36056.0555	7055.7226	721	1
2_MACS_peak_22588_lociStitched	chr5	130708916	130718979	2	9051	31084.607	2086.0599	722	1
1_MACS_peak_353_lociStitched	chr1	25869662	25878048	1	8387	31034.0702	2046.184	723	1
1_MACS_peak_13595_lociStitched	chr19	41767977	41772469	1	4493	30237.898	1253.7172	724	1
2_MACS_peak_18874_lociStitched	chr3	56948155	56956726	2	6789	30816.1734	1847.0505	725	1
2_MACS_peak_2424_lociStitched	chr1	207094073	207104444	2	5144	32070.2433	3110.2629	726	1
2_MACS_peak_19427_lociStitched	chr3	128994427	129003407	2	8921	30880.424	1921.72	727	1
1_MACS_peak_21597_lociStitched	chr4	187749199	187752663	1	3465	29904.712	990.3576	728	1
1_MACS_peak_1984_lociStitched	chr1	167903612	167907553	1	3942	30336.2416	1441.2237	729	1
1_MACS_peak_1507_lociStitched	chr1	145394841	145400490	1	5650	30840.7155	1951.1646	730	1
1_MACS_peak_22703_lociStitched	chr5	138748825	138752796	1	3972	29856.7577	997.9123	731	1
1_MACS_peak_25295_lociStitched	chr7	26191096	26198399	1	7304	30310.3712	1486.8908	732	1
4_MACS_peak_24239_lociStitched	chr6	88625678	88637286	4	9773	31353.208	2611.8	733	1
3_MACS_peak_2164_lociStitched	chr1	184704017	184725700	3	11025	34207.1008	5468.4526	734	1
4_MACS_peak_16439_lociStitched	chr20	5092565	5109068	4	11031	31532.2821	2815.4118	735	1
1_MACS_peak_28876_lociStitched	chr9	129765517	129771084	1	5568	30252.1914	1563.7703	736	1
2_MACS_peak_26099_lociStitched	chr7	106504327	106513488	2	8431	31554.1484	2878.3862	737	1
4_MACS_peak_26291_lociStitched	chr7	128162788	128178284	4	9798	31534.36	2865.2104	738	1
3_MACS_peak_5517_lociStitched	chr11	118887846	118902011	3	9760	31535.5395	2891.0765	739	1
1_MACS_peak_23541_lociStitched	chr6	26122122	26127159	1	5038	30020.0163	1405.323	740	1
2_MACS_peak_12094_lociStitched	chr17	75434536	75442822	2	6734	30013.5492	1425.192	741	1
1_MACS_peak_28994_lociStitched	chr9	134550819	134555735	1	4917	29764.4136	1180.3316	742	1
2_MACS_peak_53_lociStitched	chr1	2476942	2489198	2	6996	30474.544	1903.3568	743	1
1_MACS_peak_12023_lociStitched	chr17	73637957	73643773	1	5817	29772.6856	1238.2264	744	1
1_MACS_peak_22233_lociStitched	chr5	81145885	81152054	1	6170	29828.3488	1323.2505	745	1
1_MACS_peak_17511_lociStitched	chr21	45135610	45140959	1	5350	29892.8865	1389.1353	746	1
2_MACS_peak_25035_lociStitched	chr7	2438727	2447828	2	7492	29957.7617	1467.9913	747	1
2_MACS_peak_28905_lociStitched	chr9	130731578	130744185	2	8511	30943.8815	2497.4467	748	1
2_MACS_peak_27804_lociStitched	chr8	142126743	142140689	2	7656	30897.363	2454.496	749	1
2_MACS_peak_20973_lociStitched	chr4	103532196	103542782	2	8816	30790.4396	2353.2678	750	1
1_MACS_peak_5084_lociStitched	chr11	72523364	72527530	1	4167	29361.1348	953.1808	751	1
4_MACS_peak_27478_lociStitched	chr8	103815899	103828755	4	10072	29680.6472	1285.6	752	1
1_MACS_peak_12956_lociStitched	chr19	3983229	3990764	1	7536	30939.4635	2564.914	753	1
1_MACS_peak_14641_lociStitched	chr2	65254901	65261238	1	6338	29797.2077	1439.7664	754	1
2_MACS_peak_6045_lociStitched	chr12	27330111	27340407	2	7501	30208.464	1879.02	755	1
1_MACS_peak_17963_lociStitched	chr22	38900035	38903697	1	3663	29133.041	810.7668	756	1
3_MACS_peak_13174_lociStitched	chr19	12898837	12918235	3	9592	31558.6062	3243.3456	757	1
1_MACS_peak_9313_lociStitched	chr15	69108864	69115006	1	6143	29145.6326	867.8646	758	1
5_MACS_peak_19636_lociStitched	chr3	151985347	152002019	5	14772	31141.6288	2874.2528	759	1
3_MACS_peak_4224_lociStitched	chr10	135201073	135215684	3	7583	30444.9407	2182.8834	760	1
3_MACS_peak_17985_lociStitched	chr22	39459164	39474341	3	10999	31281.3147	3030.8469	761	1
3_MACS_peak_22256_lociStitched	chr5	86408444	86420257	3	8913	30413.7498	2173.592	762	1
2_MACS_peak_5203_lociStitched	chr11	82705150	82719885	2	8288	30844.7755	2611.042	763	1
2_MACS_peak_4135_lociStitched	chr10	125155938	125163703	2	6801	29901.462	1686.558	764	1
1_MACS_peak_3962_lociStitched	chr10	105229983	105233290	1	3308	28974.9419	769.8696	765	1
3_MACS_peak_23718_lociStitched	chr6	32805289	32823249	3	8383	31993.944	3850.624	766	1
3_MACS_peak_26998_lociStitched	chr8	38811647	38823518	3	9201	30540.5217	2424.0582	767	1
3_MACS_peak_29387_lociStitched	chrX	39953253	39969355	3	12371	29207.4178	1091.7156	768	1
2_MACS_peak_13183_lociStitched	chr19	13043285	13057905	2	13793	30561.648	2464.932	769	1
1_MACS_peak_12725_lociStitched	chr18	60804507	60811396	1	6890	29706.0569	1618.2261	770	1
3_MACS_peak_17052_lociStitched	chr20	52267741	52278968	3	10316	30279.219	2226.3141	771	1
1_MACS_peak_16762_lociStitched	chr20	34328121	34332958	1	4838	29095.5224	1044.792	772	1
1_MACS_peak_13917_lociStitched	chr19	57790634	57796236	1	5603	29220.032	1224.5972	773	1
4_MACS_peak_18776_lociStitched	chr3	50353797	50376695	4	8913	31576.342	3590.4064	774	1
2_MACS_peak_147_lociStitched	chr1	11623153	11632426	2	8446	29855.3508	1885.2009	775	1
3_MACS_peak_21564_lociStitched	chr4	186225276	186240542	3	9327	30747.2506	2821.1568	776	1
2_MACS_peak_36_lociStitched	chr1	1668744	1678955	2	5727	29679.2926	1810.4103	777	1
2_MACS_peak_12837_lociStitched	chr19	506001	512486	2	5058	29891.3105	2044.072	778	1
2_MACS_peak_29391_lociStitched	chrX	40028243	40037128	2	6682	28701.2155	895.608	779	1
1_MACS_peak_27926_lociStitched	chr9	3524263	3528199	1	3937	28716.2688	927.7152	780	1
4_MACS_peak_15064_lociStitched	chr2	109220980	109239295	4	11841	31084.218	3296.7	781	1
1_MACS_peak_19626_lociStitched	chr3	150477904	150485187	1	7284	29349.0334	1605.9015	782	1
1_MACS_peak_16384_lociStitched	chr20	2081456	2084746	1	3291	28455.21	728.077	783	1
4_MACS_peak_7130_lociStitched	chr12	122227238	122244544	4	10318	29228.1034	1522.928	784	1
2_MACS_peak_17384_lociStitched	chr21	36236500	36248352	2	6028	30933.72	3235.596	785	1
1_MACS_peak_13724_lociStitched	chr19	47286873	47292292	1	5420	29240.3821	1554.7111	786	1
3_MACS_peak_22873_lociStitched	chr5	150459490	150476227	3	9993	30737.5005	3057.8499	787	1
1_MACS_peak_24362_lociStitched	chr6	106439424	106446710	1	7287	29154.2004	1500.916	788	1
2_MACS_peak_28756_lociStitched	chr9	117368898	117380292	2	9915	29703.0186	2143.2114	789	1
3_MACS_peak_9218_lociStitched	chr15	63765191	63780279	3	10192	30269.5456	2764.1216	790	1
3_MACS_peak_10261_lociStitched	chr16	30193785	30212336	3	11107	31379.0165	3884.5794	791	1
1_MACS_peak_2477_lociStitched	chr1	211430848	211434988	1	4141	28574.694	1083.852	792	1
1_MACS_peak_14660_lociStitched	chr2	66659587	66667900	1	8314	28666.5492	1225.3362	793	1
2_MACS_peak_15120_lociStitched	chr2	111503822	111513351	2	5195	29271.1822	1854.3434	794	1
1_MACS_peak_10564_lociStitched	chr16	68502235	68506058	1	3824	28351.368	943.1341	795	1
1_MACS_peak_24432_lociStitched	chr6	109701519	109705354	1	3836	28323.776	934.5895	796	1
1_MACS_peak_24613_lociStitched	chr6	130579804	130583933	1	4130	28279.1081	893.9285	797	1
1_MACS_peak_13017_lociStitched	chr19	6799194	6803925	1	4732	29069.1564	1693.698	798	1
2_MACS_peak_23592_lociStitched	chr6	27439271	27448129	2	5436	29025.8944	1696.307	799	1
2_MACS_peak_4270_lociStitched	chr11	2479507	2489621	2	5628	28843.1052	1539.3508	800	1
1_MACS_peak_5089_lociStitched	chr11	72850908	72855809	1	4902	28465.4981	1169.3786	801	1
1_MACS_peak_979_lociStitched	chr1	66795917	66803477	1	7561	28902.636	1617.084	802	1
1_MACS_peak_28232_lociStitched	chr9	42250197	42256809	1	6613	28520.862	1244.3784	803	1
2_MACS_peak_20033_lociStitched	chr3	186499840	186509006	2	7433	29929.7398	2670.9724	804	1
2_MACS_peak_29820_lociStitched	chrX	106915724	106928973	2	6884	28747.6802	1499.7868	805	1
2_MACS_peak_17413_lociStitched	chr21	37906387	37915831	2	4860	29837.3736	2605.5996	806	1
2_MACS_peak_18658_lociStitched	chr3	46132383	46141409	2	6610	29299.2986	2079.5904	807	1
3_MACS_peak_5618_lociStitched	chr11	126173018	126189657	3	10048	30512.5982	3297.8498	808	1
1_MACS_peak_5120_lociStitched	chr11	74659264	74666036	1	6773	28621.858	1416.0252	809	1
1_MACS_peak_19241_lociStitched	chr3	114008900	114013744	1	4845	28405.216	1219.7192	810	1
1_MACS_peak_9589_lociStitched	chr15	86231670	86237449	1	5780	28567.9086	1391.0053	811	1
5_MACS_peak_8691_lociStitched	chr15	20969789	20995792	5	14241	30974.7736	3809.4395	812	1
2_MACS_peak_12851_lociStitched	chr19	1015248	1029292	2	10934	30648.2212	3496.956	813	1
3_MACS_peak_25710_lociStitched	chr7	74057187	74076877	3	10468	30267.468	3126.772	814	1
1_MACS_peak_8296_lociStitched	chr14	69258214	69263778	1	5565	27769.3676	635.4088	815	1
1_MACS_peak_25034_lociStitched	chr7	2393154	2395979	1	2826	27879.0775	771.79	816	1
1_MACS_peak_21934_lociStitched	chr5	49960738	49965297	1	4560	27789.8404	719.8661	817	1
1_MACS_peak_14231_lociStitched	chr2	28612540	28617302	1	4763	27812.9372	770.9678	818	1
4_MACS_peak_8517_lociStitched	chr14	93034152	93052990	4	8483	29046.3122	2032.6202	819	1
1_MACS_peak_25853_lociStitched	chr7	90558740	90564126	1	5387	28288.8878	1278.0978	820	1
1_MACS_peak_22279_lociStitched	chr5	88565548	88569863	1	4316	28237.7915	1230.638	821	1
1_MACS_peak_12842_lociStitched	chr19	659519	664246	1	4728	28066.5625	1066.4112	822	1
4_MACS_peak_28731_lociStitched	chr9	116162872	116179444	4	9056	29630.736	2659.806	823	1
1_MACS_peak_23240_lociStitched	chr6	2988027	2991722	1	3696	27861.4085	926.3365	824	1
2_MACS_peak_11821_lociStitched	chr17	57695195	57700780	2	5219	28003.7485	1098.011	825	1
1_MACS_peak_5682_lociStitched	chr11	130715727	130719989	1	4263	27995.3732	1094.0554	826	1
3_MACS_peak_20703_lociStitched	chr4	74454185	74475145	3	9208	30702.208	3814.72	827	1
2_MACS_peak_13261_lociStitched	chr19	16476063	16484512	2	6161	28615.9181	1760.7716	828	1
2_MACS_peak_13905_lociStitched	chr19	56340168	56351795	2	6264	28964.0197	2110.3005	829	1
2_MACS_peak_5201_lociStitched	chr11	82679002	82690356	2	6577	28866.4096	2027.8244	830	1
1_MACS_peak_8093_lociStitched	chr14	50436428	50440585	1	4158	27467.3775	640.5937	831	1
1_MACS_peak_23503_lociStitched	chr6	24718458	24722673	1	4216	27644.499	828.2475	832	1
2_MACS_peak_18067_lociStitched	chr22	42141629	42151913	2	8044	29046.1296	2236.77	833	1
3_MACS_peak_3530_lociStitched	chr10	72249284	72260676	3	8060	29071.2448	2277.2608	834	1
1_MACS_peak_14568_lociStitched	chr2	61762737	61766981	1	4245	27818.9956	1053.3608	835	1
2_MACS_peak_10600_lociStitched	chr16	70461161	70474064	2	8853	28900.1394	2135.4465	836	1
5_MACS_peak_25422_lociStitched	chr7	38383766	38408460	5	17597	32238.017	5479.5986	837	1
1_MACS_peak_13957_lociStitched	chr19	59065221	59071956	1	6736	27955.638	1202.1975	838	1
1_MACS_peak_15621_lociStitched	chr2	174826823	174831569	1	4747	27488.832	779.7678	839	1
1_MACS_peak_16827_lociStitched	chr20	37518212	37523518	1	5307	27718.0134	1015.0378	840	1
4_MACS_peak_9645_lociStitched	chr15	90573901	90591759	4	9529	29869.2908	3178.724	841	1
1_MACS_peak_23318_lociStitched	chr6	7959957	7965593	1	5637	28052.6264	1362.2212	842	1
1_MACS_peak_6589_lociStitched	chr12	72078871	72088911	1	10041	28440.308	1760.012	843	1
2_MACS_peak_4024_lociStitched	chr10	112172429	112185418	2	9433	29270.7115	2593.9033	844	1
1_MACS_peak_12916_lociStitched	chr19	2393371	2396313	1	2943	27674.8056	1002.6336	845	1
2_MACS_peak_13159_lociStitched	chr19	12588335	12596447	2	7482	28443.1056	1772.472	846	1
1_MACS_peak_11136_lociStitched	chr17	18964187	18968490	1	4304	27888.6036	1225.9247	847	1
2_MACS_peak_12945_lociStitched	chr19	3499585	3507471	2	4676	28485.0206	1851.6328	848	1
2_MACS_peak_23977_lociStitched	chr6	52160159	52173624	2	7597	28979.373	2372.533	849	1
2_MACS_peak_2778_lociStitched	chr1	235242088	235247748	2	4300	28373.58	1767.052	850	1
1_MACS_peak_20127_lociStitched	chr3	195822045	195826007	1	3963	27906.347	1310.2334	851	1
3_MACS_peak_13118_lociStitched	chr19	11038354	11053507	3	8496	28955.8677	2395.6893	852	1
2_MACS_peak_17898_lociStitched	chr22	36772603	36785114	2	9335	28785.3088	2240.7201	853	1
2_MACS_peak_2110_lociStitched	chr1	181095560	181105292	2	9435	29142.474	2613.042	854	1
1_MACS_peak_15204_lociStitched	chr2	114643372	114649509	1	6138	27862.5937	1344.003	855	1
4_MACS_peak_8990_lociStitched	chr15	44579354	44602833	4	11384	30280.8663	3798.9022	856	1
2_MACS_peak_25848_lociStitched	chr7	90351979	90367756	2	11455	29029.68	2549.5632	857	1
1_MACS_peak_25924_lociStitched	chr7	98475647	98481081	1	5435	27648.7354	1168.8534	858	1
2_MACS_peak_26606_lociStitched	chr8	1991257	2000421	2	6927	28146.3096	1687.0924	859	1
2_MACS_peak_9331_lociStitched	chr15	70386872	70396316	2	8820	28359.3876	1910.5212	860	1
4_MACS_peak_450_lociStitched	chr1	28827090	28846221	4	13127	29852.0124	3418.7097	861	1
1_MACS_peak_23142_lociStitched	chr5	176851986	176859805	1	7820	28193.7502	1775.6949	862	1
2_MACS_peak_281_lociStitched	chr1	22345113	22353465	2	4476	28238.112	1824.912	863	1
1_MACS_peak_13735_lociStitched	chr19	47728638	47735674	1	7037	27809.79	1407.2	864	1
1_MACS_peak_6215_lociStitched	chr12	46607845	46614362	1	6518	27750.0377	1351.6258	865	1
2_MACS_peak_1508_lociStitched	chr1	145427299	145441124	2	7911	30200.7125	3810.17	866	1
3_MACS_peak_22628_lociStitched	chr5	132386159	132400646	3	6442	28614.7224	2230.998	867	1
1_MACS_peak_16926_lociStitched	chr20	44598466	44601954	1	3489	27162.4512	781.6608	868	1
2_MACS_peak_19682_lociStitched	chr3	156391079	156405787	2	9775	30323.4836	3956.452	869	1
1_MACS_peak_26310_lociStitched	chr7	128760927	128764758	1	3832	27533.7801	1214.0439	870	1
1_MACS_peak_10157_lociStitched	chr16	23413461	23419075	1	5615	27754.4932	1488.2714	871	1
2_MACS_peak_9679_lociStitched	chr15	91472355	91479464	2	6291	27925.5738	1665.6387	872	1
3_MACS_peak_9038_lociStitched	chr15	46994663	47008744	3	9226	28552.0437	2292.3868	873	1
1_MACS_peak_15132_lociStitched	chr2	111876771	111881509	1	4739	27129.788	881.7418	874	1
2_MACS_peak_12106_lociStitched	chr17	76116609	76129462	2	9029	28460.3979	2213.2866	875	1
3_MACS_peak_5523_lociStitched	chr11	118963502	118979917	3	10309	29433.7365	3187.793	876	1
1_MACS_peak_26117_lociStitched	chr7	108208881	108212106	1	3226	27315.4275	1097.145	877	1
1_MACS_peak_18456_lociStitched	chr3	27135128	27140024	1	4897	27413.6832	1228.4064	878	1
1_MACS_peak_20508_lociStitched	chr4	40055612	40060441	1	4830	27154.4328	995.7398	879	1
1_MACS_peak_26543_lociStitched	chr7	151854485	151858748	1	4264	27343.7346	1215.3813	880	1
1_MACS_peak_9116_lociStitched	chr15	52754485	52759861	1	5377	27435.8784	1311.2064	881	1
2_MACS_peak_8823_lociStitched	chr15	33296497	33309865	2	7819	28981.824	2887.488	882	1
3_MACS_peak_1512_lociStitched	chr1	145501416	145517354	3	6958	30385.797	4296.8848	883	1
3_MACS_peak_17297_lociStitched	chr21	30436348	30452510	3	8822	28799.0678	2711.9836	884	1
3_MACS_peak_7489_lociStitched	chr13	46269305	46280613	3	9516	27342.744	1267.6268	885	1
2_MACS_peak_17821_lociStitched	chr22	31884333	31893598	2	5701	27580.052	1550.0345	886	1
1_MACS_peak_24213_lociStitched	chr6	86350954	86355067	1	4114	26930.2788	910.2069	887	1
1_MACS_peak_22283_lociStitched	chr5	88635274	88641048	1	5775	27393.0108	1373.0572	888	1
1_MACS_peak_1631_lociStitched	chr1	151041995	151044565	1	2571	26936.941	924.172	889	1
3_MACS_peak_15142_lociStitched	chr2	112220093	112242003	3	13924	29460.186	3499.027	890	1
3_MACS_peak_10626_lociStitched	chr16	71876807	71888716	3	10014	28501.8097	2546.1442	891	1
1_MACS_peak_22403_lociStitched	chr5	107715901	107719692	1	3792	26836.489	898.0879	892	1
2_MACS_peak_4329_lociStitched	chr11	6946407	6957876	2	6821	28432.7979	2495.6544	893	1
4_MACS_peak_4298_lociStitched	chr11	3874258	3893290	4	10544	29707.0488	3779.7552	894	1
2_MACS_peak_20192_lociStitched	chr4	1712547	1724938	2	8178	27688.9286	1764.4784	895	1
3_MACS_peak_9710_lociStitched	chr15	93373700	93389224	3	6694	28514.4832	2628.2132	896	1
1_MACS_peak_18057_lociStitched	chr22	41839813	41845204	1	5392	27312.4233	1438.8579	897	1
1_MACS_peak_15269_lociStitched	chr2	128585585	128590264	1	4680	26921.0944	1065.8762	898	1
2_MACS_peak_12785_lociStitched	chr18	72162350	72170020	2	7551	27486.212	1640.613	899	1
1_MACS_peak_19963_lociStitched	chr3	183268905	183274474	1	5570	27878.414	2033.2419	900	1
4_MACS_peak_21567_lociStitched	chr4	186252289	186275134	4	11229	29719.0605	3895.0725	901	1
1_MACS_peak_8968_lociStitched	chr15	42894565	42901868	1	7304	27499.4465	1679.69	902	1
2_MACS_peak_5680_lociStitched	chr11	130697125	130705725	2	7291	27892.38	2087.22	903	1
3_MACS_peak_23070_lociStitched	chr5	172191273	172205532	3	7700	28938.6405	3134.1282	904	1
1_MACS_peak_12651_lociStitched	chr18	52930569	52938201	1	7633	27365.2992	1572.192	905	1
4_MACS_peak_8495_lociStitched	chr14	91781543	91802098	4	13681	27798.582	2026.723	906	1
2_MACS_peak_3060_lociStitched	chr10	14993302	15003315	2	6433	27578.8059	1809.3491	907	1
3_MACS_peak_16770_lociStitched	chr20	34673570	34690391	3	13147	29107.0584	3347.379	908	1
1_MACS_peak_3177_lociStitched	chr10	27442280	27446023	1	3744	26533.0041	777.0468	909	1
2_MACS_peak_12010_lociStitched	chr17	73284180	73295054	2	7358	27753.7102	2011.69	910	1
1_MACS_peak_10908_lociStitched	chr17	4003218	4007490	1	4273	26651.2992	941.1216	911	1
3_MACS_peak_837_lociStitched	chr1	52328313	52345730	3	7636	28804.2346	3124.6098	912	1
2_MACS_peak_10281_lociStitched	chr16	30537117	30547331	2	5933	27339.8138	1674.0746	913	1
2_MACS_peak_26519_lociStitched	chr7	150125493	150133880	2	5787	27917.8069	2354.2309	914	1
1_MACS_peak_23074_lociStitched	chr5	172260222	172265785	1	5564	26861.5018	1311.1991	915	1
1_MACS_peak_11469_lociStitched	chr17	39820887	39824660	1	3774	26470.9907	925.8942	916	1
3_MACS_peak_24468_lociStitched	chr6	113946564	113956849	3	7456	27792.127	2252.415	917	1
1_MACS_peak_16077_lociStitched	chr2	219431976	219436437	1	4462	26662.9509	1124.172	918	1
1_MACS_peak_28466_lociStitched	chr9	93703081	93707188	1	4108	26698.3749	1226.7609	919	1
2_MACS_peak_30093_lociStitched	chrX	153189347	153200815	2	7444	26744.5228	1278.682	920	1
1_MACS_peak_27756_lociStitched	chr8	134227928	134231954	1	4027	26479.8072	1041.1236	921	1
1_MACS_peak_23552_lociStitched	chr6	26249064	26253968	1	4905	26577.7184	1142.632	922	1
2_MACS_peak_19446_lociStitched	chr3	130557465	130574087	2	10464	28260.7244	2844.0242	923	1
1_MACS_peak_5325_lociStitched	chr11	102185961	102192006	1	6046	26819.8515	1419.366	924	1
1_MACS_peak_12528_lociStitched	chr18	42337579	42341959	1	4381	26433.738	1062.15	925	1
1_MACS_peak_16507_lociStitched	chr20	10650242	10656306	1	6065	26447.5296	1107.2864	926	1
2_MACS_peak_11537_lociStitched	chr17	41436617	41447408	2	6241	27544.0275	2217.5505	927	1
1_MACS_peak_2759_lociStitched	chr1	234508143	234510404	1	2262	25925.3043	623.8099	928	1
3_MACS_peak_13480_lociStitched	chr19	36230721	36240239	3	7554	27181.5044	1889.323	929	1
2_MACS_peak_18073_lociStitched	chr22	42335443	42343737	2	5676	26975.4056	1686.1702	930	1
2_MACS_peak_13883_lociStitched	chr19	55573199	55583842	2	5520	27183.2863	1912.5471	931	1
1_MACS_peak_17214_lociStitched	chr21	11168028	11171636	1	3609	27365.9584	2105.9896	932	1
2_MACS_peak_14865_lociStitched	chr2	86470075	86479020	2	5978	27070.2535	1822.991	933	1
5_MACS_peak_4856_lociStitched	chr11	63992797	64015283	5	11514	28912.4988	3676.461	934	1
5_MACS_peak_18812_lociStitched	chr3	52286341	52313619	5	11575	29716.6532	4489.9588	935	1
1_MACS_peak_621_lociStitched	chr1	39972820	39977295	1	4476	26125.945	908.8725	936	1
2_MACS_peak_7860_lociStitched	chr13	115023600	115032444	2	7963	26916.714	1699.8168	937	1
4_MACS_peak_345_lociStitched	chr1	25557957	25574990	4	8733	28303.7361	3089.7862	938	1
4_MACS_peak_23466_lociStitched	chr6	20197330	20214119	4	11684	28091.3548	2879.3135	939	1
1_MACS_peak_11941_lociStitched	chr17	66452344	66459598	1	7255	26656.9992	1461.681	940	1
2_MACS_peak_2296_lociStitched	chr1	200856759	200863543	2	5909	27307.6352	2122.0352	941	1
3_MACS_peak_7769_lociStitched	chr13	103236660	103251151	3	7232	27451.7504	2318.56	942	1
1_MACS_peak_11518_lociStitched	chr17	40827031	40834950	1	7920	26765.4281	1666.1576	943	1
1_MACS_peak_5286_lociStitched	chr11	95521566	95525462	1	3897	25858.1416	769.0704	944	1
4_MACS_peak_23038_lociStitched	chr5	169680379	169708227	4	10595	29652.5504	4567.072	945	1
2_MACS_peak_17356_lociStitched	chr21	34746024	34757068	2	7067	27931.3804	2872.5444	946	1
4_MACS_peak_11613_lociStitched	chr17	45265281	45284090	4	8658	28388.4237	3331.0739	947	1
4_MACS_peak_21535_lociStitched	chr4	185366663	185381454	4	10910	27802.6427	2748.1678	948	1
3_MACS_peak_20519_lociStitched	chr4	40622459	40634235	3	8847	27194.3168	2165.6064	949	1
1_MACS_peak_15313_lociStitched	chr2	133022940	133027230	1	4291	29257.371	4236.804	950	1
1_MACS_peak_11650_lociStitched	chr17	46516306	46520659	1	4354	26219.8602	1233.6402	951	1
1_MACS_peak_5494_lociStitched	chr11	117878098	117883849	1	5752	26365.4595	1418.1966	952	1
1_MACS_peak_11592_lociStitched	chr17	43660345	43664457	1	4113	25888.3296	970.432	953	1
1_MACS_peak_21906_lociStitched	chr5	42991181	42995682	1	4502	26075.1932	1163.9586	954	1
1_MACS_peak_9987_lociStitched	chr16	11402026	11407176	1	5151	26346.37	1436.85	955	1
1_MACS_peak_1976_lociStitched	chr1	167596322	167602016	1	5695	26703.7212	1817.5248	956	1
