#MM2_jia_peaks Enhancers
#Created from /data/projects/IRF4_mm_trn_data/myeloma_public_data/rose/MM2_jia_ROSE/MM2_jia_peaks_5KB_STITCHED_ENHANCER_REGION_MAP.txt
#Ranked by MM2_jia.bam
#Using cutoff of 7974.813 for Super-Enhancers
#Created on Jul 16 2024 
REGION_ID	CHROM	START	STOP	NUM_LOCI	CONSTITUENT_SIZE	MM2_jia.bam	enhancerRank	isSuper
23_MACS_peak_1180_lociStitched	chr1	118147300	118244275	23	82981	77580	1	1
8_MACS_peak_22524_lociStitched	chr9	134495021	134562331	8	48605	63042.546	2	1
19_MACS_peak_6636_lociStitched	chr14	91814709	91885895	19	58808	59831.833	3	1
28_MACS_peak_20119_lociStitched	chr7	55551575	55643337	28	68649	57837.5886	4	1
14_MACS_peak_4473_lociStitched	chr11	128556440	128631533	14	55921	56507.4825	5	1
7_MACS_peak_11909_lociStitched	chr2	89120620	89171140	7	41079	53632.032	6	1
8_MACS_peak_17969_lociStitched	chr5	150431384	150478811	8	35153	48569.9907	7	1
8_MACS_peak_15561_lociStitched	chr3	141078794	141135918	8	49121	48418.3024	8	1
8_MACS_peak_17839_lociStitched	chr5	139027186	139077812	8	42007	47603.6278	9	1
13_MACS_peak_17719_lociStitched	chr5	131789708	131837146	13	42139	45066.1	10	1
8_MACS_peak_4500_lociStitched	chr11	129278651	129320238	8	36192	43974.0938	11	1
8_MACS_peak_10089_lociStitched	chr19	1239860	1276833	8	21831	43018.0855	12	1
10_MACS_peak_17764_lociStitched	chr5	133859399	133905316	10	38000	39663.1046	13	1
10_MACS_peak_10500_lociStitched	chr19	16222474	16272275	10	41366	39283.0288	14	1
3_MACS_peak_10751_lociStitched	chr19	39879844	39903956	3	18073	38846.8432	15	1
9_MACS_peak_14031_lociStitched	chr22	23260003	23298940	9	34891	38722.8465	16	1
10_MACS_peak_16928_lociStitched	chr5	1478593	1525033	10	33477	38285.136	17	1
4_MACS_peak_7432_lociStitched	chr15	75063135	75093642	4	28290	38060.5332	18	1
9_MACS_peak_3707_lociStitched	chr11	65307151	65357661	9	26364	37003.626	19	1
28_MACS_peak_4100_lociStitched	chr11	87117204	87191544	28	43689	35869.05	20	1
7_MACS_peak_22532_lociStitched	chr9	134580139	134616007	7	31197	35498.5596	21	1
5_MACS_peak_14026_lociStitched	chr22	23219978	23249404	5	27712	35458.33	22	1
21_MACS_peak_13112_lociStitched	chr20	30249586	30311931	21	40904	34919.4345	23	1
5_MACS_peak_10420_lociStitched	chr19	12885805	12905720	5	15499	33889.3555	24	1
7_MACS_peak_7072_lociStitched	chr15	45001629	45030188	7	21429	32899.968	25	1
7_MACS_peak_7614_lociStitched	chr15	89164398	89201676	7	24580	32800.9122	26	1
8_MACS_peak_9562_lociStitched	chr17	75433210	75471661	8	32200	32429.5734	27	1
7_MACS_peak_17710_lociStitched	chr5	131741669	131774841	7	27145	32312.8452	28	1
8_MACS_peak_11375_lociStitched	chr2	33699038	33742909	8	32162	32280.2818	29	1
7_MACS_peak_3895_lociStitched	chr11	72832585	72871804	7	29142	31696.7958	30	1
3_MACS_peak_10448_lociStitched	chr19	13943916	13959020	3	12603	31577.9328	31	1
7_MACS_peak_17979_lociStitched	chr5	150502800	150538160	7	32279	30915.248	32	1
1_MACS_peak_3698_lociStitched	chr11	65183383	65199157	1	15775	30913.8852	33	1
9_MACS_peak_15124_lociStitched	chr3	53193996	53231383	9	30990	30765.7623	34	1
8_MACS_peak_4213_lociStitched	chr11	102182985	102219684	8	23044	30544.5777	35	1
10_MACS_peak_10851_lociStitched	chr19	44251741	44289754	10	29185	30315.3675	36	1
15_MACS_peak_20900_lociStitched	chr8	27217109	27267175	15	41331	30154.7518	37	1
3_MACS_peak_1883_lociStitched	chr1	203254287	203278309	3	16708	29832.9218	38	1
4_MACS_peak_22492_lociStitched	chr9	132745573	132774227	4	25410	28866.0396	39	1
9_MACS_peak_7543_lociStitched	chr15	81576388	81617382	9	32502	28232.5678	40	1
9_MACS_peak_22269_lociStitched	chr9	112883315	112925284	9	33976	27863.2191	41	1
2_MACS_peak_206_lociStitched	chr1	17221549	17233265	2	6713	27655.618	42	1
6_MACS_peak_8667_lociStitched	chr17	7737051	7762034	6	13509	27601.2184	43	1
3_MACS_peak_4287_lociStitched	chr11	111227399	111254648	3	25605	27472.4418	44	1
6_MACS_peak_16917_lociStitched	chr5	1311660	1346112	6	21611	27268.758	45	1
20_MACS_peak_975_lociStitched	chr1	93391810	93447087	20	31753	27152.0624	46	1
5_MACS_peak_1530_lociStitched	chr1	156450264	156478823	5	24197	27088.2115	47	1
5_MACS_peak_6897_lociStitched	chr15	31630534	31661052	5	27100	26977.912	48	1
14_MACS_peak_4033_lociStitched	chr11	82678841	82721363	14	31959	26852.643	49	1
5_MACS_peak_17415_lociStitched	chr5	88108943	88139036	5	25878	26632.305	50	1
8_MACS_peak_608_lociStitched	chr1	40838733	40870808	8	28216	26538.855	51	1
2_MACS_peak_10133_lociStitched	chr19	2080580	2097922	2	16872	26150.0018	52	1
4_MACS_peak_16002_lociStitched	chr4	35637	63233	4	18801	25920.9228	53	1
18_MACS_peak_11970_lociStitched	chr2	99069118	99111774	18	34043	25687.4432	54	1
4_MACS_peak_8715_lociStitched	chr17	16868383	16895585	4	23226	25629.7244	55	1
7_MACS_peak_11897_lociStitched	chr2	89038784	89070137	7	19690	25540.1538	56	1
4_MACS_peak_6968_lociStitched	chr15	40384726	40409611	4	19367	24907.3965	57	1
5_MACS_peak_4622_lociStitched	chr12	7045680	7080628	5	24492	24893.4604	58	1
19_MACS_peak_9992_lociStitched	chr18	60842054	60902701	19	28332	24719.7172	59	1
15_MACS_peak_3126_lociStitched	chr10	125810023	125854777	15	28722	24681.831	60	1
1_MACS_peak_10792_lociStitched	chr19	41800757	41816966	1	16210	24431.8257	61	1
1_MACS_peak_12626_lociStitched	chr2	201979420	201999378	1	19959	24308.844	62	1
7_MACS_peak_19855_lociStitched	chr7	18534656	18571105	7	25212	24143.8176	63	1
3_MACS_peak_3703_lociStitched	chr11	65255090	65276004	3	17008	24122.2076	64	1
5_MACS_peak_12749_lociStitched	chr2	219742623	219762867	5	19198	24041.7744	65	1
4_MACS_peak_18262_lociStitched	chr5	180228479	180249594	4	18541	23914.849	66	1
4_MACS_peak_16965_lociStitched	chr5	6476868	6497118	4	17199	23886.9	67	1
6_MACS_peak_10125_lociStitched	chr19	2040329	2062701	6	16209	23844.0776	68	1
4_MACS_peak_2780_lociStitched	chr10	81001314	81020044	4	15978	23697.196	69	1
3_MACS_peak_16254_lociStitched	chr4	40185519	40212919	3	23277	23547.56	70	1
2_MACS_peak_12294_lociStitched	chr2	157188237	157200988	2	8951	23219.571	71	1
5_MACS_peak_14687_lociStitched	chr3	13035289	13064493	5	19508	23056.558	72	1
15_MACS_peak_13565_lociStitched	chr20	56242239	56286480	15	21927	22828.356	73	1
9_MACS_peak_11491_lociStitched	chr2	46768575	46802772	9	24053	22744.4247	74	1
8_MACS_peak_3909_lociStitched	chr11	72977730	73005025	8	24064	22709.44	75	1
3_MACS_peak_23232_lociStitched	chrX	153229859	153252583	3	15175	22674.0072	76	1
11_MACS_peak_11883_lociStitched	chr2	88891110	88929086	11	24354	22523.5656	77	1
5_MACS_peak_18391_lociStitched	chr6	7895668	7921710	5	23257	22375.2864	78	1
17_MACS_peak_19004_lociStitched	chr6	52373681	52419037	17	27917	22346.9012	79	1
6_MACS_peak_3680_lociStitched	chr11	64879175	64903419	6	15732	22241.4456	80	1
2_MACS_peak_3626_lociStitched	chr11	62597700	62610691	2	7561	22070.4099	81	1
7_MACS_peak_3651_lociStitched	chr11	63992836	64019554	7	13581	21927.4626	82	1
11_MACS_peak_4085_lociStitched	chr11	87062089	87096690	11	26771	21719.0477	83	1
6_MACS_peak_16831_lociStitched	chr4	185184814	185210884	6	20603	21677.205	84	1
2_MACS_peak_4677_lociStitched	chr12	12865578	12879910	2	14327	21473.6356	85	1
8_MACS_peak_9894_lociStitched	chr18	46449030	46480196	8	19811	21464.0242	86	1
1_MACS_peak_17420_lociStitched	chr5	88168294	88187015	1	18722	21456.1381	87	1
16_MACS_peak_6807_lociStitched	chr14	106025020	106057766	16	20177	21130.9938	88	1
9_MACS_peak_7712_lociStitched	chr15	101458459	101490334	9	24654	21120.375	89	1
1_MACS_peak_3564_lociStitched	chr11	58340180	58347809	1	7630	20750.1171	90	1
9_MACS_peak_19152_lociStitched	chr6	90052574	90082955	9	21615	20501.0988	91	1
4_MACS_peak_22438_lociStitched	chr9	130661334	130681089	4	14261	20355.552	92	1
2_MACS_peak_20442_lociStitched	chr7	104643560	104656374	2	7694	20353.7576	93	1
7_MACS_peak_360_lociStitched	chr1	27152311	27175638	7	17191	20308.4862	94	1
4_MACS_peak_7145_lociStitched	chr15	52958725	52977324	4	13829	20125.9779	95	1
5_MACS_peak_3866_lociStitched	chr11	72523412	72550670	5	15361	20097.3234	96	1
1_MACS_peak_10529_lociStitched	chr19	16691299	16701417	1	10119	20095.3598	97	1
6_MACS_peak_14633_lociStitched	chr3	5223190	5247779	6	18879	20079.3774	98	1
5_MACS_peak_8113_lociStitched	chr16	29815835	29837005	5	14612	19956.959	99	1
6_MACS_peak_18154_lociStitched	chr5	173156016	173175898	6	15334	19951.587	100	1
7_MACS_peak_20411_lociStitched	chr7	102063964	102087098	7	15695	19909.1204	101	1
4_MACS_peak_17692_lociStitched	chr5	130709606	130733263	4	20614	19886.0742	102	1
3_MACS_peak_7428_lociStitched	chr15	74906676	74924599	3	14278	19867.6455	103	1
4_MACS_peak_11019_lociStitched	chr19	50369767	50381983	4	6822	19814.352	104	1
7_MACS_peak_11658_lociStitched	chr2	65139546	65174205	7	25032	19776.4254	105	1
14_MACS_peak_13431_lociStitched	chr20	46363580	46416252	14	18509	19773.0688	106	1
9_MACS_peak_18055_lociStitched	chr5	156952239	156982783	9	23600	19768.0768	107	1
5_MACS_peak_4646_lociStitched	chr12	9860388	9895764	5	20192	19725.6576	108	1
3_MACS_peak_17777_lociStitched	chr5	133967405	133986373	3	15172	19624.2928	109	1
5_MACS_peak_14596_lociStitched	chr22	50963533	50983666	5	13407	19472.6376	110	1
2_MACS_peak_11730_lociStitched	chr2	70309873	70323275	2	10506	19269.3956	111	1
9_MACS_peak_15824_lociStitched	chr3	183223631	183260159	9	22709	19045.6992	112	1
1_MACS_peak_17920_lociStitched	chr5	142774232	142785840	1	11609	19027.8336	113	1
3_MACS_peak_22088_lociStitched	chr9	91924566	91936372	3	6720	18825.8476	114	1
7_MACS_peak_3324_lociStitched	chr11	14323827	14348471	7	21808	18800.9076	115	1
5_MACS_peak_17457_lociStitched	chr5	95142489	95162601	5	18269	18800.6976	116	1
4_MACS_peak_22433_lociStitched	chr9	130531947	130549429	4	13234	18772.1716	117	1
2_MACS_peak_4741_lociStitched	chr12	26266142	26281085	2	14243	18719.0961	118	1
8_MACS_peak_7500_lociStitched	chr15	78343902	78381330	8	20044	18687.8004	119	1
2_MACS_peak_7399_lociStitched	chr15	72764816	72770406	2	5440	18665.01	120	1
4_MACS_peak_11024_lociStitched	chr19	50414141	50434271	4	12564	18634.341	121	1
4_MACS_peak_8979_lociStitched	chr17	37909192	37935510	4	19699	18501.554	122	1
4_MACS_peak_11262_lociStitched	chr2	20403469	20427950	4	23357	18478.2588	123	1
8_MACS_peak_7350_lociStitched	chr15	68478898	68503750	8	22653	18360.6576	124	1
2_MACS_peak_5611_lociStitched	chr12	125397578	125413574	2	10679	18185.8524	125	1
4_MACS_peak_9252_lociStitched	chr17	56406559	56430808	4	16083	18143.1018	126	1
6_MACS_peak_19618_lociStitched	chr6	152480406	152508704	6	18797	18076.7624	127	1
5_MACS_peak_19510_lociStitched	chr6	139571345	139601556	5	18782	17999.7138	128	1
4_MACS_peak_3358_lociStitched	chr11	17406540	17429719	4	15787	17922.0028	129	1
5_MACS_peak_4428_lociStitched	chr11	122925222	122943881	5	13765	17653.2799	130	1
1_MACS_peak_10937_lociStitched	chr19	47728431	47736418	1	7988	17628.9064	131	1
1_MACS_peak_7470_lociStitched	chr15	75741858	75748981	1	7124	17559.6196	132	1
8_MACS_peak_10167_lociStitched	chr19	2617961	2638162	8	17679	17528.4077	133	1
4_MACS_peak_1354_lociStitched	chr1	150532148	150553223	4	18294	17519.6475	134	1
9_MACS_peak_17469_lociStitched	chr5	95242261	95276818	9	21305	17475.4749	135	1
3_MACS_peak_9515_lociStitched	chr17	74256379	74272542	3	14634	17470.5867	136	1
5_MACS_peak_20495_lociStitched	chr7	114555973	114579026	5	17873	17381.962	137	1
3_MACS_peak_2219_lociStitched	chr1	234734627	234749118	3	14253	17254.4337	138	1
4_MACS_peak_10114_lociStitched	chr19	1847592	1865568	4	10197	17217.4128	139	1
10_MACS_peak_20981_lociStitched	chr8	33398784	33425188	10	18490	17154.6788	140	1
4_MACS_peak_19204_lociStitched	chr6	106531107	106551983	4	17394	17153.8092	141	1
3_MACS_peak_10821_lociStitched	chr19	42616758	42637776	3	14403	17062.4124	142	1
5_MACS_peak_8007_lociStitched	chr16	21510163	21532264	5	16986	17019.9801	143	1
2_MACS_peak_11070_lociStitched	chr19	55760252	55772205	2	10895	16974.4553	144	1
1_MACS_peak_451_lociStitched	chr1	31213751	31231463	1	17713	16959.24	145	1
3_MACS_peak_18129_lociStitched	chr5	172191688	172205380	3	6989	16935.6348	146	1
3_MACS_peak_11010_lociStitched	chr19	50165874	50184202	3	10294	16933.2392	147	1
3_MACS_peak_8129_lociStitched	chr16	30193498	30208994	3	9959	16926.2808	148	1
4_MACS_peak_6928_lociStitched	chr15	34610202	34635514	4	15878	16905.8848	149	1
3_MACS_peak_11219_lociStitched	chr2	11883953	11899309	3	14423	16897.7424	150	1
5_MACS_peak_3773_lociStitched	chr11	66867159	66890007	5	14111	16889.2416	151	1
8_MACS_peak_14154_lociStitched	chr22	29179611	29198881	8	14567	16803.44	152	1
4_MACS_peak_18943_lociStitched	chr6	42738234	42757979	4	9091	16783.25	153	1
3_MACS_peak_21824_lociStitched	chr9	33286657	33299779	3	10625	16769.916	154	1
5_MACS_peak_17957_lociStitched	chr5	149777928	149794296	5	13741	16764.1056	155	1
5_MACS_peak_6729_lociStitched	chr14	102275181	102294918	5	13382	16661.9754	156	1
2_MACS_peak_11235_lociStitched	chr2	16830407	16848120	2	17680	16581.1393	157	1
2_MACS_peak_3287_lociStitched	chr11	7532263	7547529	2	12463	16530.0248	158	1
5_MACS_peak_17859_lociStitched	chr5	139927180	139950996	5	10878	16442.5664	159	1
5_MACS_peak_10809_lociStitched	chr19	42363271	42389041	5	17085	16389.72	160	1
8_MACS_peak_13362_lociStitched	chr20	43588408	43620726	8	14682	16288.272	161	1
3_MACS_peak_5535_lociStitched	chr12	122227146	122243462	3	9444	16286.6312	162	1
5_MACS_peak_20651_lociStitched	chr7	137663606	137688017	5	22645	16269.9315	163	1
9_MACS_peak_635_lociStitched	chr1	43396755	43425126	9	18169	16267.9314	164	1
1_MACS_peak_11056_lociStitched	chr19	54692503	54696395	1	3893	16189.9416	165	1
3_MACS_peak_22401_lociStitched	chr9	127622493	127643628	3	12448	16153.4805	166	1
5_MACS_peak_859_lociStitched	chr1	66795333	66817002	5	17705	16128.2367	167	1
4_MACS_peak_20843_lociStitched	chr8	12608182	12625300	4	11249	16084.0728	168	1
1_MACS_peak_17446_lociStitched	chr5	90674609	90680882	1	6274	16003.0503	169	1
3_MACS_peak_10921_lociStitched	chr19	47216569	47226923	3	9761	15952.4078	170	1
7_MACS_peak_17681_lociStitched	chr5	130587957	130617913	7	15400	15888.6624	171	1
3_MACS_peak_17895_lociStitched	chr5	142430592	142447762	3	11831	15851.344	172	1
3_MACS_peak_2971_lociStitched	chr10	104153208	104159876	3	6129	15825.8312	173	1
13_MACS_peak_9324_lociStitched	chr17	62151090	62184112	13	20464	15814.2358	174	1
9_MACS_peak_21474_lociStitched	chr8	126285090	126308428	9	17167	15783.4894	175	1
5_MACS_peak_23082_lociStitched	chrX	118811078	118828080	5	14722	15769.355	176	1
6_MACS_peak_11868_lociStitched	chr2	87795881	87822471	6	18442	15765.211	177	1
5_MACS_peak_3038_lociStitched	chr10	112611627	112635278	5	17224	15708.9942	178	1
9_MACS_peak_14408_lociStitched	chr22	39897703	39928918	9	14346	15657.444	179	1
10_MACS_peak_15739_lociStitched	chr3	171802552	171832937	10	18090	15648.275	180	1
4_MACS_peak_18196_lociStitched	chr5	175956141	175971522	4	11208	15611.715	181	1
4_MACS_peak_17908_lociStitched	chr5	142585411	142610232	4	15782	15582.6238	182	1
8_MACS_peak_3464_lociStitched	chr11	35182985	35206223	8	16841	15557.841	183	1
7_MACS_peak_19587_lociStitched	chr6	149785531	149807646	7	16244	15553.4795	184	1
2_MACS_peak_3782_lociStitched	chr11	67032916	67047087	2	13753	15507.3253	185	1
3_MACS_peak_8159_lociStitched	chr16	30661367	30672873	3	7316	15445.6544	186	1
2_MACS_peak_7681_lociStitched	chr15	93439384	93450875	2	8962	15416.3256	187	1
2_MACS_peak_11004_lociStitched	chr19	49990105	50005603	2	11078	15358.518	188	1
9_MACS_peak_7156_lociStitched	chr15	55559367	55582945	9	13851	15254.966	189	1
2_MACS_peak_10740_lociStitched	chr19	39338254	39348586	2	6958	15229.368	190	1
5_MACS_peak_13865_lociStitched	chr21	44772096	44785889	5	12575	15115.7487	191	1
3_MACS_peak_21574_lociStitched	chr8	142124576	142142206	3	12631	15107.147	192	1
4_MACS_peak_7926_lociStitched	chr16	11874182	11894859	4	13234	15094.21	193	1
1_MACS_peak_3283_lociStitched	chr11	6981335	6986660	1	5326	15093.7125	194	1
12_MACS_peak_6086_lociStitched	chr14	23258788	23299669	12	16458	15093.2652	195	1
2_MACS_peak_22060_lociStitched	chr9	86314133	86324391	2	5626	14959.2414	196	1
6_MACS_peak_2463_lociStitched	chr10	22595494	22615480	6	14032	14951.5266	197	1
5_MACS_peak_21815_lociStitched	chr9	33151538	33172777	5	14914	14950.1321	198	1
1_MACS_peak_3943_lociStitched	chr11	74658915	74674207	1	15293	14928.0504	199	1
4_MACS_peak_10958_lociStitched	chr19	48823460	48837839	4	9158	14912.4609	200	1
1_MACS_peak_10110_lociStitched	chr19	1646168	1653716	1	7549	14904.2808	201	1
4_MACS_peak_2569_lociStitched	chr10	43890077	43905523	4	10842	14903.8454	202	1
1_MACS_peak_2434_lociStitched	chr10	15824237	15838188	1	13952	14896.8778	203	1
4_MACS_peak_10817_lociStitched	chr19	42578858	42597199	4	9478	14880.0533	204	1
3_MACS_peak_18220_lociStitched	chr5	176852175	176865039	3	11567	14859.2064	205	1
1_MACS_peak_10932_lociStitched	chr19	47611629	47617848	1	6220	14850.3501	206	1
2_MACS_peak_22191_lociStitched	chr9	100389319	100397560	2	5521	14818.1421	207	1
5_MACS_peak_10146_lociStitched	chr19	2254976	2274334	5	12041	14744.9886	208	1
3_MACS_peak_8628_lociStitched	chr17	6915049	6926205	3	8157	14722.5732	209	1
10_MACS_peak_14342_lociStitched	chr22	38685524	38714826	10	14417	14694.953	210	1
3_MACS_peak_18124_lociStitched	chr5	171601242	171616015	3	12362	14669.589	211	1
7_MACS_peak_16180_lociStitched	chr4	25855897	25881862	7	18349	14641.6635	212	1
6_MACS_peak_5229_lociStitched	chr12	95593490	95613565	6	16816	14640.6975	213	1
7_MACS_peak_17401_lociStitched	chr5	88023122	88044130	7	15773	14613.1648	214	1
3_MACS_peak_10497_lociStitched	chr19	16180816	16197935	3	8011	14569.9809	215	1
3_MACS_peak_10681_lociStitched	chr19	36230992	36239989	3	6140	14547.2493	216	1
3_MACS_peak_10955_lociStitched	chr19	48746652	48764601	3	12693	14535.1002	217	1
15_MACS_peak_14294_lociStitched	chr22	37308342	37337956	15	17577	14504.9372	218	1
3_MACS_peak_233_lociStitched	chr1	21611077	21624063	3	12079	14493.6746	219	1
1_MACS_peak_5931_lociStitched	chr13	74696615	74710649	1	14035	14476.071	220	1
3_MACS_peak_18762_lociStitched	chr6	32805514	32823610	3	9179	14458.704	221	1
3_MACS_peak_3794_lociStitched	chr11	67194946	67213896	3	11200	14445.585	222	1
3_MACS_peak_10210_lociStitched	chr19	4051407	4067922	3	12008	14410.989	223	1
3_MACS_peak_10805_lociStitched	chr19	42051540	42067142	3	13019	14406.8868	224	1
5_MACS_peak_18300_lociStitched	chr6	316040	338349	5	18029	14387.0741	225	1
7_MACS_peak_7450_lociStitched	chr15	75299026	75322208	7	16855	14363.5672	226	1
10_MACS_peak_11546_lociStitched	chr2	54795514	54830568	10	16062	14354.613	227	1
2_MACS_peak_18983_lociStitched	chr6	44224049	44234662	2	9187	14350.8986	228	1
2_MACS_peak_17837_lociStitched	chr5	139012671	139021640	2	8498	14335.1527	229	1
2_MACS_peak_11401_lociStitched	chr2	37540407	37553821	2	13397	14272.496	230	1
2_MACS_peak_4331_lociStitched	chr11	115089646	115101090	2	8450	14268.3792	231	1
1_MACS_peak_9096_lociStitched	chr17	43298777	43309044	1	10268	14245.4625	232	1
1_MACS_peak_7170_lociStitched	chr15	56656575	56666933	1	10359	14214.2834	233	1
3_MACS_peak_17478_lociStitched	chr5	95284974	95299304	3	9339	14212.494	234	1
3_MACS_peak_6963_lociStitched	chr15	40329909	40348428	3	11638	14200.3692	235	1
3_MACS_peak_22390_lociStitched	chr9	127019809	127038406	3	14242	14178.3528	236	1
4_MACS_peak_17190_lociStitched	chr5	56109815	56126206	4	9721	14143.7939	237	1
2_MACS_peak_10569_lociStitched	chr19	18388868	18396456	2	6242	14120.5092	238	1
8_MACS_peak_11405_lociStitched	chr2	37570731	37589132	8	13643	14115.4071	239	1
2_MACS_peak_18213_lociStitched	chr5	176725800	176740336	2	11123	14102.8272	240	1
6_MACS_peak_21436_lociStitched	chr8	124034217	124055290	6	14326	13981.9355	241	1
3_MACS_peak_8140_lociStitched	chr16	30379814	30391498	3	7308	13963.5484	242	1
1_MACS_peak_18766_lociStitched	chr6	32935063	32941896	1	6834	13905.8383	243	1
6_MACS_peak_15071_lociStitched	chr3	50637019	50655207	6	11709	13891.9944	244	1
3_MACS_peak_11451_lociStitched	chr2	42324443	42334267	3	8423	13868.5408	245	1
6_MACS_peak_2352_lociStitched	chr10	11204310	11223059	6	16746	13863.0106	246	1
1_MACS_peak_11145_lociStitched	chr19	59065274	59071683	1	6410	13854.3353	247	1
3_MACS_peak_17551_lociStitched	chr5	109024103	109038806	3	13270	13822.2903	248	1
1_MACS_peak_7286_lociStitched	chr15	65182834	65190253	1	7420	13814.9199	249	1
1_MACS_peak_10455_lociStitched	chr19	14115278	14118428	1	3151	13792.905	250	1
4_MACS_peak_18748_lociStitched	chr6	32152360	32164795	4	9253	13775.493	251	1
7_MACS_peak_9581_lociStitched	chr17	76711515	76736180	7	17438	13745.8045	252	1
5_MACS_peak_3824_lociStitched	chr11	68592789	68612154	5	12110	13727.8485	253	1
5_MACS_peak_3370_lociStitched	chr11	18342722	18361266	5	11289	13650.2384	254	1
3_MACS_peak_15190_lociStitched	chr3	69128965	69145786	3	16187	13640.1489	255	1
4_MACS_peak_12922_lociStitched	chr2	238600020	238613570	4	13387	13573.035	256	1
7_MACS_peak_13289_lociStitched	chr20	35972734	35995037	7	14193	13571.3755	257	1
7_MACS_peak_1499_lociStitched	chr1	155928457	155953676	7	14511	13565.3001	258	1
2_MACS_peak_10058_lociStitched	chr19	656839	663994	2	7004	13559.4405	259	1
2_MACS_peak_18165_lociStitched	chr5	173309284	173323482	2	12967	13522.1752	260	1
5_MACS_peak_8679_lociStitched	chr17	8053690	8067281	5	9776	13514.8904	261	1
6_MACS_peak_3990_lociStitched	chr11	77416561	77438458	6	17645	13512.6387	262	1
3_MACS_peak_5377_lociStitched	chr12	108954205	108966809	3	12126	13498.884	263	1
3_MACS_peak_22156_lociStitched	chr9	96927806	96941929	3	5944	13498.7634	264	1
3_MACS_peak_6958_lociStitched	chr15	40225484	40234789	3	8222	13405.7135	265	1
5_MACS_peak_11705_lociStitched	chr2	68988718	69011044	5	14486	13304.0634	266	1
5_MACS_peak_19922_lociStitched	chr7	25998495	26012139	5	10873	13293.3492	267	1
2_MACS_peak_20374_lociStitched	chr7	100025828	100034671	2	4749	13282.186	268	1
4_MACS_peak_18564_lociStitched	chr6	25403838	25420351	4	15201	13273.1494	269	1
3_MACS_peak_21701_lociStitched	chr9	5616404	5632823	3	10696	13253.4168	270	1
2_MACS_peak_17518_lociStitched	chr5	100224466	100240547	2	10641	13237.8792	271	1
7_MACS_peak_13225_lociStitched	chr20	34188597	34207418	7	12096	13234.9272	272	1
2_MACS_peak_6414_lociStitched	chr14	69255913	69263926	2	6341	13222.2513	273	1
3_MACS_peak_9408_lociStitched	chr17	66231121	66246307	3	9892	13199.6712	274	1
4_MACS_peak_18584_lociStitched	chr6	26183839	26206936	4	12253	13183.7676	275	1
1_MACS_peak_10895_lociStitched	chr19	45970304	45973966	1	3663	13155.735	276	1
1_MACS_peak_9991_lociStitched	chr18	60821393	60831727	1	10335	13154.1486	277	1
5_MACS_peak_3491_lociStitched	chr11	43928421	43947015	5	13372	13151.5362	278	1
2_MACS_peak_23041_lociStitched	chrX	106953773	106964854	2	9091	13140.9579	279	1
2_MACS_peak_2633_lociStitched	chr10	63800624	63815773	2	12141	13117.5191	280	1
6_MACS_peak_8102_lociStitched	chr16	29603957	29625195	6	13472	13097.4746	281	1
3_MACS_peak_8548_lociStitched	chr17	2295114	2306010	3	7287	13085.0064	282	1
8_MACS_peak_17020_lociStitched	chr5	17255266	17283184	8	14018	13043.2896	283	1
4_MACS_peak_10579_lociStitched	chr19	18616153	18633807	4	9857	13037.479	284	1
3_MACS_peak_21491_lociStitched	chr8	126439477	126449870	3	9237	13026.5862	285	1
1_MACS_peak_17201_lociStitched	chr5	56468019	56473272	1	5254	13017.4593	286	1
6_MACS_peak_4365_lociStitched	chr11	118266589	118282589	6	13814	13003.2	287	1
1_MACS_peak_17532_lociStitched	chr5	107715332	107719633	1	4302	12993.7511	288	1
4_MACS_peak_3816_lociStitched	chr11	68025795	68042039	4	11172	12983.8292	289	1
4_MACS_peak_7237_lociStitched	chr15	63789499	63803310	4	8016	12942.2881	290	1
7_MACS_peak_5241_lociStitched	chr12	96587247	96609801	7	13796	12939.2298	291	1
3_MACS_peak_13691_lociStitched	chr21	19151917	19169628	3	14857	12934.3433	292	1
8_MACS_peak_14285_lociStitched	chr22	37254224	37275212	8	12566	12913.9164	293	1
9_MACS_peak_6985_lociStitched	chr15	40839523	40862603	9	13449	12901.72	294	1
1_MACS_peak_22590_lociStitched	chr9	139375802	139379304	1	3503	12871.601	295	1
1_MACS_peak_13407_lociStitched	chr20	45976493	45990197	1	13705	12866.6856	296	1
5_MACS_peak_9227_lociStitched	chr17	55430002	55447711	5	13164	12858.5049	297	1
7_MACS_peak_5310_lociStitched	chr12	104317851	104333770	7	11031	12833.8978	298	1
3_MACS_peak_17426_lociStitched	chr5	88595555	88611450	3	8740	12825.6755	299	1
1_MACS_peak_18107_lociStitched	chr5	162929489	162937650	1	8162	12761.3557	300	1
1_MACS_peak_7646_lociStitched	chr15	90637093	90646485	1	9393	12732.7344	301	1
5_MACS_peak_18295_lociStitched	chr6	286707	307410	5	12591	12717.8529	302	1
5_MACS_peak_11950_lociStitched	chr2	97191747	97205659	5	11969	12716.9592	303	1
4_MACS_peak_20684_lociStitched	chr7	139462676	139478763	4	13658	12700.6865	304	1
3_MACS_peak_8606_lociStitched	chr17	4841997	4854737	3	9544	12667.382	305	1
1_MACS_peak_17756_lociStitched	chr5	133556135	133563750	1	7616	12653.8455	306	1
4_MACS_peak_19000_lociStitched	chr6	52354032	52366029	4	11691	12650.8365	307	1
4_MACS_peak_16496_lociStitched	chr4	90211059	90229719	4	14971	12645.882	308	1
1_MACS_peak_205_lociStitched	chr1	17065995	17068488	1	2494	12620.0646	309	1
8_MACS_peak_1582_lociStitched	chr1	160695695	160723065	8	14096	12581.989	310	1
4_MACS_peak_854_lociStitched	chr1	66736955	66752779	4	13160	12576.9152	311	1
2_MACS_peak_1993_lociStitched	chr1	207993729	208006274	2	9049	12562.563	312	1
4_MACS_peak_4058_lociStitched	chr11	82772611	82790466	4	10274	12552.065	313	1
2_MACS_peak_16535_lociStitched	chr4	103745513	103750927	2	5291	12532.8686	314	1
4_MACS_peak_4408_lociStitched	chr11	120571342	120586714	4	13243	12506.6592	315	1
1_MACS_peak_22575_lociStitched	chr9	137820204	137831467	1	11264	12506.4352	316	1
1_MACS_peak_4175_lociStitched	chr11	95521937	95524687	1	2751	12497.375	317	1
1_MACS_peak_204_lociStitched	chr1	16992055	16994270	1	2216	12454.7235	318	1
9_MACS_peak_18728_lociStitched	chr6	31781637	31803234	9	10839	12429.0735	319	1
3_MACS_peak_21428_lociStitched	chr8	123791636	123807456	3	5905	12413.954	320	1
5_MACS_peak_3904_lociStitched	chr11	72947678	72962036	5	13627	12412.491	321	1
4_MACS_peak_11734_lociStitched	chr2	70342564	70361577	4	9855	12381.2656	322	1
11_MACS_peak_12564_lociStitched	chr2	197024223	197048254	11	14424	12373.5619	323	1
3_MACS_peak_10892_lociStitched	chr19	45942450	45955665	3	6124	12333.5595	324	1
2_MACS_peak_19236_lociStitched	chr6	108877820	108887924	2	7734	12302.6304	325	1
3_MACS_peak_10865_lociStitched	chr19	45250302	45258720	3	7775	12302.0652	326	1
4_MACS_peak_17273_lociStitched	chr5	68663330	68673196	4	9137	12230.8802	327	1
4_MACS_peak_17001_lociStitched	chr5	14662597	14679587	4	9084	12175.034	328	1
11_MACS_peak_8381_lociStitched	chr16	81844245	81874698	11	13477	12156.8376	329	1
1_MACS_peak_7457_lociStitched	chr15	75332867	75342583	1	9717	12144.0284	330	1
7_MACS_peak_15476_lociStitched	chr3	129023314	129043991	7	12536	12135.3313	331	1
5_MACS_peak_13874_lociStitched	chr21	44841792	44860771	5	8307	12078.2356	332	1
2_MACS_peak_9496_lociStitched	chr17	73774163	73783519	2	6765	12060.8196	333	1
3_MACS_peak_13076_lociStitched	chr20	23329309	23343720	3	7631	12030.3028	334	1
9_MACS_peak_9943_lociStitched	chr18	52968105	52990331	9	15027	11990.927	335	1
1_MACS_peak_21939_lociStitched	chr9	66454597	66463716	1	9120	11979.6303	336	1
3_MACS_peak_13528_lociStitched	chr20	52194886	52211662	3	15694	11969.676	337	1
4_MACS_peak_8643_lociStitched	chr17	7209654	7219461	4	7472	11969.4435	338	1
6_MACS_peak_23121_lociStitched	chrX	128906071	128922848	6	15115	11965.3564	339	1
5_MACS_peak_17987_lociStitched	chr5	150587861	150604967	5	13305	11957.094	340	1
5_MACS_peak_15953_lociStitched	chr3	195621688	195641952	5	9804	11945.628	341	1
3_MACS_peak_17046_lociStitched	chr5	32163452	32175624	3	5747	11927.3428	342	1
3_MACS_peak_17819_lociStitched	chr5	138719344	138729086	3	9072	11904.724	343	1
3_MACS_peak_4373_lociStitched	chr11	118656030	118664253	3	7023	11890.458	344	1
1_MACS_peak_4531_lociStitched	chr11	132223870	132232641	1	8772	11888.2134	345	1
4_MACS_peak_22306_lociStitched	chr9	116278792	116295144	4	11180	11860.1056	346	1
1_MACS_peak_21913_lociStitched	chr9	37527150	37532891	1	5742	11833.3492	347	1
2_MACS_peak_15018_lociStitched	chr3	49055066	49067648	2	7651	11829.5964	348	1
2_MACS_peak_1088_lociStitched	chr1	111172909	111183352	2	10406	11812.0773	349	1
2_MACS_peak_13619_lociStitched	chr20	61273122	61287691	2	11708	11796.5193	350	1
4_MACS_peak_10670_lociStitched	chr19	35695329	35708169	4	9542	11785.836	351	1
8_MACS_peak_4248_lociStitched	chr11	108027585	108048014	8	15671	11740.5463	352	1
3_MACS_peak_18863_lociStitched	chr6	36643615	36654222	3	8716	11708.0066	353	1
3_MACS_peak_19685_lociStitched	chr6	159453599	159466748	3	10661	11705.2398	354	1
2_MACS_peak_8986_lociStitched	chr17	38015723	38025168	2	9346	11696.688	355	1
3_MACS_peak_12690_lociStitched	chr2	208392812	208400290	3	7207	11673.9058	356	1
9_MACS_peak_14952_lociStitched	chr3	46318830	46341916	9	14295	11626.1096	357	1
7_MACS_peak_8772_lociStitched	chr17	19204818	19221554	7	11818	11616.4576	358	1
2_MACS_peak_17433_lociStitched	chr5	88730257	88745908	2	12368	11613.042	359	1
3_MACS_peak_53_lociStitched	chr1	2473111	2488956	3	8505	11601.709	360	1
2_MACS_peak_11467_lociStitched	chr2	43444893	43455530	2	10421	11599.6485	361	1
6_MACS_peak_6077_lociStitched	chr14	23024307	23040094	6	11012	11598.7089	362	1
3_MACS_peak_1886_lociStitched	chr1	203286979	203298563	3	10649	11534.1888	363	1
3_MACS_peak_15729_lociStitched	chr3	170067845	170077546	3	8941	11522.8478	364	1
5_MACS_peak_13176_lociStitched	chr20	32461465	32477415	5	11572	11519.09	365	1
4_MACS_peak_20099_lociStitched	chr7	50343647	50359306	4	15108	11517.1945	366	1
2_MACS_peak_17938_lociStitched	chr5	148205183	148216752	2	11477	11508.8412	367	1
3_MACS_peak_11015_lociStitched	chr19	50311646	50322483	3	6058	11492.6385	368	1
1_MACS_peak_6896_lociStitched	chr15	31615780	31622136	1	6357	11473.2156	369	1
2_MACS_peak_1459_lociStitched	chr1	154908369	154917356	2	6380	11457.5263	370	1
3_MACS_peak_11349_lociStitched	chr2	30361146	30373543	3	7126	11417.637	371	1
4_MACS_peak_3510_lociStitched	chr11	45088263	45105301	4	14403	11384.7916	372	1
2_MACS_peak_17745_lociStitched	chr5	132385886	132395722	2	5175	11384.1864	373	1
8_MACS_peak_20053_lociStitched	chr7	44661969	44680307	8	13682	11382.3966	374	1
4_MACS_peak_3935_lociStitched	chr11	74614849	74632703	4	12381	11376.5688	375	1
2_MACS_peak_10182_lociStitched	chr19	2692671	2703366	2	10555	11375.202	376	1
3_MACS_peak_22488_lociStitched	chr9	132646045	132657325	3	11106	11364.6	377	1
1_MACS_peak_17804_lociStitched	chr5	137877511	137880590	1	3080	11361.8179	378	1
2_MACS_peak_3665_lociStitched	chr11	64539295	64547951	2	4211	11351.4784	379	1
5_MACS_peak_13419_lociStitched	chr20	46115090	46136758	5	11338	11349.6984	380	1
2_MACS_peak_12339_lociStitched	chr2	165608051	165620140	2	12078	11329.8108	381	1
2_MACS_peak_4291_lociStitched	chr11	111284237	111294862	2	8196	11320.9375	382	1
1_MACS_peak_21684_lociStitched	chr9	3524859	3529159	1	4301	11272.02	383	1
3_MACS_peak_18307_lociStitched	chr6	388774	403669	3	13746	11256.1515	384	1
4_MACS_peak_4700_lociStitched	chr12	15100938	15116610	4	14353	11243.0928	385	1
3_MACS_peak_11104_lociStitched	chr19	57790373	57795564	3	5107	11223.4611	386	1
1_MACS_peak_17805_lociStitched	chr5	137909598	137912153	1	2556	11211.34	387	1
6_MACS_peak_331_lociStitched	chr1	26436234	26454546	6	13810	11206.944	388	1
3_MACS_peak_3280_lociStitched	chr11	6946554	6958636	3	9264	11198.8058	389	1
6_MACS_peak_15705_lociStitched	chr3	169649360	169672442	6	11909	11178.6126	390	1
1_MACS_peak_19547_lociStitched	chr6	143263979	143269891	1	5913	11171.9064	391	1
1_MACS_peak_17793_lociStitched	chr5	137087260	137091538	1	4279	11124.939	392	1
6_MACS_peak_3971_lociStitched	chr11	77146770	77170215	6	8830	11119.9635	393	1
3_MACS_peak_2981_lociStitched	chr10	104401331	104412631	3	10452	11112.42	394	1
8_MACS_peak_12403_lociStitched	chr2	173453150	173472990	8	13657	11086.592	395	1
2_MACS_peak_13496_lociStitched	chr20	49125923	49138333	2	12313	11073.443	396	1
13_MACS_peak_14094_lociStitched	chr22	24536124	24559843	13	16369	11050.6821	397	1
3_MACS_peak_12172_lociStitched	chr2	127412756	127426188	3	12493	11045.1336	398	1
1_MACS_peak_8962_lociStitched	chr17	36856352	36862992	1	6641	11042.984	399	1
3_MACS_peak_15672_lociStitched	chr3	156872158	156879595	3	4944	11041.7139	400	1
7_MACS_peak_8994_lociStitched	chr17	38247791	38270419	7	10385	11040.2012	401	1
1_MACS_peak_18255_lociStitched	chr5	179245224	179249467	1	4244	11036.8916	402	1
4_MACS_peak_7233_lociStitched	chr15	63763344	63780898	4	11284	10999.3364	403	1
3_MACS_peak_12873_lociStitched	chr2	232570571	232579259	3	8169	10998.1392	404	1
3_MACS_peak_3724_lociStitched	chr11	65547001	65560859	3	10285	10988.0082	405	1
3_MACS_peak_3580_lociStitched	chr11	60673295	60684295	3	8441	10963.7	406	1
2_MACS_peak_22315_lociStitched	chr9	117144850	117153151	2	7973	10944.0384	407	1
1_MACS_peak_20439_lociStitched	chr7	104581254	104587348	1	6095	10927.1514	408	1
5_MACS_peak_21810_lociStitched	chr9	33124409	33143282	5	13372	10925.5797	409	1
2_MACS_peak_56_lociStitched	chr1	2507769	2518595	2	5399	10922.3514	410	1
4_MACS_peak_530_lociStitched	chr1	37933132	37946553	4	9601	10913.9572	411	1
6_MACS_peak_21136_lociStitched	chr8	61820696	61842227	6	8736	10890.3798	412	1
3_MACS_peak_3833_lociStitched	chr11	69055299	69068271	3	9032	10880.9136	413	1
9_MACS_peak_7917_lociStitched	chr16	11821009	11837774	9	15643	10858.6905	414	1
6_MACS_peak_1138_lociStitched	chr1	115237498	115259965	6	10187	10856.0544	415	1
4_MACS_peak_1949_lociStitched	chr1	206282266	206295041	4	12035	10825.535	416	1
4_MACS_peak_18866_lociStitched	chr6	36711614	36727046	4	12075	10819.3752	417	1
3_MACS_peak_3693_lociStitched	chr11	65145419	65156989	3	8226	10813.322	418	1
2_MACS_peak_17463_lociStitched	chr5	95194488	95207296	2	8709	10800.9864	419	1
5_MACS_peak_1910_lociStitched	chr1	204475033	204492042	5	9013	10799.0141	420	1
3_MACS_peak_11146_lociStitched	chr19	59083401	59087940	3	4295	10775.586	421	1
1_MACS_peak_10983_lociStitched	chr19	49375036	49380427	1	5392	10764.7488	422	1
2_MACS_peak_8885_lociStitched	chr17	29634974	29649869	2	13580	10761.6375	423	1
6_MACS_peak_2480_lociStitched	chr10	24736907	24755964	6	11547	10759.5822	424	1
3_MACS_peak_6168_lociStitched	chr14	35003339	35016256	3	3889	10753.4025	425	1
2_MACS_peak_8578_lociStitched	chr17	3813514	3821026	2	7292	10752.6768	426	1
2_MACS_peak_21017_lociStitched	chr8	38237767	38244849	2	7020	10752.6006	427	1
5_MACS_peak_13850_lociStitched	chr21	44580732	44599110	5	10027	10745.6166	428	1
4_MACS_peak_12399_lociStitched	chr2	173412032	173427760	4	13811	10735.9328	429	1
8_MACS_peak_14963_lociStitched	chr3	46389357	46413777	8	12816	10730.148	430	1
1_MACS_peak_16855_lociStitched	chr4	185390322	185399574	1	9253	10719.3672	431	1
2_MACS_peak_13704_lociStitched	chr21	26932889	26947484	2	14489	10712.73	432	1
7_MACS_peak_18616_lociStitched	chr6	27095843	27115814	7	11174	10710.4473	433	1
3_MACS_peak_1435_lociStitched	chr1	154373681	154386072	3	11811	10705.824	434	1
3_MACS_peak_13860_lociStitched	chr21	44723512	44734880	3	9375	10692.7408	435	1
3_MACS_peak_7297_lociStitched	chr15	65587790	65597933	3	3451	10672.4646	436	1
3_MACS_peak_10869_lociStitched	chr19	45457471	45468519	3	7602	10665.7392	437	1
4_MACS_peak_4385_lociStitched	chr11	118963434	118978722	4	7289	10654.2072	438	1
4_MACS_peak_22035_lociStitched	chr9	82179696	82189562	4	8502	10649.3604	439	1
2_MACS_peak_17852_lociStitched	chr5	139485845	139495170	2	5170	10645.42	440	1
3_MACS_peak_516_lociStitched	chr1	36614341	36627150	3	6789	10640.4363	441	1
7_MACS_peak_15713_lociStitched	chr3	169755187	169777550	7	11627	10640.3154	442	1
2_MACS_peak_772_lociStitched	chr1	53095894	53106299	2	10323	10629.748	443	1
4_MACS_peak_7689_lociStitched	chr15	94772267	94790814	4	10088	10629.2857	444	1
2_MACS_peak_8150_lociStitched	chr16	30537255	30547748	2	5358	10586.3877	445	1
2_MACS_peak_1956_lociStitched	chr1	206727843	206741007	2	13038	10575.9576	446	1
4_MACS_peak_22265_lociStitched	chr9	112861271	112874995	4	12266	10561.9904	447	1
8_MACS_peak_15245_lociStitched	chr3	98479835	98497071	8	12537	10551.8792	448	1
2_MACS_peak_9276_lociStitched	chr17	57695140	57700272	2	4283	10550.3656	449	1
1_MACS_peak_22213_lociStitched	chr9	101983022	101986649	1	3628	10542.2382	450	1
6_MACS_peak_17322_lociStitched	chr5	74343432	74360626	6	11231	10526.1668	451	1
4_MACS_peak_14693_lociStitched	chr3	13365540	13380705	4	13667	10516.9275	452	1
4_MACS_peak_18046_lociStitched	chr5	156904771	156915852	4	10108	10511.4366	453	1
3_MACS_peak_3522_lociStitched	chr11	45864365	45876772	3	8625	10500.0441	454	1
2_MACS_peak_17906_lociStitched	chr5	142561382	142569547	2	7956	10498.557	455	1
3_MACS_peak_2695_lociStitched	chr10	73482548	73496381	3	9622	10489.5639	456	1
4_MACS_peak_18683_lociStitched	chr6	30646980	30658984	4	11009	10479.492	457	1
6_MACS_peak_4884_lociStitched	chr12	48196145	48214955	6	13639	10469.646	458	1
6_MACS_peak_17637_lociStitched	chr5	122847238	122864394	6	9867	10460.0132	459	1
1_MACS_peak_19462_lociStitched	chr6	136608635	136612537	1	3903	10458.1404	460	1
5_MACS_peak_10366_lociStitched	chr19	10978343	10991050	5	8728	10441.3419	461	1
2_MACS_peak_1333_lociStitched	chr1	149812246	149824464	2	7583	10417.0668	462	1
4_MACS_peak_18160_lociStitched	chr5	173208355	173220426	4	9855	10408.8233	463	1
5_MACS_peak_21998_lociStitched	chr9	71546281	71567059	5	14042	10393.1556	464	1
2_MACS_peak_10925_lociStitched	chr19	47285588	47292391	2	6796	10388.181	465	1
3_MACS_peak_19538_lociStitched	chr6	143160099	143178275	3	10725	10376.6784	466	1
7_MACS_peak_11228_lociStitched	chr2	16795701	16818004	7	11261	10364.2041	467	1
5_MACS_peak_17298_lociStitched	chr5	71588928	71604939	5	11007	10360.7181	468	1
4_MACS_peak_19481_lociStitched	chr6	138187071	138198539	4	10637	10341.8424	469	1
4_MACS_peak_7379_lociStitched	chr15	70375202	70392077	4	8865	10339.3125	470	1
1_MACS_peak_7412_lociStitched	chr15	74674802	74680268	1	5467	10312.1556	471	1
3_MACS_peak_16457_lociStitched	chr4	89196484	89207520	3	7803	10312.0384	472	1
6_MACS_peak_9099_lociStitched	chr17	43377791	43395699	6	11643	10300.6816	473	1
3_MACS_peak_19324_lociStitched	chr6	113946531	113956757	3	9839	10296.5594	474	1
4_MACS_peak_6558_lociStitched	chr14	77493129	77507687	4	8124	10282.3154	475	1
3_MACS_peak_6376_lociStitched	chr14	64967169	64974906	3	7190	10280.1519	476	1
2_MACS_peak_17816_lociStitched	chr5	138628712	138638648	2	5271	10263.888	477	1
1_MACS_peak_3659_lociStitched	chr11	64050971	64054031	1	3061	10257.12	478	1
3_MACS_peak_16791_lociStitched	chr4	170902324	170914960	3	11094	10245.2688	479	1
5_MACS_peak_4066_lociStitched	chr11	82866619	82874471	5	7416	10236.6524	480	1
3_MACS_peak_18635_lociStitched	chr6	27791186	27807821	3	7483	10232.1885	481	1
5_MACS_peak_5381_lociStitched	chr12	109020863	109035892	5	10870	10230.2403	482	1
1_MACS_peak_19140_lociStitched	chr6	89788438	89793633	1	5196	10200.902	483	1
5_MACS_peak_18919_lociStitched	chr6	41670826	41685730	5	8534	10198.8072	484	1
5_MACS_peak_4493_lociStitched	chr11	129234106	129248437	5	9387	10195.0734	485	1
2_MACS_peak_13235_lociStitched	chr20	34328529	34332897	2	4256	10186.6128	486	1
3_MACS_peak_18778_lociStitched	chr6	33279838	33292503	3	9009	10185.193	487	1
4_MACS_peak_715_lociStitched	chr1	46786680	46799619	4	11013	10182.993	488	1
1_MACS_peak_243_lociStitched	chr1	22105365	22110605	1	5241	10181.32	489	1
1_MACS_peak_18743_lociStitched	chr6	31938029	31941009	1	2981	10173.124	490	1
2_MACS_peak_17335_lociStitched	chr5	75134515	75147547	2	8106	10146.7152	491	1
2_MACS_peak_18266_lociStitched	chr5	180255854	180266268	2	8460	10143.236	492	1
7_MACS_peak_351_lociStitched	chr1	27058868	27078189	7	14131	10139.6608	493	1
4_MACS_peak_5572_lociStitched	chr12	123371554	123388326	4	7495	10120.2248	494	1
3_MACS_peak_10074_lociStitched	chr19	1019910	1029456	3	5796	10115.8962	495	1
3_MACS_peak_18696_lociStitched	chr6	31164869	31173247	3	6152	10101.3546	496	1
4_MACS_peak_12584_lociStitched	chr2	198062620	198081563	4	10852	10098.5133	497	1
1_MACS_peak_8083_lociStitched	chr16	28833480	28837093	1	3614	10096.1672	498	1
6_MACS_peak_11383_lociStitched	chr2	33752674	33769211	6	9706	10095.8385	499	1
3_MACS_peak_14353_lociStitched	chr22	38782227	38795400	3	12568	10089.2007	500	1
2_MACS_peak_3924_lociStitched	chr11	73683733	73695241	2	7353	10069.5	501	1
7_MACS_peak_9108_lociStitched	chr17	43502494	43523922	7	11305	10054.0176	502	1
5_MACS_peak_310_lociStitched	chr1	25558156	25574830	5	8150	10051.0872	503	1
2_MACS_peak_14390_lociStitched	chr22	39539935	39549224	2	9223	10048.8402	504	1
1_MACS_peak_20606_lociStitched	chr7	130789828	130796984	1	7157	10048.4552	505	1
6_MACS_peak_14162_lociStitched	chr22	29206298	29226539	6	13698	10043.5842	506	1
1_MACS_peak_4514_lociStitched	chr11	129870850	129874723	1	3874	10034.943	507	1
2_MACS_peak_1205_lociStitched	chr1	118294053	118305133	2	11031	10028.508	508	1
7_MACS_peak_16794_lociStitched	chr4	170922468	170949187	7	9489	10022.2969	509	1
3_MACS_peak_10267_lociStitched	chr19	7172520	7184481	3	9989	10014.9453	510	1
3_MACS_peak_12759_lociStitched	chr2	220109377	220120195	3	9662	10013.1408	511	1
4_MACS_peak_18786_lociStitched	chr6	33376929	33386876	4	5737	10006.682	512	1
5_MACS_peak_13094_lociStitched	chr20	25261651	25281016	5	11582	9978.7845	513	1
3_MACS_peak_6190_lociStitched	chr14	35866855	35876394	3	7851	9967.3011	514	1
2_MACS_peak_19067_lociStitched	chr6	74224451	74234059	2	6251	9966.3784	515	1
10_MACS_peak_1512_lociStitched	chr1	156116050	156136658	10	14294	9955.7248	516	1
3_MACS_peak_17494_lociStitched	chr5	96209802	96222847	3	12141	9946.8125	517	1
2_MACS_peak_17184_lociStitched	chr5	55883466	55889240	2	3646	9938.7862	518	1
2_MACS_peak_417_lociStitched	chr1	28570704	28577357	2	6581	9920.9536	519	1
5_MACS_peak_12856_lociStitched	chr2	231729619	231743215	5	11832	9906.0456	520	1
2_MACS_peak_10872_lociStitched	chr19	45504044	45506515	2	2415	9878.0696	521	1
7_MACS_peak_14072_lociStitched	chr22	24177042	24190997	7	11047	9877.349	522	1
4_MACS_peak_10963_lociStitched	chr19	48882103	48895656	4	9696	9846.2545	523	1
6_MACS_peak_16237_lociStitched	chr4	39029853	39050745	6	10548	9840.132	524	1
1_MACS_peak_21342_lociStitched	chr8	101961909	101966462	1	4554	9814.4468	525	1
2_MACS_peak_13209_lociStitched	chr20	33291372	33298238	2	4349	9810.1408	526	1
8_MACS_peak_6498_lociStitched	chr14	74220430	74242379	8	11674	9809.0081	527	1
2_MACS_peak_23254_lociStitched	chrX	153616651	153628804	2	6704	9796.5333	528	1
10_MACS_peak_2307_lociStitched	chr10	5929904	5949961	10	12966	9795.8388	529	1
1_MACS_peak_23119_lociStitched	chrX	123092727	123098616	1	5890	9778.0956	530	1
4_MACS_peak_10469_lociStitched	chr19	14516715	14530856	4	7898	9774.2592	531	1
5_MACS_peak_7675_lociStitched	chr15	93374052	93393286	5	8351	9753.5614	532	1
3_MACS_peak_8839_lociStitched	chr17	27214666	27230079	3	11010	9747.1812	533	1
2_MACS_peak_3790_lociStitched	chr11	67168087	67177962	2	9873	9744.65	534	1
5_MACS_peak_7736_lociStitched	chr15	101727708	101742417	5	8919	9737.358	535	1
7_MACS_peak_1006_lociStitched	chr1	94157978	94182999	7	11872	9735.6711	536	1
3_MACS_peak_21894_lociStitched	chr9	36992306	37006060	3	12327	9721.3272	537	1
1_MACS_peak_8124_lociStitched	chr16	30074423	30078782	1	4360	9721.0059	538	1
4_MACS_peak_21853_lociStitched	chr9	35066859	35080217	4	7612	9703.2512	539	1
3_MACS_peak_17069_lociStitched	chr5	32583315	32590727	3	5013	9696.3784	540	1
2_MACS_peak_18896_lociStitched	chr6	37521308	37531901	2	10487	9693.6543	541	1
2_MACS_peak_3721_lociStitched	chr11	65473860	65480793	2	2611	9693.0273	542	1
3_MACS_peak_12729_lociStitched	chr2	219080982	219096053	3	13261	9681.6104	543	1
2_MACS_peak_12235_lociStitched	chr2	136865171	136877383	2	8103	9679.2312	544	1
3_MACS_peak_16672_lociStitched	chr4	144269288	144284826	3	11634	9677.0664	545	1
6_MACS_peak_7907_lociStitched	chr16	11762190	11783888	6	10968	9672.9684	546	1
1_MACS_peak_15343_lociStitched	chr3	113463070	113469199	1	6130	9672.7878	547	1
1_MACS_peak_18460_lociStitched	chr6	12007839	12014146	1	6308	9649.71	548	1
1_MACS_peak_17425_lociStitched	chr5	88562962	88571399	1	8438	9631.6792	549	1
4_MACS_peak_1837_lociStitched	chr1	197739197	197752318	4	9214	9607.1962	550	1
6_MACS_peak_14583_lociStitched	chr22	50742252	50757524	6	11063	9599.9792	551	1
8_MACS_peak_169_lociStitched	chr1	15499955	15516449	8	13620	9579.7152	552	1
1_MACS_peak_9351_lociStitched	chr17	62500536	62503948	1	3413	9577.8252	553	1
5_MACS_peak_14457_lociStitched	chr22	42140814	42153965	5	12163	9575.2431	554	1
1_MACS_peak_20061_lociStitched	chr7	44787519	44796685	1	9167	9566.5542	555	1
3_MACS_peak_18573_lociStitched	chr6	26020553	26033971	3	7334	9540.198	556	1
1_MACS_peak_7303_lociStitched	chr15	66082740	66086057	1	3318	9540.0237	557	1
5_MACS_peak_11186_lociStitched	chr2	9683906	9697436	5	8510	9527.826	558	1
2_MACS_peak_34_lociStitched	chr1	1706780	1714679	2	6758	9526.194	559	1
4_MACS_peak_14360_lociStitched	chr22	39096064	39106460	4	6669	9524.8152	560	1
2_MACS_peak_9005_lociStitched	chr17	38474427	38483785	2	6484	9520.8292	561	1
2_MACS_peak_8024_lociStitched	chr16	22199317	22207841	2	6529	9518.7508	562	1
1_MACS_peak_3716_lociStitched	chr11	65378043	65384314	1	6272	9516.2425	563	1
4_MACS_peak_8659_lociStitched	chr17	7475236	7488040	4	6846	9483.9228	564	1
5_MACS_peak_18486_lociStitched	chr6	15244777	15257110	5	7993	9477.9105	565	1
3_MACS_peak_5115_lociStitched	chr12	72079327	72088835	3	9429	9450.0012	566	1
3_MACS_peak_19201_lociStitched	chr6	106438984	106452280	3	8198	9449.4672	567	1
7_MACS_peak_3155_lociStitched	chr10	126407264	126423424	7	9612	9424.512	568	1
6_MACS_peak_20678_lociStitched	chr7	139413599	139435753	6	9835	9417.6654	569	1
4_MACS_peak_4007_lociStitched	chr11	78126258	78141555	4	8808	9416.8332	570	1
1_MACS_peak_12237_lociStitched	chr2	136888795	136897814	1	9020	9414.0322	571	1
4_MACS_peak_22325_lociStitched	chr9	117369588	117382297	4	8394	9404.66	572	1
3_MACS_peak_14471_lociStitched	chr22	42331523	42343333	3	6673	9403.122	573	1
3_MACS_peak_13450_lociStitched	chr20	47151388	47163818	3	8757	9400.809	574	1
4_MACS_peak_22443_lociStitched	chr9	130732086	130746601	4	10142	9397.011	575	1
2_MACS_peak_12743_lociStitched	chr2	219260099	219271873	2	7925	9395.652	576	1
2_MACS_peak_3786_lociStitched	chr11	67117002	67124512	2	7079	9392.757	577	1
5_MACS_peak_9044_lociStitched	chr17	40821704	40834578	5	9362	9389.0082	578	1
4_MACS_peak_15879_lociStitched	chr3	186703649	186721383	4	11785	9381.286	579	1
1_MACS_peak_3731_lociStitched	chr11	65655029	65662117	1	7089	9367.5008	580	1
5_MACS_peak_404_lociStitched	chr1	28209735	28221725	5	9513	9361.792	581	1
1_MACS_peak_16127_lociStitched	chr4	15002469	15008427	1	5959	9361.2096	582	1
3_MACS_peak_7585_lociStitched	chr15	85287996	85296081	3	7390	9355.1535	583	1
2_MACS_peak_17114_lociStitched	chr5	43036331	43043842	2	7287	9354.1994	584	1
6_MACS_peak_4400_lociStitched	chr11	120365182	120383055	6	10926	9351.1536	585	1
1_MACS_peak_10356_lociStitched	chr19	10763393	10767527	1	4135	9334.1586	586	1
1_MACS_peak_17503_lociStitched	chr5	98262609	98266245	1	3637	9331.0668	587	1
4_MACS_peak_14614_lociStitched	chr3	3137131	3153265	4	9765	9314.1582	588	1
5_MACS_peak_6756_lociStitched	chr14	103240696	103255616	5	8705	9299.636	589	1
6_MACS_peak_12888_lociStitched	chr2	233938839	233958037	6	11071	9287.9924	590	1
4_MACS_peak_16224_lociStitched	chr4	38664066	38675132	4	10396	9277.7344	591	1
3_MACS_peak_9525_lociStitched	chr17	74487733	74498614	3	10417	9265.1715	592	1
4_MACS_peak_864_lociStitched	chr1	66836120	66848797	4	11081	9247.8715	593	1
1_MACS_peak_12464_lociStitched	chr2	178126959	178130998	1	4040	9245.271	594	1
1_MACS_peak_10830_lociStitched	chr19	42771628	42775775	1	4148	9232.4661	595	1
4_MACS_peak_18002_lociStitched	chr5	151122840	151138913	4	8957	9230.7239	596	1
2_MACS_peak_3660_lociStitched	chr11	64070565	64074690	2	4123	9230.1	597	1
3_MACS_peak_23251_lociStitched	chrX	153599653	153609128	3	4713	9220.1225	598	1
2_MACS_peak_22278_lociStitched	chr9	113014499	113022148	2	6530	9213.2205	599	1
2_MACS_peak_22214_lociStitched	chr9	101993202	102002482	2	9054	9203.904	600	1
3_MACS_peak_3033_lociStitched	chr10	112255330	112265826	3	10031	9201.8432	601	1
2_MACS_peak_5202_lociStitched	chr12	93827454	93837322	2	9837	9193.0288	602	1
1_MACS_peak_17087_lociStitched	chr5	36237374	36243383	1	6010	9169.734	603	1
6_MACS_peak_18812_lociStitched	chr6	34618565	34632679	6	9983	9161.3974	604	1
5_MACS_peak_13671_lociStitched	chr21	15892165	15907679	5	10811	9156.3628	605	1
2_MACS_peak_20547_lociStitched	chr7	122829186	122835060	2	5247	9150.5172	606	1
1_MACS_peak_12463_lociStitched	chr2	178075309	178079357	1	4049	9148.48	607	1
2_MACS_peak_10939_lociStitched	chr19	47759160	47766935	2	4216	9139.5125	608	1
3_MACS_peak_3605_lociStitched	chr11	62358112	62370163	3	6415	9138.2733	609	1
1_MACS_peak_22217_lociStitched	chr9	102580958	102585129	1	4172	9126.148	610	1
5_MACS_peak_23012_lociStitched	chrX	100661542	100673793	5	6361	9122.0946	611	1
3_MACS_peak_9440_lociStitched	chr17	72322315	72335361	3	10886	9113.9356	612	1
5_MACS_peak_14109_lociStitched	chr22	24822766	24834170	5	9952	9100.392	613	1
1_MACS_peak_18244_lociStitched	chr5	179047638	179051903	1	4266	9098.951	614	1
2_MACS_peak_18453_lociStitched	chr6	11828598	11836586	2	5591	9082.356	615	1
4_MACS_peak_14312_lociStitched	chr22	37613904	37630550	4	11864	9052.0948	616	1
3_MACS_peak_22511_lociStitched	chr9	134139331	134151664	3	8973	9040.089	617	1
2_MACS_peak_7311_lociStitched	chr15	66789231	66798409	2	3994	9016.4672	618	1
1_MACS_peak_17499_lociStitched	chr5	96266735	96272842	1	6108	9009.6571	619	1
2_MACS_peak_16999_lociStitched	chr5	14591248	14603939	2	12050	8989.0353	620	1
5_MACS_peak_383_lociStitched	chr1	27754564	27772553	5	12437	8981.9077	621	1
2_MACS_peak_10790_lociStitched	chr19	41767527	41773920	2	6188	8975.1327	622	1
6_MACS_peak_19470_lociStitched	chr6	137524527	137541411	6	7508	8962.0272	623	1
4_MACS_peak_8909_lociStitched	chr17	31153759	31165627	4	10525	8956.7796	624	1
2_MACS_peak_5868_lociStitched	chr13	49549109	49555094	2	5727	8955.954	625	1
3_MACS_peak_13896_lociStitched	chr21	45572761	45581455	3	8604	8953.0812	626	1
2_MACS_peak_3462_lociStitched	chr11	35159914	35169367	2	9429	8952.9363	627	1
2_MACS_peak_17657_lociStitched	chr5	126111896	126118366	2	5927	8949.951	628	1
2_MACS_peak_22177_lociStitched	chr9	99175014	99183235	2	6284	8948.5585	629	1
4_MACS_peak_9337_lociStitched	chr17	62195937	62209746	4	9086	8946.8511	630	1
1_MACS_peak_163_lociStitched	chr1	14025847	14030333	1	4487	8941.0466	631	1
3_MACS_peak_10143_lociStitched	chr19	2227153	2238647	3	6836	8930.838	632	1
4_MACS_peak_18519_lociStitched	chr6	20402116	20417470	4	9498	8929.8864	633	1
2_MACS_peak_3222_lociStitched	chr11	804651	810918	2	3870	8929.2216	634	1
1_MACS_peak_16993_lociStitched	chr5	14207889	14215732	1	7844	8928.4712	635	1
6_MACS_peak_22845_lociStitched	chrX	48790793	48803617	6	8508	8920.3744	636	1
4_MACS_peak_7245_lociStitched	chr15	63888005	63903332	4	7522	8917.2486	637	1
1_MACS_peak_19703_lociStitched	chr6	163833733	163838058	1	4326	8915.555	638	1
11_MACS_peak_6824_lociStitched	chr14	106145425	106168271	11	12793	8907.6554	639	1
3_MACS_peak_12484_lociStitched	chr2	182168549	182180132	3	10683	8894.5857	640	1
2_MACS_peak_7775_lociStitched	chr16	1353678	1360497	2	2954	8890.6122	641	1
2_MACS_peak_22462_lociStitched	chr9	131445214	131453339	2	7096	8890.375	642	1
1_MACS_peak_10204_lociStitched	chr19	3760583	3763727	1	3145	8887.1448	643	1
2_MACS_peak_3701_lociStitched	chr11	65238122	65245880	2	5145	8875.152	644	1
1_MACS_peak_17111_lociStitched	chr5	42990681	42995946	1	5266	8857.3095	645	1
1_MACS_peak_22017_lociStitched	chr9	74977066	74981474	1	4409	8855.2312	646	1
2_MACS_peak_22360_lociStitched	chr9	125025704	125031104	2	4190	8844.66	647	1
2_MACS_peak_7109_lociStitched	chr15	50642301	50648382	2	4830	8836.9092	648	1
6_MACS_peak_2790_lociStitched	chr10	81946920	81966056	6	8693	8825.5232	649	1
1_MACS_peak_12299_lociStitched	chr2	158294851	158302353	1	7503	8817.1006	650	1
4_MACS_peak_6903_lociStitched	chr15	31726340	31738236	4	8478	8812.5568	651	1
3_MACS_peak_12738_lociStitched	chr2	219148197	219160465	3	7400	8810.8776	652	1
1_MACS_peak_3037_lociStitched	chr10	112600457	112604567	1	4111	8806.908	653	1
1_MACS_peak_3211_lociStitched	chr11	505970	507857	1	1888	8795.1183	654	1
1_MACS_peak_7680_lociStitched	chr15	93424460	93429511	1	5052	8789.7502	655	1
5_MACS_peak_1930_lociStitched	chr1	205277700	205291412	5	11330	8783.9072	656	1
1_MACS_peak_12595_lociStitched	chr2	198167314	198177022	1	9709	8779.9152	657	1
1_MACS_peak_21871_lociStitched	chr9	35656946	35659860	1	2915	8757.7356	658	1
2_MACS_peak_20867_lociStitched	chr8	22297339	22305800	2	8183	8735.1364	659	1
2_MACS_peak_6105_lociStitched	chr14	23386895	23389685	2	2773	8731.026	660	1
1_MACS_peak_4734_lociStitched	chr12	25537848	25540636	1	2789	8728.6704	661	1
1_MACS_peak_7139_lociStitched	chr15	52856066	52862033	1	5968	8727.9309	662	1
2_MACS_peak_3067_lociStitched	chr10	121026746	121035079	2	6846	8726.3176	663	1
2_MACS_peak_3677_lociStitched	chr11	64845659	64852853	2	2942	8722.725	664	1
1_MACS_peak_17741_lociStitched	chr5	132297200	132300282	1	3083	8705.7254	665	1
1_MACS_peak_10411_lociStitched	chr19	12720811	12725557	1	4747	8698.9434	666	1
3_MACS_peak_2004_lociStitched	chr1	209275176	209286198	3	10692	8693.0514	667	1
3_MACS_peak_7814_lociStitched	chr16	2556946	2571252	3	4964	8692.3256	668	1
1_MACS_peak_22201_lociStitched	chr9	100744477	100748901	1	4425	8689.1784	669	1
1_MACS_peak_11090_lociStitched	chr19	56164752	56167925	1	3174	8676.5685	670	1
4_MACS_peak_2698_lociStitched	chr10	73504789	73517519	4	12090	8674.222	671	1
2_MACS_peak_3301_lociStitched	chr11	9480005	9484413	2	4388	8670.9768	672	1
2_MACS_peak_9549_lociStitched	chr17	75135457	75144456	2	8773	8668.7367	673	1
3_MACS_peak_19932_lociStitched	chr7	26191254	26199413	3	7316	8667.3057	674	1
3_MACS_peak_17031_lociStitched	chr5	18739814	18747752	3	6082	8666.7084	675	1
1_MACS_peak_5889_lociStitched	chr13	50696992	50701257	1	4266	8658.3765	676	1
5_MACS_peak_22496_lociStitched	chr9	132781535	132796153	5	11223	8658.2414	677	1
3_MACS_peak_6893_lociStitched	chr15	31546609	31559853	3	8454	8654.954	678	1
3_MACS_peak_3779_lociStitched	chr11	67001186	67012060	3	6816	8653.5292	679	1
5_MACS_peak_3069_lociStitched	chr10	121060647	121075929	5	10014	8645.0274	680	1
6_MACS_peak_14820_lociStitched	chr3	32461344	32481208	6	10742	8642.8264	681	1
2_MACS_peak_11084_lociStitched	chr19	56110081	56118255	2	4935	8630.1092	682	1
2_MACS_peak_12249_lociStitched	chr2	137136495	137148413	2	7031	8629.8238	683	1
8_MACS_peak_14400_lociStitched	chr22	39850152	39869227	8	9868	8629.53	684	1
2_MACS_peak_10521_lociStitched	chr19	16475716	16484144	2	5984	8626.9008	685	1
2_MACS_peak_9732_lociStitched	chr18	9135516	9144712	2	8413	8626.7676	686	1
1_MACS_peak_17132_lociStitched	chr5	49961250	49965270	1	4021	8626.116	687	1
4_MACS_peak_17054_lociStitched	chr5	32272690	32283630	4	9003	8620.72	688	1
2_MACS_peak_6232_lociStitched	chr14	50464730	50476517	2	7653	8618.6544	689	1
2_MACS_peak_6228_lociStitched	chr14	50358614	50366918	2	8239	8611.248	690	1
1_MACS_peak_17034_lociStitched	chr5	19269256	19272750	1	3495	8609.216	691	1
5_MACS_peak_18284_lociStitched	chr6	216381	229793	5	10291	8606.4804	692	1
1_MACS_peak_12333_lociStitched	chr2	163173678	163177940	1	4263	8599.4374	693	1
5_MACS_peak_18447_lociStitched	chr6	11722585	11736305	5	9745	8598.324	694	1
3_MACS_peak_3837_lociStitched	chr11	69451310	69463234	3	6820	8597.204	695	1
1_MACS_peak_22199_lociStitched	chr9	100682644	100686346	1	3703	8586.4188	696	1
3_MACS_peak_16740_lociStitched	chr4	153452996	153462191	3	8714	8583.5325	697	1
1_MACS_peak_22376_lociStitched	chr9	126099877	126104161	1	4285	8577.4248	698	1
1_MACS_peak_21911_lociStitched	chr9	37463987	37466907	1	2921	8574.58	699	1
2_MACS_peak_21878_lociStitched	chr9	35828442	35837191	2	6225	8568.7706	700	1
1_MACS_peak_5215_lociStitched	chr12	94597882	94604276	1	6395	8566.6812	701	1
5_MACS_peak_10430_lociStitched	chr19	13043832	13057650	5	7569	8563.0146	702	1
1_MACS_peak_3198_lociStitched	chr11	206395	209817	1	3423	8546.445	703	1
1_MACS_peak_17207_lociStitched	chr5	58418463	58424359	1	5897	8544.4832	704	1
3_MACS_peak_13381_lociStitched	chr20	44591689	44601575	3	4012	8544.4698	705	1
1_MACS_peak_17545_lociStitched	chr5	108742648	108747910	1	5263	8541.2784	706	1
2_MACS_peak_22448_lociStitched	chr9	130828637	130837358	2	6414	8531.7543	707	1
1_MACS_peak_20796_lociStitched	chr7	158619742	158623399	1	3658	8519.7129	708	1
1_MACS_peak_190_lociStitched	chr1	16160086	16164622	1	4537	8518.1544	709	1
2_MACS_peak_1431_lociStitched	chr1	154296622	154307832	2	6215	8481.486	710	1
1_MACS_peak_7125_lociStitched	chr15	52310765	52314993	1	4229	8475.4488	711	1
3_MACS_peak_11087_lociStitched	chr19	56145605	56155581	3	5853	8474.612	712	1
2_MACS_peak_16573_lociStitched	chr4	113200099	113211986	2	9378	8463.544	713	1
12_MACS_peak_19261_lociStitched	chr6	109005733	109025808	12	11027	8461.6125	714	1
4_MACS_peak_10754_lociStitched	chr19	39924810	39940046	4	7103	8449.8856	715	1
1_MACS_peak_10122_lociStitched	chr19	1939923	1943888	1	3966	8430.7795	716	1
5_MACS_peak_2184_lociStitched	chr1	230257562	230269762	5	8466	8428.98	717	1
1_MACS_peak_20271_lociStitched	chr7	86843307	86850675	1	7369	8424.5712	718	1
1_MACS_peak_17356_lociStitched	chr5	78530628	78534538	1	3911	8410.019	719	1
1_MACS_peak_3801_lociStitched	chr11	67272297	67277150	1	4854	8397.6312	720	1
3_MACS_peak_10241_lociStitched	chr19	5679686	5692747	3	5700	8389.0803	721	1
4_MACS_peak_18140_lociStitched	chr5	172455610	172467312	4	8955	8385.6532	722	1
5_MACS_peak_7524_lociStitched	chr15	80348386	80359987	5	6317	8380.5624	723	1
4_MACS_peak_8637_lociStitched	chr17	7137083	7147167	4	7726	8377.7872	724	1
6_MACS_peak_6442_lociStitched	chr14	70359769	70377180	6	12105	8374.691	725	1
1_MACS_peak_8566_lociStitched	chr17	3460585	3463220	1	2636	8371.922	726	1
2_MACS_peak_3201_lociStitched	chr11	266608	272272	2	5433	8370.2592	727	1
2_MACS_peak_10068_lociStitched	chr19	924373	933621	2	5802	8365.7408	728	1
5_MACS_peak_18050_lociStitched	chr5	156923529	156937150	5	9699	8364.6561	729	1
4_MACS_peak_3306_lociStitched	chr11	10323677	10336825	4	10109	8354.2392	730	1
2_MACS_peak_4024_lociStitched	chr11	82610562	82620910	2	6583	8338.4184	731	1
3_MACS_peak_14662_lociStitched	chr3	10230708	10242047	3	9609	8325.0938	732	1
5_MACS_peak_7067_lociStitched	chr15	44954243	44965043	5	7619	8323.56	733	1
6_MACS_peak_2130_lociStitched	chr1	226540292	226559915	6	11037	8312.3028	734	1
3_MACS_peak_14742_lociStitched	chr3	15835425	15848591	3	7706	8306.4294	735	1
4_MACS_peak_12828_lociStitched	chr2	230989552	231005082	4	10383	8303.891	736	1
1_MACS_peak_19972_lociStitched	chr7	32929196	32933106	1	3911	8301.712	737	1
1_MACS_peak_9013_lociStitched	chr17	39843860	39847149	1	3290	8277.0974	738	1
1_MACS_peak_12803_lociStitched	chr2	227699388	227704933	1	5546	8276.467	739	1
2_MACS_peak_17089_lociStitched	chr5	36870960	36879364	2	5936	8265.334	740	1
2_MACS_peak_12233_lociStitched	chr2	136809415	136819581	2	8582	8261.9082	741	1
6_MACS_peak_3120_lociStitched	chr10	125784560	125803447	6	8573	8261.1738	742	1
7_MACS_peak_5257_lociStitched	chr12	96883202	96901899	7	8928	8258.4649	743	1
1_MACS_peak_23029_lociStitched	chrX	102940046	102943402	1	3357	8250.726	744	1
3_MACS_peak_15631_lociStitched	chr3	151910896	151923315	3	10747	8232.5551	745	1
1_MACS_peak_3729_lociStitched	chr11	65623671	65628899	1	5229	8229.9176	746	1
1_MACS_peak_16528_lociStitched	chr4	103420985	103424362	1	3378	8228.0605	747	1
7_MACS_peak_3501_lociStitched	chr11	44958193	44973029	7	10495	8225.0784	748	1
5_MACS_peak_13891_lociStitched	chr21	45553474	45566740	5	9323	8224.92	749	1
4_MACS_peak_6803_lociStitched	chr14	105947251	105958485	4	5340	8217.671	750	1
2_MACS_peak_18133_lociStitched	chr5	172260187	172267952	2	7060	8205.2755	751	1
3_MACS_peak_22355_lociStitched	chr9	124460876	124472880	3	8671	8204.734	752	1
4_MACS_peak_21249_lociStitched	chr8	86099356	86114838	4	9925	8197.719	753	1
1_MACS_peak_2259_lociStitched	chr1	245132452	245135782	1	3331	8195.463	754	1
10_MACS_peak_458_lociStitched	chr1	32390649	32410724	10	8267	8178.555	755	1
3_MACS_peak_3612_lociStitched	chr11	62431849	62447169	3	6428	8173.22	756	1
3_MACS_peak_1597_lociStitched	chr1	161008107	161018002	3	6205	8170.3015	757	1
4_MACS_peak_1563_lociStitched	chr1	159035728	159048133	4	8982	8164.971	758	1
2_MACS_peak_21725_lociStitched	chr9	6749995	6759374	2	4330	8151.2889	759	1
1_MACS_peak_14450_lociStitched	chr22	41839710	41844694	1	4985	8142.8592	760	1
4_MACS_peak_13285_lociStitched	chr20	35936147	35945928	4	7865	8130.9453	761	1
2_MACS_peak_2294_lociStitched	chr10	3823975	3828619	2	4630	8126.5356	762	1
3_MACS_peak_7420_lociStitched	chr15	74832347	74842671	3	8840	8122.9232	763	1
3_MACS_peak_10831_lociStitched	chr19	42782591	42791270	3	8480	8116.6008	764	1
1_MACS_peak_3421_lociStitched	chr11	28128178	28132567	1	4390	8109.1164	765	1
6_MACS_peak_5699_lociStitched	chr13	28014542	28030354	6	7699	8105.2312	766	1
3_MACS_peak_18720_lociStitched	chr6	31695063	31708614	3	8216	8100.7878	767	1
5_MACS_peak_15797_lociStitched	chr3	182399465	182411352	5	6983	8091.4809	768	1
3_MACS_peak_20627_lociStitched	chr7	134670726	134683110	3	7098	8081.7984	769	1
1_MACS_peak_3658_lociStitched	chr11	64035209	64039808	1	4600	8080.443	770	1
5_MACS_peak_17176_lociStitched	chr5	55436331	55453028	5	9981	8074.6692	771	1
1_MACS_peak_20708_lociStitched	chr7	140623394	140625669	1	2276	8073.52	772	1
7_MACS_peak_883_lociStitched	chr1	68199374	68226343	7	7701	8071.8217	773	1
5_MACS_peak_22393_lociStitched	chr9	127044943	127061121	5	8526	8071.2042	774	1
2_MACS_peak_18064_lociStitched	chr5	156997523	157012203	2	9858	8071.064	775	1
3_MACS_peak_10906_lociStitched	chr19	46209222	46222542	3	6633	8067.924	776	1
1_MACS_peak_158_lociStitched	chr1	11967802	11970511	1	2710	8065.5057	777	1
3_MACS_peak_4593_lociStitched	chr12	6551629	6562944	3	9014	8064.2005	778	1
6_MACS_peak_19297_lociStitched	chr6	109402680	109417774	6	6800	8057.1772	779	1
3_MACS_peak_15925_lociStitched	chr3	193851191	193859726	3	7050	8056.1865	780	1
1_MACS_peak_13258_lociStitched	chr20	35200686	35204372	1	3687	8049.1182	781	1
2_MACS_peak_2837_lociStitched	chr10	92955505	92963020	2	7355	8041.05	782	1
1_MACS_peak_7569_lociStitched	chr15	83473405	83480705	1	7301	8035.11	783	1
6_MACS_peak_13265_lociStitched	chr20	35463454	35481219	6	8356	8031.5565	784	1
3_MACS_peak_22516_lociStitched	chr9	134268312	134278702	3	6498	8026.275	785	1
4_MACS_peak_1675_lociStitched	chr1	167675611	167692484	4	8990	8023.1115	786	1
1_MACS_peak_12762_lociStitched	chr2	220142088	220145205	1	3118	8008.8198	787	1
1_MACS_peak_17755_lociStitched	chr5	133510936	133513355	1	2420	8006.6481	788	1
1_MACS_peak_14356_lociStitched	chr22	38900000	38903632	1	3633	7995.4848	789	1
3_MACS_peak_16971_lociStitched	chr5	6721000	6739151	3	7804	7984.6249	790	1
