#MM25 Enhancers
#Created from /data/projects/IRF4_mm_trn_data/myeloma_public_data/rose/MM25.H3K27ac_ROSE/MM25_0KB_STITCHED_ENHANCER_REGION_MAP.txt
#Ranked by MM25.jin.bam
#Using cutoff of 10422.8775 for Super-Enhancers
#Created on Jul 16 2024 
REGION_ID	CHROM	START	STOP	NUM_LOCI	CONSTITUENT_SIZE	MM25.jin.bam	enhancerRank	isSuperStretch
3_MACS_peak_2814_lociStitched	chr11	65183941	65195183	3	11214	79302.1922	1	1
2_MACS_peak_8244_lociStitched	chr19	39892262	39901666	2	9331	61975.1812	2	1
8_MACS_peak_4195_lociStitched	chr12	125397344	125405818	8	7971	30955.522	3	1
3_MACS_peak_5172_lociStitched	chr15	31616032	31622067	3	5970	37020.5005	4	1
1_MACS_peak_1471_lociStitched	chr1	207994037	208000404	1	6368	32816.7914	5	1
6_MACS_peak_10607_lociStitched	chr22	23229963	23237603	6	7353	18339.82	6	1
1_MACS_peak_7949_lociStitched	chr19	12899306	12905318	1	6013	34356.7764	7	1
3_MACS_peak_13556_lociStitched	chr6	7905780	7912448	3	6575	23148.6288	8	1
1_MACS_peak_13111_lociStitched	chr5	131822663	131827758	1	5096	37391.6955	9	1
2_MACS_peak_13832_lociStitched	chr6	32935809	32941665	2	5551	33792.6336	10	1
1_MACS_peak_12953_lociStitched	chr5	90675205	90680656	1	5452	34188.1269	11	1
1_MACS_peak_13459_lociStitched	chr5	179245210	179249173	1	3964	43196.7	12	1
1_MACS_peak_2827_lociStitched	chr11	65263790	65269461	1	5672	31981.6045	13	1
3_MACS_peak_5560_lociStitched	chr15	76627538	76634414	3	6634	20107.4868	14	1
4_MACS_peak_5545_lociStitched	chr15	75742719	75748878	4	5707	27262.8135	15	1
5_MACS_peak_15518_lociStitched	chr8	38238598	38244812	5	5311	30278.3364	16	1
3_MACS_peak_15190_lociStitched	chr7	130790192	130796258	3	5812	23353.4934	17	1
3_MACS_peak_15856_lociStitched	chr8	126441238	126447642	3	5887	21616.702	18	1
1_MACS_peak_5505_lociStitched	chr15	72765379	72768141	1	2763	42562.6962	19	1
3_MACS_peak_13278_lociStitched	chr5	150457644	150463480	3	5686	23816.1324	20	1
1_MACS_peak_15084_lociStitched	chr7	104651938	104656311	1	4374	32709.6027	21	1
2_MACS_peak_1659_lociStitched	chr1	234743014	234748410	2	5361	23415.4024	22	1
2_MACS_peak_5719_lociStitched	chr15	93443188	93448637	2	5377	23223.0931	23	1
5_MACS_peak_4131_lociStitched	chr12	122237626	122243015	5	5029	26677.7056	24	1
2_MACS_peak_9174_lociStitched	chr2	89156577	89162135	2	5445	21412.195	25	1
1_MACS_peak_6903_lociStitched	chr17	43660364	43663748	1	3385	36590.8536	26	1
3_MACS_peak_3466_lociStitched	chr12	26274155	26279845	3	5447	20435.066	27	1
1_MACS_peak_14346_lociStitched	chr6	143265052	143269432	1	4381	30431.364	28	1
4_MACS_peak_16284_lociStitched	chr9	98267910	98273836	4	5682	16253.8328	29	1
3_MACS_peak_7688_lociStitched	chr19	2083017	2088536	3	5109	23662.7125	30	1
3_MACS_peak_9800_lociStitched	chr2	232570610	232576039	3	5246	22004.2799	31	1
1_MACS_peak_13362_lociStitched	chr5	172197007	172200173	1	3167	36860.7882	32	1
1_MACS_peak_7982_lociStitched	chr19	14116093	14118424	1	2332	39311.8488	33	1
9_MACS_peak_4933_lociStitched	chr14	91837713	91844274	9	5683	13160.0538	34	1
4_MACS_peak_8031_lociStitched	chr19	16434655	16439935	4	5152	20702.88	35	1
2_MACS_peak_6750_lociStitched	chr17	36857179	36862392	2	5209	19159.3389	36	1
1_MACS_peak_16155_lociStitched	chr9	66454643	66459086	1	4444	26707.3173	37	1
4_MACS_peak_9153_lociStitched	chr2	88922654	88928088	4	4946	20186.2232	38	1
1_MACS_peak_15804_lociStitched	chr8	123792171	123795380	1	3210	33261.6059	39	1
4_MACS_peak_2946_lociStitched	chr11	69061382	69066407	4	4664	22840.635	40	1
1_MACS_peak_12893_lociStitched	chr5	78531189	78534587	1	3399	31820.9108	41	1
1_MACS_peak_5718_lociStitched	chr15	93424577	93428308	1	3732	29880.4597	42	1
4_MACS_peak_14171_lociStitched	chr6	106532453	106537992	4	5373	11481.7931	43	1
2_MACS_peak_1722_lociStitched	chr10	3824429	3828603	2	4157	26388.4454	44	1
2_MACS_peak_12153_lociStitched	chr4	40198201	40203429	2	5151	15279.3528	45	1
1_MACS_peak_16320_lociStitched	chr9	102581148	102585393	1	4246	25067.1495	46	1
4_MACS_peak_10616_lociStitched	chr22	23270297	23275810	4	5119	14650.7975	47	1
5_MACS_peak_9420_lociStitched	chr2	158295819	158301852	5	5141	14043.6174	48	1
3_MACS_peak_12778_lociStitched	chr5	56467992	56472718	3	4465	22725.9162	49	1
1_MACS_peak_2694_lociStitched	chr11	58344289	58347764	1	3476	30084.8125	50	1
2_MACS_peak_8450_lociStitched	chr19	49375386	49380008	2	4202	24785.475	51	1
4_MACS_peak_1013_lociStitched	chr1	150548131	150552948	4	4448	22005.0194	52	1
3_MACS_peak_12771_lociStitched	chr5	56109061	56113804	3	4133	24481.4688	53	1
2_MACS_peak_2279_lociStitched	chr10	111967355	111971882	2	4524	20250.6291	54	1
1_MACS_peak_15745_lociStitched	chr8	101962479	101966001	1	3523	28143.5976	55	1
1_MACS_peak_15970_lociStitched	chr9	3524762	3527717	1	2956	31008.588	56	1
1_MACS_peak_12081_lociStitched	chr4	15002890	15007160	1	4271	21514.822	57	1
3_MACS_peak_14197_lociStitched	chr6	108878506	108883160	3	4630	17083.9032	58	1
1_MACS_peak_13246_lociStitched	chr5	142781464	142785558	1	4095	22623.8534	59	1
4_MACS_peak_7141_lociStitched	chr17	66284011	66289209	4	4597	17058.7964	60	1
4_MACS_peak_16817_lociStitched	chrX	48772616	48777429	4	4345	19817.5275	61	1
7_MACS_peak_7557_lociStitched	chr18	60824252	60829703	7	4859	12302.3619	62	1
1_MACS_peak_13010_lociStitched	chr5	107715866	107719049	1	3184	28670.5542	63	1
1_MACS_peak_13627_lociStitched	chr6	16759722	16763865	1	4144	21630.603	64	1
3_MACS_peak_6791_lociStitched	chr17	38478171	38483252	3	4663	15266.8807	65	1
2_MACS_peak_2243_lociStitched	chr10	104401448	104406172	2	4559	16598.7188	66	1
2_MACS_peak_9643_lociStitched	chr2	201980381	201984862	2	4390	18601.9753	67	1
1_MACS_peak_5357_lociStitched	chr15	52969939	52973382	1	3444	26028.3914	68	1
5_MACS_peak_8392_lociStitched	chr19	47216961	47222384	5	4665	13148.6058	69	1
3_MACS_peak_15080_lociStitched	chr7	104581355	104586319	3	4279	18444.7348	70	1
4_MACS_peak_3416_lociStitched	chr12	12867186	12872545	4	4278	17901.7395	71	1
2_MACS_peak_15179_lociStitched	chr7	129588803	129592995	2	4060	20174.8384	72	1
2_MACS_peak_8404_lociStitched	chr19	47614116	47617655	2	3432	25318.7138	73	1
5_MACS_peak_2834_lociStitched	chr11	65339710	65345116	5	4685	11139.6036	74	1
1_MACS_peak_5686_lociStitched	chr15	90642653	90646357	1	3705	23106.6632	75	1
2_MACS_peak_6886_lociStitched	chr17	43303092	43307439	2	4318	16961.994	76	1
1_MACS_peak_5477_lociStitched	chr15	69109639	69113971	1	4333	16677.3336	77	1
1_MACS_peak_13194_lociStitched	chr5	139046809	139051380	1	4572	13044.7198	78	1
5_MACS_peak_13413_lociStitched	chr5	176727125	176732245	5	4399	15369.216	79	1
1_MACS_peak_85_lociStitched	chr1	6660559	6664327	1	3769	21900.7464	80	1
3_MACS_peak_12270_lociStitched	chr4	78738559	78743077	3	4237	17045.9622	81	1
3_MACS_peak_3545_lociStitched	chr12	46120422	46124918	3	4474	13431.3504	82	1
1_MACS_peak_6478_lociStitched	chr17	7744543	7748296	1	3754	21756.5163	83	1
2_MACS_peak_12968_lociStitched	chr5	95294436	95298373	2	3640	22433.026	84	1
4_MACS_peak_10690_lociStitched	chr22	29194167	29198222	4	3807	20882.0335	85	1
2_MACS_peak_8089_lociStitched	chr19	18390141	18393628	2	3223	25300.2772	86	1
2_MACS_peak_16018_lociStitched	chr9	20620024	20624237	2	4204	16333.801	87	1
5_MACS_peak_4406_lociStitched	chr13	49549510	49553985	5	4306	14612.2175	88	1
1_MACS_peak_2466_lociStitched	chr11	1873334	1877453	1	4120	16993.7583	89	1
2_MACS_peak_6056_lociStitched	chr16	30668165	30671696	2	3531	22574.7423	91	1
1_MACS_peak_13130_lociStitched	chr5	133859880	133863311	1	3432	22979.1225	92	1
3_MACS_peak_7702_lociStitched	chr19	2269367	2273839	3	3770	19953.6168	93	1
1_MACS_peak_15750_lociStitched	chr8	102215528	102219249	1	3722	20074.4229	94	1
1_MACS_peak_6908_lociStitched	chr17	44269012	44272329	1	3318	23321.1636	95	1
1_MACS_peak_14311_lociStitched	chr6	136609408	136612097	1	2690	26985.1906	96	1
1_MACS_peak_3090_lociStitched	chr11	95522099	95524523	1	2425	27960.84	98	1
2_MACS_peak_5307_lociStitched	chr15	45018186	45022471	2	4280	12538.3385	99	1
1_MACS_peak_12670_lociStitched	chr5	32172532	32175327	1	2796	26070.3625	100	1
3_MACS_peak_10393_lociStitched	chr21	36258092	36262670	3	4137	14485.7076	101	1
4_MACS_peak_10255_lociStitched	chr20	57463470	57468283	4	4212	13268.9597	102	1
2_MACS_peak_8233_lociStitched	chr19	39339910	39343762	2	3536	20628.2304	103	1
2_MACS_peak_14260_lociStitched	chr6	119667958	119672181	2	3943	16456.6087	104	1
1_MACS_peak_9030_lociStitched	chr2	70312759	70316084	1	3326	21973.2625	105	1
1_MACS_peak_3420_lociStitched	chr12	12875382	12879417	1	4036	14525.193	106	1
1_MACS_peak_2751_lociStitched	chr11	62606478	62610263	1	3786	17315.618	107	1
2_MACS_peak_15862_lociStitched	chr8	128746987	128751057	2	4062	13745.204	108	1
4_MACS_peak_16528_lociStitched	chr9	132646975	132651340	4	4164	12120.732	109	1
3_MACS_peak_17157_lociStitched	chrX	153235583	153239268	3	3465	20311.72	110	1
3_MACS_peak_11943_lociStitched	chr3	195632339	195636564	3	4133	12596.415	111	1
2_MACS_peak_7965_lociStitched	chr19	13260658	13265079	2	4141	12450.8623	112	1
3_MACS_peak_7692_lociStitched	chr19	2093803	2097913	3	3768	17362.284	113	1
1_MACS_peak_10817_lociStitched	chr22	38900431	38903321	1	2891	24244.499	114	1
1_MACS_peak_16220_lociStitched	chr9	86321768	86324113	1	2346	26967.7345	115	1
1_MACS_peak_7975_lociStitched	chr19	13956666	13959033	1	2368	26766.2727	116	1
1_MACS_peak_2234_lociStitched	chr10	104153461	104156366	1	2906	23885.2005	117	1
1_MACS_peak_4426_lociStitched	chr13	50697405	50700651	1	3247	21407.37	118	1
3_MACS_peak_5933_lociStitched	chr16	21528136	21532157	3	3572	18521.5302	119	1
3_MACS_peak_8282_lociStitched	chr19	41768449	41771494	3	2876	23790.8895	120	1
1_MACS_peak_15757_lociStitched	chr8	103665702	103669475	1	3774	16345.7679	121	1
1_MACS_peak_6477_lociStitched	chr17	7737201	7740305	1	3105	22093.9616	122	1
4_MACS_peak_7614_lociStitched	chr19	659754	663830	4	3995	13051.352	123	1
1_MACS_peak_5409_lociStitched	chr15	63795245	63798112	1	2868	23564.7331	124	1
1_MACS_peak_10924_lociStitched	chr22	44419623	44423546	1	3924	14001.187	125	1
5_MACS_peak_9645_lociStitched	chr2	201988122	201992817	5	4115	10760.001	126	1
1_MACS_peak_1197_lociStitched	chr1	161013876	161017624	1	3749	15811.6876	127	1
1_MACS_peak_8487_lociStitched	chr19	50379053	50381689	1	2637	24577.5368	128	1
2_MACS_peak_13301_lociStitched	chr5	154133925	154137429	2	3368	19508.1696	129	1
4_MACS_peak_12731_lociStitched	chr5	43039526	43043553	4	3579	17506.9798	130	1
1_MACS_peak_630_lociStitched	chr1	59247727	59251185	1	3459	18636.5452	132	1
3_MACS_peak_15589_lociStitched	chr8	61821143	61825028	3	3398	19087.782	133	1
4_MACS_peak_5489_lociStitched	chr15	70387474	70392030	4	3871	13755.4752	134	1
2_MACS_peak_8020_lociStitched	chr19	16186499	16190594	2	3814	14395.1535	135	1
2_MACS_peak_17054_lociStitched	chrX	123093346	123097443	2	3964	12100.0798	136	1
1_MACS_peak_4687_lociStitched	chr14	50099889	50102868	1	2980	22050.2601	137	1
4_MACS_peak_4488_lociStitched	chr13	97873914	97878006	4	4023	10695.6696	138	1
1_MACS_peak_3189_lociStitched	chr11	118306100	118309764	1	3665	15803.5648	139	1
2_MACS_peak_2806_lociStitched	chr11	64899498	64903254	2	3525	17238.9132	140	1
2_MACS_peak_5942_lociStitched	chr16	22200217	22203785	2	3369	18725.9344	141	1
2_MACS_peak_3194_lociStitched	chr11	118660169	118663449	2	3272	19541.584	142	1
1_MACS_peak_16363_lociStitched	chr9	113017403	113020490	1	3088	20969.6823	143	1
3_MACS_peak_5169_lociStitched	chr15	31555107	31559314	3	3932	11891.5062	144	1
1_MACS_peak_8832_lociStitched	chr2	43451236	43455107	1	3872	12337.2641	145	1
3_MACS_peak_14472_lociStitched	chr6	163834045	163837856	3	3708	14507.3337	146	1
1_MACS_peak_12982_lociStitched	chr5	98263479	98265833	1	2355	24900.8474	147	1
1_MACS_peak_15386_lociStitched	chr8	12610873	12613994	1	3122	20169.7746	148	1
3_MACS_peak_8398_lociStitched	chr19	47287515	47291865	3	3899	11569.26	149	1
1_MACS_peak_6572_lociStitched	chr17	19090639	19094246	1	3608	15421.3678	151	1
1_MACS_peak_13967_lociStitched	chr6	42749412	42751981	1	2570	23527.6727	152	1
1_MACS_peak_6440_lociStitched	chr17	6915354	6918926	1	3573	15542.1292	153	1
2_MACS_peak_15962_lociStitched	chr9	2014493	2018316	2	3711	13801.03	154	1
1_MACS_peak_17120_lociStitched	chrX	148584241	148587154	1	2914	21291.9909	155	1
2_MACS_peak_1942_lociStitched	chr10	43902077	43905258	2	2951	21029.591	156	1
1_MACS_peak_5591_lociStitched	chr15	81291986	81294812	1	2827	21857.9796	157	1
2_MACS_peak_8158_lociStitched	chr19	33863211	33865699	2	2316	24590.6456	158	1
2_MACS_peak_13641_lociStitched	chr6	24718965	24722164	2	3062	20085.5613	159	1
1_MACS_peak_5305_lociStitched	chr15	45002583	45005450	1	2868	21349.9756	160	1
1_MACS_peak_2786_lociStitched	chr11	64051430	64053642	1	2213	24802.2712	161	1
1_MACS_peak_9637_lociStitched	chr2	201727587	201729922	1	2336	24223.9905	162	1
2_MACS_peak_1698_lociStitched	chr1	245132764	245135394	2	2617	22627.731	163	1
4_MACS_peak_1172_lociStitched	chr1	159891168	159895518	4	3649	13568.085	164	1
2_MACS_peak_12722_lociStitched	chr5	42991538	42995120	2	3311	17112.6468	165	1
1_MACS_peak_7654_lociStitched	chr19	1258988	1262538	1	3551	14442.465	166	1
2_MACS_peak_10413_lociStitched	chr21	38737856	38741014	2	3079	19051.8982	167	1
1_MACS_peak_13754_lociStitched	chr6	30582879	30586388	1	3510	14833.2448	168	1
2_MACS_peak_16333_lociStitched	chr9	108006245	108010287	2	3556	14253.3046	169	1
2_MACS_peak_16217_lociStitched	chr9	82185378	82188906	2	3207	17848.5048	170	1
1_MACS_peak_12580_lociStitched	chr4	185393400	185396919	1	3520	14554.584	171	1
3_MACS_peak_10464_lociStitched	chr21	44844885	44848242	3	3331	16580.8944	172	1
2_MACS_peak_144_lociStitched	chr1	14026181	14029824	2	3451	15279.1063	173	1
1_MACS_peak_8517_lociStitched	chr19	54692895	54695811	1	2917	20027.9628	174	1
4_MACS_peak_7540_lociStitched	chr18	57566509	57570280	4	3644	12523.8681	175	1
1_MACS_peak_2988_lociStitched	chr11	72851411	72854968	1	3558	13650.3432	176	1
1_MACS_peak_12746_lociStitched	chr5	49961664	49964546	1	2883	20061.0256	177	1
1_MACS_peak_15480_lociStitched	chr8	29939266	29941372	1	2107	24352.0992	178	1
4_MACS_peak_15411_lociStitched	chr8	22297619	22301674	4	3746	10585.172	179	1
1_MACS_peak_6393_lociStitched	chr17	3817109	3820366	1	3258	16819.148	180	1
1_MACS_peak_11088_lociStitched	chr3	15836236	15839737	1	3502	14101.3278	181	1
2_MACS_peak_7651_lociStitched	chr19	1247909	1251399	2	3274	16577.849	182	1
1_MACS_peak_15120_lociStitched	chr7	113724516	113727889	1	3374	15441.2567	183	1
1_MACS_peak_13483_lociStitched	chr6	290570	293691	1	3122	17875.8396	184	1
1_MACS_peak_16620_lociStitched	chr9	139376718	139379156	1	2439	22554.6694	185	1
1_MACS_peak_2984_lociStitched	chr11	72524322	72527093	1	2772	20540.0375	186	1
1_MACS_peak_16307_lociStitched	chr9	100744703	100747906	1	3204	17064.3028	187	1
1_MACS_peak_16365_lociStitched	chr9	114244859	114247141	1	2283	23273.2052	188	1
2_MACS_peak_6564_lociStitched	chr17	18964487	18968101	2	3591	12212.0674	189	1
2_MACS_peak_12728_lociStitched	chr5	43017396	43020975	2	3537	12964.5696	190	1
1_MACS_peak_5984_lociStitched	chr16	28833812	28836450	1	2639	21102.1534	191	1
3_MACS_peak_14124_lociStitched	chr6	89789444	89792551	3	3064	17953.1781	192	1
1_MACS_peak_8371_lociStitched	chr19	45970325	45973080	1	2756	20157.233	193	1
1_MACS_peak_16202_lociStitched	chr9	74978547	74981125	1	2579	21267.4688	194	1
1_MACS_peak_8322_lociStitched	chr19	42771768	42775003	1	3236	16155.59	195	1
1_MACS_peak_12152_lociStitched	chr4	40056462	40059625	1	3164	16830.6393	196	1
3_MACS_peak_8100_lociStitched	chr19	18630204	18633685	3	3019	17913.5741	197	1
1_MACS_peak_13124_lociStitched	chr5	133560786	133562975	1	2190	23056.9559	198	1
1_MACS_peak_4906_lociStitched	chr14	90082514	90086085	1	3572	11355.4229	199	1
3_MACS_peak_12794_lociStitched	chr5	60626176	60629683	3	3461	12958.365	200	1
1_MACS_peak_13112_lociStitched	chr5	131830305	131833667	1	3363	13855.1382	201	1
1_MACS_peak_1307_lociStitched	chr1	179049765	179052896	1	3132	16324.7209	202	1
1_MACS_peak_16984_lociStitched	chrX	106958335	106961262	1	2928	18028.2711	203	1
2_MACS_peak_12355_lociStitched	chr4	103746699	103749836	2	2932	17995.7142	204	1
2_MACS_peak_13186_lociStitched	chr5	139015227	139018459	2	3144	15942.8096	206	1
1_MACS_peak_16303_lociStitched	chr9	100394253	100396772	1	2520	20736.408	207	1
4_MACS_peak_3944_lociStitched	chr12	104321762	104325282	4	3234	14958.592	208	1
1_MACS_peak_3777_lociStitched	chr12	62995844	62997984	1	2141	22733.22	209	1
3_MACS_peak_8047_lociStitched	chr19	16694419	16698406	3	3521	11066.7159	210	1
1_MACS_peak_3178_lociStitched	chr11	116968087	116970244	1	2158	22505.7066	211	1
1_MACS_peak_13152_lociStitched	chr5	137088528	137091227	1	2700	19022.8219	213	1
2_MACS_peak_8754_lociStitched	chr2	30368524	30371485	2	2730	18735.4314	215	1
1_MACS_peak_11175_lociStitched	chr3	39192751	39195440	1	2690	18935.938	216	1
1_MACS_peak_13015_lociStitched	chr5	109024406	109027486	1	3081	15517.348	218	1
1_MACS_peak_12876_lociStitched	chr5	75697448	75700468	1	3021	15997.544	219	1
1_MACS_peak_7101_lociStitched	chr17	62501094	62503830	1	2737	18267.1776	221	1
1_MACS_peak_2898_lociStitched	chr11	66884955	66887789	1	2835	17473.5938	222	1
2_MACS_peak_2612_lociStitched	chr11	34072501	34075389	2	2775	17866.612	223	1
1_MACS_peak_10889_lociStitched	chr22	41841909	41844676	1	2768	17785.1692	224	1
2_MACS_peak_4780_lociStitched	chr14	64969320	64972065	2	2714	18193.5855	225	1
1_MACS_peak_6375_lociStitched	chr17	2302869	2305859	1	2991	15679.261	227	1
2_MACS_peak_12720_lociStitched	chr5	42949511	42952579	2	2971	15857.5716	228	1
2_MACS_peak_15721_lociStitched	chr8	98655338	98658397	2	3059	14632.4206	231	1
1_MACS_peak_14708_lociStitched	chr7	39988575	39991565	1	2991	15248.701	232	1
2_MACS_peak_1017_lociStitched	chr1	150582634	150586086	2	3144	13392.7244	234	1
4_MACS_peak_7720_lociStitched	chr19	2620025	2623365	4	3249	11904.094	235	1
1_MACS_peak_1975_lociStitched	chr10	52381995	52385168	1	3174	12751.9697	236	1
1_MACS_peak_13188_lociStitched	chr5	139027754	139030847	1	3094	13663.0182	237	1
1_MACS_peak_1819_lociStitched	chr10	17269678	17272865	1	3188	12501.9636	238	1
3_MACS_peak_6418_lociStitched	chr17	4850581	4853938	3	3164	12777.0777	239	1
1_MACS_peak_5432_lociStitched	chr15	65184967	65188065	1	3099	13549.103	240	1
1_MACS_peak_9534_lociStitched	chr2	178127841	178130497	1	2657	17589.6256	242	1
2_MACS_peak_10072_lociStitched	chr20	35201086	35203922	2	2648	17626.3072	243	1
2_MACS_peak_1868_lociStitched	chr10	27442689	27445452	2	2756	16700.1246	244	1
2_MACS_peak_7392_lociStitched	chr18	9135688	9138804	2	3116	13047.0036	246	1
1_MACS_peak_13379_lociStitched	chr5	173170728	173173829	1	3102	13099.8644	248	1
1_MACS_peak_8285_lociStitched	chr19	41802863	41805495	1	2633	17466.7416	249	1
2_MACS_peak_10054_lociStitched	chr20	34329036	34332136	2	2609	17631.56	251	1
3_MACS_peak_153_lociStitched	chr1	15850313	15853961	3	3222	11489.7408	252	1
1_MACS_peak_3954_lociStitched	chr12	104680004	104683025	1	3022	13937.0814	253	1
1_MACS_peak_5446_lociStitched	chr15	66082943	66085721	1	2779	16253.2446	254	1
3_MACS_peak_9934_lociStitched	chr20	10652394	10655735	3	3279	10608.3432	255	1
4_MACS_peak_1417_lociStitched	chr1	204378553	204381789	4	2973	14343.8936	256	1
1_MACS_peak_15760_lociStitched	chr8	103874728	103877265	1	2538	18007.1186	257	1
3_MACS_peak_6645_lociStitched	chr17	27275958	27279488	3	3223	11168.92	258	1
1_MACS_peak_14684_lociStitched	chr7	32929559	32932637	1	3079	13038.408	259	1
1_MACS_peak_40_lociStitched	chr1	1622888	1625280	1	2393	18882.6872	260	1
1_MACS_peak_1336_lociStitched	chr1	183439542	183442299	1	2758	16186.6227	262	1
2_MACS_peak_14008_lociStitched	chr6	44230226	44233484	2	3078	12980.5236	263	1
2_MACS_peak_159_lociStitched	chr1	16160865	16164069	2	3122	12423.51	265	1
4_MACS_peak_15099_lociStitched	chr7	106807915	106810796	4	2690	16613.8627	267	1
1_MACS_peak_4852_lociStitched	chr14	75743415	75746376	1	2962	13936.5387	268	1
3_MACS_peak_7213_lociStitched	chr17	74260294	74263855	3	2961	13924.2222	270	1
2_MACS_peak_897_lociStitched	chr1	143742695	143745543	2	2835	15106.6464	271	1
2_MACS_peak_8897_lociStitched	chr2	55843340	55846125	2	2769	15668.1315	272	1
1_MACS_peak_4758_lociStitched	chr14	60714367	60717034	1	2668	16513.2639	273	1
1_MACS_peak_13162_lociStitched	chr5	137877883	137880172	1	2290	19123.2216	274	1
1_MACS_peak_8848_lociStitched	chr2	46768799	46771751	1	2953	13829.5296	275	1
1_MACS_peak_13120_lociStitched	chr5	132386510	132388840	1	2331	18819.876	276	1
2_MACS_peak_427_lociStitched	chr1	36850649	36853764	2	3051	12550.6465	277	1
3_MACS_peak_10967_lociStitched	chr22	50353406	50356685	3	3180	10737.7413	279	1
1_MACS_peak_6497_lociStitched	chr17	8150498	8153308	1	2811	15001.466	280	1
1_MACS_peak_3274_lociStitched	chr11	129871555	129874058	1	2504	17449.4142	282	1
1_MACS_peak_6546_lociStitched	chr17	18085868	18088544	1	2677	16084.9008	283	1
2_MACS_peak_2421_lociStitched	chr11	206517	209343	2	2803	14892.7374	285	1
1_MACS_peak_2608_lociStitched	chr11	33278278	33280667	1	2390	18125.343	286	1
2_MACS_peak_15343_lociStitched	chr7	158620627	158623132	2	2501	17347.626	287	1
1_MACS_peak_12554_lociStitched	chr4	184424728	184427764	1	3037	12254.814	288	1
1_MACS_peak_10986_lociStitched	chr22	50968257	50971081	1	2825	14488.8144	289	1
1_MACS_peak_9742_lociStitched	chr2	220142448	220145154	1	2707	15524.8632	290	1
2_MACS_peak_6026_lociStitched	chr16	30075461	30078363	2	2894	13648.3962	292	1
1_MACS_peak_3506_lociStitched	chr12	31476110	31479036	1	2927	13253.6096	293	1
1_MACS_peak_13412_lociStitched	chr5	176559243	176562004	1	2762	14889.7969	294	1
1_MACS_peak_3062_lociStitched	chr11	82903774	82906205	1	2432	17499.3104	295	1
2_MACS_peak_12707_lociStitched	chr5	39072782	39075635	2	2742	15032.7423	296	1
2_MACS_peak_10892_lociStitched	chr22	42015107	42018206	2	3011	12154.278	297	1
1_MACS_peak_2726_lociStitched	chr11	62321895	62324878	1	2984	12361.2537	299	1
1_MACS_peak_6994_lociStitched	chr17	48942920	48945651	1	2732	14941.8472	300	1
1_MACS_peak_11568_lociStitched	chr3	119812627	119815149	1	2523	16629.3114	301	1
1_MACS_peak_10383_lociStitched	chr21	34913778	34916202	1	2425	17341.5384	303	1
1_MACS_peak_15991_lociStitched	chr9	6756919	6759412	1	2494	16843.4559	304	1
2_MACS_peak_13103_lociStitched	chr5	131760684	131763697	2	2750	14638.9618	306	1
1_MACS_peak_2785_lociStitched	chr11	64036399	64039400	1	3002	11804.7336	307	1
3_MACS_peak_3228_lociStitched	chr11	122931691	122934712	3	2869	13266.7215	308	1
1_MACS_peak_2791_lociStitched	chr11	64545102	64547427	1	2326	17650.47	313	1
1_MACS_peak_11374_lociStitched	chr3	53194378	53197400	1	3023	11183.2132	314	1
3_MACS_peak_1403_lociStitched	chr1	203273474	203277080	3	3024	11149.3914	315	1
1_MACS_peak_13263_lociStitched	chr5	148928903	148931670	1	2768	14058.8503	316	1
2_MACS_peak_8477_lociStitched	chr19	50179168	50182247	2	2993	11521.0022	317	1
2_MACS_peak_286_lociStitched	chr1	27021494	27024736	2	2885	12806.5484	318	1
1_MACS_peak_2754_lociStitched	chr11	62647702	62650129	1	2428	16838.0406	319	1
1_MACS_peak_3457_lociStitched	chr12	25538088	25540340	1	2253	17892.3652	323	1
1_MACS_peak_13014_lociStitched	chr5	108744542	108747013	1	2472	16300.1986	326	1
2_MACS_peak_6361_lociStitched	chr17	1618721	1621539	2	2797	13263.1988	329	1
2_MACS_peak_11015_lociStitched	chr3	9437473	9440505	2	3019	10491.9328	331	1
3_MACS_peak_6119_lociStitched	chr16	56964635	56967872	3	2831	12795.2136	332	1
2_MACS_peak_2841_lociStitched	chr11	65380931	65384115	2	2978	10976.84	333	1
1_MACS_peak_8337_lociStitched	chr19	44098939	44101334	1	2396	16603.8165	335	1
1_MACS_peak_12701_lociStitched	chr5	36240850	36243124	1	2275	17424.525	336	1
2_MACS_peak_2359_lociStitched	chr10	125851205	125854175	2	2890	12004.146	337	1
1_MACS_peak_2846_lociStitched	chr11	65429265	65431550	1	2286	17299.5065	338	1
1_MACS_peak_16314_lociStitched	chr9	101983331	101985501	1	2171	17797.689	343	1
1_MACS_peak_3069_lociStitched	chr11	85374565	85376689	1	2125	18051.6636	344	1
1_MACS_peak_11817_lociStitched	chr3	170073607	170076301	1	2695	13608.4716	347	1
2_MACS_peak_13450_lociStitched	chr5	179049288	179051597	2	2288	16885.2552	349	1
1_MACS_peak_7680_lociStitched	chr19	1940125	1942762	1	2638	13937.3361	350	1
2_MACS_peak_16585_lociStitched	chr9	136022672	136025426	2	2695	13360.4802	351	1
1_MACS_peak_5647_lociStitched	chr15	85290427	85292819	1	2393	15952.0088	352	1
2_MACS_peak_8009_lociStitched	chr19	15441728	15444022	2	2228	17092.1352	353	1
2_MACS_peak_3060_lociStitched	chr11	82866779	82869478	2	2542	14738.4293	354	1
1_MACS_peak_8549_lociStitched	chr19	56165032	56167328	1	2297	16550.9456	357	1
1_MACS_peak_13012_lociStitched	chr5	108062968	108065100	1	2133	17544.4412	358	1
1_MACS_peak_2743_lociStitched	chr11	62493877	62496592	1	2716	12802.0395	360	1
1_MACS_peak_6845_lociStitched	chr17	41321395	41323930	1	2536	14515.1565	361	1
1_MACS_peak_12979_lociStitched	chr5	96269823	96272661	1	2839	11305.173	364	1
1_MACS_peak_10699_lociStitched	chr22	29663264	29665468	1	2205	16940.6052	365	1
1_MACS_peak_11534_lociStitched	chr3	113464132	113466716	1	2585	13993.652	367	1
1_MACS_peak_16777_lociStitched	chrX	41191810	41194592	1	2783	11882.2002	369	1
1_MACS_peak_5374_lociStitched	chr15	57209755	57212336	1	2582	13951.3374	370	1
1_MACS_peak_5038_lociStitched	chr14	103799485	103801769	1	2285	16324.4332	371	1
4_MACS_peak_14130_lociStitched	chr6	90060690	90063524	4	2646	13097.0476	375	1
2_MACS_peak_4516_lociStitched	chr13	111364618	111367723	2	2838	10852.2855	376	1
1_MACS_peak_7881_lociStitched	chr19	10612416	10614518	1	2103	17277.8094	377	1
1_MACS_peak_11303_lociStitched	chr3	49760299	49762746	1	2448	14775.2307	379	1
1_MACS_peak_5931_lociStitched	chr16	21512281	21514522	1	2242	16211.394	384	1
2_MACS_peak_13294_lociStitched	chr5	151149787	151152635	2	2687	12353.7696	385	1
2_MACS_peak_959_lociStitched	chr1	147930287	147933139	2	2792	11122.5148	386	1
1_MACS_peak_2266_lociStitched	chr10	105880103	105882441	1	2339	15467.7404	387	1
1_MACS_peak_14078_lociStitched	chr6	74229358	74231923	1	2566	13547.0475	388	1
2_MACS_peak_4246_lociStitched	chr13	20531402	20534255	2	2721	11809.9935	391	1
1_MACS_peak_13454_lociStitched	chr5	179124673	179127117	1	2445	14467.7468	392	1
3_MACS_peak_7885_lociStitched	chr19	10763565	10766008	3	2387	14942.1209	393	1
1_MACS_peak_1694_lociStitched	chr1	244997092	244999409	1	2318	15446.5122	395	1
2_MACS_peak_13424_lociStitched	chr5	176852726	176855559	2	2777	10987.2239	396	1
1_MACS_peak_13430_lociStitched	chr5	176881067	176883503	1	2437	14199.6876	399	1
1_MACS_peak_9508_lociStitched	chr2	174828053	174830829	1	2777	10619.588	400	1
1_MACS_peak_1333_lociStitched	chr1	182991333	182993838	1	2506	13526.499	404	1
1_MACS_peak_13752_lociStitched	chr6	30523316	30525604	1	2289	15312.8976	405	1
1_MACS_peak_17122_lociStitched	chrX	148621055	148623429	1	2375	14593.4528	409	1
1_MACS_peak_10456_lociStitched	chr21	44772297	44774720	1	2424	14113.975	410	1
1_MACS_peak_12493_lociStitched	chr4	153455692	153458402	1	2711	11174.414	411	1
2_MACS_peak_2309_lociStitched	chr10	112600993	112603705	2	2629	12109.3512	412	1
1_MACS_peak_1400_lociStitched	chr1	203258391	203260837	1	2447	13834.0868	414	1
1_MACS_peak_12702_lociStitched	chr5	36875431	36878125	1	2695	11276.5452	415	1
1_MACS_peak_2833_lociStitched	chr11	65336450	65338701	1	2252	15347.7682	416	1
1_MACS_peak_3868_lociStitched	chr12	90101508	90104216	1	2709	11021.0184	417	1
1_MACS_peak_42_lociStitched	chr1	1676163	1678505	1	2343	14601.6674	419	1
3_MACS_peak_11189_lociStitched	chr3	42054163	42056732	3	2436	13816.8527	420	1
1_MACS_peak_13069_lociStitched	chr5	126112129	126114769	1	2641	11777.304	421	1
2_MACS_peak_1343_lociStitched	chr1	185124905	185127396	2	2446	13713.2041	422	1
2_MACS_peak_10207_lociStitched	chr20	48806877	48809726	2	2663	11510.5298	423	1
1_MACS_peak_8407_lociStitched	chr19	47729316	47731964	1	2649	11562.7568	425	1
2_MACS_peak_8862_lociStitched	chr2	48131568	48134446	2	2704	10860.133	426	1
1_MACS_peak_15823_lociStitched	chr8	125485858	125488156	1	2299	14708.349	428	1
1_MACS_peak_16270_lociStitched	chr9	96213137	96215848	1	2712	10610.5829	429	1
1_MACS_peak_9685_lociStitched	chr2	208029746	208031887	1	2142	15820.4913	431	1
1_MACS_peak_3733_lociStitched	chr12	57080317	57082884	1	2568	12239.1993	432	1
1_MACS_peak_1778_lociStitched	chr10	12083867	12086525	1	2659	11200.0146	433	1
1_MACS_peak_4529_lociStitched	chr13	113862260	113864650	1	2391	13891.875	434	1
1_MACS_peak_7373_lociStitched	chr18	2654656	2657005	1	2350	14071.4496	441	1
1_MACS_peak_663_lociStitched	chr1	65531897	65534582	1	2686	10594.473	445	1
1_MACS_peak_3174_lociStitched	chr11	115092250	115094599	1	2350	13990.644	446	1
1_MACS_peak_7670_lociStitched	chr19	1651295	1653556	1	2262	14673.4378	447	1
1_MACS_peak_5989_lociStitched	chr16	28934913	28937424	1	2512	12394.0449	449	1
2_MACS_peak_15223_lociStitched	chr7	139043244	139045801	2	2558	11907.6933	450	1
1_MACS_peak_5459_lociStitched	chr15	67812557	67814929	1	2373	13583.0208	455	1
1_MACS_peak_14221_lociStitched	chr6	111803293	111805744	1	2452	12842.9949	456	1
2_MACS_peak_15023_lociStitched	chr7	100025946	100028419	2	2408	13229.0662	458	1
1_MACS_peak_3973_lociStitched	chr12	106695519	106697779	1	2261	14466.712	459	1
1_MACS_peak_215_lociStitched	chr1	22108039	22110398	1	2360	13496.7826	462	1
2_MACS_peak_6475_lociStitched	chr17	7588847	7591234	2	2318	13842.213	463	1
1_MACS_peak_1836_lociStitched	chr10	22291206	22293624	1	2419	12919.1322	464	1
2_MACS_peak_6452_lociStitched	chr17	7153684	7156254	2	2301	13909.097	468	1
1_MACS_peak_12513_lociStitched	chr4	160023645	160025998	1	2354	13448.3362	470	1
1_MACS_peak_4653_lociStitched	chr14	35342503	35344698	1	2196	14663.6975	471	1
1_MACS_peak_12652_lociStitched	chr5	10353073	10355216	1	2144	15032.5021	472	1
3_MACS_peak_3986_lociStitched	chr12	108954303	108957444	3	2616	10538.055	473	1
1_MACS_peak_9688_lociStitched	chr2	208393599	208395835	1	2237	14177.1344	478	1
1_MACS_peak_14439_lociStitched	chr6	159064353	159066697	1	2345	13241.9592	479	1
1_MACS_peak_2669_lociStitched	chr11	47787528	47789944	1	2417	12545.8048	480	1
2_MACS_peak_12866_lociStitched	chr5	74348063	74350607	2	2500	11683.0656	481	1
1_MACS_peak_2543_lociStitched	chr11	10878458	10880900	1	2443	12205.6044	485	1
2_MACS_peak_1126_lociStitched	chr1	156074244	156076983	2	2536	11084.4591	490	1
2_MACS_peak_12438_lociStitched	chr4	140097386	140099872	2	2456	11934.7888	491	1
1_MACS_peak_11275_lociStitched	chr3	49057892	49060296	1	2405	12443.104	492	1
1_MACS_peak_3057_lociStitched	chr11	82781738	82784203	1	2466	11786.3975	495	1
1_MACS_peak_11785_lociStitched	chr3	156876857	156879106	1	2250	13766.3539	496	1
2_MACS_peak_10726_lociStitched	chr22	31685603	31688228	2	2517	11204.025	497	1
2_MACS_peak_1695_lociStitched	chr1	245025936	245028354	2	2369	12696.6762	498	1
2_MACS_peak_8532_lociStitched	chr19	55849549	55851974	2	2268	13565.45	500	1
2_MACS_peak_14443_lociStitched	chr6	159238170	159240754	2	2512	11121.2776	503	1
1_MACS_peak_13118_lociStitched	chr5	132297854	132300055	1	2202	13902.1763	507	1
1_MACS_peak_16971_lociStitched	chrX	102940806	102943163	1	2358	12541.597	508	1
2_MACS_peak_1851_lociStitched	chr10	23727655	23729823	2	2142	14334.5992	511	1
3_MACS_peak_5665_lociStitched	chr15	89181114	89183723	3	2500	11046.506	512	1
1_MACS_peak_13093_lociStitched	chr5	130969876	130972404	1	2529	10672.7104	516	1
1_MACS_peak_14006_lociStitched	chr6	44213836	44216191	1	2356	12388.0065	519	1
1_MACS_peak_907_lociStitched	chr1	144519562	144522094	1	2533	10465.5156	520	1
2_MACS_peak_7874_lociStitched	chr19	10513687	10516021	2	2250	13281.8604	522	1
1_MACS_peak_9416_lociStitched	chr2	157197416	157199810	1	2395	11940.7932	523	1
1_MACS_peak_11116_lociStitched	chr3	23986170	23988428	1	2259	13145.1728	528	1
3_MACS_peak_11820_lociStitched	chr3	171757220	171759490	3	2184	13677.658	533	1
1_MACS_peak_3413_lociStitched	chr12	12713970	12716215	1	2246	13164.4555	534	1
2_MACS_peak_3548_lociStitched	chr12	46383441	46386004	2	2509	10498.8169	535	1
1_MACS_peak_8596_lociStitched	chr19	59069070	59071183	1	2114	14122.4468	539	1
2_MACS_peak_2780_lociStitched	chr11	64007263	64009544	2	2273	12810.5522	540	1
1_MACS_peak_16269_lociStitched	chr9	95895449	95897603	1	2155	13573.431	548	1
1_MACS_peak_1873_lociStitched	chr10	28820883	28823329	1	2447	10805.4496	549	1
1_MACS_peak_4912_lociStitched	chr14	90848425	90850588	1	2164	13479.5997	551	1
1_MACS_peak_3431_lociStitched	chr12	14921996	14924140	1	2145	13616.544	552	1
1_MACS_peak_7797_lociStitched	chr19	5621894	5624252	1	2359	11672.8074	556	1
2_MACS_peak_2787_lociStitched	chr11	64071512	64073913	2	2289	12234.5356	563	1
1_MACS_peak_14057_lociStitched	chr6	64281662	64283936	1	2275	12346.9104	564	1
1_MACS_peak_2604_lociStitched	chr11	32913696	32915978	1	2283	12249.0914	566	1
1_MACS_peak_10354_lociStitched	chr21	30670840	30673191	1	2352	11402.5851	574	1
2_MACS_peak_16235_lociStitched	chr9	91924873	91927053	2	2152	13168.726	576	1
1_MACS_peak_5729_lociStitched	chr15	100105261	100107566	1	2306	11787.5395	577	1
1_MACS_peak_4671_lociStitched	chr14	39900409	39902644	1	2236	12389.499	580	1
3_MACS_peak_1982_lociStitched	chr10	60025771	60028204	3	2314	11646.2844	581	1
1_MACS_peak_6399_lociStitched	chr17	4045580	4047833	1	2254	12057.3801	589	1
3_MACS_peak_3552_lociStitched	chr12	46765166	46767695	3	2391	10508.2479	596	1
1_MACS_peak_10876_lociStitched	chr22	41487061	41489315	1	2255	11822.0046	600	1
2_MACS_peak_6041_lociStitched	chr16	30388658	30390777	2	2099	13156.2353	602	1
1_MACS_peak_1294_lociStitched	chr1	174967751	174969907	1	2157	12674.9084	603	1
1_MACS_peak_8193_lociStitched	chr19	36389732	36391822	1	2091	13173.688	604	1
1_MACS_peak_9101_lociStitched	chr2	85197357	85199639	1	2283	11461.345	605	1
1_MACS_peak_13532_lociStitched	chr6	5260146	5262363	1	2218	11974.9038	608	1
1_MACS_peak_15737_lociStitched	chr8	101320968	101323278	1	2311	11051.964	609	1
2_MACS_peak_16059_lociStitched	chr9	33816453	33818698	2	2245	11697.797	610	1
1_MACS_peak_5740_lociStitched	chr15	101458398	101460646	1	2249	11226.512	634	1
1_MACS_peak_2403_lociStitched	chr10	134209527	134211784	1	2258	11134.4581	635	1
1_MACS_peak_16210_lociStitched	chr9	77701588	77703857	1	2270	10984.0021	638	1
1_MACS_peak_11598_lociStitched	chr3	122512346	122514629	1	2284	10815.4842	643	1
1_MACS_peak_1547_lociStitched	chr1	224620992	224623258	1	2267	10689.4018	657	1
2_MACS_peak_6630_lociStitched	chr17	27053452	27056178	2	2264	10455.3004	671	1
2_MACS_peak_13404_lociStitched	chr5	175962457	175965135	2	2204	11007.1156	676	1
1_MACS_peak_13512_lociStitched	chr6	2988845	2991021	1	2177	11264.7168	678	1
1_MACS_peak_14208_lociStitched	chr6	109702475	109704651	1	2177	11224.4608	681	1
1_MACS_peak_5157_lociStitched	chr15	30113088	30115313	1	2226	10647.07	690	1
2_MACS_peak_12308_lociStitched	chr4	89203652	89206001	2	2233	10572.3792	691	1
1_MACS_peak_13364_lociStitched	chr5	172260431	172262550	1	2120	11531.1742	696	1
1_MACS_peak_11156_lociStitched	chr3	37033571	37035751	1	2181	10834.818	699	1
1_MACS_peak_2526_lociStitched	chr11	9481360	9483488	1	2129	11241.5856	708	1
1_MACS_peak_7796_lociStitched	chr19	5129653	5131793	1	2141	11109.382	711	1
1_MACS_peak_11758_lociStitched	chr3	150479838	150481935	1	2098	11502.8838	712	1
1_MACS_peak_9533_lociStitched	chr2	178076373	178078501	1	2129	11181.7888	716	1
1_MACS_peak_15167_lociStitched	chr7	128170476	128172589	1	2114	11198.2661	723	1
1_MACS_peak_8815_lociStitched	chr2	42328256	42330398	1	2143	10817.5284	729	1
1_MACS_peak_4851_lociStitched	chr14	75724965	75727057	1	2093	11225.4628	733	1
1_MACS_peak_2141_lociStitched	chr10	92921809	92923916	1	2108	10970.9383	742	1
1_MACS_peak_13099_lociStitched	chr5	131745625	131747709	1	2085	11076.0432	750	1
1_MACS_peak_11860_lociStitched	chr3	182510543	182512631	1	2089	11034.2448	751	1
2_MACS_peak_4518_lociStitched	chr13	111566195	111568374	2	2110	10625.4577	765	1
1_MACS_peak_16224_lociStitched	chr9	86594144	86596253	1	2110	10593.7179	769	1
1_MACS_peak_9540_lociStitched	chr2	179314614	179316735	1	2122	10431.9264	775	1
