#MM25 Enhancers
#Created from /data/projects/IRF4_mm_trn_data/myeloma_public_data/rose/MM25.H3K27ac_ROSE/MM25_0KB_STITCHED_ENHANCER_REGION_MAP.txt
#Ranked by MM25.jin.bam
#Using cutoff of 10422.8775 for Super-Enhancers
#Created on Jul 16 2024 
REGION_ID	CHROM	START	STOP	NUM_LOCI	CONSTITUENT_SIZE	MM25.jin.bam	enhancerRank	isSuper
3_MACS_peak_2814_lociStitched	chr11	65183941	65195183	3	11214	79302.1922	1	1
2_MACS_peak_8244_lociStitched	chr19	39892262	39901666	2	9331	61975.1812	2	1
1_MACS_peak_13459_lociStitched	chr5	179245210	179249173	1	3964	43196.7	3	1
1_MACS_peak_5505_lociStitched	chr15	72765379	72768141	1	2763	42562.6962	4	1
1_MACS_peak_7982_lociStitched	chr19	14116093	14118424	1	2332	39311.8488	5	1
1_MACS_peak_13111_lociStitched	chr5	131822663	131827758	1	5096	37391.6955	6	1
3_MACS_peak_5172_lociStitched	chr15	31616032	31622067	3	5970	37020.5005	7	1
1_MACS_peak_13362_lociStitched	chr5	172197007	172200173	1	3167	36860.7882	8	1
1_MACS_peak_6903_lociStitched	chr17	43660364	43663748	1	3385	36590.8536	9	1
1_MACS_peak_7949_lociStitched	chr19	12899306	12905318	1	6013	34356.7764	10	1
1_MACS_peak_12953_lociStitched	chr5	90675205	90680656	1	5452	34188.1269	11	1
2_MACS_peak_13832_lociStitched	chr6	32935809	32941665	2	5551	33792.6336	12	1
1_MACS_peak_15804_lociStitched	chr8	123792171	123795380	1	3210	33261.6059	13	1
1_MACS_peak_1471_lociStitched	chr1	207994037	208000404	1	6368	32816.7914	14	1
1_MACS_peak_15084_lociStitched	chr7	104651938	104656311	1	4374	32709.6027	15	1
1_MACS_peak_2827_lociStitched	chr11	65263790	65269461	1	5672	31981.6045	16	1
1_MACS_peak_12893_lociStitched	chr5	78531189	78534587	1	3399	31820.9108	17	1
1_MACS_peak_15970_lociStitched	chr9	3524762	3527717	1	2956	31008.588	18	1
8_MACS_peak_4195_lociStitched	chr12	125397344	125405818	8	7971	30955.522	19	1
1_MACS_peak_14346_lociStitched	chr6	143265052	143269432	1	4381	30431.364	20	1
1_MACS_peak_12612_lociStitched	chr5	9991	11816	1	1826	30309.965	21	1
5_MACS_peak_15518_lociStitched	chr8	38238598	38244812	5	5311	30278.3364	22	1
1_MACS_peak_2694_lociStitched	chr11	58344289	58347764	1	3476	30084.8125	23	1
1_MACS_peak_5718_lociStitched	chr15	93424577	93428308	1	3732	29880.4597	24	1
1_MACS_peak_13010_lociStitched	chr5	107715866	107719049	1	3184	28670.5542	25	1
1_MACS_peak_15745_lociStitched	chr8	101962479	101966001	1	3523	28143.5976	26	1
1_MACS_peak_3090_lociStitched	chr11	95522099	95524523	1	2425	27960.84	27	1
4_MACS_peak_5545_lociStitched	chr15	75742719	75748878	4	5707	27262.8135	28	1
1_MACS_peak_14311_lociStitched	chr6	136609408	136612097	1	2690	26985.1906	29	1
1_MACS_peak_16220_lociStitched	chr9	86321768	86324113	1	2346	26967.7345	30	1
1_MACS_peak_7975_lociStitched	chr19	13956666	13959033	1	2368	26766.2727	31	1
1_MACS_peak_16155_lociStitched	chr9	66454643	66459086	1	4444	26707.3173	32	1
5_MACS_peak_4131_lociStitched	chr12	122237626	122243015	5	5029	26677.7056	33	1
2_MACS_peak_1722_lociStitched	chr10	3824429	3828603	2	4157	26388.4454	34	1
1_MACS_peak_12670_lociStitched	chr5	32172532	32175327	1	2796	26070.3625	35	1
1_MACS_peak_5357_lociStitched	chr15	52969939	52973382	1	3444	26028.3914	36	1
2_MACS_peak_8404_lociStitched	chr19	47614116	47617655	2	3432	25318.7138	37	1
2_MACS_peak_8089_lociStitched	chr19	18390141	18393628	2	3223	25300.2772	38	1
1_MACS_peak_16320_lociStitched	chr9	102581148	102585393	1	4246	25067.1495	39	1
1_MACS_peak_12982_lociStitched	chr5	98263479	98265833	1	2355	24900.8474	40	1
1_MACS_peak_2786_lociStitched	chr11	64051430	64053642	1	2213	24802.2712	41	1
2_MACS_peak_8450_lociStitched	chr19	49375386	49380008	2	4202	24785.475	42	1
2_MACS_peak_8158_lociStitched	chr19	33863211	33865699	2	2316	24590.6456	43	1
1_MACS_peak_8487_lociStitched	chr19	50379053	50381689	1	2637	24577.5368	44	1
3_MACS_peak_12771_lociStitched	chr5	56109061	56113804	3	4133	24481.4688	45	1
1_MACS_peak_15480_lociStitched	chr8	29939266	29941372	1	2107	24352.0992	46	1
1_MACS_peak_10817_lociStitched	chr22	38900431	38903321	1	2891	24244.499	47	1
1_MACS_peak_9637_lociStitched	chr2	201727587	201729922	1	2336	24223.9905	48	1
1_MACS_peak_2234_lociStitched	chr10	104153461	104156366	1	2906	23885.2005	49	1
3_MACS_peak_13278_lociStitched	chr5	150457644	150463480	3	5686	23816.1324	50	1
3_MACS_peak_8282_lociStitched	chr19	41768449	41771494	3	2876	23790.8895	51	1
3_MACS_peak_7688_lociStitched	chr19	2083017	2088536	3	5109	23662.7125	52	1
1_MACS_peak_5409_lociStitched	chr15	63795245	63798112	1	2868	23564.7331	53	1
1_MACS_peak_13967_lociStitched	chr6	42749412	42751981	1	2570	23527.6727	54	1
1_MACS_peak_177_lociStitched	chr1	16992789	16994205	1	1417	23479.9704	55	1
2_MACS_peak_1659_lociStitched	chr1	234743014	234748410	2	5361	23415.4024	56	1
3_MACS_peak_15190_lociStitched	chr7	130790192	130796258	3	5812	23353.4934	57	1
1_MACS_peak_6908_lociStitched	chr17	44269012	44272329	1	3318	23321.1636	58	1
1_MACS_peak_16365_lociStitched	chr9	114244859	114247141	1	2283	23273.2052	59	1
2_MACS_peak_5719_lociStitched	chr15	93443188	93448637	2	5377	23223.0931	60	1
1_MACS_peak_179_lociStitched	chr1	17066295	17067663	1	1369	23220.432	61	1
3_MACS_peak_13556_lociStitched	chr6	7905780	7912448	3	6575	23148.6288	62	1
1_MACS_peak_5686_lociStitched	chr15	90642653	90646357	1	3705	23106.6632	63	1
1_MACS_peak_13124_lociStitched	chr5	133560786	133562975	1	2190	23056.9559	64	1
1_MACS_peak_13130_lociStitched	chr5	133859880	133863311	1	3432	22979.1225	65	1
4_MACS_peak_2946_lociStitched	chr11	69061382	69066407	4	4664	22840.635	66	1
1_MACS_peak_3777_lociStitched	chr12	62995844	62997984	1	2141	22733.22	67	1
3_MACS_peak_12778_lociStitched	chr5	56467992	56472718	3	4465	22725.9162	68	1
2_MACS_peak_1698_lociStitched	chr1	245132764	245135394	2	2617	22627.731	69	1
1_MACS_peak_13246_lociStitched	chr5	142781464	142785558	1	4095	22623.8534	70	1
2_MACS_peak_6056_lociStitched	chr16	30668165	30671696	2	3531	22574.7423	71	1
1_MACS_peak_16620_lociStitched	chr9	139376718	139379156	1	2439	22554.6694	72	1
1_MACS_peak_3178_lociStitched	chr11	116968087	116970244	1	2158	22505.7066	73	1
2_MACS_peak_12968_lociStitched	chr5	95294436	95298373	2	3640	22433.026	74	1
1_MACS_peak_6477_lociStitched	chr17	7737201	7740305	1	3105	22093.9616	75	1
1_MACS_peak_4687_lociStitched	chr14	50099889	50102868	1	2980	22050.2601	76	1
4_MACS_peak_1013_lociStitched	chr1	150548131	150552948	4	4448	22005.0194	77	1
3_MACS_peak_9800_lociStitched	chr2	232570610	232576039	3	5246	22004.2799	78	1
1_MACS_peak_9030_lociStitched	chr2	70312759	70316084	1	3326	21973.2625	79	1
1_MACS_peak_85_lociStitched	chr1	6660559	6664327	1	3769	21900.7464	80	1
1_MACS_peak_5591_lociStitched	chr15	81291986	81294812	1	2827	21857.9796	81	1
1_MACS_peak_6478_lociStitched	chr17	7744543	7748296	1	3754	21756.5163	82	1
1_MACS_peak_13627_lociStitched	chr6	16759722	16763865	1	4144	21630.603	83	1
3_MACS_peak_15856_lociStitched	chr8	126441238	126447642	3	5887	21616.702	84	1
1_MACS_peak_12081_lociStitched	chr4	15002890	15007160	1	4271	21514.822	85	1
2_MACS_peak_9174_lociStitched	chr2	89156577	89162135	2	5445	21412.195	86	1
1_MACS_peak_4426_lociStitched	chr13	50697405	50700651	1	3247	21407.37	87	1
1_MACS_peak_5305_lociStitched	chr15	45002583	45005450	1	2868	21349.9756	88	1
1_MACS_peak_17120_lociStitched	chrX	148584241	148587154	1	2914	21291.9909	89	1
1_MACS_peak_16202_lociStitched	chr9	74978547	74981125	1	2579	21267.4688	90	1
1_MACS_peak_5920_lociStitched	chr16	19078277	19079905	1	1629	21260.052	91	1
1_MACS_peak_5984_lociStitched	chr16	28833812	28836450	1	2639	21102.1534	92	1
2_MACS_peak_1942_lociStitched	chr10	43902077	43905258	2	2951	21029.591	93	1
1_MACS_peak_16363_lociStitched	chr9	113017403	113020490	1	3088	20969.6823	94	1
4_MACS_peak_10690_lociStitched	chr22	29194167	29198222	4	3807	20882.0335	95	1
1_MACS_peak_16077_lociStitched	chr9	35071278	35073000	1	1723	20866.8516	96	1
1_MACS_peak_16303_lociStitched	chr9	100394253	100396772	1	2520	20736.408	97	1
4_MACS_peak_8031_lociStitched	chr19	16434655	16439935	4	5152	20702.88	98	1
2_MACS_peak_8233_lociStitched	chr19	39339910	39343762	2	3536	20628.2304	99	1
1_MACS_peak_2984_lociStitched	chr11	72524322	72527093	1	2772	20540.0375	100	1
1_MACS_peak_1595_lociStitched	chr1	228269708	228271624	1	1917	20532.814	101	1
3_MACS_peak_3466_lociStitched	chr12	26274155	26279845	3	5447	20435.066	102	1
3_MACS_peak_17157_lociStitched	chrX	153235583	153239268	3	3465	20311.72	103	1
2_MACS_peak_2279_lociStitched	chr10	111967355	111971882	2	4524	20250.6291	104	1
4_MACS_peak_9153_lociStitched	chr2	88922654	88928088	4	4946	20186.2232	105	1
2_MACS_peak_15179_lociStitched	chr7	129588803	129592995	2	4060	20174.8384	106	1
1_MACS_peak_15386_lociStitched	chr8	12610873	12613994	1	3122	20169.7746	107	1
1_MACS_peak_8371_lociStitched	chr19	45970325	45973080	1	2756	20157.233	108	1
3_MACS_peak_5560_lociStitched	chr15	76627538	76634414	3	6634	20107.4868	109	1
2_MACS_peak_13641_lociStitched	chr6	24718965	24722164	2	3062	20085.5613	110	1
1_MACS_peak_15750_lociStitched	chr8	102215528	102219249	1	3722	20074.4229	111	1
1_MACS_peak_12746_lociStitched	chr5	49961664	49964546	1	2883	20061.0256	112	1
1_MACS_peak_8517_lociStitched	chr19	54692895	54695811	1	2917	20027.9628	113	1
3_MACS_peak_7702_lociStitched	chr19	2269367	2273839	3	3770	19953.6168	114	1
1_MACS_peak_181_lociStitched	chr1	17230318	17232113	1	1796	19911.3965	115	1
4_MACS_peak_16817_lociStitched	chrX	48772616	48777429	4	4345	19817.5275	116	1
1_MACS_peak_15246_lociStitched	chr7	140623484	140625417	1	1934	19775.1699	117	1
2_MACS_peak_3194_lociStitched	chr11	118660169	118663449	2	3272	19541.584	118	1
2_MACS_peak_13301_lociStitched	chr5	154133925	154137429	2	3368	19508.1696	119	1
1_MACS_peak_8483_lociStitched	chr19	50320375	50322333	1	1959	19438.045	120	1
1_MACS_peak_16306_lociStitched	chr9	100683952	100685700	1	1749	19332.006	121	1
2_MACS_peak_6750_lociStitched	chr17	36857179	36862392	2	5209	19159.3389	122	1
1_MACS_peak_2642_lociStitched	chr11	46638055	46639794	1	1740	19125.0003	123	1
1_MACS_peak_13162_lociStitched	chr5	137877883	137880172	1	2290	19123.2216	124	1
3_MACS_peak_15589_lociStitched	chr8	61821143	61825028	3	3398	19087.782	125	1
2_MACS_peak_10413_lociStitched	chr21	38737856	38741014	2	3079	19051.8982	126	1
1_MACS_peak_13152_lociStitched	chr5	137088528	137091227	1	2700	19022.8219	127	1
1_MACS_peak_11175_lociStitched	chr3	39192751	39195440	1	2690	18935.938	128	1
1_MACS_peak_5260_lociStitched	chr15	41407528	41409391	1	1864	18926.4033	129	1
1_MACS_peak_40_lociStitched	chr1	1622888	1625280	1	2393	18882.6872	130	1
1_MACS_peak_13120_lociStitched	chr5	132386510	132388840	1	2331	18819.876	131	1
2_MACS_peak_8754_lociStitched	chr2	30368524	30371485	2	2730	18735.4314	132	1
2_MACS_peak_5942_lociStitched	chr16	22200217	22203785	2	3369	18725.9344	133	1
1_MACS_peak_630_lociStitched	chr1	59247727	59251185	1	3459	18636.5452	134	1
2_MACS_peak_9643_lociStitched	chr2	201980381	201984862	2	4390	18601.9753	135	1
3_MACS_peak_5933_lociStitched	chr16	21528136	21532157	3	3572	18521.5302	136	1
3_MACS_peak_15080_lociStitched	chr7	104581355	104586319	3	4279	18444.7348	137	1
6_MACS_peak_10607_lociStitched	chr22	23229963	23237603	6	7353	18339.82	138	1
1_MACS_peak_13163_lociStitched	chr5	137910192	137911795	1	1604	18293.436	139	1
1_MACS_peak_7101_lociStitched	chr17	62501094	62503830	1	2737	18267.1776	140	1
1_MACS_peak_4806_lociStitched	chr14	70233296	70234808	1	1513	18211.5864	141	1
2_MACS_peak_4780_lociStitched	chr14	64969320	64972065	2	2714	18193.5855	142	1
1_MACS_peak_2608_lociStitched	chr11	33278278	33280667	1	2390	18125.343	143	1
1_MACS_peak_3069_lociStitched	chr11	85374565	85376689	1	2125	18051.6636	144	1
1_MACS_peak_180_lociStitched	chr1	17221529	17223295	1	1767	18045.6944	145	1
1_MACS_peak_16984_lociStitched	chrX	106958335	106961262	1	2928	18028.2711	146	1
1_MACS_peak_15760_lociStitched	chr8	103874728	103877265	1	2538	18007.1186	147	1
2_MACS_peak_12355_lociStitched	chr4	103746699	103749836	2	2932	17995.7142	148	1
1_MACS_peak_1894_lociStitched	chr10	32635067	32636554	1	1488	17991.5104	149	1
1_MACS_peak_8012_lociStitched	chr19	15489338	15491377	1	2040	17971.5421	150	1
3_MACS_peak_14124_lociStitched	chr6	89789444	89792551	3	3064	17953.1781	151	1
3_MACS_peak_8100_lociStitched	chr19	18630204	18633685	3	3019	17913.5741	152	1
4_MACS_peak_3416_lociStitched	chr12	12867186	12872545	4	4278	17901.7395	153	1
1_MACS_peak_3457_lociStitched	chr12	25538088	25540340	1	2253	17892.3652	154	1
1_MACS_peak_13483_lociStitched	chr6	290570	293691	1	3122	17875.8396	155	1
2_MACS_peak_2612_lociStitched	chr11	34072501	34075389	2	2775	17866.612	156	1
2_MACS_peak_16217_lociStitched	chr9	82185378	82188906	2	3207	17848.5048	157	1
1_MACS_peak_5072_lociStitched	chr14	105947193	105949199	1	2007	17812.277	158	1
1_MACS_peak_16314_lociStitched	chr9	101983331	101985501	1	2171	17797.689	159	1
1_MACS_peak_10889_lociStitched	chr22	41841909	41844676	1	2768	17785.1692	160	1
1_MACS_peak_8253_lociStitched	chr19	40323489	40325108	1	1620	17710.4029	161	1
1_MACS_peak_2791_lociStitched	chr11	64545102	64547427	1	2326	17650.47	162	1
2_MACS_peak_10054_lociStitched	chr20	34329036	34332136	2	2609	17631.56	163	1
2_MACS_peak_10072_lociStitched	chr20	35201086	35203922	2	2648	17626.3072	164	1
1_MACS_peak_9534_lociStitched	chr2	178127841	178130497	1	2657	17589.6256	165	1
1_MACS_peak_16275_lociStitched	chr9	96928218	96929733	1	1516	17574	166	1
2_MACS_peak_11241_lociStitched	chr3	47323164	47325221	2	2041	17547.2385	167	1
1_MACS_peak_5960_lociStitched	chr16	24550214	24552179	1	1966	17545.2885	168	1
1_MACS_peak_13012_lociStitched	chr5	108062968	108065100	1	2133	17544.4412	169	1
4_MACS_peak_12731_lociStitched	chr5	43039526	43043553	4	3579	17506.9798	170	1
1_MACS_peak_3062_lociStitched	chr11	82903774	82906205	1	2432	17499.3104	171	1
1_MACS_peak_2898_lociStitched	chr11	66884955	66887789	1	2835	17473.5938	172	1
1_MACS_peak_8285_lociStitched	chr19	41802863	41805495	1	2633	17466.7416	173	1
1_MACS_peak_3274_lociStitched	chr11	129871555	129874058	1	2504	17449.4142	174	1
1_MACS_peak_12701_lociStitched	chr5	36240850	36243124	1	2275	17424.525	175	1
3_MACS_peak_7692_lociStitched	chr19	2093803	2097913	3	3768	17362.284	176	1
2_MACS_peak_15343_lociStitched	chr7	158620627	158623132	2	2501	17347.626	177	1
1_MACS_peak_10383_lociStitched	chr21	34913778	34916202	1	2425	17341.5384	178	1
1_MACS_peak_16229_lociStitched	chr9	88896429	88898483	1	2055	17340.2788	179	1
1_MACS_peak_2751_lociStitched	chr11	62606478	62610263	1	3786	17315.618	180	1
1_MACS_peak_2715_lociStitched	chr11	61196545	61198270	1	1726	17302.785	181	1
1_MACS_peak_2846_lociStitched	chr11	65429265	65431550	1	2286	17299.5065	182	1
1_MACS_peak_7881_lociStitched	chr19	10612416	10614518	1	2103	17277.8094	183	1
2_MACS_peak_2806_lociStitched	chr11	64899498	64903254	2	3525	17238.9132	184	1
2_MACS_peak_12722_lociStitched	chr5	42991538	42995120	2	3311	17112.6468	185	1
2_MACS_peak_8009_lociStitched	chr19	15441728	15444022	2	2228	17092.1352	186	1
3_MACS_peak_14197_lociStitched	chr6	108878506	108883160	3	4630	17083.9032	187	1
1_MACS_peak_16307_lociStitched	chr9	100744703	100747906	1	3204	17064.3028	188	1
4_MACS_peak_7141_lociStitched	chr17	66284011	66289209	4	4597	17058.7964	189	1
3_MACS_peak_12270_lociStitched	chr4	78738559	78743077	3	4237	17045.9622	190	1
1_MACS_peak_2466_lociStitched	chr11	1873334	1877453	1	4120	16993.7583	191	1
2_MACS_peak_6886_lociStitched	chr17	43303092	43307439	2	4318	16961.994	192	1
1_MACS_peak_10699_lociStitched	chr22	29663264	29665468	1	2205	16940.6052	193	1
2_MACS_peak_1604_lociStitched	chr1	228674165	228675877	2	1677	16908.568	194	1
2_MACS_peak_13450_lociStitched	chr5	179049288	179051597	2	2288	16885.2552	195	1
1_MACS_peak_8519_lociStitched	chr19	54959262	54961315	1	2054	16874.4282	196	1
1_MACS_peak_15991_lociStitched	chr9	6756919	6759412	1	2494	16843.4559	197	1
1_MACS_peak_2754_lociStitched	chr11	62647702	62650129	1	2428	16838.0406	198	1
1_MACS_peak_12152_lociStitched	chr4	40056462	40059625	1	3164	16830.6393	199	1
1_MACS_peak_6393_lociStitched	chr17	3817109	3820366	1	3258	16819.148	200	1
1_MACS_peak_5580_lociStitched	chr15	79164939	79166752	1	1814	16785.2979	201	1
2_MACS_peak_1868_lociStitched	chr10	27442689	27445452	2	2756	16700.1246	202	1
1_MACS_peak_5477_lociStitched	chr15	69109639	69113971	1	4333	16677.3336	203	1
1_MACS_peak_11568_lociStitched	chr3	119812627	119815149	1	2523	16629.3114	204	1
4_MACS_peak_15099_lociStitched	chr7	106807915	106810796	4	2690	16613.8627	205	1
1_MACS_peak_2557_lociStitched	chr11	16759437	16761346	1	1910	16609.0636	206	1
1_MACS_peak_8337_lociStitched	chr19	44098939	44101334	1	2396	16603.8165	207	1
1_MACS_peak_16237_lociStitched	chr9	91932775	91934507	1	1733	16601.5664	208	1
2_MACS_peak_2243_lociStitched	chr10	104401448	104406172	2	4559	16598.7188	209	1
3_MACS_peak_10464_lociStitched	chr21	44844885	44848242	3	3331	16580.8944	210	1
2_MACS_peak_7651_lociStitched	chr19	1247909	1251399	2	3274	16577.849	211	1
1_MACS_peak_8549_lociStitched	chr19	56165032	56167328	1	2297	16550.9456	212	1
1_MACS_peak_4758_lociStitched	chr14	60714367	60717034	1	2668	16513.2639	213	1
2_MACS_peak_6024_lociStitched	chr16	30006194	30008093	2	1789	16469.2674	214	1
2_MACS_peak_14260_lociStitched	chr6	119667958	119672181	2	3943	16456.6087	215	1
1_MACS_peak_15757_lociStitched	chr8	103665702	103669475	1	3774	16345.7679	216	1
2_MACS_peak_16018_lociStitched	chr9	20620024	20624237	2	4204	16333.801	217	1
1_MACS_peak_1307_lociStitched	chr1	179049765	179052896	1	3132	16324.7209	218	1
1_MACS_peak_5038_lociStitched	chr14	103799485	103801769	1	2285	16324.4332	219	1
1_MACS_peak_13014_lociStitched	chr5	108744542	108747013	1	2472	16300.1986	220	1
2_MACS_peak_5350_lociStitched	chr15	52471041	52473058	2	2007	16287.4767	221	1
4_MACS_peak_16284_lociStitched	chr9	98267910	98273836	4	5682	16253.8328	222	1
1_MACS_peak_5446_lociStitched	chr15	66082943	66085721	1	2779	16253.2446	223	1
1_MACS_peak_5931_lociStitched	chr16	21512281	21514522	1	2242	16211.394	224	1
1_MACS_peak_1336_lociStitched	chr1	183439542	183442299	1	2758	16186.6227	225	1
1_MACS_peak_8322_lociStitched	chr19	42771768	42775003	1	3236	16155.59	226	1
1_MACS_peak_6755_lociStitched	chr17	36980501	36982459	1	1959	16110.424	227	1
1_MACS_peak_6546_lociStitched	chr17	18085868	18088544	1	2677	16084.9008	228	1
1_MACS_peak_16088_lociStitched	chr9	35657305	35659224	1	1920	16026.5285	229	1
1_MACS_peak_12876_lociStitched	chr5	75697448	75700468	1	3021	15997.544	230	1
1_MACS_peak_16409_lociStitched	chr9	125026361	125028219	1	1859	15979.729	231	1
1_MACS_peak_5647_lociStitched	chr15	85290427	85292819	1	2393	15952.0088	232	1
2_MACS_peak_13186_lociStitched	chr5	139015227	139018459	2	3144	15942.8096	233	1
2_MACS_peak_12720_lociStitched	chr5	42949511	42952579	2	2971	15857.5716	234	1
1_MACS_peak_9685_lociStitched	chr2	208029746	208031887	1	2142	15820.4913	235	1
1_MACS_peak_1197_lociStitched	chr1	161013876	161017624	1	3749	15811.6876	236	1
1_MACS_peak_3189_lociStitched	chr11	118306100	118309764	1	3665	15803.5648	237	1
1_MACS_peak_8484_lociStitched	chr19	50353716	50355171	1	1456	15741.2085	238	1
1_MACS_peak_6375_lociStitched	chr17	2302869	2305859	1	2991	15679.261	239	1
2_MACS_peak_8897_lociStitched	chr2	55843340	55846125	2	2769	15668.1315	240	1
1_MACS_peak_6440_lociStitched	chr17	6915354	6918926	1	3573	15542.1292	241	1
1_MACS_peak_9742_lociStitched	chr2	220142448	220145154	1	2707	15524.8632	242	1
1_MACS_peak_13015_lociStitched	chr5	109024406	109027486	1	3081	15517.348	243	1
1_MACS_peak_2266_lociStitched	chr10	105880103	105882441	1	2339	15467.7404	244	1
1_MACS_peak_13205_lociStitched	chr5	139554144	139555966	1	1823	15463.6784	245	1
1_MACS_peak_1694_lociStitched	chr1	244997092	244999409	1	2318	15446.5122	246	1
1_MACS_peak_15120_lociStitched	chr7	113724516	113727889	1	3374	15441.2567	247	1
1_MACS_peak_7149_lociStitched	chr17	66507529	66509508	1	1980	15434.6168	248	1
1_MACS_peak_6572_lociStitched	chr17	19090639	19094246	1	3608	15421.3678	249	1
5_MACS_peak_13413_lociStitched	chr5	176727125	176732245	5	4399	15369.216	250	1
1_MACS_peak_2833_lociStitched	chr11	65336450	65338701	1	2252	15347.7682	251	1
1_MACS_peak_34_lociStitched	chr1	1509306	1510913	1	1608	15338.3329	252	1
1_MACS_peak_13752_lociStitched	chr6	30523316	30525604	1	2289	15312.8976	253	1
1_MACS_peak_13748_lociStitched	chr6	30293611	30295585	1	1975	15308.5674	254	1
1_MACS_peak_2434_lociStitched	chr11	506033	507482	1	1450	15293.1807	255	1
2_MACS_peak_12153_lociStitched	chr4	40198201	40203429	2	5151	15279.3528	256	1
2_MACS_peak_144_lociStitched	chr1	14026181	14029824	2	3451	15279.1063	257	1
3_MACS_peak_6791_lociStitched	chr17	38478171	38483252	3	4663	15266.8807	258	1
1_MACS_peak_14708_lociStitched	chr7	39988575	39991565	1	2991	15248.701	259	1
1_MACS_peak_5947_lociStitched	chr16	22308389	22310016	1	1628	15207.0809	260	1
1_MACS_peak_8140_lociStitched	chr19	30205447	30207186	1	1740	15182.5134	261	1
2_MACS_peak_897_lociStitched	chr1	143742695	143745543	2	2835	15106.6464	262	1
1_MACS_peak_12597_lociStitched	chr4	186346125	186347872	1	1748	15054.4231	263	1
2_MACS_peak_12707_lociStitched	chr5	39072782	39075635	2	2742	15032.7423	264	1
1_MACS_peak_12652_lociStitched	chr5	10353073	10355216	1	2144	15032.5021	265	1
1_MACS_peak_6497_lociStitched	chr17	8150498	8153308	1	2811	15001.466	266	1
1_MACS_peak_8557_lociStitched	chr19	57790742	57792612	1	1871	14996.091	267	1
4_MACS_peak_3944_lociStitched	chr12	104321762	104325282	4	3234	14958.592	268	1
3_MACS_peak_7885_lociStitched	chr19	10763565	10766008	3	2387	14942.1209	269	1
1_MACS_peak_6994_lociStitched	chr17	48942920	48945651	1	2732	14941.8472	270	1
1_MACS_peak_13478_lociStitched	chr5	180687424	180689301	1	1878	14922.15	271	1
2_MACS_peak_12683_lociStitched	chr5	32585364	32587118	2	1747	14898.476	272	1
2_MACS_peak_2421_lociStitched	chr11	206517	209343	2	2803	14892.7374	273	1
1_MACS_peak_13412_lociStitched	chr5	176559243	176562004	1	2762	14889.7969	274	1
1_MACS_peak_16288_lociStitched	chr9	98637306	98638940	1	1635	14861.8836	275	1
1_MACS_peak_13754_lociStitched	chr6	30582879	30586388	1	3510	14833.2448	276	1
1_MACS_peak_13169_lociStitched	chr5	138629005	138630770	1	1766	14823.529	277	1
1_MACS_peak_15758_lociStitched	chr8	103818221	103820051	1	1831	14803.419	278	1
1_MACS_peak_11303_lociStitched	chr3	49760299	49762746	1	2448	14775.2307	279	1
2_MACS_peak_3060_lociStitched	chr11	82866779	82869478	2	2542	14738.4293	280	1
1_MACS_peak_15823_lociStitched	chr8	125485858	125488156	1	2299	14708.349	281	1
1_MACS_peak_7670_lociStitched	chr19	1651295	1653556	1	2262	14673.4378	282	1
1_MACS_peak_4653_lociStitched	chr14	35342503	35344698	1	2196	14663.6975	283	1
4_MACS_peak_10616_lociStitched	chr22	23270297	23275810	4	5119	14650.7975	284	1
2_MACS_peak_13103_lociStitched	chr5	131760684	131763697	2	2750	14638.9618	285	1
2_MACS_peak_15721_lociStitched	chr8	98655338	98658397	2	3059	14632.4206	286	1
5_MACS_peak_4406_lociStitched	chr13	49549510	49553985	5	4306	14612.2175	287	1
1_MACS_peak_42_lociStitched	chr1	1676163	1678505	1	2343	14601.6674	288	1
1_MACS_peak_17122_lociStitched	chrX	148621055	148623429	1	2375	14593.4528	289	1
1_MACS_peak_9353_lociStitched	chr2	128144593	128146553	1	1961	14579.46	290	1
1_MACS_peak_12580_lociStitched	chr4	185393400	185396919	1	3520	14554.584	291	1
1_MACS_peak_7106_lociStitched	chr17	62914761	62916405	1	1645	14552.688	292	1
1_MACS_peak_3420_lociStitched	chr12	12875382	12879417	1	4036	14525.193	293	1
1_MACS_peak_6845_lociStitched	chr17	41321395	41323930	1	2536	14515.1565	294	1
3_MACS_peak_14472_lociStitched	chr6	163834045	163837856	3	3708	14507.3337	295	1
1_MACS_peak_17174_lociStitched	chrX	153625360	153627378	1	2019	14503.5678	296	1
1_MACS_peak_10986_lociStitched	chr22	50968257	50971081	1	2825	14488.8144	297	1
3_MACS_peak_10393_lociStitched	chr21	36258092	36262670	3	4137	14485.7076	298	1
1_MACS_peak_13454_lociStitched	chr5	179124673	179127117	1	2445	14467.7468	299	1
1_MACS_peak_3973_lociStitched	chr12	106695519	106697779	1	2261	14466.712	300	1
1_MACS_peak_7654_lociStitched	chr19	1258988	1262538	1	3551	14442.465	301	1
1_MACS_peak_13446_lociStitched	chr5	178052903	178054512	1	1610	14434.1781	302	1
1_MACS_peak_45_lociStitched	chr1	1821251	1823295	1	2045	14420.8288	303	1
2_MACS_peak_8020_lociStitched	chr19	16186499	16190594	2	3814	14395.1535	304	1
1_MACS_peak_2899_lociStitched	chr11	67007239	67009268	1	2030	14351.7257	305	1
4_MACS_peak_1417_lociStitched	chr1	204378553	204381789	4	2973	14343.8936	306	1
1_MACS_peak_8291_lociStitched	chr19	41869259	41870666	1	1408	14341.8324	307	1
2_MACS_peak_1851_lociStitched	chr10	23727655	23729823	2	2142	14334.5992	308	1
1_MACS_peak_8190_lociStitched	chr19	36235664	36237057	1	1394	14254.4297	309	1
2_MACS_peak_16333_lociStitched	chr9	108006245	108010287	2	3556	14253.3046	310	1
1_MACS_peak_3398_lociStitched	chr12	10364768	10366831	1	2064	14225.6228	311	1
1_MACS_peak_7274_lociStitched	chr17	76835858	76837851	1	1994	14212.4816	312	1
1_MACS_peak_13430_lociStitched	chr5	176881067	176883503	1	2437	14199.6876	313	1
1_MACS_peak_9688_lociStitched	chr2	208393599	208395835	1	2237	14177.1344	314	1
1_MACS_peak_7657_lociStitched	chr19	1269029	1270513	1	1485	14172.4968	315	1
2_MACS_peak_4582_lociStitched	chr14	23387348	23389109	2	1748	14127.6225	316	1
1_MACS_peak_8596_lociStitched	chr19	59069070	59071183	1	2114	14122.4468	317	1
1_MACS_peak_4326_lociStitched	chr13	36919225	36921116	1	1892	14114.424	318	1
1_MACS_peak_10456_lociStitched	chr21	44772297	44774720	1	2424	14113.975	319	1
1_MACS_peak_11088_lociStitched	chr3	15836236	15839737	1	3502	14101.3278	320	1
1_MACS_peak_7373_lociStitched	chr18	2654656	2657005	1	2350	14071.4496	321	1
1_MACS_peak_13263_lociStitched	chr5	148928903	148931670	1	2768	14058.8503	322	1
5_MACS_peak_9420_lociStitched	chr2	158295819	158301852	5	5141	14043.6174	323	1
1_MACS_peak_12353_lociStitched	chr4	103421707	103423574	1	1868	14008.4744	324	1
1_MACS_peak_10924_lociStitched	chr22	44419623	44423546	1	3924	14001.187	325	1
1_MACS_peak_11534_lociStitched	chr3	113464132	113466716	1	2585	13993.652	326	1
1_MACS_peak_3174_lociStitched	chr11	115092250	115094599	1	2350	13990.644	327	1
1_MACS_peak_7049_lociStitched	chr17	57696000	57698000	1	2001	13960.8	328	1
1_MACS_peak_5374_lociStitched	chr15	57209755	57212336	1	2582	13951.3374	329	1
1_MACS_peak_4957_lociStitched	chr14	91975504	91977533	1	2030	13946.9402	330	1
1_MACS_peak_7680_lociStitched	chr19	1940125	1942762	1	2638	13937.3361	331	1
1_MACS_peak_3954_lociStitched	chr12	104680004	104683025	1	3022	13937.0814	332	1
1_MACS_peak_4852_lociStitched	chr14	75743415	75746376	1	2962	13936.5387	333	1
3_MACS_peak_7213_lociStitched	chr17	74260294	74263855	3	2961	13924.2222	334	1
1_MACS_peak_5518_lociStitched	chr15	74907140	74909059	1	1920	13916.588	335	1
2_MACS_peak_6452_lociStitched	chr17	7153684	7156254	2	2301	13909.097	336	1
1_MACS_peak_13118_lociStitched	chr5	132297854	132300055	1	2202	13902.1763	337	1
1_MACS_peak_4529_lociStitched	chr13	113862260	113864650	1	2391	13891.875	338	1
1_MACS_peak_10360_lociStitched	chr21	33983916	33985650	1	1735	13876.1616	339	1
1_MACS_peak_13112_lociStitched	chr5	131830305	131833667	1	3363	13855.1382	340	1
2_MACS_peak_6475_lociStitched	chr17	7588847	7591234	2	2318	13842.213	341	1
1_MACS_peak_1400_lociStitched	chr1	203258391	203260837	1	2447	13834.0868	342	1
1_MACS_peak_8848_lociStitched	chr2	46768799	46771751	1	2953	13829.5296	343	1
3_MACS_peak_11189_lociStitched	chr3	42054163	42056732	3	2436	13816.8527	344	1
2_MACS_peak_15962_lociStitched	chr9	2014493	2018316	2	3711	13801.03	345	1
1_MACS_peak_11785_lociStitched	chr3	156876857	156879106	1	2250	13766.3539	346	1
4_MACS_peak_5489_lociStitched	chr15	70387474	70392030	4	3871	13755.4752	347	1
2_MACS_peak_15862_lociStitched	chr8	128746987	128751057	2	4062	13745.204	348	1
2_MACS_peak_1343_lociStitched	chr1	185124905	185127396	2	2446	13713.2041	349	1
3_MACS_peak_11820_lociStitched	chr3	171757220	171759490	3	2184	13677.658	350	1
1_MACS_peak_13188_lociStitched	chr5	139027754	139030847	1	3094	13663.0182	351	1
1_MACS_peak_2988_lociStitched	chr11	72851411	72854968	1	3558	13650.3432	352	1
2_MACS_peak_6026_lociStitched	chr16	30075461	30078363	2	2894	13648.3962	353	1
1_MACS_peak_3431_lociStitched	chr12	14921996	14924140	1	2145	13616.544	354	1
1_MACS_peak_11817_lociStitched	chr3	170073607	170076301	1	2695	13608.4716	355	1
1_MACS_peak_13403_lociStitched	chr5	175874416	175876336	1	1921	13603.008	356	1
1_MACS_peak_5459_lociStitched	chr15	67812557	67814929	1	2373	13583.0208	357	1
1_MACS_peak_8554_lociStitched	chr19	56825437	56827205	1	1769	13576.8256	358	1
1_MACS_peak_16269_lociStitched	chr9	95895449	95897603	1	2155	13573.431	359	1
4_MACS_peak_1172_lociStitched	chr1	159891168	159895518	4	3649	13568.085	360	1
2_MACS_peak_8532_lociStitched	chr19	55849549	55851974	2	2268	13565.45	361	1
1_MACS_peak_5432_lociStitched	chr15	65184967	65188065	1	3099	13549.103	362	1
1_MACS_peak_14078_lociStitched	chr6	74229358	74231923	1	2566	13547.0475	363	1
1_MACS_peak_2689_lociStitched	chr11	57434386	57436457	1	2072	13536.056	364	1
1_MACS_peak_13126_lociStitched	chr5	133706240	133708162	1	1923	13526.6516	365	1
1_MACS_peak_1333_lociStitched	chr1	182991333	182993838	1	2506	13526.499	366	1
1_MACS_peak_215_lociStitched	chr1	22108039	22110398	1	2360	13496.7826	367	1
1_MACS_peak_4912_lociStitched	chr14	90848425	90850588	1	2164	13479.5997	368	1
1_MACS_peak_7812_lociStitched	chr19	6392529	6394325	1	1797	13461.5588	369	1
1_MACS_peak_12513_lociStitched	chr4	160023645	160025998	1	2354	13448.3362	370	1
3_MACS_peak_3545_lociStitched	chr12	46120422	46124918	3	4474	13431.3504	371	1
1_MACS_peak_9385_lociStitched	chr2	136499091	136500752	1	1662	13423.2054	372	1
1_MACS_peak_13815_lociStitched	chr6	31939034	31940925	1	1892	13406.4336	373	1
2_MACS_peak_1017_lociStitched	chr1	150582634	150586086	2	3144	13392.7244	374	1
1_MACS_peak_12767_lociStitched	chr5	55884020	55886057	1	2038	13386.7566	375	1
1_MACS_peak_3159_lociStitched	chr11	111749285	111750877	1	1593	13369.1384	376	1
2_MACS_peak_16585_lociStitched	chr9	136022672	136025426	2	2695	13360.4802	377	1
1_MACS_peak_8352_lociStitched	chr19	45504131	45505451	1	1321	13352.592	378	1
1_MACS_peak_16053_lociStitched	chr9	33289445	33291325	1	1881	13344.992	379	1
1_MACS_peak_194_lociStitched	chr1	19922568	19924550	1	1983	13323.004	380	1
2_MACS_peak_10035_lociStitched	chr20	33291453	33293126	2	1673	13317.2473	381	1
1_MACS_peak_16222_lociStitched	chr9	86535381	86536848	1	1468	13294.8342	382	1
1_MACS_peak_16115_lociStitched	chr9	37464344	37466378	1	2035	13287.105	383	1
2_MACS_peak_7874_lociStitched	chr19	10513687	10516021	2	2250	13281.8604	384	1
4_MACS_peak_10255_lociStitched	chr20	57463470	57468283	4	4212	13268.9597	385	1
3_MACS_peak_3228_lociStitched	chr11	122931691	122934712	3	2869	13266.7215	386	1
2_MACS_peak_6361_lociStitched	chr17	1618721	1621539	2	2797	13263.1988	387	1
1_MACS_peak_3506_lociStitched	chr12	31476110	31479036	1	2927	13253.6096	388	1
1_MACS_peak_15733_lociStitched	chr8	101169894	101171280	1	1387	13246.8336	389	1
1_MACS_peak_14439_lociStitched	chr6	159064353	159066697	1	2345	13241.9592	390	1
2_MACS_peak_15023_lociStitched	chr7	100025946	100028419	2	2408	13229.0662	391	1
1_MACS_peak_12453_lociStitched	chr4	141676686	141678418	1	1733	13194.5492	392	1
1_MACS_peak_5939_lociStitched	chr16	21963704	21965476	1	1773	13194.1348	393	1
1_MACS_peak_8193_lociStitched	chr19	36389732	36391822	1	2091	13173.688	394	1
2_MACS_peak_16235_lociStitched	chr9	91924873	91927053	2	2152	13168.726	395	1
1_MACS_peak_3413_lociStitched	chr12	12713970	12716215	1	2246	13164.4555	396	1
9_MACS_peak_4933_lociStitched	chr14	91837713	91844274	9	5683	13160.0538	397	1
2_MACS_peak_6041_lociStitched	chr16	30388658	30390777	2	2099	13156.2353	398	1
5_MACS_peak_8392_lociStitched	chr19	47216961	47222384	5	4665	13148.6058	399	1
1_MACS_peak_11116_lociStitched	chr3	23986170	23988428	1	2259	13145.1728	400	1
1_MACS_peak_13379_lociStitched	chr5	173170728	173173829	1	3102	13099.8644	401	1
4_MACS_peak_14130_lociStitched	chr6	90060690	90063524	4	2646	13097.0476	402	1
1_MACS_peak_7068_lociStitched	chr17	61522924	61524730	1	1807	13094.5836	403	1
1_MACS_peak_12058_lociStitched	chr4	6783744	6785466	1	1723	13079.7954	404	1
4_MACS_peak_7614_lociStitched	chr19	659754	663830	4	3995	13051.352	405	1
2_MACS_peak_7392_lociStitched	chr18	9135688	9138804	2	3116	13047.0036	406	1
1_MACS_peak_13194_lociStitched	chr5	139046809	139051380	1	4572	13044.7198	407	1
1_MACS_peak_2522_lociStitched	chr11	8985115	8986752	1	1638	13042.9612	408	1
1_MACS_peak_14684_lociStitched	chr7	32929559	32932637	1	3079	13038.408	409	1
1_MACS_peak_1315_lociStitched	chr1	179850858	179852929	1	2072	13023.4835	410	1
1_MACS_peak_12912_lociStitched	chr5	81266864	81268736	1	1873	13016.2032	411	1
1_MACS_peak_10198_lociStitched	chr20	48531379	48532858	1	1480	13014.9042	412	1
2_MACS_peak_14008_lociStitched	chr6	44230226	44233484	2	3078	12980.5236	413	1
2_MACS_peak_12728_lociStitched	chr5	43017396	43020975	2	3537	12964.5696	414	1
3_MACS_peak_12794_lociStitched	chr5	60626176	60629683	3	3461	12958.365	415	1
1_MACS_peak_7189_lociStitched	chr17	73780385	73781942	1	1558	12931.0407	416	1
1_MACS_peak_1836_lociStitched	chr10	22291206	22293624	1	2419	12919.1322	417	1
1_MACS_peak_9536_lociStitched	chr2	178416770	178418159	1	1390	12916.4499	418	1
1_MACS_peak_3125_lociStitched	chr11	105947207	105949229	1	2023	12894.4962	419	1
2_MACS_peak_6104_lociStitched	chr16	50775319	50776992	2	1593	12883.6057	420	1
1_MACS_peak_14221_lociStitched	chr6	111803293	111805744	1	2452	12842.9949	421	1
2_MACS_peak_2780_lociStitched	chr11	64007263	64009544	2	2273	12810.5522	422	1
2_MACS_peak_286_lociStitched	chr1	27021494	27024736	2	2885	12806.5484	423	1
1_MACS_peak_13138_lociStitched	chr5	133983327	133985390	1	2064	12804.6284	424	1
1_MACS_peak_2743_lociStitched	chr11	62493877	62496592	1	2716	12802.0395	425	1
3_MACS_peak_6119_lociStitched	chr16	56964635	56967872	3	2831	12795.2136	426	1
1_MACS_peak_8705_lociStitched	chr2	25193866	25195826	1	1961	12786.256	427	1
1_MACS_peak_6079_lociStitched	chr16	31469751	31471387	1	1637	12778.6324	428	1
3_MACS_peak_6418_lociStitched	chr17	4850581	4853938	3	3164	12777.0777	429	1
1_MACS_peak_5349_lociStitched	chr15	52310955	52312740	1	1786	12770.961	430	1
1_MACS_peak_2848_lociStitched	chr11	65479050	65480249	1	1200	12768.3908	431	1
1_MACS_peak_1975_lociStitched	chr10	52381995	52385168	1	3174	12751.9697	432	1
1_MACS_peak_8240_lociStitched	chr19	39832806	39834036	1	1231	12708.975	433	1
2_MACS_peak_1695_lociStitched	chr1	245025936	245028354	2	2369	12696.6762	434	1
1_MACS_peak_1294_lociStitched	chr1	174967751	174969907	1	2157	12674.9084	435	1
1_MACS_peak_12970_lociStitched	chr5	95997128	95999194	1	2067	12632.1438	436	1
1_MACS_peak_8544_lociStitched	chr19	56146105	56147556	1	1452	12601.935	437	1
3_MACS_peak_11943_lociStitched	chr3	195632339	195636564	3	4133	12596.415	438	1
1_MACS_peak_16321_lociStitched	chr9	102668550	102669915	1	1366	12591.4425	439	1
1_MACS_peak_16601_lociStitched	chr9	137029348	137030668	1	1321	12569.304	440	1
1_MACS_peak_9681_lociStitched	chr2	206949286	206951167	1	1882	12567.7134	441	1
1_MACS_peak_1106_lociStitched	chr1	155177968	155179405	1	1438	12565.2717	442	1
2_MACS_peak_427_lociStitched	chr1	36850649	36853764	2	3051	12550.6465	443	1
1_MACS_peak_2669_lociStitched	chr11	47787528	47789944	1	2417	12545.8048	444	1
1_MACS_peak_16971_lociStitched	chrX	102940806	102943163	1	2358	12541.597	445	1
2_MACS_peak_5307_lociStitched	chr15	45018186	45022471	2	4280	12538.3385	446	1
4_MACS_peak_7540_lociStitched	chr18	57566509	57570280	4	3644	12523.8681	447	1
1_MACS_peak_2895_lociStitched	chr11	66609816	66611717	1	1902	12512.0018	448	1
1_MACS_peak_1819_lociStitched	chr10	17269678	17272865	1	3188	12501.9636	449	1
2_MACS_peak_7965_lociStitched	chr19	13260658	13265079	2	4141	12450.8623	450	1
1_MACS_peak_16578_lociStitched	chr9	135544744	135546660	1	1917	12448.252	451	1
1_MACS_peak_11275_lociStitched	chr3	49057892	49060296	1	2405	12443.104	452	1
2_MACS_peak_159_lociStitched	chr1	16160865	16164069	2	3122	12423.51	453	1
1_MACS_peak_2750_lociStitched	chr11	62598439	62600329	1	1891	12415.221	454	1
1_MACS_peak_2489_lociStitched	chr11	3817956	3819676	1	1721	12405.672	455	1
1_MACS_peak_3249_lociStitched	chr11	126137621	126139624	1	2004	12403.7778	456	1
1_MACS_peak_5989_lociStitched	chr16	28934913	28937424	1	2512	12394.0449	457	1
1_MACS_peak_4671_lociStitched	chr14	39900409	39902644	1	2236	12389.499	458	1
1_MACS_peak_14006_lociStitched	chr6	44213836	44216191	1	2356	12388.0065	459	1
1_MACS_peak_2726_lociStitched	chr11	62321895	62324878	1	2984	12361.2537	460	1
2_MACS_peak_13294_lociStitched	chr5	151149787	151152635	2	2687	12353.7696	461	1
1_MACS_peak_14057_lociStitched	chr6	64281662	64283936	1	2275	12346.9104	462	1
1_MACS_peak_1272_lociStitched	chr1	171454233	171455929	1	1697	12346.7104	463	1
1_MACS_peak_8832_lociStitched	chr2	43451236	43455107	1	3872	12337.2641	464	1
1_MACS_peak_16340_lociStitched	chr9	110045311	110046907	1	1597	12302.4468	465	1
7_MACS_peak_7557_lociStitched	chr18	60824252	60829703	7	4859	12302.3619	466	1
1_MACS_peak_15784_lociStitched	chr8	110551284	110553293	1	2010	12278.2044	467	1
1_MACS_peak_12554_lociStitched	chr4	184424728	184427764	1	3037	12254.814	468	1
1_MACS_peak_9537_lociStitched	chr2	178482589	178484006	1	1418	12254.0743	469	1
1_MACS_peak_2604_lociStitched	chr11	32913696	32915978	1	2283	12249.0914	470	1
1_MACS_peak_3733_lociStitched	chr12	57080317	57082884	1	2568	12239.1993	471	1
2_MACS_peak_2787_lociStitched	chr11	64071512	64073913	2	2289	12234.5356	472	1
2_MACS_peak_6564_lociStitched	chr17	18964487	18968101	2	3591	12212.0674	473	1
1_MACS_peak_2543_lociStitched	chr11	10878458	10880900	1	2443	12205.6044	474	1
1_MACS_peak_5296_lociStitched	chr15	44083925	44085557	1	1633	12197.4048	475	1
1_MACS_peak_4032_lociStitched	chr12	111019748	111021797	1	2050	12162.0444	476	1
1_MACS_peak_9310_lociStitched	chr2	113032700	113034191	1	1492	12156.5703	477	1
2_MACS_peak_10892_lociStitched	chr22	42015107	42018206	2	3011	12154.278	478	1
1_MACS_peak_2502_lociStitched	chr11	6632793	6634409	1	1617	12140.3616	479	1
1_MACS_peak_16044_lociStitched	chr9	33024397	33026323	1	1927	12129.948	480	1
1_MACS_peak_9887_lociStitched	chr20	2082304	2084242	1	1939	12125.2908	481	1
4_MACS_peak_16528_lociStitched	chr9	132646975	132651340	4	4164	12120.732	482	1
2_MACS_peak_2309_lociStitched	chr10	112600993	112603705	2	2629	12109.3512	483	1
1_MACS_peak_13158_lociStitched	chr5	137672805	137674537	1	1733	12108.2388	484	1
2_MACS_peak_17054_lociStitched	chrX	123093346	123097443	2	3964	12100.0798	485	1
1_MACS_peak_15602_lociStitched	chr8	64080220	64081916	1	1697	12079.5904	486	1
1_MACS_peak_5276_lociStitched	chr15	42263266	42265292	1	2027	12073.3392	487	1
1_MACS_peak_6399_lociStitched	chr17	4045580	4047833	1	2254	12057.3801	488	1
1_MACS_peak_13094_lociStitched	chr5	131131723	131133555	1	1833	12037.7056	489	1
1_MACS_peak_5044_lociStitched	chr14	104094614	104096550	1	1937	12028.368	490	1
2_MACS_peak_421_lociStitched	chr1	36620755	36622816	2	2015	12025.5228	491	1
2_MACS_peak_2359_lociStitched	chr10	125851205	125854175	2	2890	12004.146	492	1
1_MACS_peak_6058_lociStitched	chr16	30709237	30710822	1	1586	11990.3665	493	1
1_MACS_peak_13532_lociStitched	chr6	5260146	5262363	1	2218	11974.9038	494	1
1_MACS_peak_13123_lociStitched	chr5	133511652	133513323	1	1672	11955.0024	495	1
1_MACS_peak_9416_lociStitched	chr2	157197416	157199810	1	2395	11940.7932	496	1
1_MACS_peak_8136_lociStitched	chr19	30096439	30097991	1	1553	11935.5008	497	1
2_MACS_peak_12438_lociStitched	chr4	140097386	140099872	2	2456	11934.7888	498	1
1_MACS_peak_13629_lociStitched	chr6	17705836	17707338	1	1503	11934.5916	499	1
2_MACS_peak_15223_lociStitched	chr7	139043244	139045801	2	2558	11907.6933	500	1
4_MACS_peak_7720_lociStitched	chr19	2620025	2623365	4	3249	11904.094	501	1
1_MACS_peak_12855_lociStitched	chr5	72111627	72113527	1	1901	11897.42	502	1
3_MACS_peak_5169_lociStitched	chr15	31555107	31559314	3	3932	11891.5062	503	1
1_MACS_peak_7368_lociStitched	chr18	158103	159736	1	1634	11884.3208	504	1
1_MACS_peak_16777_lociStitched	chrX	41191810	41194592	1	2783	11882.2002	505	1
1_MACS_peak_11806_lociStitched	chr3	169489966	169491751	1	1786	11862.396	506	1
1_MACS_peak_3172_lociStitched	chr11	114270318	114272022	1	1705	11824.7376	507	1
1_MACS_peak_10876_lociStitched	chr22	41487061	41489315	1	2255	11822.0046	508	1
2_MACS_peak_4246_lociStitched	chr13	20531402	20534255	2	2721	11809.9935	509	1
1_MACS_peak_5579_lociStitched	chr15	78832218	78833806	1	1589	11807.574	510	1
1_MACS_peak_2785_lociStitched	chr11	64036399	64039400	1	3002	11804.7336	511	1
1_MACS_peak_15753_lociStitched	chr8	103423520	103425221	1	1702	11797.4556	512	1
1_MACS_peak_16079_lociStitched	chr9	35102493	35104431	1	1939	11790.0168	513	1
1_MACS_peak_5729_lociStitched	chr15	100105261	100107566	1	2306	11787.5395	514	1
2_MACS_peak_6802_lociStitched	chr17	39844382	39846415	2	1944	11786.9274	515	1
1_MACS_peak_3057_lociStitched	chr11	82781738	82784203	1	2466	11786.3975	516	1
1_MACS_peak_5356_lociStitched	chr15	52860154	52861719	1	1566	11784.6065	517	1
1_MACS_peak_13069_lociStitched	chr5	126112129	126114769	1	2641	11777.304	518	1
1_MACS_peak_5508_lociStitched	chr15	73075042	73076974	1	1933	11767.4256	519	1
1_MACS_peak_4670_lociStitched	chr14	39735310	39737267	1	1958	11734.172	520	1
1_MACS_peak_2622_lociStitched	chr11	43380070	43381518	1	1449	11731.696	521	1
1_MACS_peak_4097_lociStitched	chr12	120729425	120731378	1	1954	11729.1321	522	1
1_MACS_peak_6911_lociStitched	chr17	44343631	44345568	1	1938	11716.5256	523	1
1_MACS_peak_2845_lociStitched	chr11	65419798	65421204	1	1407	11706.4966	524	1
2_MACS_peak_16059_lociStitched	chr9	33816453	33818698	2	2245	11697.797	525	1
2_MACS_peak_12866_lociStitched	chr5	74348063	74350607	2	2500	11683.0656	526	1
1_MACS_peak_7797_lociStitched	chr19	5621894	5624252	1	2359	11672.8074	527	1
1_MACS_peak_2889_lociStitched	chr11	66444835	66446315	1	1481	11663.732	528	1
3_MACS_peak_1982_lociStitched	chr10	60025771	60028204	3	2314	11646.2844	529	1
2_MACS_peak_771_lociStitched	chr1	100503178	100505034	2	1851	11619.1168	530	1
1_MACS_peak_12221_lociStitched	chr4	69214672	69215994	1	1323	11617.4716	531	1
2_MACS_peak_17170_lociStitched	chrX	153606319	153608633	2	1939	11612.809	532	1
1_MACS_peak_3015_lociStitched	chr11	74459109	74461002	1	1894	11610.7155	533	1
1_MACS_peak_4398_lociStitched	chr13	48877190	48878960	1	1771	11582.88	534	1
3_MACS_peak_8398_lociStitched	chr19	47287515	47291865	3	3899	11569.26	535	1
1_MACS_peak_8407_lociStitched	chr19	47729316	47731964	1	2649	11562.7568	536	1
1_MACS_peak_4733_lociStitched	chr14	55517941	55519495	1	1555	11546.8416	537	1
1_MACS_peak_13364_lociStitched	chr5	172260431	172262550	1	2120	11531.1742	538	1
2_MACS_peak_8477_lociStitched	chr19	50179168	50182247	2	2993	11521.0022	539	1
2_MACS_peak_10207_lociStitched	chr20	48806877	48809726	2	2663	11510.5298	540	1
1_MACS_peak_11758_lociStitched	chr3	150479838	150481935	1	2098	11502.8838	541	1
1_MACS_peak_3634_lociStitched	chr12	51632227	51633434	1	1208	11490.3986	542	1
3_MACS_peak_153_lociStitched	chr1	15850313	15853961	3	3222	11489.7408	543	1
4_MACS_peak_14171_lociStitched	chr6	106532453	106537992	4	5373	11481.7931	544	1
1_MACS_peak_9101_lociStitched	chr2	85197357	85199639	1	2283	11461.345	545	1
1_MACS_peak_2468_lociStitched	chr11	1968019	1969636	1	1618	11433.3219	546	1
1_MACS_peak_2486_lociStitched	chr11	3077613	3078886	1	1274	11413.4634	547	1
1_MACS_peak_6140_lociStitched	chr16	58662792	58664539	1	1748	11407.91	548	1
1_MACS_peak_10354_lociStitched	chr21	30670840	30673191	1	2352	11402.5851	549	1
1_MACS_peak_8370_lociStitched	chr19	45953354	45955071	1	1718	11393.3252	550	1
1_MACS_peak_7912_lociStitched	chr19	11615869	11617136	1	1268	11360.6822	551	1
1_MACS_peak_4906_lociStitched	chr14	90082514	90086085	1	3572	11355.4229	552	1
1_MACS_peak_12812_lociStitched	chr5	65439444	65441207	1	1764	11339.616	553	1
1_MACS_peak_6108_lociStitched	chr16	53163920	53165819	1	1900	11338.7391	554	1
1_MACS_peak_4648_lociStitched	chr14	35015206	35016610	1	1405	11330.7012	555	1
2_MACS_peak_11491_lociStitched	chr3	101292202	101294059	2	1768	11320.4577	556	1
1_MACS_peak_5382_lociStitched	chr15	59224878	59226744	1	1867	11316.5436	557	1
1_MACS_peak_12979_lociStitched	chr5	96269823	96272661	1	2839	11305.173	558	1
1_MACS_peak_2512_lociStitched	chr11	7533863	7535869	1	2007	11303.4088	559	1
1_MACS_peak_2789_lociStitched	chr11	64084394	64086355	1	1962	11291.438	560	1
1_MACS_peak_4649_lociStitched	chr14	35024873	35026309	1	1437	11279.78	561	1
1_MACS_peak_12702_lociStitched	chr5	36875431	36878125	1	2695	11276.5452	562	1
1_MACS_peak_13512_lociStitched	chr6	2988845	2991021	1	2177	11264.7168	563	1
1_MACS_peak_3156_lociStitched	chr11	111472785	111474284	1	1500	11242.6499	564	1
1_MACS_peak_2526_lociStitched	chr11	9481360	9483488	1	2129	11241.5856	565	1
1_MACS_peak_8597_lociStitched	chr19	59083858	59085607	1	1750	11235.4011	566	1
1_MACS_peak_5740_lociStitched	chr15	101458398	101460646	1	2249	11226.512	567	1
1_MACS_peak_4851_lociStitched	chr14	75724965	75727057	1	2093	11225.4628	568	1
1_MACS_peak_14208_lociStitched	chr6	109702475	109704651	1	2177	11224.4608	569	1
2_MACS_peak_10726_lociStitched	chr22	31685603	31688228	2	2517	11204.025	570	1
1_MACS_peak_1778_lociStitched	chr10	12083867	12086525	1	2659	11200.0146	571	1
1_MACS_peak_15167_lociStitched	chr7	128170476	128172589	1	2114	11198.2661	572	1
1_MACS_peak_11635_lociStitched	chr3	128901532	128903371	1	1840	11193.4413	573	1
1_MACS_peak_16295_lociStitched	chr9	99416389	99418151	1	1763	11191.5192	574	1
2_MACS_peak_15053_lociStitched	chr7	102072517	102074710	2	1929	11183.4228	575	1
1_MACS_peak_11374_lociStitched	chr3	53194378	53197400	1	3023	11183.2132	576	1
1_MACS_peak_13303_lociStitched	chr5	154236688	154238757	1	2070	11182.7381	577	1
1_MACS_peak_9533_lociStitched	chr2	178076373	178078501	1	2129	11181.7888	578	1
1_MACS_peak_12493_lociStitched	chr4	153455692	153458402	1	2711	11174.414	579	1
3_MACS_peak_6645_lociStitched	chr17	27275958	27279488	3	3223	11168.92	580	1
1_MACS_peak_370_lociStitched	chr1	32109657	32111152	1	1496	11168.0985	581	1
3_MACS_peak_1403_lociStitched	chr1	203273474	203277080	3	3024	11149.3914	582	1
5_MACS_peak_2834_lociStitched	chr11	65339710	65345116	5	4685	11139.6036	583	1
1_MACS_peak_8162_lociStitched	chr19	34662318	34664241	1	1924	11135.1315	584	1
1_MACS_peak_2403_lociStitched	chr10	134209527	134211784	1	2258	11134.4581	585	1
2_MACS_peak_959_lociStitched	chr1	147930287	147933139	2	2792	11122.5148	586	1
2_MACS_peak_14443_lociStitched	chr6	159238170	159240754	2	2512	11121.2776	587	1
1_MACS_peak_7796_lociStitched	chr19	5129653	5131793	1	2141	11109.382	588	1
1_MACS_peak_4636_lociStitched	chr14	31675856	31677922	1	2067	11099.3784	589	1
2_MACS_peak_1126_lociStitched	chr1	156074244	156076983	2	2536	11084.4591	590	1
1_MACS_peak_13099_lociStitched	chr5	131745625	131747709	1	2085	11076.0432	591	1
1_MACS_peak_16032_lociStitched	chr9	26946473	26947881	1	1409	11073.3568	592	1
1_MACS_peak_13372_lociStitched	chr5	172483077	172484864	1	1788	11066.891	593	1
3_MACS_peak_8047_lociStitched	chr19	16694419	16698406	3	3521	11066.7159	594	1
1_MACS_peak_15737_lociStitched	chr8	101320968	101323278	1	2311	11051.964	595	1
2_MACS_peak_14869_lociStitched	chr7	74266767	74268222	2	1446	11048.5425	596	1
1_MACS_peak_3832_lociStitched	chr12	72148410	72149967	1	1558	11048.472	597	1
3_MACS_peak_5665_lociStitched	chr15	89181114	89183723	3	2500	11046.506	598	1
1_MACS_peak_11860_lociStitched	chr3	182510543	182512631	1	2089	11034.2448	599	1
1_MACS_peak_7595_lociStitched	chr18	77438754	77440640	1	1887	11029.8938	600	1
1_MACS_peak_3868_lociStitched	chr12	90101508	90104216	1	2709	11021.0184	601	1
2_MACS_peak_13404_lociStitched	chr5	175962457	175965135	2	2204	11007.1156	602	1
2_MACS_peak_13424_lociStitched	chr5	176852726	176855559	2	2777	10987.2239	603	1
1_MACS_peak_16210_lociStitched	chr9	77701588	77703857	1	2270	10984.0021	604	1
1_MACS_peak_8237_lociStitched	chr19	39389601	39391387	1	1787	10980.8638	605	1
2_MACS_peak_2841_lociStitched	chr11	65380931	65384115	2	2978	10976.84	606	1
1_MACS_peak_2141_lociStitched	chr10	92921809	92923916	1	2108	10970.9383	607	1
1_MACS_peak_1810_lociStitched	chr10	15138656	15140323	1	1668	10916.8496	608	1
1_MACS_peak_7457_lociStitched	chr18	29671440	29673440	1	2001	10901.6	609	1
1_MACS_peak_14377_lociStitched	chr6	149866268	149867603	1	1336	10899.3405	610	1
1_MACS_peak_11124_lociStitched	chr3	28389610	28391166	1	1557	10879.2408	611	1
1_MACS_peak_8311_lociStitched	chr19	42579194	42581064	1	1871	10873.676	612	1
1_MACS_peak_8106_lociStitched	chr19	18698739	18700498	1	1760	10863.9358	613	1
2_MACS_peak_8862_lociStitched	chr2	48131568	48134446	2	2704	10860.133	614	1
2_MACS_peak_4516_lociStitched	chr13	111364618	111367723	2	2838	10852.2855	615	1
1_MACS_peak_11156_lociStitched	chr3	37033571	37035751	1	2181	10834.818	616	1
1_MACS_peak_8815_lociStitched	chr2	42328256	42330398	1	2143	10817.5284	617	1
1_MACS_peak_11598_lociStitched	chr3	122512346	122514629	1	2284	10815.4842	618	1
1_MACS_peak_1873_lociStitched	chr10	28820883	28823329	1	2447	10805.4496	619	1
1_MACS_peak_3826_lociStitched	chr12	70636225	70638215	1	1991	10802.914	620	1
1_MACS_peak_12677_lociStitched	chr5	32443438	32445028	1	1591	10791.966	621	1
5_MACS_peak_9645_lociStitched	chr2	201988122	201992817	5	4115	10760.001	622	1
1_MACS_peak_7371_lociStitched	chr18	811476	813360	1	1885	10743.8868	623	1
3_MACS_peak_10967_lociStitched	chr22	50353406	50356685	3	3180	10737.7413	624	1
1_MACS_peak_1710_lociStitched	chr1	249132331	249133540	1	1210	10715.7297	625	1
1_MACS_peak_9954_lociStitched	chr20	18487625	18489258	1	1634	10699.9059	626	1
4_MACS_peak_4488_lociStitched	chr13	97873914	97878006	4	4023	10695.6696	627	1
1_MACS_peak_10550_lociStitched	chr22	19466036	19467557	1	1522	10692.3258	628	1
1_MACS_peak_1547_lociStitched	chr1	224620992	224623258	1	2267	10689.4018	629	1
1_MACS_peak_2186_lociStitched	chr10	99159726	99161448	1	1723	10686.3876	630	1
1_MACS_peak_13093_lociStitched	chr5	130969876	130972404	1	2529	10672.7104	631	1
1_MACS_peak_1076_lociStitched	chr1	154192293	154194201	1	1909	10664.0028	632	1
1_MACS_peak_12861_lociStitched	chr5	72860482	72862318	1	1837	10655.5932	633	1
1_MACS_peak_5157_lociStitched	chr15	30113088	30115313	1	2226	10647.07	634	1
1_MACS_peak_9924_lociStitched	chr20	5590257	5592255	1	1999	10646.5428	635	1
2_MACS_peak_9463_lociStitched	chr2	163174360	163176339	2	1942	10635.5418	636	1
2_MACS_peak_4518_lociStitched	chr13	111566195	111568374	2	2110	10625.4577	637	1
1_MACS_peak_9508_lociStitched	chr2	174828053	174830829	1	2777	10619.588	638	1
1_MACS_peak_16270_lociStitched	chr9	96213137	96215848	1	2712	10610.5829	639	1
3_MACS_peak_9934_lociStitched	chr20	10652394	10655735	3	3279	10608.3432	640	1
2_MACS_peak_11808_lociStitched	chr3	169683683	169685749	2	2026	10603.5384	641	1
1_MACS_peak_663_lociStitched	chr1	65531897	65534582	1	2686	10594.473	642	1
1_MACS_peak_16224_lociStitched	chr9	86594144	86596253	1	2110	10593.7179	643	1
4_MACS_peak_15411_lociStitched	chr8	22297619	22301674	4	3746	10585.172	644	1
1_MACS_peak_1906_lociStitched	chr10	35415597	35417236	1	1640	10584.3342	645	1
1_MACS_peak_217_lociStitched	chr1	22378962	22380191	1	1230	10575.4221	646	1
1_MACS_peak_8994_lociStitched	chr2	65356419	65358351	1	1933	10575.1884	647	1
1_MACS_peak_15292_lociStitched	chr7	150064961	150066793	1	1833	10573.388	648	1
2_MACS_peak_12308_lociStitched	chr4	89203652	89206001	2	2233	10572.3792	649	1
1_MACS_peak_4292_lociStitched	chr13	30168446	30170026	1	1581	10553.926	650	1
1_MACS_peak_3029_lociStitched	chr11	76155149	76156988	1	1840	10550.8947	651	1
3_MACS_peak_3986_lociStitched	chr12	108954303	108957444	3	2616	10538.055	652	1
1_MACS_peak_7935_lociStitched	chr19	12721107	12722550	1	1444	10529.2824	653	1
1_MACS_peak_12640_lociStitched	chr5	5421419	5423459	1	2041	10511.712	654	1
2_MACS_peak_13733_lociStitched	chr6	29909321	29911406	2	2025	10510.068	655	1
3_MACS_peak_3552_lociStitched	chr12	46765166	46767695	3	2391	10508.2479	656	1
1_MACS_peak_10915_lociStitched	chr22	43252051	43253499	1	1449	10506.1088	657	1
2_MACS_peak_3548_lociStitched	chr12	46383441	46386004	2	2509	10498.8169	658	1
2_MACS_peak_11015_lociStitched	chr3	9437473	9440505	2	3019	10491.9328	659	1
1_MACS_peak_8408_lociStitched	chr19	47733195	47735072	1	1878	10487.7375	660	1
1_MACS_peak_16260_lociStitched	chr9	95526319	95528181	1	1863	10484.1772	661	1
1_MACS_peak_2570_lociStitched	chr11	18547664	18549156	1	1493	10482.6428	662	1
1_MACS_peak_5962_lociStitched	chr16	24740253	24741890	1	1638	10473.526	663	1
2_MACS_peak_15764_lociStitched	chr8	104426535	104427949	2	1413	10470.8114	664	1
1_MACS_peak_907_lociStitched	chr1	144519562	144522094	1	2533	10465.5156	665	1
2_MACS_peak_6630_lociStitched	chr17	27053452	27056178	2	2264	10455.3004	666	1
1_MACS_peak_5259_lociStitched	chr15	41244516	41246252	1	1737	10450.3728	667	1
1_MACS_peak_9540_lociStitched	chr2	179314614	179316735	1	2122	10431.9264	668	1
