#MM8_jia_peaks Enhancers
#Created from /data/projects/IRF4_mm_trn_data/myeloma_public_data/rose/MM8_jia_ROSE/MM8_jia_peaks_0KB_STITCHED_ENHANCER_REGION_MAP.txt
#Ranked by MM8_jia.bam
#Using cutoff of 2620.8728 for Super-Enhancers
#Created on Jul 16 2024 
REGION_ID	CHROM	START	STOP	NUM_LOCI	CONSTITUENT_SIZE	MM8_jia.bam	enhancerRank	isStretch
9_MACS_peak_12992_lociStitched	chr6	7895439	7918973	9	22491	30455.3494	1	1
6_MACS_peak_1117_lociStitched	chr1	156457032	156471720	6	14033	13727.4048	2	1
1_MACS_peak_1963_lociStitched	chr1	234738102	234749416	1	11315	17109.0308	3	1
2_MACS_peak_10292_lociStitched	chr22	23228548	23238624	2	10065	14663.6028	4	1
5_MACS_peak_3055_lociStitched	chr11	65184385	65194749	5	9941	10148.4288	5	1
7_MACS_peak_8949_lociStitched	chr2	89157065	89167467	7	9901	9843.4126	6	1
4_MACS_peak_1620_lociStitched	chr1	203289107	203298373	4	9050	10824.5412	7	1
10_MACS_peak_752_lociStitched	chr1	118148098	118157810	10	8395	9012.736	8	1
6_MACS_peak_10296_lociStitched	chr22	23270486	23278790	6	8060	7778.3568	9	1
3_MACS_peak_1087_lociStitched	chr1	155943972	155952150	3	7836	7777.278	10	1
2_MACS_peak_1385_lociStitched	chr1	178544409	178552251	2	7834	8905.3752	11	1
5_MACS_peak_1615_lociStitched	chr1	203271979	203280550	5	7753	9512.0958	12	1
3_MACS_peak_2159_lociStitched	chr10	22604215	22611696	3	7470	7637.3529	13	1
2_MACS_peak_924_lociStitched	chr1	150545396	150553044	2	7380	11393.2256	14	1
2_MACS_peak_15018_lociStitched	chr8	126441353	126448673	2	7282	10914.12	15	1
3_MACS_peak_13621_lociStitched	chr6	106533275	106540875	3	7269	6603.64	16	1
8_MACS_peak_4898_lociStitched	chr14	91836027	91843380	8	7189	5258.1303	17	1
2_MACS_peak_1562_lociStitched	chr1	200859497	200866695	2	6951	7134.6576	18	1
7_MACS_peak_7011_lociStitched	chr17	75135948	75143547	7	6760	5248.6293	19	1
1_MACS_peak_1611_lociStitched	chr1	203255003	203261538	1	6536	11819.201	20	1
3_MACS_peak_3065_lociStitched	chr11	65264091	65270894	3	6497	7022.0566	21	1
3_MACS_peak_1719_lociStitched	chr1	207993654	208000093	3	6319	8197.4909	22	1
1_MACS_peak_1137_lociStitched	chr1	156716265	156722427	1	6163	5535.3246	23	1
3_MACS_peak_3593_lociStitched	chr12	12867279	12873368	3	5883	6482.3494	24	1
7_MACS_peak_13764_lociStitched	chr6	133690739	133697434	7	5837	4312.2495	25	1
4_MACS_peak_2591_lociStitched	chr10	112255571	112262151	4	5831	5194.91	26	1
6_MACS_peak_3337_lociStitched	chr11	111237258	111243667	6	5807	4765.0915	27	1
2_MACS_peak_7754_lociStitched	chr19	13261210	13267004	2	5766	6722.1988	28	1
2_MACS_peak_7852_lociStitched	chr19	16694222	16700047	2	5763	6016.06	29	1
1_MACS_peak_927_lociStitched	chr1	150581515	150587147	1	5633	6842.3168	30	1
5_MACS_peak_5475_lociStitched	chr15	75742644	75748690	5	5585	4575.6128	31	1
4_MACS_peak_9045_lociStitched	chr2	111875335	111881502	4	5579	4790.5256	32	1
3_MACS_peak_14970_lociStitched	chr8	124045930	124051754	3	5477	4873.5232	33	1
4_MACS_peak_15035_lociStitched	chr8	128747002	128753168	4	5448	6722.1732	34	1
1_MACS_peak_922_lociStitched	chr1	150532563	150538008	1	5446	8756.649	35	1
2_MACS_peak_12922_lociStitched	chr6	295030	300519	2	5437	4915.9484	36	1
1_MACS_peak_7731_lociStitched	chr19	12899874	12905232	1	5359	7654.4388	37	1
8_MACS_peak_11682_lociStitched	chr4	40197688	40204389	8	5232	3933.487	38	1
6_MACS_peak_1728_lociStitched	chr1	209278892	209285048	6	5202	4913.1036	39	1
2_MACS_peak_1497_lociStitched	chr1	192601985	192607210	2	5190	4091.175	40	1
2_MACS_peak_9212_lociStitched	chr2	158296130	158301374	2	5155	4993.8612	41	1
2_MACS_peak_13315_lociStitched	chr6	32935806	32941166	2	5089	6404.664	42	1
3_MACS_peak_1197_lociStitched	chr1	160677193	160682788	3	5087	4032.876	43	1
4_MACS_peak_7466_lociStitched	chr19	2697635	2702814	4	5064	4385.0593	44	1
5_MACS_peak_11248_lociStitched	chr3	141102398	141108133	5	5064	4201.461	45	1
3_MACS_peak_7390_lociStitched	chr19	1648113	1653641	3	5024	7063.1256	46	1
4_MACS_peak_6728_lociStitched	chr17	43301758	43307502	4	5021	4438.3888	47	1
6_MACS_peak_1229_lociStitched	chr1	161151781	161157668	6	5005	4146.8028	48	1
2_MACS_peak_1194_lociStitched	chr1	160641429	160646442	2	4985	4467.5856	49	1
3_MACS_peak_13036_lociStitched	chr6	12008172	12013456	3	4984	5880.0352	50	1
2_MACS_peak_1203_lociStitched	chr1	160708971	160714223	2	4948	4628.0624	51	1
7_MACS_peak_1076_lociStitched	chr1	155912342	155918420	7	4911	3839.4726	52	1
2_MACS_peak_7837_lociStitched	chr19	16434952	16439887	2	4843	6411.552	53	1
5_MACS_peak_9426_lociStitched	chr2	201987001	201992550	5	4731	3540.262	54	1
5_MACS_peak_2122_lociStitched	chr10	15828440	15833702	5	4681	3698.6598	55	1
7_MACS_peak_12440_lociStitched	chr5	88177554	88182945	7	4677	3617.361	56	1
2_MACS_peak_1937_lociStitched	chr1	230282106	230287176	2	4663	4083.885	57	1
2_MACS_peak_7328_lociStitched	chr19	659271	663951	2	4648	6532.812	58	1
3_MACS_peak_5194_lociStitched	chr15	45018173	45022987	3	4648	5005.1158	59	1
6_MACS_peak_1008_lociStitched	chr1	154376090	154381166	6	4642	3374.0172	60	1
5_MACS_peak_1682_lociStitched	chr1	206287332	206292834	5	4636	3945.4842	61	1
5_MACS_peak_12463_lociStitched	chr5	90675363	90680137	5	4630	4552.9638	62	1
3_MACS_peak_7824_lociStitched	chr19	16186500	16191173	3	4617	5134.2251	63	1
2_MACS_peak_769_lociStitched	chr1	118171962	118176641	2	4615	3708.5754	64	1
2_MACS_peak_5051_lociStitched	chr15	31555264	31559843	2	4577	5043.7685	65	1
1_MACS_peak_7764_lociStitched	chr19	13949656	13954226	1	4571	5136.223	66	1
4_MACS_peak_9567_lociStitched	chr2	232570727	232575919	4	4565	5382.5464	67	1
3_MACS_peak_14369_lociStitched	chr7	104581419	104586150	3	4556	4292.4363	68	1
4_MACS_peak_3721_lociStitched	chr12	46120428	46125135	4	4537	3959.5284	69	1
5_MACS_peak_1701_lociStitched	chr1	206886424	206891237	5	4528	4045.8078	70	1
6_MACS_peak_4244_lociStitched	chr12	123375258	123381165	6	4519	4621.0461	71	1
1_MACS_peak_15301_lociStitched	chr9	66454661	66459167	1	4507	6270.5496	72	1
2_MACS_peak_1933_lociStitched	chr1	230257699	230262267	2	4504	5562.4536	73	1
2_MACS_peak_910_lociStitched	chr1	149856311	149860731	2	4328	5349.084	74	1
2_MACS_peak_10370_lociStitched	chr22	29194224	29198532	2	4307	6611.0568	75	1
2_MACS_peak_5390_lociStitched	chr15	69109477	69113851	2	4251	3883.6746	76	1
3_MACS_peak_5447_lociStitched	chr15	75078697	75083229	3	4247	3137.9568	77	1
7_MACS_peak_3745_lociStitched	chr12	48203799	48209000	7	4243	3405.6148	78	1
3_MACS_peak_1476_lociStitched	chr1	189119024	189123420	3	4242	3845.6208	79	1
3_MACS_peak_14850_lociStitched	chr8	95958393	95962852	3	4235	3673.3242	80	1
3_MACS_peak_4460_lociStitched	chr13	114562714	114567196	3	4194	3704.8212	81	1
3_MACS_peak_1259_lociStitched	chr1	162530503	162534992	3	4194	4412.2381	82	1
2_MACS_peak_1526_lociStitched	chr1	197742455	197746652	2	4183	5923.2261	83	1
1_MACS_peak_5250_lociStitched	chr15	52969293	52973443	1	4151	6110.46	84	1
3_MACS_peak_1564_lociStitched	chr1	200988253	200992698	3	4141	3511.55	85	1
2_MACS_peak_5053_lociStitched	chr15	31616902	31621209	2	4139	4206.2162	86	1
4_MACS_peak_6024_lociStitched	chr16	56964245	56968431	4	4122	5191.4772	87	1
3_MACS_peak_13643_lociStitched	chr6	108878422	108882575	3	4073	3887.208	88	1
2_MACS_peak_1006_lociStitched	chr1	154297881	154301970	2	4043	4140.1125	89	1
2_MACS_peak_11253_lociStitched	chr3	141119424	141123745	2	4043	4538.7784	90	1
4_MACS_peak_11787_lociStitched	chr4	77117694	77122237	4	4038	2949.3156	91	1
1_MACS_peak_11609_lociStitched	chr4	15003059	15007092	1	4034	3676.0795	92	1
3_MACS_peak_8796_lociStitched	chr2	70311968	70316117	3	4029	5345.1567	93	1
2_MACS_peak_8928_lociStitched	chr2	88923833	88928086	2	4023	4290.8517	94	1
3_MACS_peak_14479_lociStitched	chr7	129588797	129592904	3	4001	4070.037	95	1
1_MACS_peak_14373_lociStitched	chr7	104652334	104656318	1	3985	5411.0688	96	1
2_MACS_peak_12930_lociStitched	chr6	326940	330953	2	3952	4004.5727	97	1
3_MACS_peak_4120_lociStitched	chr12	109026563	109030903	3	3952	3641.694	98	1
2_MACS_peak_13085_lociStitched	chr6	16759871	16763831	2	3944	4401.54	99	1
1_MACS_peak_5652_lociStitched	chr15	93351206	93355143	1	3938	4619.2821	100	1
4_MACS_peak_13730_lociStitched	chr6	119668318	119672298	4	3921	3314.146	101	1
2_MACS_peak_5657_lociStitched	chr15	93425037	93429102	2	3918	6551.967	102	1
3_MACS_peak_1885_lociStitched	chr1	228269107	228273500	3	3917	7295.4551	103	1
5_MACS_peak_11749_lociStitched	chr4	71527530	71532416	5	3909	3209.6134	104	1
2_MACS_peak_1688_lociStitched	chr1	206730193	206734149	2	3902	3141.064	105	1
4_MACS_peak_3164_lociStitched	chr11	69061577	69066054	4	3897	3137.9293	106	1
3_MACS_peak_778_lociStitched	chr1	118195423	118199475	3	3886	3171.0952	107	1
2_MACS_peak_11810_lociStitched	chr4	78738504	78742388	2	3881	3689.8	108	1
1_MACS_peak_8075_lociStitched	chr19	39897014	39900871	1	3858	3571.582	109	1
1_MACS_peak_7501_lociStitched	chr19	3983652	3987477	1	3826	3760.3575	110	1
6_MACS_peak_15544_lociStitched	chr9	127630593	127635136	6	3818	3356.3684	111	1
3_MACS_peak_10188_lociStitched	chr21	44772819	44776769	3	3805	5335.265	112	1
2_MACS_peak_14579_lociStitched	chr7	150101112	150104984	2	3787	2897.4176	113	1
3_MACS_peak_1606_lociStitched	chr1	203239917	203244013	3	3776	3345.6128	114	1
4_MACS_peak_14120_lociStitched	chr7	55600127	55604024	4	3763	3047.8437	115	1
1_MACS_peak_1930_lociStitched	chr1	230239567	230243327	1	3761	2843.312	116	1
2_MACS_peak_2581_lociStitched	chr10	112115184	112118948	2	3753	4120.0744	117	1
4_MACS_peak_12832_lociStitched	chr5	173170006	173173935	4	3749	3295.2523	118	1
5_MACS_peak_6607_lociStitched	chr17	36857322	36861609	5	3746	2842.281	119	1
2_MACS_peak_6387_lociStitched	chr17	7744733	7748611	2	3736	3411.4766	120	1
3_MACS_peak_7912_lociStitched	chr19	18629508	18633722	3	3736	4649.7276	121	1
1_MACS_peak_5338_lociStitched	chr15	65184981	65188712	1	3732	4475.7076	122	1
2_MACS_peak_7830_lociStitched	chr19	16228267	16232221	2	3723	4233.9432	123	1
3_MACS_peak_13528_lociStitched	chr6	74229658	74233569	3	3722	4196.1119	124	1
2_MACS_peak_6442_lociStitched	chr17	16890321	16894073	2	3716	3608.2984	125	1
2_MACS_peak_1613_lociStitched	chr1	203266681	203270846	2	3705	4403.6545	126	1
2_MACS_peak_1734_lociStitched	chr1	209304567	209308285	2	3693	2967.7076	127	1
5_MACS_peak_8877_lociStitched	chr2	86261698	86266267	5	3667	3305.6715	128	1
2_MACS_peak_1389_lociStitched	chr1	178693807	178697486	2	3659	4051.6827	129	1
3_MACS_peak_3509_lociStitched	chr12	4378047	4382044	3	3657	2781.1126	130	1
3_MACS_peak_15008_lociStitched	chr8	126294802	126298485	3	3642	3424.4534	131	1
2_MACS_peak_7423_lociStitched	chr19	2086837	2090818	2	3640	3397.3854	132	1
3_MACS_peak_12933_lociStitched	chr6	335630	339381	3	3629	2696.2188	133	1
2_MACS_peak_13248_lociStitched	chr6	30582843	30586566	2	3627	3770.2821	134	1
2_MACS_peak_7900_lociStitched	chr19	18389961	18393693	2	3606	6368.2848	135	1
1_MACS_peak_1131_lociStitched	chr1	156629941	156633536	1	3596	3579.5415	136	1
7_MACS_peak_5813_lociStitched	chr16	12057438	12062111	7	3596	2810.3422	137	1
3_MACS_peak_2134_lociStitched	chr10	17268977	17272947	3	3578	3200.614	138	1
2_MACS_peak_12704_lociStitched	chr5	142781774	142785347	2	3560	3437.9406	139	1
1_MACS_peak_1320_lociStitched	chr1	167904072	167907620	1	3549	4897.6592	140	1
4_MACS_peak_12653_lociStitched	chr5	138723847	138728227	4	3545	2952.558	141	1
3_MACS_peak_15086_lociStitched	chr8	142425308	142429092	3	3535	3169.4784	142	1
3_MACS_peak_7654_lociStitched	chr19	10763448	10767235	3	3527	5272.6401	143	1
2_MACS_peak_7340_lociStitched	chr19	924339	928343	2	3522	3872.2684	144	1
4_MACS_peak_11255_lociStitched	chr3	141128557	141132351	4	3516	2448.6476	145	1
3_MACS_peak_941_lociStitched	chr1	150977944	150981643	3	3505	4068.5301	146	1
2_MACS_peak_15092_lociStitched	chr8	144105244	144108933	2	3490	2867.4597	147	1
5_MACS_peak_7281_lociStitched	chr18	60822108	60825968	5	3480	2582.726	148	1
3_MACS_peak_1715_lociStitched	chr1	207918930	207922858	3	3478	2757.8488	149	1
5_MACS_peak_1888_lociStitched	chr1	228275399	228279507	5	3478	2461.5136	150	1
3_MACS_peak_13584_lociStitched	chr6	90060444	90064280	3	3459	4060.7896	151	1
3_MACS_peak_9423_lociStitched	chr2	201980798	201984569	3	3456	3187.2492	152	1
3_MACS_peak_7435_lociStitched	chr19	2255166	2258728	3	3445	2972.489	153	1
5_MACS_peak_6348_lociStitched	chr17	6915212	6918863	5	3441	2782.062	154	1
3_MACS_peak_2005_lociStitched	chr1	244996584	245000079	3	3436	5069.847	155	1
4_MACS_peak_13138_lociStitched	chr6	26122488	26126427	4	3426	2632.4337	156	1
2_MACS_peak_7557_lociStitched	chr19	6735981	6739570	2	3423	3446.8756	157	1
3_MACS_peak_4222_lociStitched	chr12	122237643	122241217	3	3421	4011.815	158	1
3_MACS_peak_12277_lociStitched	chr5	42991479	42995077	3	3400	2646.6888	159	1
4_MACS_peak_8931_lociStitched	chr2	89051558	89055641	4	3390	2846.6676	160	1
3_MACS_peak_11465_lociStitched	chr3	186713449	186717177	3	3388	2690.1248	161	1
3_MACS_peak_3344_lociStitched	chr11	111247411	111251032	3	3362	3143.3901	162	1
2_MACS_peak_12667_lociStitched	chr5	139015139	139018683	2	3360	2856.1096	163	1
5_MACS_peak_783_lociStitched	chr1	118205436	118209084	5	3344	2503.6224	164	1
3_MACS_peak_1435_lociStitched	chr1	183811479	183815242	3	3343	2794.7801	165	1
1_MACS_peak_1034_lociStitched	chr1	154971324	154974655	1	3332	3402.6165	166	1
5_MACS_peak_5584_lociStitched	chr15	86232836	86236538	5	3329	2501.8116	167	1
1_MACS_peak_12924_lociStitched	chr6	304618	307936	1	3319	3671.0352	168	1
5_MACS_peak_9066_lociStitched	chr2	112219362	112223787	5	3316	2772.705	169	1
2_MACS_peak_8597_lociStitched	chr2	43451413	43454902	2	3315	2711.6508	170	1
2_MACS_peak_10695_lociStitched	chr3	15836603	15839909	2	3301	2425.9428	171	1
5_MACS_peak_15021_lociStitched	chr8	126613441	126617734	5	3298	2890.9062	172	1
2_MACS_peak_1815_lociStitched	chr1	224620144	224623525	2	3290	3896.9406	173	1
3_MACS_peak_5154_lociStitched	chr15	42564866	42568219	3	3288	3313.7699	174	1
5_MACS_peak_4867_lociStitched	chr14	81423377	81427618	5	3286	2735.0209	175	1
5_MACS_peak_11383_lociStitched	chr3	171816484	171820349	5	3278	2414.852	176	1
4_MACS_peak_7419_lociStitched	chr19	2082280	2085966	4	3263	2980.131	177	1
1_MACS_peak_5471_lociStitched	chr15	75493337	75496598	1	3262	2845.2225	178	1
1_MACS_peak_14868_lociStitched	chr8	98655063	98658323	1	3261	3585.022	179	1
2_MACS_peak_1387_lociStitched	chr1	178574058	178577480	2	3251	4017.428	180	1
2_MACS_peak_11209_lociStitched	chr3	135913209	135916526	2	3249	2929.2427	181	1
1_MACS_peak_1032_lociStitched	chr1	154946014	154949261	1	3248	4057.4512	182	1
3_MACS_peak_1060_lociStitched	chr1	155531228	155534722	3	3244	3292.0468	183	1
2_MACS_peak_15937_lociStitched	chrX	153235564	153239098	2	3243	4423.8612	184	1
4_MACS_peak_12589_lociStitched	chr5	131760239	131764000	4	3233	2318.2804	185	1
1_MACS_peak_5660_lociStitched	chr15	93445742	93448973	1	3232	3897.8784	186	1
3_MACS_peak_3596_lociStitched	chr12	12875798	12879098	3	3223	3306.27	187	1
2_MACS_peak_6954_lociStitched	chr17	73291156	73294495	2	3223	2888.9028	188	1
2_MACS_peak_15077_lociStitched	chr8	142127193	142130554	2	3216	3084.0536	189	1
1_MACS_peak_1968_lociStitched	chr1	235490006	235493216	1	3211	4085.688	190	1
1_MACS_peak_2008_lociStitched	chr1	245025781	245028988	1	3208	6271.2885	191	1
2_MACS_peak_6835_lociStitched	chr17	56413073	56416343	2	3203	2247.471	192	1
3_MACS_peak_9207_lociStitched	chr2	157188703	157191988	3	3200	3217.329	193	1
5_MACS_peak_3939_lociStitched	chr12	68382151	68385669	5	3199	2173.4204	194	1
1_MACS_peak_1216_lociStitched	chr1	161014451	161017648	1	3198	3896.1839	195	1
2_MACS_peak_1463_lociStitched	chr1	186768067	186771306	2	3190	2701.9738	196	1
5_MACS_peak_12493_lociStitched	chr5	96269087	96272417	5	3175	2396.268	197	1
2_MACS_peak_1883_lociStitched	chr1	227947554	227951220	2	3174	3076.5072	198	1
2_MACS_peak_7925_lociStitched	chr19	18942250	18945508	2	3173	3006.4824	199	1
2_MACS_peak_1531_lociStitched	chr1	198125437	198128894	2	3171	3034.5546	200	1
2_MACS_peak_12331_lociStitched	chr5	56110113	56113301	2	3167	2689.3968	201	1
2_MACS_peak_1296_lociStitched	chr1	167188811	167192253	2	3163	4029.5494	202	1
2_MACS_peak_5803_lociStitched	chr16	11834147	11837444	2	3160	2671.8888	203	1
2_MACS_peak_12485_lociStitched	chr5	95295019	95298286	2	3157	3528.6867	204	1
4_MACS_peak_13374_lociStitched	chr6	36559853	36563599	4	3153	2825.6078	205	1
4_MACS_peak_11010_lociStitched	chr3	98488709	98492347	4	3135	2252.6496	206	1
4_MACS_peak_1628_lociStitched	chr1	203710306	203714286	4	3135	2677.744	207	1
3_MACS_peak_8894_lociStitched	chr2	87767867	87771139	3	3133	2467.4152	208	1
2_MACS_peak_12920_lociStitched	chr6	291104	294353	2	3132	3331.8495	209	1
3_MACS_peak_11887_lociStitched	chr4	103746826	103750153	3	3132	4052.9514	210	1
3_MACS_peak_1854_lociStitched	chr1	226593070	226596578	3	3132	3089.8464	211	1
3_MACS_peak_1641_lociStitched	chr1	204378470	204381793	3	3131	4840.9464	212	1
1_MACS_peak_7875_lociStitched	chr19	17515145	17518274	1	3130	3400.5972	213	1
3_MACS_peak_9283_lociStitched	chr2	173419381	173422856	3	3127	2520.765	214	1
2_MACS_peak_14887_lociStitched	chr8	101962749	101965939	2	3126	3148.211	215	1
3_MACS_peak_273_lociStitched	chr1	28573083	28576693	3	3124	2342.168	216	1
2_MACS_peak_7979_lociStitched	chr19	23945722	23948905	2	3119	2544.4902	217	1
2_MACS_peak_817_lociStitched	chr1	143912712	143916212	2	3117	3100.3	218	1
3_MACS_peak_14520_lociStitched	chr7	137669636	137673020	3	3109	2243.592	219	1
1_MACS_peak_1394_lociStitched	chr1	179049648	179052749	1	3102	4753.5229	220	1
4_MACS_peak_11472_lociStitched	chr3	186781591	186784835	4	3098	2471.6036	221	1
1_MACS_peak_7960_lociStitched	chr19	19771954	19775048	1	3095	3903.3904	222	1
3_MACS_peak_12976_lociStitched	chr6	7154202	7157518	3	3091	2441.2392	223	1
6_MACS_peak_9056_lociStitched	chr2	112193127	112197205	6	3088	2450.4702	224	1
2_MACS_peak_811_lociStitched	chr1	120835803	120839362	2	3080	2536.4993	225	1
2_MACS_peak_1847_lociStitched	chr1	226411076	226414411	2	3079	2573.6195	226	1
2_MACS_peak_2686_lociStitched	chr11	267612	270731	2	3073	2444.3603	227	1
3_MACS_peak_9130_lociStitched	chr2	127413403	127416944	3	3064	2599.4481	228	1
5_MACS_peak_3893_lociStitched	chr12	57913199	57916881	5	3054	2896.6294	229	1
2_MACS_peak_1742_lociStitched	chr1	211431444	211434526	2	3044	2678.258	230	1
2_MACS_peak_12474_lociStitched	chr5	95157289	95160429	2	3041	2351.232	231	1
1_MACS_peak_5416_lociStitched	chr15	72765334	72768369	1	3036	6636.0275	232	1
1_MACS_peak_7773_lociStitched	chr19	14115319	14118348	1	3030	6899.1533	233	1
4_MACS_peak_12893_lociStitched	chr5	179245654	179248809	4	3030	2703.835	234	1
1_MACS_peak_4777_lociStitched	chr14	69259943	69262963	1	3021	2743.972	235	1
3_MACS_peak_10196_lociStitched	chr21	44844577	44847979	3	3021	3415.2678	236	1
2_MACS_peak_6982_lociStitched	chr17	74259983	74263407	2	3010	3184.32	237	1
1_MACS_peak_14019_lociStitched	chr7	32929466	32932470	1	3005	3025.6288	238	1
1_MACS_peak_1428_lociStitched	chr1	183439349	183442351	1	3003	4601.1654	239	1
3_MACS_peak_7134_lociStitched	chr18	10949167	10952261	3	3003	2446.1164	240	1
1_MACS_peak_5655_lociStitched	chr15	93374038	93377039	1	3002	3029.5095	241	1
2_MACS_peak_1139_lociStitched	chr1	156764128	156767256	2	2990	2473.9352	242	1
1_MACS_peak_5313_lociStitched	chr15	63795456	63798443	1	2988	4457.7988	243	1
1_MACS_peak_1727_lociStitched	chr1	209275394	209278380	1	2987	3122.4602	244	1
1_MACS_peak_837_lociStitched	chr1	144930497	144933478	1	2982	3190.2662	245	1
1_MACS_peak_5061_lociStitched	chr15	31651588	31654567	1	2980	2531.5542	246	1
3_MACS_peak_11617_lociStitched	chr4	17577580	17580755	3	2972	3004.185	247	1
4_MACS_peak_12753_lociStitched	chr5	154133916	154137137	4	2961	2140.0324	248	1
1_MACS_peak_1838_lociStitched	chr1	226297022	226299980	1	2959	3614.9718	249	1
2_MACS_peak_1835_lociStitched	chr1	226249074	226252065	2	2953	3888.8982	250	1
2_MACS_peak_14489_lociStitched	chr7	130790255	130793415	2	2952	2359.256	251	1
1_MACS_peak_5600_lociStitched	chr15	89180957	89183907	1	2951	4013.18	252	1
3_MACS_peak_5610_lociStitched	chr15	90544479	90548013	3	2950	2271.3018	253	1
2_MACS_peak_10767_lociStitched	chr3	39192515	39195501	2	2947	2949.5708	254	1
2_MACS_peak_7854_lociStitched	chr19	16737728	16740764	2	2945	3436.752	255	1
3_MACS_peak_15438_lociStitched	chr9	100744659	100747810	3	2945	2524.5812	256	1
4_MACS_peak_11794_lociStitched	chr4	77132654	77135764	4	2933	2186.641	257	1
2_MACS_peak_6252_lociStitched	chr16	89554601	89557721	2	2933	3991.104	258	1
1_MACS_peak_1402_lociStitched	chr1	179850523	179853446	1	2924	5399.3656	259	1
3_MACS_peak_4241_lociStitched	chr12	123371608	123374744	3	2923	2478.3808	260	1
2_MACS_peak_1501_lociStitched	chr1	193026984	193029922	2	2918	4499.547	261	1
3_MACS_peak_5625_lociStitched	chr15	90643264	90646330	3	2918	2612.5386	262	1
3_MACS_peak_12089_lociStitched	chr4	153455662	153458907	3	2917	2739.7535	263	1
1_MACS_peak_7756_lociStitched	chr19	13273236	13276150	1	2915	2358.3002	264	1
3_MACS_peak_8226_lociStitched	chr19	47614306	47617462	3	2905	3563.7552	265	1
2_MACS_peak_7439_lociStitched	chr19	2268945	2271958	2	2901	4047.9655	266	1
2_MACS_peak_7358_lociStitched	chr19	1131218	1134113	2	2887	3832.6905	267	1
1_MACS_peak_1962_lociStitched	chr1	234734428	234737308	1	2881	3103.776	268	1
2_MACS_peak_15537_lociStitched	chr9	126100119	126103076	2	2879	3096.8661	269	1
2_MACS_peak_1771_lociStitched	chr1	218518206	218521152	2	2878	2349.1404	270	1
1_MACS_peak_923_lociStitched	chr1	150538863	150541737	1	2875	2903.0274	271	1
2_MACS_peak_7534_lociStitched	chr19	5621662	5624586	2	2874	3098.8552	272	1
1_MACS_peak_5055_lociStitched	chr15	31637198	31640062	1	2865	2712.208	273	1
3_MACS_peak_5770_lociStitched	chr16	4664243	4667233	3	2863	2761.265	274	1
2_MACS_peak_5058_lociStitched	chr15	31643525	31646697	2	2860	2898.8908	275	1
1_MACS_peak_12929_lociStitched	chr6	322211	325065	1	2855	2445.3072	276	1
1_MACS_peak_920_lociStitched	chr1	150335656	150338505	1	2850	3571.5064	277	1
3_MACS_peak_7817_lociStitched	chr19	15488560	15491534	3	2841	3690.734	278	1
2_MACS_peak_7408_lociStitched	chr19	1940050	1943233	2	2841	2919.4476	279	1
1_MACS_peak_7857_lociStitched	chr19	16770253	16773092	1	2840	2517.6252	280	1
4_MACS_peak_11391_lociStitched	chr3	176913873	176916937	4	2840	2036.9472	281	1
1_MACS_peak_908_lociStitched	chr1	149821255	149824091	1	2837	3295.7156	282	1
3_MACS_peak_7332_lociStitched	chr19	796574	799569	3	2829	3179.492	283	1
2_MACS_peak_7903_lociStitched	chr19	18413645	18416487	2	2819	2852.7996	284	1
4_MACS_peak_114_lociStitched	chr1	16160915	16164155	4	2814	2718.684	285	1
2_MACS_peak_5644_lociStitched	chr15	91472757	91475832	2	2812	2182.9425	286	1
3_MACS_peak_2087_lociStitched	chr10	11219528	11222508	3	2807	2238.576	287	1
3_MACS_peak_11524_lociStitched	chr3	197461056	197464308	3	2807	2324.2044	288	1
5_MACS_peak_5592_lociStitched	chr15	89164510	89167776	5	2807	2143.8024	289	1
4_MACS_peak_13977_lociStitched	chr7	25988605	25991748	4	2802	2732.2099	290	1
5_MACS_peak_4954_lociStitched	chr14	102341177	102344592	5	2794	2162.378	291	1
2_MACS_peak_1543_lociStitched	chr1	199997620	200000509	2	2790	3530.9358	292	1
5_MACS_peak_2772_lociStitched	chr11	10329046	10332485	5	2790	2139.7458	293	1
2_MACS_peak_13463_lociStitched	chr6	43738226	43741177	2	2785	2804.3353	294	1
5_MACS_peak_13003_lociStitched	chr6	7960820	7964622	5	2784	2127.5992	295	1
1_MACS_peak_1148_lociStitched	chr1	157480031	157482808	1	2778	3006.3802	296	1
2_MACS_peak_1300_lociStitched	chr1	167297517	167300646	2	2777	2593.6281	297	1
1_MACS_peak_1970_lociStitched	chr1	235666255	235669030	1	2776	3616.6575	298	1
2_MACS_peak_7936_lociStitched	chr19	19057271	19060285	2	2774	2195.699	299	1
3_MACS_peak_14893_lociStitched	chr8	102215882	102218865	3	2770	2553.1497	300	1
4_MACS_peak_9981_lociStitched	chr20	56193142	56196410	4	2770	2189.2332	301	1
1_MACS_peak_2011_lociStitched	chr1	245132671	245135436	1	2766	6686.5995	302	1
2_MACS_peak_239_lociStitched	chr1	27021717	27024494	2	2766	2167.1708	303	1
4_MACS_peak_8903_lociStitched	chr2	87783498	87786873	4	2766	2379.0375	304	1
2_MACS_peak_1659_lociStitched	chr1	204682385	204685223	2	2764	3374.9496	305	1
3_MACS_peak_4099_lociStitched	chr12	106640473	106643632	3	2761	2197.0845	306	1
1_MACS_peak_1228_lociStitched	chr1	161145091	161147850	1	2760	3188.8522	307	1
2_MACS_peak_12927_lociStitched	chr6	315911	318835	2	2757	2416.9784	308	1
5_MACS_peak_9985_lociStitched	chr20	56254631	56257715	5	2752	1783.1688	309	1
1_MACS_peak_3396_lociStitched	chr11	118660729	118663477	1	2749	2987.076	310	1
4_MACS_peak_2179_lociStitched	chr10	24725943	24729553	4	2747	2069.974	311	1
3_MACS_peak_3196_lociStitched	chr11	72852198	72855217	3	2740	2176.0952	312	1
1_MACS_peak_907_lociStitched	chr1	149812858	149815596	1	2739	3503.5448	313	1
3_MACS_peak_118_lociStitched	chr1	16173677	16176829	3	2739	2160.3808	314	1
3_MACS_peak_13544_lociStitched	chr6	79785872	79789005	3	2738	2685.6076	315	1
1_MACS_peak_1991_lociStitched	chr1	243417539	243420272	1	2734	3143.7699	316	1
2_MACS_peak_5462_lociStitched	chr15	75335051	75337797	2	2734	2929.4328	317	1
2_MACS_peak_1144_lociStitched	chr1	157145593	157148334	2	2730	2026.4213	318	1
4_MACS_peak_14697_lociStitched	chr8	52810107	52813220	4	2724	2636.3997	319	1
2_MACS_peak_5188_lociStitched	chr15	45002474	45005196	2	2721	4297.2214	320	1
2_MACS_peak_7127_lociStitched	chr18	9135908	9138775	2	2720	2274.3911	321	1
3_MACS_peak_7724_lociStitched	chr19	12832126	12835026	3	2716	1890.8	322	1
2_MACS_peak_3373_lociStitched	chr11	115091927	115094662	2	2714	2985.7995	323	1
1_MACS_peak_12196_lociStitched	chr5	1314702	1317412	1	2711	2094.559	324	1
1_MACS_peak_1910_lociStitched	chr1	229476940	229479645	1	2706	2418.5405	325	1
2_MACS_peak_5275_lociStitched	chr15	58622409	58625388	2	2703	2679.0147	326	1
2_MACS_peak_13682_lociStitched	chr6	111803369	111806167	2	2702	2419.9902	327	1
4_MACS_peak_9909_lociStitched	chr20	45980367	45983620	4	2701	2181.4618	328	1
2_MACS_peak_2278_lociStitched	chr10	52382963	52385673	2	2696	2317.05	329	1
2_MACS_peak_30_lociStitched	chr1	1709278	1711986	2	2695	2298.2796	330	1
2_MACS_peak_5653_lociStitched	chr15	93361275	93364138	2	2692	2390.8913	331	1
1_MACS_peak_13033_lociStitched	chr6	11833233	11835919	1	2687	3139.3968	332	1
4_MACS_peak_7368_lociStitched	chr19	1259091	1262331	4	2684	2271.564	333	1
3_MACS_peak_7241_lociStitched	chr18	48721997	48725048	3	2683	2020.9824	334	1
4_MACS_peak_7053_lociStitched	chr17	77810806	77813650	4	2677	1948.9932	335	1
4_MACS_peak_9288_lociStitched	chr2	174828141	174830920	4	2675	2215.6967	336	1
3_MACS_peak_7661_lociStitched	chr19	10886601	10889526	3	2673	1894.23	337	1
2_MACS_peak_9604_lociStitched	chr2	242253647	242256388	2	2670	3316.3359	338	1
2_MACS_peak_9064_lociStitched	chr2	112208984	112211749	2	2668	2325.0885	339	1
3_MACS_peak_13206_lociStitched	chr6	27804465	27807244	3	2663	2596.4197	340	1
1_MACS_peak_5268_lociStitched	chr15	57209592	57212252	1	2661	2520.35	341	1
3_MACS_peak_10135_lociStitched	chr21	38738064	38741045	3	2660	3262.1083	342	1
4_MACS_peak_12840_lociStitched	chr5	173314586	173317797	4	2659	2113.4802	343	1
2_MACS_peak_11203_lociStitched	chr3	133291045	133293999	2	2656	2459.7958	344	1
1_MACS_peak_1570_lociStitched	chr1	201474676	201477329	1	2654	2129.2978	345	1
2_MACS_peak_1151_lociStitched	chr1	157492657	157495315	2	2650	2583.8418	346	1
3_MACS_peak_14238_lociStitched	chr7	83943728	83946763	3	2648	2044.983	347	1
3_MACS_peak_8633_lociStitched	chr2	48131991	48134834	3	2647	2150.1609	348	1
1_MACS_peak_5353_lociStitched	chr15	66083043	66085686	1	2644	3833.1429	349	1
2_MACS_peak_9867_lociStitched	chr20	42309367	42312082	2	2644	3977.2035	350	1
2_MACS_peak_11890_lociStitched	chr4	103788627	103791385	2	2644	2155.377	351	1
3_MACS_peak_10088_lociStitched	chr21	34609865	34612591	3	2643	1687.1214	352	1
3_MACS_peak_14032_lociStitched	chr7	39988643	39991626	3	2642	2436.5144	353	1
3_MACS_peak_8058_lociStitched	chr19	39340097	39343229	3	2640	2774.6388	354	1
2_MACS_peak_5201_lociStitched	chr15	45490911	45493678	2	2638	2593.5091	355	1
2_MACS_peak_7842_lociStitched	chr19	16481241	16483880	2	2632	2418.1157	356	1
2_MACS_peak_1916_lociStitched	chr1	229562327	229565361	2	2630	2219.0676	357	1
3_MACS_peak_2358_lociStitched	chr10	74032312	74035431	3	2630	1935.0276	358	1
4_MACS_peak_6241_lociStitched	chr16	89041804	89045260	4	2629	1845.8496	359	1
4_MACS_peak_5934_lociStitched	chr16	30075157	30078176	4	2627	1980.7659	360	1
2_MACS_peak_7346_lociStitched	chr19	1025980	1029006	2	2626	2297.9444	361	1
2_MACS_peak_6794_lociStitched	chr17	48942713	48945466	2	2625	3033.5307	362	1
3_MACS_peak_1869_lociStitched	chr1	227126454	227129179	3	2621	2987.145	363	1
2_MACS_peak_10184_lociStitched	chr21	44731781	44734432	2	2614	2316.4438	364	1
2_MACS_peak_1451_lociStitched	chr1	185124818	185127434	2	2609	3971.3496	365	1
4_MACS_peak_9797_lociStitched	chr20	34203384	34206401	4	2608	2454.6312	366	1
3_MACS_peak_14384_lociStitched	chr7	106807790	106810641	3	2606	3087.633	367	1
4_MACS_peak_8939_lociStitched	chr2	89135580	89138951	4	2604	2646.235	368	1
3_MACS_peak_1866_lociStitched	chr1	227069291	227072112	3	2603	1839.292	369	1
2_MACS_peak_1316_lociStitched	chr1	167682873	167685521	2	2601	2674.7448	370	1
4_MACS_peak_12722_lociStitched	chr5	148928912	148931583	4	2595	2025.6864	371	1
3_MACS_peak_13989_lociStitched	chr7	26239212	26242017	3	2594	1863.642	372	1
2_MACS_peak_3607_lociStitched	chr12	14921551	14924193	2	2592	2808.1818	373	1
4_MACS_peak_7018_lociStitched	chr17	75206165	75209235	4	2590	1803.625	374	1
1_MACS_peak_14943_lociStitched	chr8	118451024	118453606	1	2583	2794.2404	375	1
2_MACS_peak_1572_lociStitched	chr1	201705121	201707718	2	2582	2833.327	376	1
3_MACS_peak_8190_lociStitched	chr19	45970567	45973166	3	2582	2743.5044	377	1
3_MACS_peak_10624_lociStitched	chr3	5228213	5230954	3	2578	2119.3412	378	1
3_MACS_peak_2537_lociStitched	chr10	104403814	104406566	3	2577	1917.0432	379	1
1_MACS_peak_4897_lociStitched	chr14	91832859	91835433	1	2575	2416.7286	380	1
1_MACS_peak_1026_lociStitched	chr1	154908374	154910948	1	2575	6368.8482	381	1
2_MACS_peak_7378_lociStitched	chr19	1406848	1409574	2	2575	2670.3896	382	1
1_MACS_peak_1681_lociStitched	chr1	206135432	206138002	1	2571	2415.8	383	1
2_MACS_peak_161_lociStitched	chr1	22107817	22110394	2	2571	3271.2438	384	1
4_MACS_peak_12968_lociStitched	chr6	7135953	7138907	4	2571	1988.9282	385	1
2_MACS_peak_8530_lociStitched	chr2	30368763	30371658	2	2567	2615.6325	386	1
4_MACS_peak_9598_lociStitched	chr2	241523812	241526589	4	2565	1956.1188	387	1
