#19_0EX5_0229Kronos_MM1S-KB-24hr-1_H3K27Ac_hs-dm_i39_peaks Enhancers
#Created from /data/projects/IRF4_mm_trn_data/p300_internal_ChIP/rose/19_0EX5_0229Kronos_MM1S-KB-24hr-1_H3K27Ac_hs-dm_i39_ROSE/19_0EX5_0229Kronos_MM1S-KB-24hr-1_H3K27Ac_hs-dm_i39_peaks_6KB_STITCHED_ENHANCER_REGION_MAP.txt
#Ranked by X19_0EX5_0229Kronos_MM1S.KB.24hr.1_H3K27Ac_hs.dm_i39.bam
#Using cutoff of 31149.3378 for Super-Enhancers
#Created on Jul 18 2024 
REGION_ID	CHROM	START	STOP	NUM_LOCI	CONSTITUENT_SIZE	X19_0EX5_0229Kronos_MM1S.KB.24hr.1_H3K27Ac_hs.dm_i39.bam	X43_0EXV_0229Kronos_MM1S.KB.24hr.1_Input_hs_i87.bam	enhancerRank	isSuperStretch
6_MACS_peak_17319_lociStitched	chr3	141079096	141160745	6	74219	695967.9111	17579.0297	1	1
11_MACS_peak_8825_lociStitched	chr16	11754714	11843335	11	74096	405485.3855	17006.3699	2	1
4_MACS_peak_21590_lociStitched	chr6	108878354	108961013	4	77459	231230.2866	13605.6714	3	1
7_MACS_peak_2032_lociStitched	chr1	203236278	203298424	7	40550	593724.2402	20644.9012	4	1
5_MACS_peak_12735_lociStitched	chr2	37514981	37588550	5	58674	415981.1967	15765.8367	5	1
5_MACS_peak_1237_lociStitched	chr1	118141907	118219403	5	61110	346980.5904	9415.764	6	1
8_MACS_peak_7487_lociStitched	chr14	91812915	91886114	8	61488	289040.8913	8198.288	7	1
10_MACS_peak_15688_lociStitched	chr22	23188609	23248961	10	47579	329383.1104	8539.808	8	1
3_MACS_peak_13347_lociStitched	chr2	99054612	99108430	3	49307	295848.3096	11899.1598	9	1
6_MACS_peak_10955_lociStitched	chr18	9095096	9157557	6	50859	220812.1272	12891.9504	10	1
3_MACS_peak_14780_lociStitched	chr20	30261713	30312440	3	46517	247243.398	11504.8836	11	1
3_MACS_peak_10023_lociStitched	chr17	32688367	32727274	3	33922	344167.4313	9800.6733	12	1
1_MACS_peak_20648_lociStitched	chr6	7879142	7919804	1	40663	249229.5966	9771.0786	13	1
5_MACS_peak_1513_lociStitched	chr1	154907896	154957929	5	36903	257354.7421	13969.2136	14	1
3_MACS_peak_18508_lociStitched	chr4	90204978	90246772	3	30835	306408.5316	9081.8362	15	1
5_MACS_peak_10066_lociStitched	chr17	34597614	34641732	5	37617	238184.2584	11236.8546	16	1
6_MACS_peak_9820_lociStitched	chr17	16847897	16895580	6	32954	262013.3167	9126.5262	17	1
5_MACS_peak_14822_lociStitched	chr20	32398778	32449174	5	37118	174864.0408	10089.2792	18	1
6_MACS_peak_21237_lociStitched	chr6	52392511	52443091	6	38711	140384.79	9933.912	19	1
3_MACS_peak_10533_lociStitched	chr17	62149775	62187297	3	37409	148744.7124	7767.054	20	1
5_MACS_peak_11173_lociStitched	chr18	46440275	46482995	5	37472	122691.84	8360.304	21	1
6_MACS_peak_20541_lociStitched	chr6	289975	337949	6	33358	203184.2822	15505.1968	22	1
3_MACS_peak_24338_lociStitched	chr8	120915106	120948957	3	32906	193323.061	6502.7771	23	1
2_MACS_peak_7629_lociStitched	chr14	106024472	106052942	2	26993	248861.964	5565.885	24	1
6_MACS_peak_20029_lociStitched	chr5	131789537	131837969	6	32056	181377.84	9894.6576	25	1
6_MACS_peak_20440_lociStitched	chr5	173309959	173357171	6	36520	81978.9168	7728.6044	26	1
7_MACS_peak_9328_lociStitched	chr16	68269996	68320800	7	33841	141616.15	9601.956	27	1
3_MACS_peak_10062_lociStitched	chr17	34509591	34540256	3	26524	234277.5335	8868.318	28	1
7_MACS_peak_17684_lociStitched	chr3	183220101	183261507	7	29769	191084.5494	11440.4778	29	1
4_MACS_peak_3612_lociStitched	chr10	125821729	125854974	4	30973	163409.1485	6353.1195	30	1
6_MACS_peak_9439_lociStitched	chr16	78763611	78805007	6	35268	43051.84	4387.976	31	1
5_MACS_peak_7750_lociStitched	chr15	31616728	31660660	5	32278	128619.7164	7855.0416	32	1
5_MACS_peak_2088_lociStitched	chr1	206271968	206311041	5	24384	221344.6377	10838.8502	33	1
5_MACS_peak_23010_lociStitched	chr7	102062846	102093328	5	25813	196861.9006	6044.5806	34	1
1_MACS_peak_2633_lociStitched	chr10	11202397	11224043	1	21647	231157.634	6398.5576	35	1
5_MACS_peak_18301_lociStitched	chr4	71515064	71555236	5	25897	188736.0904	8219.1912	36	1
5_MACS_peak_3529_lociStitched	chr10	112600035	112633392	5	23078	213631.5708	6688.0785	37	1
2_MACS_peak_3931_lociStitched	chr11	22676707	22704600	2	23887	201638.497	4973.3219	38	1
4_MACS_peak_7636_lociStitched	chr14	106143797	106173264	4	25282	185450.5645	3871.9638	39	1
3_MACS_peak_20026_lociStitched	chr5	131744619	131774527	3	24626	193764.9596	6690.4196	40	1
4_MACS_peak_6078_lociStitched	chr12	109009379	109036401	4	23015	207223.6114	6258.2952	41	1
1_MACS_peak_21558_lociStitched	chr6	106530224	106556246	1	26023	175453.335	6104.7612	42	1
3_MACS_peak_15915_lociStitched	chr22	37610885	37642475	3	28705	137536.542	6491.745	43	1
3_MACS_peak_8209_lociStitched	chr15	68568564	68599480	3	29422	120417.82	6418.1616	44	1
2_MACS_peak_4923_lociStitched	chr11	128584997	128618663	2	27875	146928.5238	7137.192	45	1
8_MACS_peak_12124_lociStitched	chr19	42022449	42070578	8	28703	134520.555	9688.3677	46	1
9_MACS_peak_21879_lociStitched	chr6	138246661	138297737	9	27808	144187.548	8601.1984	47	1
2_MACS_peak_15698_lociStitched	chr22	23269400	23286071	2	16188	238988.7876	4189.4223	48	1
4_MACS_peak_23427_lociStitched	chr7	150053119	150084950	4	25937	161367.2545	8387.4685	49	1
5_MACS_peak_16215_lociStitched	chr3	5222098	5256348	5	28819	108260.825	6514.35	50	1
4_MACS_peak_10951_lociStitched	chr18	9054643	9085266	4	19227	219695.5266	6372.6463	51	1
3_MACS_peak_15719_lociStitched	chr22	24176697	24200900	3	16574	228212.5073	4859.9624	52	1
1_MACS_peak_5564_lociStitched	chr12	53845207	53874844	1	29638	59697.8091	6594.2325	53	1
6_MACS_peak_23714_lociStitched	chr8	27208530	27253044	6	27916	108115.6032	8698.0356	54	1
2_MACS_peak_10151_lociStitched	chr17	38459047	38484344	2	21203	182722.7607	5284.5433	55	1
2_MACS_peak_17553_lociStitched	chr3	171801697	171827278	2	21646	180036.5199	7369.8861	56	1
3_MACS_peak_2638_lociStitched	chr10	11278933	11313242	3	26635	96600.4204	6583.8971	57	1
4_MACS_peak_3820_lociStitched	chr11	10314479	10345128	4	22172	163359.17	6687.6118	58	1
5_MACS_peak_14754_lociStitched	chr20	25261137	25303012	5	24423	133811.5625	6586.9375	59	1
1_MACS_peak_5549_lociStitched	chr12	53582467	53604464	1	21998	159339.6689	5371.6674	60	1
3_MACS_peak_22642_lociStitched	chr7	55616042	55643205	3	26896	77990.4056	5562.9824	61	1
3_MACS_peak_17261_lociStitched	chr3	133178967	133201183	3	18125	192601.612	5329.6184	62	1
1_MACS_peak_4274_lociStitched	chr11	65183305	65200047	1	16743	199889.4348	4726.2666	63	1
5_MACS_peak_8287_lociStitched	chr15	75063209	75093273	5	25205	107544.9408	5973.7168	64	1
1_MACS_peak_15478_lociStitched	chr21	41324428	41344368	1	19941	175370.306	6691.864	65	1
5_MACS_peak_10770_lociStitched	chr17	76710836	76746757	5	26107	86986.2936	7004.595	66	1
7_MACS_peak_5064_lociStitched	chr12	7045436	7085640	7	25685	94953.8072	7502.0664	67	1
6_MACS_peak_10333_lociStitched	chr17	46528044	46571109	6	26304	76289.6475	7605.279	68	1
7_MACS_peak_16573_lociStitched	chr3	46317833	46347638	7	24808	108156.384	5993.7855	69	1
2_MACS_peak_12571_lociStitched	chr2	20397478	20426470	2	22665	132470.2464	5375.1168	70	1
1_MACS_peak_5161_lociStitched	chr12	12866113	12882138	1	16026	188989.235	3733.825	71	1
2_MACS_peak_421_lociStitched	chr1	31213892	31233399	2	19223	164389.3904	5021.1018	72	1
4_MACS_peak_19052_lociStitched	chr4	185317483	185350328	4	21733	137876.741	5810.2805	73	1
1_MACS_peak_18153_lociStitched	chr4	40191010	40209894	1	18885	167008.2076	4968.3804	74	1
4_MACS_peak_21467_lociStitched	chr6	90053970	90086121	4	23743	107323.2531	6102.2598	75	1
2_MACS_peak_4443_lociStitched	chr11	72850493	72870202	2	14808	194378.0416	4247.2895	76	1
4_MACS_peak_11497_lociStitched	chr19	2594883	2628808	4	18569	168977.0325	8437.1475	77	1
3_MACS_peak_10456_lociStitched	chr17	56405010	56431003	3	19080	162063.7557	6266.9123	78	1
3_MACS_peak_1318_lociStitched	chr1	145427057	145458011	3	20639	148582.2954	8911.6566	79	1
4_MACS_peak_6274_lociStitched	chr12	123354935	123387441	4	24673	76580.8854	3461.889	80	1
4_MACS_peak_2059_lociStitched	chr1	204474556	204501089	4	18603	164706.2508	7506.1857	81	1
3_MACS_peak_14927_lociStitched	chr20	37486601	37506394	3	14484	190947.0296	4053.6064	82	1
2_MACS_peak_1418_lociStitched	chr1	150532224	150553309	2	17630	171878.5945	7270.108	83	1
3_MACS_peak_282_lociStitched	chr1	24512099	24533983	3	16496	176901.5024	4788.2192	84	1
3_MACS_peak_8843_lociStitched	chr16	12052284	12072665	3	15519	181861.7011	4312.6196	85	1
1_MACS_peak_13948_lociStitched	chr2	182168182	182180648	1	12467	197930.1616	3026.7448	86	1
2_MACS_peak_15111_lociStitched	chr20	52193756	52216281	2	22172	114625.22	4318.0425	87	1
3_MACS_peak_11473_lociStitched	chr19	2073477	2098356	3	17568	168527.8581	7155.2004	89	1
4_MACS_peak_22863_lociStitched	chr7	90329828	90367856	4	21949	119617.074	7240.5312	90	1
7_MACS_peak_13475_lociStitched	chr2	112186541	112224502	7	24038	73682.301	5952.2848	91	1
4_MACS_peak_14054_lociStitched	chr2	197023866	197049025	4	22264	108681.8482	5301.0013	92	1
7_MACS_peak_7546_lociStitched	chr14	95945672	95986076	7	24572	51131.262	3462.6228	93	1
4_MACS_peak_22046_lociStitched	chr6	157976074	158007229	4	19981	127526.7615	3025.1505	94	1
3_MACS_peak_13025_lociStitched	chr2	65156905	65178675	3	15394	168192.843	5370.659	95	1
2_MACS_peak_1563_lociStitched	chr1	156115471	156137026	2	20425	118427.481	6250.95	96	1
2_MACS_peak_9274_lociStitched	chr16	66548991	66560966	2	11784	186384.8875	3094.34	97	1
5_MACS_peak_7426_lociStitched	chr14	81930568	81956825	5	21199	100511.796	2602.0687	98	1
1_MACS_peak_20816_lociStitched	chr6	25402633	25415553	1	12921	179197.816	3824.32	99	1
7_MACS_peak_9303_lociStitched	chr16	67554806	67601645	7	22181	82071.2958	7484.8722	100	1
1_MACS_peak_14119_lociStitched	chr2	201979961	201995040	1	15080	163760.9558	3707.9261	101	1
2_MACS_peak_7848_lociStitched	chr15	40386543	40408980	2	17487	142890.0345	5207.6277	102	1
4_MACS_peak_19728_lociStitched	chr5	88595650	88617568	4	15878	154324.638	4767.165	103	1
3_MACS_peak_9219_lociStitched	chr16	56963199	56986159	3	21240	86414.552	5140.744	104	1
2_MACS_peak_16938_lociStitched	chr3	98476711	98497254	2	19504	114143.0709	4490.6998	105	1
4_MACS_peak_15538_lociStitched	chr21	45552529	45580787	4	18112	131659.6736	7491.1958	106	1
4_MACS_peak_11812_lociStitched	chr19	16243489	16272511	4	21291	80832.0744	5485.158	107	1
2_MACS_peak_3913_lociStitched	chr11	19449794	19466107	2	14590	159453.0498	4285.4251	108	1
2_MACS_peak_25286_lociStitched	chr9	112903311	112925394	2	21612	70707.5577	4878.1347	109	1
4_MACS_peak_2615_lociStitched	chr10	7511277	7535982	4	16738	140195.934	4125.735	110	1
4_MACS_peak_16278_lociStitched	chr3	13035585	13061703	4	17960	128124.4608	5696.3358	111	1
4_MACS_peak_2899_lociStitched	chr10	45913488	45934445	4	15510	146164.5965	4122.2419	112	1
3_MACS_peak_8970_lociStitched	chr16	23343191	23363483	3	12677	163628.6004	4161.8892	113	1
3_MACS_peak_23511_lociStitched	chr8	2027199	2050874	3	18230	114305.2675	4744.47	114	1
2_MACS_peak_16821_lociStitched	chr3	69128287	69155119	2	20387	77031.9888	4684.8672	115	1
1_MACS_peak_19723_lociStitched	chr5	88110330	88130795	1	20466	71566.105	4704.9035	116	1
3_MACS_peak_5464_lociStitched	chr12	48196318	48218914	3	17384	119948.6064	4164.4428	117	1
1_MACS_peak_19044_lociStitched	chr4	185200807	185211504	1	10698	169702.5565	3083.9451	118	1
3_MACS_peak_12068_lociStitched	chr19	39880468	39903982	3	18649	101867.3508	4636.9608	119	1
4_MACS_peak_1632_lociStitched	chr1	160633667	160655970	4	14900	142578.6184	5734.1013	120	1
3_MACS_peak_14593_lociStitched	chr20	5567123	5592251	3	20764	56178.6696	5018.0616	121	1
1_MACS_peak_19724_lociStitched	chr5	88170831	88187059	1	16229	126580.0228	4290.6832	122	1
4_MACS_peak_20981_lociStitched	chr6	31773542	31805529	4	20503	51668.6011	5172.2979	123	1
3_MACS_peak_1574_lociStitched	chr1	156450347	156476054	3	19873	70789.3659	6838.062	124	1
4_MACS_peak_1393_lociStitched	chr1	149802913	149834081	4	17703	108558.144	8437.1776	125	1
5_MACS_peak_13324_lociStitched	chr2	97190536	97220555	5	18660	91524.9291	5907.7392	126	1
6_MACS_peak_8608_lociStitched	chr15	101661389	101692432	6	18611	87882.733	5680.869	127	1
3_MACS_peak_10728_lociStitched	chr17	75131258	75147023	3	14790	131446.9935	3556.584	128	1
5_MACS_peak_10055_lociStitched	chr17	34408835	34432682	5	19198	74595.8007	5091.3345	129	1
2_MACS_peak_1499_lociStitched	chr1	154374796	154394633	2	16593	114183.7557	5947.1326	130	1
4_MACS_peak_1873_lociStitched	chr1	183856334	183885880	4	16316	117596.0346	6963.9922	131	1
2_MACS_peak_19301_lociStitched	chr5	32570727	32593357	2	17040	105924.241	4283.859	132	1
5_MACS_peak_17479_lociStitched	chr3	160116024	160140920	5	19444	64107.2	6072.1344	133	1
5_MACS_peak_13011_lociStitched	chr2	64862611	64896045	5	18963	73437.781	6185.29	134	1
3_MACS_peak_20813_lociStitched	chr6	25365943	25390452	3	18787	76122.5031	5313.5512	135	1
1_MACS_peak_22816_lociStitched	chr7	78113596	78128339	1	14744	127352.9826	3582.549	136	1
6_MACS_peak_15132_lociStitched	chr20	52530721	52566871	6	18722	76066.83	5798.46	137	1
2_MACS_peak_16571_lociStitched	chr3	46245378	46257468	2	11223	151481.655	3604.029	138	1
4_MACS_peak_15992_lociStitched	chr22	39823009	39846185	4	14132	129966.3728	4320.0064	140	1
5_MACS_peak_13277_lociStitched	chr2	88891738	88928516	5	19632	45983.5334	6859.097	141	1
4_MACS_peak_6911_lociStitched	chr13	115023317	115048805	4	18176	79453.7424	4536.864	142	1
3_MACS_peak_8070_lociStitched	chr15	56644857	56667117	3	14635	124023.816	4260.564	143	1
5_MACS_peak_7393_lociStitched	chr14	77487948	77510576	5	18174	72647.194	2172.288	144	1
5_MACS_peak_10636_lociStitched	chr17	72733353	72756911	5	18944	55457.8878	4400.6344	145	1
5_MACS_peak_8486_lociStitched	chr15	89646577	89675159	5	16909	91836.8242	5281.9536	146	1
1_MACS_peak_22639_lociStitched	chr7	55569172	55586521	1	17350	78363.6981	3448.9812	147	1
2_MACS_peak_3511_lociStitched	chr10	112112577	112122550	2	8237	155292.5749	2820.3644	148	1
2_MACS_peak_9994_lociStitched	chr17	29634890	29651089	2	15583	100456.4786	3325.6547	150	1
3_MACS_peak_19449_lociStitched	chr5	55436890	55453730	3	16654	81148.592	3357.896	151	1
6_MACS_peak_7841_lociStitched	chr15	40329818	40358692	6	16738	80971.3582	5012.5264	152	1
4_MACS_peak_7813_lociStitched	chr15	38360773	38380748	4	12224	129058.475	3731.33	153	1
1_MACS_peak_11305_lociStitched	chr18	60821853	60831638	1	9786	143384.4975	2798.51	154	1
2_MACS_peak_15280_lociStitched	chr21	19151751	19169545	2	16039	87615.8766	3747.4164	155	1
3_MACS_peak_12869_lociStitched	chr2	47526762	47550759	3	14847	103851.8169	4672.2159	156	1
3_MACS_peak_21608_lociStitched	chr6	109214006	109229015	3	14873	101821.056	3169.9008	157	1
3_MACS_peak_14285_lociStitched	chr2	219742937	219763407	3	16598	78318.22	3764.433	158	1
3_MACS_peak_16567_lociStitched	chr3	46130315	46153674	3	15839	89485.9931	4456.8972	159	1
5_MACS_peak_14124_lociStitched	chr2	202072799	202102140	5	17823	51346.75	5692.154	160	1
2_MACS_peak_22640_lociStitched	chr7	55595455	55606035	2	9661	140521.444	2711.654	161	1
2_MACS_peak_1552_lociStitched	chr1	155931001	155952170	2	15505	93010.2353	5300.7176	162	1
5_MACS_peak_22494_lociStitched	chr7	38383783	38408588	5	18024	39521.8065	5402.529	163	1
1_MACS_peak_6894_lociStitched	chr13	114555983	114568057	1	12075	124973.1444	3363.8164	164	1
1_MACS_peak_12804_lociStitched	chr2	43444121	43456980	1	12860	117879.7389	3177.4589	165	1
2_MACS_peak_26009_lociStitched	chrX	48790023	48805954	2	14978	94529.7747	1704.617	166	1
5_MACS_peak_14165_lociStitched	chr2	204548204	204574195	5	15379	91516.9101	5328.155	167	1
1_MACS_peak_12530_lociStitched	chr2	11883573	11898271	1	14699	98304.6334	3568.6744	168	1
2_MACS_peak_24109_lociStitched	chr8	81046393	81062875	2	16163	77315.4138	3416.7186	169	1
3_MACS_peak_16408_lociStitched	chr3	30682803	30703435	3	17578	45883.5048	3975.7864	170	1
5_MACS_peak_8954_lociStitched	chr16	22194935	22219362	5	17370	48680.5683	5332.4141	171	1
5_MACS_peak_5905_lociStitched	chr12	92930595	92951282	5	15770	81097.1774	4464.2546	172	1
4_MACS_peak_14995_lociStitched	chr20	43672187	43693644	4	15448	85160.6873	4085.4128	173	1
2_MACS_peak_14129_lociStitched	chr2	202115939	202129594	2	12409	116235.4565	3204.8285	174	1
1_MACS_peak_13493_lociStitched	chr2	112455509	112465893	1	10385	130529.9952	2913.7504	175	1
2_MACS_peak_25474_lociStitched	chr9	130828864	130846618	2	16663	60182.5092	3685.7304	176	1
4_MACS_peak_1037_lociStitched	chr1	93408780	93428773	4	17340	39282.2464	2081.2713	177	1
2_MACS_peak_902_lociStitched	chr1	75595719	75612811	2	16504	61681.6096	2594.5656	178	1
2_MACS_peak_22383_lociStitched	chr7	26002229	26011888	2	9566	133221.7575	2375.1481	179	1
1_MACS_peak_4282_lociStitched	chr11	65263416	65278834	1	15419	80170.5164	4024.098	180	1
4_MACS_peak_11422_lociStitched	chr19	1015214	1041760	4	16813	52991.1252	6028.5966	181	1
3_MACS_peak_20521_lociStitched	chr5	180228169	180249328	3	15241	80347.0707	3903.8355	182	1
2_MACS_peak_8392_lociStitched	chr15	81576053	81596581	2	14095	95761.0672	4645.4864	183	1
3_MACS_peak_12792_lociStitched	chr2	42343529	42361062	3	14146	93468.423	3699.463	184	1
4_MACS_peak_1921_lociStitched	chr1	192498561	192521260	4	14274	93692.3924	6076.5223	185	1
3_MACS_peak_17755_lociStitched	chr3	186703101	186720138	3	13062	106232.5098	5358.1365	186	1
7_MACS_peak_24390_lociStitched	chr8	126285190	126316037	7	16934	40801.3269	5379.7168	187	1
3_MACS_peak_16594_lociStitched	chr3	46578011	46591887	3	11353	117571.348	2610.0756	188	1
2_MACS_peak_19732_lociStitched	chr5	88634755	88651621	2	10396	124998.9858	3562.0992	189	1
2_MACS_peak_5899_lociStitched	chr12	92853915	92866388	2	11905	112955.488	2957.3483	190	1
5_MACS_peak_25540_lociStitched	chr9	134127059	134153374	5	15643	69074.2435	4884.064	191	1
5_MACS_peak_25711_lociStitched	chrX	10064867	10091049	5	15846	61446.5358	2437.5442	192	1
1_MACS_peak_15117_lociStitched	chr20	52267588	52279683	1	12096	109361.7805	2672.995	193	1
4_MACS_peak_11057_lociStitched	chr18	23746073	23772102	4	12978	102236.7062	4466.5764	194	1
1_MACS_peak_17618_lociStitched	chr3	178230013	178241559	1	11547	113877.0434	3395.6786	195	1
2_MACS_peak_3518_lociStitched	chr10	112215886	112226255	2	9896	124483.9926	2527.9622	196	1
4_MACS_peak_20261_lociStitched	chr5	150513056	150537863	4	16238	50765.0448	4998.6105	197	1
1_MACS_peak_12791_lociStitched	chr2	42322986	42334853	1	11868	110520.9311	3289.5324	198	1
5_MACS_peak_7671_lociStitched	chr15	21976574	22002723	5	16594	38295.2105	4126.3122	199	1
3_MACS_peak_2610_lociStitched	chr10	6953963	6973260	3	9538	127539.6621	3874.8376	200	1
1_MACS_peak_5197_lociStitched	chr12	15100865	15116577	1	15713	59441.6384	3565.0528	201	1
2_MACS_peak_18131_lociStitched	chr4	38307000	38322417	2	13230	96262.2063	3419.4906	202	1
5_MACS_peak_13261_lociStitched	chr2	87794919	87821485	5	16181	45560.69	4407.2994	204	1
3_MACS_peak_18328_lociStitched	chr4	74453902	74475579	3	13691	89330.917	3680.7546	205	1
3_MACS_peak_19927_lociStitched	chr5	118657914	118678883	3	14563	77629.3349	4451.7187	206	1
3_MACS_peak_22555_lociStitched	chr7	44656623	44680161	3	16084	46303.9536	4361.5914	207	1
5_MACS_peak_7663_lociStitched	chr15	20969796	20996055	5	16223	41350.0473	3972.9867	208	1
4_MACS_peak_15422_lociStitched	chr21	36236220	36263110	4	13966	87642.577	6391.753	209	1
5_MACS_peak_7860_lociStitched	chr15	40834166	40862701	5	16264	37728.977	4825.2685	210	1
3_MACS_peak_5891_lociStitched	chr12	92753964	92770172	3	9973	119999.1696	3392.3344	211	1
2_MACS_peak_6076_lociStitched	chr12	108952775	108970705	2	14896	66366.102	4197.413	212	1
3_MACS_peak_11832_lociStitched	chr19	16693870	16711778	3	12452	97747.2364	3891.4084	213	1
2_MACS_peak_580_lociStitched	chr1	40838998	40858502	2	14959	63415.3056	4050.9808	214	1
1_MACS_peak_2136_lociStitched	chr1	209275158	209284390	1	9233	121499.5824	2932.0832	215	1
5_MACS_peak_13283_lociStitched	chr2	89039070	89066787	5	13080	91080.8337	4764.5523	216	1
4_MACS_peak_14989_lociStitched	chr20	43583227	43609440	4	15418	52703.8578	5064.3516	217	1
5_MACS_peak_26406_lociStitched	chrX	128902273	128921528	5	15069	57485.8025	2131.5285	218	1
2_MACS_peak_21447_lociStitched	chr6	88625386	88640403	2	13699	79713.2394	2991.3864	219	1
1_MACS_peak_15772_lociStitched	chr22	29185678	29199746	1	14069	74162.2756	3107.6212	220	1
1_MACS_peak_13227_lociStitched	chr2	86219938	86229203	1	9266	118596.6325	2105.008	221	1
4_MACS_peak_20836_lociStitched	chr6	26183577	26207533	4	14606	66180.8456	4637.8816	222	1
2_MACS_peak_7748_lociStitched	chr15	31546373	31561148	2	10748	109301.0175	3058.425	223	1
1_MACS_peak_15952_lociStitched	chr22	38782121	38797313	1	15193	51988.5432	2922.9408	224	1
4_MACS_peak_4720_lociStitched	chr11	111234271	111251600	4	14504	65436.0369	3472.7316	226	1
2_MACS_peak_17524_lociStitched	chr3	169656512	169668467	2	10897	106025.3085	3557.808	228	1
2_MACS_peak_18440_lociStitched	chr4	84132237	84144686	2	10474	107839.4625	2756.2086	229	1
3_MACS_peak_2422_lociStitched	chr1	234734114	234750141	3	12287	93112.0619	4726.3623	230	1
3_MACS_peak_4420_lociStitched	chr11	71414068	71427090	3	12021	93951.1256	3094.0272	231	1
2_MACS_peak_18292_lociStitched	chr4	69431880	69443780	2	11090	101505.81	2357.39	232	1
3_MACS_peak_8477_lociStitched	chr15	89163980	89185490	3	15282	39236.391	3863.196	233	1
4_MACS_peak_2889_lociStitched	chr10	45453748	45475305	4	14946	49098.2232	4257.5075	234	1
2_MACS_peak_2326_lociStitched	chr1	226839675	226852478	2	12703	85206.5256	3912.5968	235	1
3_MACS_peak_15773_lociStitched	chr22	29207109	29225784	3	13115	79125.975	3636.0225	236	1
4_MACS_peak_17445_lociStitched	chr3	156804714	156824685	4	12892	83285.0613	5863.4856	237	1
1_MACS_peak_10128_lociStitched	chr17	37924690	37938549	1	13860	66085.2556	3085.0134	238	1
3_MACS_peak_10776_lociStitched	chr17	76763206	76779828	3	14136	61117.4318	3465.687	239	1
1_MACS_peak_20684_lociStitched	chr6	11827542	11836945	1	9404	111229.9676	2331.944	240	1
2_MACS_peak_5269_lociStitched	chr12	26265849	26280486	2	14063	61605.6693	3558.2547	241	1
4_MACS_peak_10709_lociStitched	chr17	74475767	74498407	4	13873	64723.232	4070.672	242	1
5_MACS_peak_10681_lociStitched	chr17	73850456	73875798	5	13917	63086.3748	3925.4758	243	1
2_MACS_peak_23125_lociStitched	chr7	114561537	114574564	2	11753	91599.3505	3568.0953	244	1
2_MACS_peak_19188_lociStitched	chr5	6475221	6487616	2	11376	93903.2805	2400.9115	245	1
5_MACS_peak_16323_lociStitched	chr3	15834668	15859330	5	13600	68064.6538	4086.4934	246	1
3_MACS_peak_10621_lociStitched	chr17	70581976	70601752	3	14058	59426.88	3634.8288	247	1
1_MACS_peak_10536_lociStitched	chr17	62196577	62210621	1	14045	57732.0752	3554.5364	248	1
4_MACS_peak_18367_lociStitched	chr4	77117699	77136613	4	14387	50462.552	3790.3656	249	1
2_MACS_peak_20184_lociStitched	chr5	142771392	142786022	2	14353	50027.285	2718.254	250	1
3_MACS_peak_25100_lociStitched	chr9	94180837	94196026	3	13756	62870.3088	3624.0954	251	1
2_MACS_peak_18156_lociStitched	chr4	40301970	40319897	2	12830	76754.4505	3963.6597	252	1
5_MACS_peak_7948_lociStitched	chr15	45001775	45029368	5	14237	53486.2712	5201.2805	253	1
4_MACS_peak_3194_lociStitched	chr10	81001091	81020601	4	14400	48109.709	3831.764	254	1
3_MACS_peak_10724_lociStitched	chr17	75078927	75093390	3	14148	53364.1311	3297.564	255	1
2_MACS_peak_14842_lociStitched	chr20	32988531	33006027	2	13714	60824.844	3054.8016	256	1
2_MACS_peak_4756_lociStitched	chr11	115090140	115102598	2	10554	98211.3972	2704.6318	257	1
2_MACS_peak_18379_lociStitched	chr4	77608412	77624763	2	14619	36693.2791	3021.6648	259	1
6_MACS_peak_13095_lociStitched	chr2	70334917	70360974	6	13468	64566.6403	4536.5237	260	1
2_MACS_peak_13743_lociStitched	chr2	158293531	158311394	2	11632	88052.0859	3570.8137	261	1
2_MACS_peak_19299_lociStitched	chr5	32530227	32544142	2	12932	71325.507	3374.3875	262	1
4_MACS_peak_12859_lociStitched	chr2	47193727	47215120	4	13879	54888.0201	3820.7898	263	1
6_MACS_peak_9048_lociStitched	chr16	29815334	29837314	6	14359	43612.716	4017.944	264	1
3_MACS_peak_5747_lociStitched	chr12	68751865	68770484	3	10880	94815.3956	3748.0047	265	1
2_MACS_peak_11997_lociStitched	chr19	35695224	35706386	2	9405	105179.526	2876.4474	266	1
4_MACS_peak_5624_lociStitched	chr12	57021834	57040972	4	14451	38578.3804	4064.9112	268	1
2_MACS_peak_5862_lociStitched	chr12	89738068	89749896	2	11283	89306.1312	3055.1724	269	1
2_MACS_peak_15949_lociStitched	chr22	38700521	38715060	2	14367	39287.2858	2903.4383	270	1
2_MACS_peak_13093_lociStitched	chr2	70309986	70323519	2	9653	102406.9176	2893.3554	271	1
4_MACS_peak_21938_lociStitched	chr6	143162794	143180079	4	13857	49357.3175	1778.6265	272	1
5_MACS_peak_23730_lociStitched	chr8	27930209	27951718	5	13854	50683.8076	4269.5365	274	1
3_MACS_peak_8155_lociStitched	chr15	65169291	65189775	3	11385	87339.6792	4127.526	275	1
3_MACS_peak_17388_lociStitched	chr3	151985287	152002058	3	14200	36342.757	3422.9611	276	1
5_MACS_peak_19860_lociStitched	chr5	109251426	109282541	5	13625	52450.5555	5270.881	277	1
4_MACS_peak_3210_lociStitched	chr10	81946426	81966401	4	14105	38262.1125	3667.41	278	1
4_MACS_peak_5137_lociStitched	chr12	11901547	11920307	4	13645	50068.564	3573.78	279	1
3_MACS_peak_25274_lociStitched	chr9	112668636	112683371	3	9878	97728.414	3095.8235	280	1
4_MACS_peak_20872_lociStitched	chr6	27094335	27116230	4	13602	51321.88	4241.0615	281	1
1_MACS_peak_17599_lociStitched	chr3	176911382	176920779	1	9398	100868.3377	2837.894	282	1
2_MACS_peak_12740_lociStitched	chr2	37598586	37606878	2	7526	111679.1436	2071.3416	283	1
5_MACS_peak_25879_lociStitched	chrX	37634673	37662297	5	13591	48087.8592	2552.4576	284	1
5_MACS_peak_12996_lociStitched	chr2	64430219	64456404	5	12541	68340.2315	4399.08	285	1
2_MACS_peak_15756_lociStitched	chr22	26974593	26992207	2	12867	62006.5642	3593.256	286	1
5_MACS_peak_20309_lociStitched	chr5	156339280	156362373	5	13557	47613.1474	3921.1914	287	1
5_MACS_peak_1793_lociStitched	chr1	174922908	174942206	5	13906	37330.0512	4508.0128	288	1
3_MACS_peak_12615_lociStitched	chr2	25623707	25645815	3	11383	81346.386	4231.4712	289	1
3_MACS_peak_21909_lociStitched	chr6	139632252	139649309	3	11551	77735.5718	3046.3802	290	1
5_MACS_peak_19715_lociStitched	chr5	87954420	87976842	5	12095	71288.5068	3930.5766	292	1
1_MACS_peak_18580_lociStitched	chr4	105407105	105417888	1	10784	84714.4829	2276.2913	293	1
2_MACS_peak_23313_lociStitched	chr7	136035133	136047346	2	10946	84325.8798	3781.1448	294	1
2_MACS_peak_14827_lociStitched	chr20	32461691	32473798	2	9125	98957.7752	2829.4059	296	1
5_MACS_peak_24539_lociStitched	chr8	145002065	145027678	5	13793	35015.5323	3257.9736	297	1
2_MACS_peak_22608_lociStitched	chr7	50343662	50357820	2	13127	51772.9744	3495.6102	298	1
1_MACS_peak_14380_lociStitched	chr2	231729239	231739755	1	10517	84795.766	1152.5536	299	1
1_MACS_peak_19155_lociStitched	chr5	1311631	1321336	1	9706	92592.4935	2152.569	300	1
2_MACS_peak_18200_lociStitched	chr4	48191282	48206654	2	12548	60625.6308	2968.3332	301	1
3_MACS_peak_12653_lociStitched	chr2	27374579	27389816	3	12149	67007.7549	3183.0093	302	1
2_MACS_peak_24483_lociStitched	chr8	137189040	137201732	2	11761	70408.87	2969.928	304	1
2_MACS_peak_20449_lociStitched	chr5	173696510	173710048	2	9648	92170.7654	2981.0676	305	1
2_MACS_peak_8974_lociStitched	chr16	23404346	23419511	2	9708	90911.142	2638.71	306	1
4_MACS_peak_7691_lociStitched	chr15	23660154	23682946	4	13141	43831.2952	3398.2872	307	1
3_MACS_peak_19702_lociStitched	chr5	86408335	86420695	3	10283	85028.148	3010.896	308	1
1_MACS_peak_14985_lociStitched	chr20	43270176	43282274	1	12099	62608.3598	2862.3868	309	1
2_MACS_peak_20976_lociStitched	chr6	31694622	31709348	2	12086	62639.9862	3475.336	311	1
4_MACS_peak_11480_lociStitched	chr19	2254580	2274271	4	12951	46655.8554	4418.6604	313	1
3_MACS_peak_14470_lociStitched	chr2	238599815	238613509	3	13227	35629.0492	1532.3586	314	1
3_MACS_peak_21197_lociStitched	chr6	45386613	45402561	3	12678	50097.4524	2800.4688	315	1
4_MACS_peak_16969_lociStitched	chr3	101487542	101513511	4	12874	47507.6886	4484.8463	316	1
3_MACS_peak_9481_lociStitched	chr16	81841386	81857723	3	12246	57065.141	1767.6634	317	1
2_MACS_peak_13745_lociStitched	chr2	158323615	158337705	2	7832	102506.159	3285.788	318	1
2_MACS_peak_15168_lociStitched	chr20	56047553	56058612	2	10606	78571.9832	2404.2266	319	1
3_MACS_peak_4549_lociStitched	chr11	82764750	82784604	3	12047	61235.6922	3893.3694	320	1
2_MACS_peak_6315_lociStitched	chr12	125396935	125412969	2	11775	63409.6598	1980.199	321	1
1_MACS_peak_2814_lociStitched	chr10	30989001	30997029	1	8029	98927.4384	1836.8064	323	1
3_MACS_peak_14966_lociStitched	chr20	42569085	42585622	3	11924	61051.2966	3175.104	324	1
3_MACS_peak_9728_lociStitched	chr17	7136566	7156779	3	12675	47646.0836	3717.1707	325	1
2_MACS_peak_1656_lociStitched	chr1	161144354	161157829	2	10690	77416.57	3996.685	326	1
1_MACS_peak_20224_lociStitched	chr5	148204554	148215943	1	11390	68134.6925	3400.7554	327	1
1_MACS_peak_6022_lociStitched	chr12	102870256	102879497	1	9242	88958.4865	2185.4965	328	1
4_MACS_peak_19241_lociStitched	chr5	15427116	15449346	4	11981	58004.739	3374.514	330	1
2_MACS_peak_22586_lociStitched	chr7	47512912	47524601	2	11259	68063.8781	3174.7324	331	1
2_MACS_peak_17760_lociStitched	chr3	186779764	186792478	2	9796	84682.8684	3951.5112	332	1
3_MACS_peak_26558_lociStitched	chrX	153232653	153252663	3	12659	41198.589	1930.965	333	1
3_MACS_peak_17577_lociStitched	chr3	175052673	175070751	3	11738	57750.171	4767.1686	336	1
2_MACS_peak_19823_lociStitched	chr5	100224196	100241805	2	11509	60205.171	3502.4301	337	1
4_MACS_peak_4383_lociStitched	chr11	67760568	67781616	4	12312	45377.3832	3845.4696	338	1
1_MACS_peak_21595_lociStitched	chr6	108986011	108997870	1	11860	52176.0423	2037.3762	340	1
4_MACS_peak_5039_lociStitched	chr12	6554836	6580997	4	11198	64866.1995	5035.9925	343	1
1_MACS_peak_343_lociStitched	chr1	27018203	27030532	1	12330	40991.4592	3072.3868	345	1
2_MACS_peak_15120_lociStitched	chr20	52345290	52358918	2	9676	79746.9676	3045.858	346	1
2_MACS_peak_15702_lociStitched	chr22	23477628	23488799	2	9964	76125.8966	2374.9546	348	1
2_MACS_peak_3520_lociStitched	chr10	112255957	112273511	2	11604	55035.3008	3540.6418	349	1
3_MACS_peak_21187_lociStitched	chr6	44213322	44233980	3	11951	48889.2228	4201.8372	350	1
2_MACS_peak_17607_lociStitched	chr3	177068584	177079984	2	8902	86347.02	3630.9	351	1
1_MACS_peak_18826_lociStitched	chr4	144272668	144282942	1	10275	71678.6158	2235.6224	352	1
4_MACS_peak_15999_lociStitched	chr22	39910581	39929460	4	12254	40489.7913	3424.6506	353	1
1_MACS_peak_5526_lociStitched	chr12	51312238	51323565	1	11328	57328.2124	2289.1867	354	1
3_MACS_peak_9182_lociStitched	chr16	50714079	50732964	3	12299	38379.9855	3042.3735	355	1
1_MACS_peak_21005_lociStitched	chr6	32934680	32943111	1	8432	88285.2165	2302.5061	356	1
1_MACS_peak_2094_lociStitched	chr1	206727877	206738182	1	10306	71963.937	3509.883	357	1
4_MACS_peak_1205_lociStitched	chr1	115236430	115260350	4	12257	37812.736	2021.24	358	1
4_MACS_peak_3103_lociStitched	chr10	74006550	74024566	4	11507	54806.4736	3450.064	359	1
1_MACS_peak_15031_lociStitched	chr20	45978156	45987322	1	9167	82019.2012	2483.986	360	1
2_MACS_peak_3002_lociStitched	chr10	63802808	63814731	2	11589	52192.9325	2807.8665	361	1
3_MACS_peak_15206_lociStitched	chr20	61273047	61291163	3	11740	48971.1712	2724.6464	362	1
3_MACS_peak_20767_lociStitched	chr6	20197417	20214421	3	12343	34429.6992	2739.3444	363	1
3_MACS_peak_20415_lociStitched	chr5	171600982	171616222	3	11645	50738.532	3168.396	364	1
2_MACS_peak_1550_lociStitched	chr1	155902773	155919670	2	12255	35515.8043	3882.9306	365	1
2_MACS_peak_10364_lociStitched	chr17	47816032	47828229	2	10771	62736.4892	2684.5597	366	1
1_MACS_peak_10273_lociStitched	chr17	43298244	43308318	1	10075	69983.0706	2619.24	368	1
2_MACS_peak_19858_lociStitched	chr5	109187747	109202267	2	10237	67795.332	2462.592	369	1
2_MACS_peak_23846_lociStitched	chr8	38811483	38824509	2	11075	56455.9866	2637.765	370	1
1_MACS_peak_1846_lociStitched	chr1	181095487	181105600	1	10114	69843.4119	3244.2504	371	1
3_MACS_peak_8556_lociStitched	chr15	93346319	93364573	3	10997	58117.0852	3418.9742	372	1
3_MACS_peak_15530_lociStitched	chr21	45194768	45210632	3	11605	47482.5384	3826.3968	373	1
2_MACS_peak_16721_lociStitched	chr3	52729947	52746035	2	10911	56119.7704	2931.2336	376	1
2_MACS_peak_15128_lociStitched	chr20	52481342	52491029	2	9189	75893.7702	2015.8647	378	1
3_MACS_peak_206_lociStitched	chr1	17221331	17241608	3	8917	82409.7834	6265.593	379	1
2_MACS_peak_3285_lociStitched	chr10	91804879	91813415	2	8498	81529.8968	1863.4088	380	1
3_MACS_peak_25083_lociStitched	chr9	93670970	93688804	3	9089	77431.6612	3195.8528	382	1
1_MACS_peak_26008_lociStitched	chrX	48767974	48779483	1	11510	42682.2774	1648.0888	383	1
5_MACS_peak_11452_lociStitched	chr19	1647638	1672791	5	11686	41580.4243	4686.0039	384	1
3_MACS_peak_15976_lociStitched	chr22	39459038	39474523	3	11594	41213.3275	2855.434	387	1
2_MACS_peak_6727_lociStitched	chr13	77898824	77914488	2	9662	71335.4224	3485.24	389	1
2_MACS_peak_15683_lociStitched	chr22	23087983	23101804	2	11509	41458.8537	2128.434	391	1
2_MACS_peak_1583_lociStitched	chr1	156708959	156723348	2	11397	45575.7186	3857.6909	392	1
1_MACS_peak_9449_lociStitched	chr16	79629249	79640763	1	11515	40214.9478	1294.1736	394	1
3_MACS_peak_20632_lociStitched	chr6	7134863	7148015	3	11673	37976.4	3090.72	395	1
1_MACS_peak_1161_lociStitched	chr1	111172761	111181675	1	8915	75470.381	1222.1094	397	1
4_MACS_peak_11490_lociStitched	chr19	2455354	2480305	4	11738	37406.5392	5426.8425	398	1
2_MACS_peak_9217_lociStitched	chr16	56943350	56952830	2	8452	80303.184	2313.12	399	1
3_MACS_peak_21687_lociStitched	chr6	117858931	117877433	3	11429	41239.1078	2952.9192	400	1
2_MACS_peak_2874_lociStitched	chr10	43890709	43906065	2	11653	35661.2388	2992.8844	401	1
3_MACS_peak_1637_lociStitched	chr1	160695289	160714944	3	10979	52433.6435	5719.605	403	1
2_MACS_peak_18127_lociStitched	chr4	38124213	38136548	2	9819	65752.951	2335.0155	404	1
1_MACS_peak_4116_lociStitched	chr11	58339970	58348471	1	8502	78374.1194	2165.2047	407	1
4_MACS_peak_20823_lociStitched	chr6	26017552	26035000	4	11524	37286.376	3165.0672	408	1
2_MACS_peak_19885_lociStitched	chr5	112256144	112267045	2	9118	72853.5632	2459.2656	409	1
3_MACS_peak_9068_lociStitched	chr16	30193734	30212221	3	10898	50950.172	4000.5868	411	1
2_MACS_peak_16302_lociStitched	chr3	14726968	14741414	2	9513	68554.9376	2578.611	412	1
2_MACS_peak_21346_lociStitched	chr6	74220422	74234489	2	11411	38824.92	2779.6392	413	1
2_MACS_peak_9690_lociStitched	chr17	4842016	4854610	2	10876	48843.3102	2278.2546	415	1
3_MACS_peak_12540_lociStitched	chr2	13681166	13701563	3	11505	36088.4121	3218.6466	416	1
3_MACS_peak_25457_lociStitched	chr9	130531875	130550232	3	11421	37317.9453	3181.2681	417	1
3_MACS_peak_20680_lociStitched	chr6	11713960	11733628	3	11112	44256.9336	3255.054	418	1
1_MACS_peak_14635_lociStitched	chr20	9489742	9499724	1	9983	60900.182	2099.2146	419	1
3_MACS_peak_8307_lociStitched	chr15	75352755	75370698	3	10243	58300.3956	3279.9804	420	1
4_MACS_peak_14060_lociStitched	chr2	197088738	197107818	4	10914	46944.432	3048.984	421	1
4_MACS_peak_23634_lociStitched	chr8	19519305	19540569	4	10562	53529.9936	3621.2592	422	1
3_MACS_peak_638_lociStitched	chr1	44289647	44305903	3	10993	45385.1264	3299.968	423	1
2_MACS_peak_5444_lociStitched	chr12	46776137	46787411	2	10811	47707.0584	2245.7808	425	1
3_MACS_peak_1163_lociStitched	chr1	111323375	111338279	3	9578	64762.3512	1687.1328	427	1
5_MACS_peak_11457_lociStitched	chr19	1847041	1865859	5	10902	46676.1672	3547.193	428	1
3_MACS_peak_5172_lociStitched	chr12	13242245	13256112	3	10854	46376.7948	2654.1438	429	1
2_MACS_peak_13730_lociStitched	chr2	153914376	153929173	2	10709	48621.4623	2882.4556	431	1
2_MACS_peak_4860_lociStitched	chr11	122928218	122941926	2	10550	51413.2248	2949.9616	432	1
1_MACS_peak_22314_lociStitched	chr7	20254638	20262469	1	7832	80826.8834	2253.7618	433	1
2_MACS_peak_6581_lociStitched	chr13	46269201	46280864	2	10297	53228.7657	1197.7901	435	1
2_MACS_peak_7124_lociStitched	chr14	50465180	50476819	2	8725	71788.1881	1250.0286	436	1
2_MACS_peak_15758_lociStitched	chr22	27004823	27015217	2	9458	64883.5056	2198.331	437	1
2_MACS_peak_14031_lociStitched	chr2	192530817	192546117	2	9718	62509.68	2959.02	438	1
2_MACS_peak_10807_lociStitched	chr17	78873538	78887136	2	8242	76700.8788	2583.62	439	1
3_MACS_peak_20889_lociStitched	chr6	27791055	27808257	3	10272	53085.372	3192.6912	440	1
1_MACS_peak_21875_lociStitched	chr6	138186830	138196065	1	9236	66217.7205	2706.7785	441	1
2_MACS_peak_8049_lociStitched	chr15	52965205	52977190	2	10772	42977.0115	2459.322	442	1
3_MACS_peak_1179_lociStitched	chr1	112134450	112148409	3	10639	44349.1389	1599.7014	443	1
1_MACS_peak_19856_lociStitched	chr5	109023851	109034318	1	10468	47343.2877	2409.5034	445	1
2_MACS_peak_1680_lociStitched	chr1	161768391	161779851	2	11046	34933.518	2732.064	447	1
3_MACS_peak_21145_lociStitched	chr6	42737932	42752476	3	10415	47777.04	2441.9376	448	1
1_MACS_peak_1636_lociStitched	chr1	160675012	160685135	1	10124	53606.3465	4018.831	451	1
1_MACS_peak_24325_lociStitched	chr8	118450132	118457770	1	7639	78038.2098	1979.7696	452	1
3_MACS_peak_17978_lociStitched	chr4	9598992	9610963	3	9440	60738.4598	2257.7306	453	1
4_MACS_peak_25364_lociStitched	chr9	123630362	123646100	4	10474	45242.0286	2733.6906	454	1
3_MACS_peak_23038_lociStitched	chr7	104576235	104586811	3	8536	70133.6864	2115.2	455	1
2_MACS_peak_26374_lociStitched	chrX	119434760	119445702	2	10436	43910.246	1596.4378	457	1
2_MACS_peak_21651_lociStitched	chr6	113946573	113957051	2	9044	64539.241	2346.0242	458	1
2_MACS_peak_17151_lociStitched	chr3	124501756	124512126	2	10300	46256.422	2053.26	462	1
2_MACS_peak_3515_lociStitched	chr10	112172819	112186198	2	10366	44416.9421	2424.2748	463	1
1_MACS_peak_979_lociStitched	chr1	87792695	87803352	1	10658	36843.3804	2102.6261	467	1
3_MACS_peak_5357_lociStitched	chr12	32608278	32622777	3	9780	53505.6597	2708.4132	468	1
3_MACS_peak_4377_lociStitched	chr11	67644780	67655769	3	8699	66620.8125	2537.3601	469	1
4_MACS_peak_10756_lociStitched	chr17	76137451	76152508	4	10623	37767.4731	2406.1086	470	1
1_MACS_peak_5941_lociStitched	chr12	94596151	94604246	1	8096	71546.848	1960.609	472	1
1_MACS_peak_5016_lociStitched	chr12	4377570	4388147	1	10578	37736.6206	2140.7848	473	1
1_MACS_peak_20108_lociStitched	chr5	138719879	138730339	1	10461	40859.898	2745.75	474	1
2_MACS_peak_22622_lociStitched	chr7	52774324	52788702	2	9335	58384.7446	2221.401	475	1
3_MACS_peak_7790_lociStitched	chr15	34619236	34635719	3	9824	52157.1569	2924.0842	476	1
1_MACS_peak_25328_lociStitched	chr9	117127065	117137426	1	10362	41113.4841	2062.8751	477	1
2_MACS_peak_20019_lociStitched	chr5	131435099	131443950	2	7508	75644.1864	2061.3979	478	1
3_MACS_peak_20833_lociStitched	chr6	26155204	26173998	3	10552	37629.3468	3664.83	481	1
1_MACS_peak_13891_lociStitched	chr2	175457090	175464597	1	7508	74750.9525	1809.187	482	1
4_MACS_peak_13311_lociStitched	chr2	96889897	96912659	4	10490	37768.9866	4033.4264	483	1
2_MACS_peak_24468_lociStitched	chr8	134576769	134585942	2	9117	58246.7154	2137.309	485	1
1_MACS_peak_254_lociStitched	chr1	23849119	23858680	1	9562	52541.5194	2455.2648	486	1
1_MACS_peak_1961_lociStitched	chr1	197740011	197748849	1	8839	62238.0798	2883.8394	488	1
4_MACS_peak_11438_lociStitched	chr19	1258443	1277313	4	10163	43823.688	3924.96	489	1
1_MACS_peak_17381_lociStitched	chr3	150315177	150324549	1	9373	54188.904	1971.8688	491	1
2_MACS_peak_14349_lociStitched	chr2	227769069	227782881	2	9380	54379.2252	2567.6508	493	1
5_MACS_peak_13068_lociStitched	chr2	68937490	68963506	5	10414	37236.7008	3962.2368	494	1
2_MACS_peak_4006_lociStitched	chr11	35183548	35197012	2	10142	41762.6352	2707.6104	495	1
3_MACS_peak_11651_lociStitched	chr19	10329567	10348057	3	9957	45380.007	3143.3	497	1
2_MACS_peak_11810_lociStitched	chr19	16221465	16232004	2	9689	48934.6848	2261.6694	498	1
2_MACS_peak_1814_lociStitched	chr1	178544226	178552358	2	7922	70089.708	2827.4964	500	1
3_MACS_peak_25368_lociStitched	chr9	123653148	123667713	3	9407	52972.905	2614.4175	501	1
1_MACS_peak_5775_lociStitched	chr12	72078902	72089191	1	10290	36727.6144	2206.9905	502	1
2_MACS_peak_9554_lociStitched	chr16	89033283	89046135	2	9437	49996.8504	1334.0376	504	1
2_MACS_peak_3946_lociStitched	chr11	26126338	26135984	2	8400	63491.9012	2083.536	505	1
2_MACS_peak_20010_lociStitched	chr5	130708637	130719115	2	9944	41862.7534	2303.0644	508	1
2_MACS_peak_17827_lociStitched	chr3	195621160	195637487	2	10214	37085.1478	4245.02	512	1
1_MACS_peak_10734_lociStitched	chr17	75203319	75210948	1	7630	69379.6518	1836.3003	515	1
2_MACS_peak_5535_lociStitched	chr12	51712046	51722139	2	10005	38613.7994	2337.5388	517	1
3_MACS_peak_21014_lociStitched	chr6	33279479	33292759	3	9501	47705.744	2448.832	519	1
2_MACS_peak_19047_lociStitched	chr4	185263728	185277289	2	8454	62006.3164	2957.6541	520	1
2_MACS_peak_12742_lociStitched	chr2	37615039	37625007	2	9496	47395.8464	2484.0256	522	1
3_MACS_peak_7973_lociStitched	chr15	46994587	47008829	3	9934	38262.5572	2584.923	526	1
1_MACS_peak_20851_lociStitched	chr6	26358016	26367546	1	9531	45204.602	2126.143	527	1
2_MACS_peak_15476_lociStitched	chr21	41295811	41309211	2	8415	62001.8	3903.42	528	1
2_MACS_peak_15381_lociStitched	chr21	34600848	34613171	2	9960	36742.2568	3178.1017	532	1
2_MACS_peak_25371_lociStitched	chr9	123688904	123699444	2	9692	40911.01	2099.568	535	1
2_MACS_peak_18163_lociStitched	chr4	40622274	40634264	2	9786	39148.549	2203.762	536	1
2_MACS_peak_10754_lociStitched	chr17	76116451	76129404	2	9185	49335.3864	2350.9695	537	1
2_MACS_peak_21912_lociStitched	chr6	139683841	139698081	2	9910	36697.904	2879.328	538	1
1_MACS_peak_12379_lociStitched	chr19	55762473	55772308	1	9836	37546.096	2115.5085	539	1
1_MACS_peak_15705_lociStitched	chr22	23517087	23526752	1	9666	39779.207	1989.057	543	1
3_MACS_peak_694_lociStitched	chr1	46789957	46807243	3	9035	50428.4478	2890.2192	546	1
3_MACS_peak_25852_lociStitched	chrX	30578897	30597310	3	9777	35787.5068	1867.0782	548	1
2_MACS_peak_2296_lociStitched	chr1	226062619	226071704	2	8752	53515.1925	2596.493	549	1
2_MACS_peak_5434_lociStitched	chr12	46119395	46132114	2	9741	36144.8542	2595.9479	550	1
3_MACS_peak_11766_lociStitched	chr19	13944032	13959226	3	8973	49884.9408	2722.7648	552	1
1_MACS_peak_8514_lociStitched	chr15	90637460	90646586	1	9127	45329.7546	1899.1206	560	1
3_MACS_peak_4519_lociStitched	chr11	78163340	78178608	3	7982	60424.6368	2395.5492	561	1
2_MACS_peak_15265_lociStitched	chr21	16047018	16061066	2	8709	51734.5696	2832.0768	562	1
2_MACS_peak_23802_lociStitched	chr8	33410059	33425564	2	9443	39612.174	2696.3195	563	1
2_MACS_peak_24685_lociStitched	chr9	9605147	9615452	2	8911	47046.447	2111.4945	571	1
2_MACS_peak_517_lociStitched	chr1	37933629	37946492	2	9533	35795.1564	2375.7961	573	1
2_MACS_peak_15996_lociStitched	chr22	39860466	39870570	2	9518	35850.0024	2141.0376	574	1
2_MACS_peak_4895_lociStitched	chr11	126056763	126069113	2	7905	59200.96	2250.17	578	1
4_MACS_peak_12371_lociStitched	chr19	55462081	55486204	4	9509	35571.7758	3025.0242	581	1
3_MACS_peak_19486_lociStitched	chr5	58852777	58866250	3	8278	54685.5597	2439.9603	584	1
2_MACS_peak_15889_lociStitched	chr22	36772541	36785263	2	9406	36884.8946	2326.8538	585	1
1_MACS_peak_12094_lociStitched	chr19	40645240	40654538	1	9299	38330.0752	1945.1416	587	1
2_MACS_peak_2903_lociStitched	chr10	45949786	45961207	2	8612	49538.5875	2394.9837	589	1
2_MACS_peak_2309_lociStitched	chr1	226308628	226317147	2	8253	54298.4022	2497.7708	590	1
2_MACS_peak_1862_lociStitched	chr1	183438747	183451406	2	9174	41934.2034	3902.7697	591	1
3_MACS_peak_21781_lociStitched	chr6	130833429	130847788	3	9261	38935.8644	2850.2615	594	1
2_MACS_peak_23735_lociStitched	chr8	28195026	28207587	2	8841	45969.4917	2690.5662	595	1
2_MACS_peak_21243_lociStitched	chr6	52527651	52536726	2	8907	44529.21	2507.4225	598	1
2_MACS_peak_287_lociStitched	chr1	24710077	24720767	2	9183	39755.041	2578.428	599	1
2_MACS_peak_3440_lociStitched	chr10	104401004	104412977	2	9147	39955.0983	2284.4484	602	1
1_MACS_peak_10134_lociStitched	chr17	38016356	38025002	1	8647	47799.411	1957.4544	603	1
2_MACS_peak_6260_lociStitched	chr12	122232194	122244370	2	8638	46781.4096	1078.7936	605	1
2_MACS_peak_8614_lociStitched	chr15	101737750	101751613	2	8126	54681.2172	2384.436	606	1
2_MACS_peak_23245_lociStitched	chr7	128572630	128582691	2	7531	62085.4249	3417.7217	607	1
2_MACS_peak_24426_lociStitched	chr8	129665147	129673602	2	7805	57007.8375	1888.847	613	1
1_MACS_peak_4005_lociStitched	chr11	35159813	35168746	1	8934	41726.9363	2128.7339	615	1
2_MACS_peak_18567_lociStitched	chr4	103532436	103543019	2	9304	34424.3824	2165.2818	616	1
2_MACS_peak_17386_lociStitched	chr3	151910914	151920132	2	8753	44038.995	1963.434	618	1
2_MACS_peak_17842_lociStitched	chr3	196357755	196371146	2	8851	43171.2449	3669.134	622	1
2_MACS_peak_1508_lociStitched	chr1	154755528	154765869	2	7959	55267.4745	3236.733	623	1
2_MACS_peak_7774_lociStitched	chr15	33296363	33309939	2	8176	51757.1424	2511.56	625	1
3_MACS_peak_11807_lociStitched	chr19	16180350	16197976	3	9078	37869.461	2897.7144	627	1
2_MACS_peak_20947_lociStitched	chr6	30649082	30659476	2	9033	36460.0732	2249.2616	634	1
4_MACS_peak_8091_lociStitched	chr15	59266791	59281204	4	8953	38685.9333	2904.2195	635	1
1_MACS_peak_13048_lociStitched	chr2	66659605	66668124	1	8520	44331.1722	1346.8539	637	1
2_MACS_peak_23302_lociStitched	chr7	134843434	134857606	2	8014	53221.5288	3401.28	638	1
3_MACS_peak_15023_lociStitched	chr20	45172829	45191663	3	8995	36050.1594	3030.3906	644	1
2_MACS_peak_19373_lociStitched	chr5	43007058	43021305	2	8595	43196.904	2942.0055	645	1
3_MACS_peak_15970_lociStitched	chr22	39408961	39422005	3	8702	40583.7972	2270.9604	647	1
3_MACS_peak_16476_lociStitched	chr3	39248011	39263919	3	8582	42841.8348	3113.1956	650	1
1_MACS_peak_24745_lociStitched	chr9	22237029	22245627	1	8599	39666.0132	1086.7872	656	1
2_MACS_peak_7338_lociStitched	chr14	72980329	72990025	2	8838	35373.9168	1378.7712	660	1
3_MACS_peak_15389_lociStitched	chr21	34695964	34712433	3	8817	38357.9479	4244.0613	661	1
1_MACS_peak_13659_lociStitched	chr2	135162619	135170860	1	8242	44314.3293	1826.2056	666	1
1_MACS_peak_10105_lociStitched	chr17	36856214	36863768	1	7555	52647.603	1889.2554	667	1
2_MACS_peak_381_lociStitched	chr1	28352199	28364272	2	8652	37105.1582	2339.7474	669	1
2_MACS_peak_12167_lociStitched	chr19	44256982	44271668	2	8597	38353.9576	2634.6684	670	1
2_MACS_peak_8756_lociStitched	chr16	4554204	4568807	2	8734	34920.1539	2355.4639	675	1
2_MACS_peak_25526_lociStitched	chr9	132646072	132657615	2	7841	48915.7711	2526.7627	676	1
3_MACS_peak_17166_lociStitched	chr3	125548772	125560388	3	8461	39170.3136	2390.5728	679	1
3_MACS_peak_12317_lociStitched	chr19	50369559	50381988	3	8220	42384.1329	2675.9637	687	1
2_MACS_peak_16986_lociStitched	chr3	104237548	104247017	2	8176	42095.3864	1853.0833	689	1
2_MACS_peak_1821_lociStitched	chr1	179048370	179059034	2	8264	40943.3616	2872.8816	693	1
2_MACS_peak_10743_lociStitched	chr17	75434489	75443089	2	7615	47629.38	1629.7	712	1
1_MACS_peak_21557_lociStitched	chr6	106439300	106447044	1	7745	45563.3728	1456.6464	713	1
2_MACS_peak_1607_lociStitched	chr1	159035898	159048423	2	7443	51615.525	3713.6625	714	1
1_MACS_peak_5629_lociStitched	chr12	57076323	57083886	1	7564	47804.2104	1858.2291	718	1
1_MACS_peak_11239_lociStitched	chr18	52930399	52938305	1	7907	42172.9758	1677.6532	723	1
1_MACS_peak_5762_lociStitched	chr12	69200023	69207905	1	7883	41835.2914	1586.6466	732	1
3_MACS_peak_1653_lociStitched	chr1	161122613	161137594	3	8002	41512.351	4037.3795	736	1
2_MACS_peak_5616_lociStitched	chr12	56726468	56734724	2	8143	36533.6256	1907.9616	738	1
2_MACS_peak_23079_lociStitched	chr7	106504236	106513522	2	7886	41481.4906	2994.735	741	1
1_MACS_peak_5808_lociStitched	chr12	77452942	77460781	1	7840	41028.5421	1900.1736	742	1
2_MACS_peak_11303_lociStitched	chr18	60798273	60811612	2	8115	36982.3775	2626.4491	744	1
2_MACS_peak_6031_lociStitched	chr12	104318467	104327254	2	7663	43371.7533	2164.2381	750	1
2_MACS_peak_15736_lociStitched	chr22	24822630	24831817	2	7730	40879.3939	1483.7005	756	1
3_MACS_peak_5560_lociStitched	chr12	53763692	53776425	3	8046	35856.128	2629.3645	762	1
3_MACS_peak_8559_lociStitched	chr15	93373377	93389488	3	7638	41990.0993	2415.0389	766	1
2_MACS_peak_24249_lociStitched	chr8	103541763	103549812	2	7991	34778.1192	989.2221	768	1
1_MACS_peak_14690_lociStitched	chr20	17944968	17952772	1	7805	37957.8756	2004.0672	777	1
1_MACS_peak_17268_lociStitched	chr3	133290363	133298306	1	7944	35331.2583	2042.1453	781	1
1_MACS_peak_3883_lociStitched	chr11	16979389	16987058	1	7670	39242.273	1749.2989	785	1
1_MACS_peak_14078_lociStitched	chr2	198168633	198176509	1	7877	35117.5088	1522.4308	789	1
2_MACS_peak_9096_lociStitched	chr16	30661207	30673119	2	7702	38610.3656	2384.7824	793	1
2_MACS_peak_6011_lociStitched	chr12	102129307	102140390	2	7701	38375.9958	2223.2498	794	1
2_MACS_peak_1798_lociStitched	chr1	174957502	174971021	2	7590	40838.1952	3524.4033	798	1
2_MACS_peak_12058_lociStitched	chr19	39339064	39349136	2	7878	33612.2784	1760.5856	801	1
2_MACS_peak_10856_lociStitched	chr17	80405813	80418106	2	7375	41555.2572	2406.9694	809	1
2_MACS_peak_15513_lociStitched	chr21	44725763	44734679	2	7635	35645.2764	2276.2548	823	1
2_MACS_peak_15878_lociStitched	chr22	36552351	36560317	2	7428	38141.208	1926.9754	829	1
2_MACS_peak_4203_lociStitched	chr11	62597911	62610652	2	7409	37969.4541	2536.7331	844	1
1_MACS_peak_7907_lociStitched	chr15	42894610	42902034	1	7425	36167.5008	1624.3712	858	1
1_MACS_peak_1925_lociStitched	chr1	192543641	192551197	1	7557	34960.8564	2752.6508	859	1
3_MACS_peak_20423_lociStitched	chr5	172191290	172205529	3	7541	34802.9638	2886.2453	865	1
2_MACS_peak_23509_lociStitched	chr8	1990982	2000628	2	7482	33971.2828	1750.749	871	1
3_MACS_peak_6823_lociStitched	chr13	103236809	103251285	3	7482	33879.6304	2408.8064	883	1
2_MACS_peak_13399_lociStitched	chr2	106406068	106416471	2	7400	33113.7893	1889.1848	896	1
