#MM5_jia_peaks Enhancers
#Created from /data/projects/IRF4_mm_trn_data/myeloma_public_data/rose/MM5_jia_ROSE/MM5_jia_peaks_0KB_STITCHED_ENHANCER_REGION_MAP.txt
#Ranked by MM5_jia.bam
#Using cutoff of 3488.7154 for Super-Enhancers
#Created on Jul 16 2024 
REGION_ID	CHROM	START	STOP	NUM_LOCI	CONSTITUENT_SIZE	MM5_jia.bam	enhancerRank	isSuper
4_MACS_peak_914_lociStitched	chr1	118147638	118177052	4	29115	30393.4862	1	1
7_MACS_peak_14251_lociStitched	chr6	7887536	7914378	7	25484	30114.0398	2	1
3_MACS_peak_2878_lociStitched	chr11	65184022	65199000	3	14938	24333.2588	3	1
1_MACS_peak_2885_lociStitched	chr11	65263664	65275373	1	11710	18788.2614	4	1
5_MACS_peak_13532_lociStitched	chr5	88167972	88186923	5	17654	17935.2264	5	1
5_MACS_peak_10991_lociStitched	chr22	23222842	23239085	5	15659	17704.87	6	1
1_MACS_peak_15952_lociStitched	chr7	130788667	130797060	1	8394	17057.0939	7	1
3_MACS_peak_9488_lociStitched	chr2	89154505	89167733	3	12910	15933.126	8	1
4_MACS_peak_11001_lociStitched	chr22	23270093	23281814	4	11414	15859.6851	9	1
1_MACS_peak_5993_lociStitched	chr15	93443158	93452098	1	8941	14900.298	10	1
3_MACS_peak_15816_lociStitched	chr7	104650757	104659004	3	8009	14739.0384	11	1
3_MACS_peak_5782_lociStitched	chr15	75742245	75748896	3	6591	14163.3045	12	1
1_MACS_peak_16951_lociStitched	chr9	66454627	66460801	1	6175	13932.8658	13	1
2_MACS_peak_1871_lociStitched	chr10	22601782	22615475	2	13688	13818.9756	14	1
5_MACS_peak_5149_lociStitched	chr14	91829901	91843518	5	13136	13306.5324	15	1
4_MACS_peak_4335_lociStitched	chr12	125395651	125406439	4	10615	13077.2136	16	1
1_MACS_peak_15814_lociStitched	chr7	104581275	104587186	1	5912	12842.2386	17	1
2_MACS_peak_5925_lociStitched	chr15	89177497	89185772	2	8254	12320.6475	18	1
6_MACS_peak_15251_lociStitched	chr7	8004623	8017761	6	12075	12089.5876	19	1
1_MACS_peak_13559_lociStitched	chr5	90674182	90680862	1	6681	11569.76	20	1
1_MACS_peak_5501_lociStitched	chr15	45001924	45007781	1	5858	11392.4507	21	1
1_MACS_peak_5562_lociStitched	chr15	52968642	52973492	1	4851	11274.795	22	1
3_MACS_peak_8495_lociStitched	chr19	39892759	39902518	3	9288	11273.5968	23	1
1_MACS_peak_14878_lociStitched	chr6	106531929	106542798	1	10870	11198.3307	24	1
2_MACS_peak_5991_lociStitched	chr15	93424574	93429742	2	5117	10995.4368	25	1
3_MACS_peak_4299_lociStitched	chr12	123371421	123381439	3	9626	10853.5012	26	1
2_MACS_peak_5358_lociStitched	chr15	31616408	31622191	2	5737	10743.6574	27	1
4_MACS_peak_5850_lociStitched	chr15	81584233	81596561	4	11772	10724.1272	28	1
3_MACS_peak_2758_lociStitched	chr11	58340282	58347880	3	7412	10646.3176	29	1
1_MACS_peak_5720_lociStitched	chr15	72765212	72768332	1	3121	10626.72	30	1
6_MACS_peak_5749_lociStitched	chr15	75073636	75086411	6	12322	10566.2025	31	1
4_MACS_peak_7491_lociStitched	chr17	74258539	74269400	4	9995	10551.4615	32	1
5_MACS_peak_9478_lociStitched	chr2	89130631	89140915	5	9917	10326.1644	33	1
3_MACS_peak_16594_lociStitched	chr8	126441283	126449912	3	8029	10304.7518	34	1
2_MACS_peak_7186_lociStitched	chr17	43298275	43307738	2	9420	10271.1402	35	1
6_MACS_peak_1689_lociStitched	chr1	234738307	234748948	6	9962	10161.0909	36	1
1_MACS_peak_12169_lociStitched	chr3	141101463	141111821	1	10359	10102.1574	37	1
4_MACS_peak_5954_lociStitched	chr15	90637369	90646493	4	9024	10034.5752	38	1
2_MACS_peak_8282_lociStitched	chr19	16434794	16439814	2	4901	9779.462	39	1
3_MACS_peak_4528_lociStitched	chr13	46268371	46277206	3	8714	9676.9755	40	1
1_MACS_peak_954_lociStitched	chr1	143461312	143468493	1	7182	9607.4599	41	1
3_MACS_peak_2892_lociStitched	chr11	65336113	65345413	3	9195	9535.29	42	1
5_MACS_peak_11983_lociStitched	chr3	114164983	114176203	5	10878	9412.458	43	1
2_MACS_peak_5578_lociStitched	chr15	56656791	56666617	2	9704	9380.8822	44	1
1_MACS_peak_11438_lociStitched	chr3	13050480	13059307	1	8828	9356.62	45	1
1_MACS_peak_13933_lociStitched	chr5	142779465	142785642	1	6178	9330.3585	46	1
2_MACS_peak_8196_lociStitched	chr19	12898969	12905258	2	6200	9164.3308	47	1
1_MACS_peak_5697_lociStitched	chr15	69109264	69114352	1	5089	9121.7664	48	1
4_MACS_peak_2352_lociStitched	chr10	112256572	112265784	4	8654	9114.3528	49	1
5_MACS_peak_3603_lociStitched	chr12	26269394	26280389	5	9835	9032.3925	50	1
2_MACS_peak_7820_lociStitched	chr18	60822271	60830437	2	8120	8980.1502	51	1
2_MACS_peak_14546_lociStitched	chr6	32935544	32941777	2	5986	8979.2598	52	1
2_MACS_peak_12493_lociStitched	chr3	195630822	195637158	2	5892	8841.888	53	1
3_MACS_peak_12313_lociStitched	chr3	171811922	171821139	3	8960	8802.235	54	1
3_MACS_peak_12170_lociStitched	chr3	141118013	141126734	3	8467	8727.9768	55	1
1_MACS_peak_13640_lociStitched	chr5	107715506	107719363	1	3858	8675.9358	56	1
6_MACS_peak_4640_lociStitched	chr13	78484484	78496849	6	11482	8644.3715	57	1
1_MACS_peak_13358_lociStitched	chr5	56468129	56473220	1	5092	8429.1687	58	1
2_MACS_peak_5504_lociStitched	chr15	45018114	45023258	2	5119	8363.1152	59	1
1_MACS_peak_5619_lociStitched	chr15	63795051	63798861	1	3811	8326.374	60	1
2_MACS_peak_9330_lociStitched	chr2	70311836	70316759	2	4918	8237.6559	61	1
2_MACS_peak_1461_lociStitched	chr1	203255153	203260946	2	5763	8205.7845	62	1
1_MACS_peak_14063_lociStitched	chr5	172196502	172200273	1	3772	8096.7141	63	1
1_MACS_peak_9779_lociStitched	chr2	158295373	158301442	1	6070	8059.632	64	1
2_MACS_peak_3555_lociStitched	chr12	12866815	12873857	2	6912	8024.359	65	1
1_MACS_peak_14285_lociStitched	chr6	12008176	12013880	1	5705	7853.2672	66	1
4_MACS_peak_9466_lociStitched	chr2	88920093	88928395	4	7824	7846.2202	67	1
2_MACS_peak_14044_lociStitched	chr5	162929780	162937019	2	7234	7824.6351	68	1
3_MACS_peak_13584_lociStitched	chr5	95293678	95298756	3	5045	7794.2222	69	1
1_MACS_peak_3002_lociStitched	chr11	69061186	69066675	1	5490	7752.6636	70	1
1_MACS_peak_669_lociStitched	chr1	66797296	66803761	1	6466	7598.3145	71	1
1_MACS_peak_15942_lociStitched	chr7	129588448	129592992	1	4545	7535.3152	72	1
2_MACS_peak_13350_lociStitched	chr5	56109776	56114994	2	5108	7499.8314	73	1
1_MACS_peak_16115_lociStitched	chr7	158619894	158623287	1	3394	7470.7074	74	1
1_MACS_peak_8224_lociStitched	chr19	13949423	13954446	1	5024	7387.8284	75	1
1_MACS_peak_13845_lociStitched	chr5	137877612	137880860	1	3249	7353.1472	76	1
1_MACS_peak_15745_lociStitched	chr7	100025639	100028737	1	3099	7331.1072	77	1
1_MACS_peak_3164_lociStitched	chr11	95521938	95524594	1	2657	7307.4528	78	1
1_MACS_peak_3323_lociStitched	chr11	118659806	118663591	1	3786	7305.05	79	1
1_MACS_peak_10814_lociStitched	chr21	38737742	38741110	1	3369	7289.0256	80	1
1_MACS_peak_4280_lociStitched	chr12	122237558	122243353	1	5796	7254.181	81	1
2_MACS_peak_10694_lociStitched	chr21	9963775	9969046	2	4923	7229.7036	82	1
1_MACS_peak_15385_lociStitched	chr7	32929128	32932655	1	3528	7208.8353	83	1
2_MACS_peak_10153_lociStitched	chr2	232570508	232575907	2	5111	7182.2897	84	1
2_MACS_peak_14876_lociStitched	chr6	106439335	106446267	2	6855	7173.9268	85	1
2_MACS_peak_14899_lociStitched	chr6	108878405	108884105	2	5643	7168.32	86	1
3_MACS_peak_921_lociStitched	chr1	118195668	118202868	3	6799	7137.36	87	1
2_MACS_peak_8336_lociStitched	chr19	18389808	18393807	2	3814	7129.8171	88	1
2_MACS_peak_15844_lociStitched	chr7	106807692	106811165	2	3332	7060.609	89	1
1_MACS_peak_15871_lociStitched	chr7	113723969	113728151	1	4183	7045.8336	90	1
3_MACS_peak_14088_lociStitched	chr5	173313861	173321473	3	7441	7041.1	91	1
1_MACS_peak_5660_lociStitched	chr15	66082734	66085822	1	3089	7026.1264	92	1
1_MACS_peak_9774_lociStitched	chr2	157188113	157192246	1	4134	6999.6488	93	1
1_MACS_peak_9995_lociStitched	chr2	201986986	201993858	1	6873	6948.9664	94	1
2_MACS_peak_12696_lociStitched	chr4	40197494	40204428	2	6448	6927.7594	95	1
1_MACS_peak_13311_lociStitched	chr5	49961133	49965211	1	4079	6894.6746	96	1
1_MACS_peak_5984_lociStitched	chr15	93351222	93355443	1	4222	6873.8985	97	1
1_MACS_peak_5847_lociStitched	chr15	81291683	81294900	1	3218	6868.6167	98	1
1_MACS_peak_15421_lociStitched	chr7	39988024	39991846	1	3823	6867.3696	99	1
1_MACS_peak_12613_lociStitched	chr4	15002848	15007707	1	4860	6865.767	100	1
2_MACS_peak_8295_lociStitched	chr19	16694004	16700357	2	6245	6847.2634	101	1
2_MACS_peak_13173_lociStitched	chr5	6480325	6488413	2	7817	6801.1992	102	1
1_MACS_peak_3295_lociStitched	chr11	115091400	115095329	1	3930	6800.7061	103	1
1_MACS_peak_5361_lociStitched	chr15	31636633	31642151	1	5519	6773.345	104	1
1_MACS_peak_16021_lociStitched	chr7	140623207	140625500	1	2294	6759.0761	105	1
3_MACS_peak_11930_lociStitched	chr3	107937697	107943740	3	5821	6742.7794	106	1
1_MACS_peak_17131_lociStitched	chr9	102581014	102585117	1	4104	6726.0479	107	1
1_MACS_peak_13275_lociStitched	chr5	39072137	39077850	1	5714	6725.9149	108	1
1_MACS_peak_16465_lociStitched	chr8	101962088	101966076	1	3989	6704.6256	109	1
1_MACS_peak_5389_lociStitched	chr15	34625104	34630662	1	5559	6681.8276	110	1
2_MACS_peak_16746_lociStitched	chr9	3524764	3529122	2	4233	6678.1992	111	1
1_MACS_peak_17127_lociStitched	chr9	101983194	101985863	1	2670	6621.2552	112	1
3_MACS_peak_5922_lociStitched	chr15	89164481	89171966	3	6911	6539.6445	113	1
2_MACS_peak_9608_lociStitched	chr2	111874759	111881199	2	6327	6527.584	114	1
1_MACS_peak_14066_lociStitched	chr5	172260525	172265709	1	5185	6527.1744	115	1
1_MACS_peak_17097_lociStitched	chr9	98267792	98273917	1	6126	6491.8875	116	1
3_MACS_peak_13248_lociStitched	chr5	32582358	32587717	3	5285	6459.2027	117	1
3_MACS_peak_7913_lociStitched	chr19	1648178	1653625	3	5417	6457.9632	118	1
1_MACS_peak_5550_lociStitched	chr15	52470456	52473251	1	2796	6455.332	119	1
2_MACS_peak_8269_lociStitched	chr19	16186169	16190868	2	4691	6411.7855	120	1
3_MACS_peak_15346_lociStitched	chr7	26237329	26242468	3	5094	6400.1106	121	1
1_MACS_peak_12259_lociStitched	chr3	156876122	156879315	1	3194	6396.2176	122	1
1_MACS_peak_17012_lociStitched	chr9	86321137	86324118	1	2982	6394.245	123	1
1_MACS_peak_12208_lociStitched	chr3	150124992	150128543	1	3552	6382.9225	124	1
1_MACS_peak_5996_lociStitched	chr15	94772287	94776388	1	4102	6377.4651	125	1
4_MACS_peak_14127_lociStitched	chr5	176852585	176859922	4	7067	6372.1845	126	1
1_MACS_peak_9994_lociStitched	chr2	201980340	201986396	1	6057	6361.828	127	1
1_MACS_peak_11064_lociStitched	chr22	29194363	29198665	1	4303	6348.4614	128	1
1_MACS_peak_13869_lociStitched	chr5	139015001	139019132	1	4132	6341.085	129	1
3_MACS_peak_5338_lociStitched	chr15	27865659	27870821	3	4831	6289.3808	130	1
3_MACS_peak_12811_lociStitched	chr4	78737230	78743452	3	6075	6283.5978	131	1
3_MACS_peak_13649_lociStitched	chr5	108743032	108747658	3	4327	6254.8146	132	1
2_MACS_peak_14179_lociStitched	chr6	290185	295020	2	4835	6252.622	133	1
2_MACS_peak_12219_lociStitched	chr3	150477769	150482142	2	3989	6245.9559	134	1
1_MACS_peak_13837_lociStitched	chr5	137088625	137091262	1	2638	6221.2104	135	1
1_MACS_peak_17116_lociStitched	chr9	100394157	100396870	1	2714	6219.0099	136	1
1_MACS_peak_11366_lociStitched	chr22	50968111	50971384	1	3274	6216.7362	137	1
2_MACS_peak_950_lociStitched	chr1	142886402	142891333	2	4562	6212.0738	138	1
2_MACS_peak_1465_lociStitched	chr1	203273085	203278349	2	5188	6209.4144	139	1
1_MACS_peak_8663_lociStitched	chr19	47613841	47617750	1	3910	6208.6647	140	1
2_MACS_peak_5005_lociStitched	chr14	69258895	69263341	2	4156	6193.7226	141	1
3_MACS_peak_12272_lociStitched	chr3	160116275	160123382	3	6401	6174.5616	142	1
2_MACS_peak_4981_lociStitched	chr14	64968355	64972602	2	3790	6169.6169	143	1
3_MACS_peak_12173_lociStitched	chr3	141128053	141135038	3	6661	6162.167	144	1
2_MACS_peak_12916_lociStitched	chr4	103746158	103750264	2	4046	6137.2382	145	1
4_MACS_peak_9050_lociStitched	chr2	30368446	30373839	4	4596	6134.5375	146	1
2_MACS_peak_15851_lociStitched	chr7	108209064	108212604	2	3506	6095.172	147	1
2_MACS_peak_12521_lociStitched	chr3	197460198	197464592	2	4391	6088.7658	148	1
4_MACS_peak_1055_lociStitched	chr1	150545951	150552851	4	6764	6078.9	149	1
1_MACS_peak_12307_lociStitched	chr3	170072578	170076804	1	4227	6067.6908	150	1
1_MACS_peak_17213_lociStitched	chr9	117263187	117268536	1	5350	6065.2311	151	1
1_MACS_peak_5583_lociStitched	chr15	57209290	57212374	1	3085	6051.4248	152	1
3_MACS_peak_11976_lociStitched	chr3	113463787	113468476	3	4470	6045.5277	153	1
3_MACS_peak_13458_lociStitched	chr5	75697129	75701749	3	4395	6032.334	154	1
5_MACS_peak_10855_lociStitched	chr21	44580798	44588150	5	6885	6018.3472	155	1
2_MACS_peak_16763_lociStitched	chr9	5626466	5631577	2	4677	5974.759	156	1
3_MACS_peak_1533_lociStitched	chr1	207994217	208000137	3	5431	5920	157	1
1_MACS_peak_2870_lociStitched	chr11	64899499	64903374	1	3876	5908.9875	158	1
1_MACS_peak_12309_lociStitched	chr3	171757013	171760247	1	3235	5857.7442	159	1
1_MACS_peak_12385_lociStitched	chr3	182510324	182513905	1	3582	5855.2931	160	1
1_MACS_peak_6877_lociStitched	chr17	18085586	18088735	1	3150	5847.693	161	1
1_MACS_peak_3305_lociStitched	chr11	116967126	116970138	1	3013	5844.4848	162	1
2_MACS_peak_14077_lociStitched	chr5	173168861	173174111	2	5205	5842.2	163	1
2_MACS_peak_5896_lociStitched	chr15	85290331	85294639	2	4277	5838.2016	164	1
2_MACS_peak_15334_lociStitched	chr7	25986655	25991901	2	5177	5828.8306	165	1
2_MACS_peak_2824_lociStitched	chr11	62606334	62610315	2	3686	5821.4163	166	1
3_MACS_peak_13654_lociStitched	chr5	109024293	109029644	3	5169	5819.7476	167	1
3_MACS_peak_2341_lociStitched	chr10	112112999	112118482	3	5228	5808.1419	168	1
4_MACS_peak_857_lociStitched	chr1	111211323	111218194	4	6567	5797.7498	169	1
1_MACS_peak_7925_lociStitched	chr19	1939921	1943643	1	3723	5797.015	170	1
3_MACS_peak_12138_lociStitched	chr3	135913250	135917368	3	4033	5763.9646	171	1
1_MACS_peak_1118_lociStitched	chr1	154297252	154301854	1	4603	5763.5448	172	1
1_MACS_peak_13237_lociStitched	chr5	32172293	32175426	1	3134	5749.6816	173	1
2_MACS_peak_4547_lociStitched	chr13	49549163	49554384	2	5086	5740.4895	174	1
1_MACS_peak_5537_lociStitched	chr15	50644454	50648647	1	4194	5739.7977	175	1
1_MACS_peak_1851_lociStitched	chr10	17268909	17273621	1	4713	5721.7816	176	1
3_MACS_peak_7302_lociStitched	chr17	55332927	55338464	3	5457	5718.6136	177	1
1_MACS_peak_3418_lociStitched	chr11	129871301	129874089	1	2789	5716.794	178	1
1_MACS_peak_14321_lociStitched	chr6	16759418	16764255	1	4838	5712.0133	179	1
1_MACS_peak_6320_lociStitched	chr16	28833529	28836636	1	3108	5710.3553	180	1
1_MACS_peak_14157_lociStitched	chr5	179245415	179249299	1	3885	5689.6716	181	1
2_MACS_peak_10866_lociStitched	chr21	44843953	44848064	2	3984	5685.9241	182	1
2_MACS_peak_13857_lociStitched	chr5	138723220	138729220	2	5773	5685.6	183	1
2_MACS_peak_12130_lociStitched	chr3	133290868	133294676	2	3750	5675.4432	184	1
1_MACS_peak_10744_lociStitched	chr21	30670452	30674338	1	3887	5671.617	185	1
2_MACS_peak_2293_lociStitched	chr10	104401349	104406712	2	5318	5666.0095	186	1
1_MACS_peak_12691_lociStitched	chr4	40056407	40060381	1	3975	5662.95	187	1
1_MACS_peak_15995_lociStitched	chr7	139024620	139027404	1	2785	5632.032	188	1
1_MACS_peak_5549_lociStitched	chr15	52310885	52314788	1	3904	5623.0521	189	1
1_MACS_peak_13606_lociStitched	chr5	98262599	98266201	1	3603	5613.717	190	1
1_MACS_peak_3693_lociStitched	chr12	46120340	46125431	1	5092	5608.2456	191	1
1_MACS_peak_17389_lociStitched	chr9	134549132	134554765	1	5634	5607.0882	192	1
4_MACS_peak_3252_lociStitched	chr11	111237093	111245622	4	7654	5591.6124	193	1
2_MACS_peak_13602_lociStitched	chr5	96267490	96272783	2	5291	5583.5857	194	1
1_MACS_peak_14111_lociStitched	chr5	175962208	175965806	1	3599	5562.508	195	1
1_MACS_peak_2681_lociStitched	chr11	34072314	34075363	1	3050	5536.3742	196	1
1_MACS_peak_15996_lociStitched	chr7	139043257	139045960	1	2704	5533.3113	197	1
1_MACS_peak_10772_lociStitched	chr21	34913239	34916217	1	2979	5532.2306	198	1
1_MACS_peak_9775_lociStitched	chr2	157196809	157200250	1	3442	5521.7727	199	1
1_MACS_peak_13478_lociStitched	chr5	78530976	78534711	1	3736	5516.2215	200	1
1_MACS_peak_14816_lociStitched	chr6	89789024	89792986	1	3963	5502.0294	201	1
3_MACS_peak_15517_lociStitched	chr7	55634921	55641169	3	5882	5501.364	202	1
2_MACS_peak_13287_lociStitched	chr5	42991278	42995797	2	4503	5498.7192	203	1
5_MACS_peak_1873_lociStitched	chr10	22623859	22630689	5	6315	5470.147	204	1
1_MACS_peak_5641_lociStitched	chr15	65185034	65188745	1	3712	5469.6429	205	1
2_MACS_peak_12092_lociStitched	chr3	129032599	129036895	2	4218	5459.3568	206	1
1_MACS_peak_5517_lociStitched	chr15	45878518	45881413	1	2896	5448.6795	207	1
1_MACS_peak_12058_lociStitched	chr3	126074388	126077183	1	2796	5425.095	208	1
1_MACS_peak_5987_lociStitched	chr15	93373946	93377861	1	3916	5412.4875	209	1
1_MACS_peak_17104_lociStitched	chr9	99178916	99182259	1	3344	5410.6455	210	1
1_MACS_peak_3045_lociStitched	chr11	72979765	72985380	1	5616	5390.4	211	1
1_MACS_peak_2678_lociStitched	chr11	33278227	33281746	1	3520	5385.4776	212	1
1_MACS_peak_14665_lociStitched	chr6	42749137	42752095	1	2959	5382.6726	213	1
1_MACS_peak_3017_lociStitched	chr11	71750511	71753978	1	3468	5376.2769	214	1
3_MACS_peak_10785_lociStitched	chr21	36257413	36263001	3	5447	5371.7444	215	1
1_MACS_peak_6285_lociStitched	chr16	24550160	24553365	1	3206	5364.529	216	1
1_MACS_peak_9878_lociStitched	chr2	178127551	178130739	1	3189	5363.1724	217	1
2_MACS_peak_8537_lociStitched	chr19	41768428	41772316	2	3552	5359.608	218	1
2_MACS_peak_6439_lociStitched	chr16	56964505	56969168	2	4472	5358.2533	219	1
1_MACS_peak_12471_lociStitched	chr3	193851419	193856158	1	4740	5354.1222	220	1
2_MACS_peak_8479_lociStitched	chr19	39339691	39343684	2	3520	5348.6235	221	1
2_MACS_peak_14763_lociStitched	chr6	74229174	74234054	2	4811	5346.04	222	1
1_MACS_peak_5675_lociStitched	chr15	67812591	67815527	1	2937	5341.4648	223	1
1_MACS_peak_13454_lociStitched	chr5	75141986	75147108	1	5123	5327.9044	224	1
2_MACS_peak_13812_lociStitched	chr5	133705684	133708261	2	2576	5320.4742	225	1
1_MACS_peak_12348_lociStitched	chr3	176913263	176917206	1	3944	5317.5298	226	1
1_MACS_peak_12018_lociStitched	chr3	119812052	119815486	1	3435	5312.7414	227	1
2_MACS_peak_9122_lociStitched	chr2	43450547	43455423	2	4868	5309.964	228	1
1_MACS_peak_5467_lociStitched	chr15	42564749	42568305	1	3557	5302.7072	229	1
3_MACS_peak_13382_lociStitched	chr5	60626042	60629732	3	3683	5275.224	230	1
2_MACS_peak_2948_lociStitched	chr11	66884855	66888342	2	3410	5270.2518	231	1
1_MACS_peak_5464_lociStitched	chr15	42262709	42265545	1	2837	5249.436	232	1
1_MACS_peak_17301_lociStitched	chr9	130546688	130549333	1	2646	5232.868	233	1
3_MACS_peak_2907_lociStitched	chr11	65623847	65628685	3	4752	5206.6556	234	1
1_MACS_peak_5450_lociStitched	chr15	41407431	41409501	1	2071	5199.633	235	1
1_MACS_peak_16986_lociStitched	chr9	73033098	73036238	1	3141	5196.7	236	1
1_MACS_peak_2287_lociStitched	chr10	104153298	104156159	1	2862	5181.5571	237	1
1_MACS_peak_12178_lociStitched	chr3	141205401	141209743	1	4343	5175.2298	238	1
3_MACS_peak_13291_lociStitched	chr5	43038155	43043735	3	5345	5174.892	239	1
1_MACS_peak_13269_lociStitched	chr5	36875132	36879205	1	4074	5166.6005	240	1
1_MACS_peak_13876_lociStitched	chr5	139046788	139051782	1	4995	5151.311	241	1
2_MACS_peak_3256_lociStitched	chr11	111246259	111251568	2	5025	5133.803	242	1
2_MACS_peak_16256_lociStitched	chr8	52809614	52814918	2	5152	5131.62	243	1
3_MACS_peak_3232_lociStitched	chr11	108091778	108096742	3	4676	5124.3372	244	1
1_MACS_peak_13817_lociStitched	chr5	133859967	133863450	1	3484	5118.6168	245	1
1_MACS_peak_4673_lociStitched	chr13	97873647	97878168	1	4522	5110.0863	246	1
1_MACS_peak_16985_lociStitched	chr9	73026679	73029785	1	3107	5105.9534	247	1
1_MACS_peak_12407_lociStitched	chr3	183352710	183355402	1	2693	5098.648	248	1
3_MACS_peak_3128_lociStitched	chr11	82866906	82870851	3	3386	5091.0225	249	1
1_MACS_peak_16993_lociStitched	chr9	74978631	74981270	1	2640	5089.5754	250	1
2_MACS_peak_5161_lociStitched	chr14	91879592	91885172	2	5390	5086.728	251	1
2_MACS_peak_7895_lociStitched	chr19	1258774	1262545	2	3751	5086.7019	252	1
3_MACS_peak_13997_lociStitched	chr5	154133797	154138217	3	3861	5079.906	253	1
2_MACS_peak_185_lociStitched	chr1	16992159	16994415	2	2152	5070.8112	254	1
1_MACS_peak_15456_lociStitched	chr7	44644904	44647464	1	2561	5070.08	255	1
1_MACS_peak_13842_lociStitched	chr5	137672725	137675040	1	2316	5066.146	256	1
1_MACS_peak_5594_lociStitched	chr15	59980095	59982714	1	2620	5061.7413	257	1
1_MACS_peak_15815_lociStitched	chr7	104622409	104625633	1	3225	5055.8768	258	1
1_MACS_peak_2857_lociStitched	chr11	64544875	64547577	1	2703	5043.5532	259	1
2_MACS_peak_5706_lociStitched	chr15	70387967	70392072	2	4100	5041.761	260	1
3_MACS_peak_11255_lociStitched	chr22	41839933	41844705	3	4345	5031.5968	261	1
1_MACS_peak_16780_lociStitched	chr9	6756550	6759954	1	3405	5022.602	262	1
1_MACS_peak_13645_lociStitched	chr5	108062022	108065358	1	3337	5012.6736	263	1
1_MACS_peak_3557_lociStitched	chr12	12875050	12879855	1	4806	5007.771	264	1
4_MACS_peak_7087_lociStitched	chr17	38251835	38257596	4	5081	5005.1568	265	1
1_MACS_peak_16003_lociStitched	chr7	139475082	139478624	1	3543	5000.9498	266	1
1_MACS_peak_13620_lociStitched	chr5	100233740	100240240	1	6501	4993.3	267	1
1_MACS_peak_17121_lociStitched	chr9	100744526	100747979	1	3454	4990.6209	268	1
2_MACS_peak_6379_lociStitched	chr16	30668417	30671635	2	2979	4983.3948	269	1
3_MACS_peak_13073_lociStitched	chr4	160023378	160028162	3	4549	4977.752	270	1
1_MACS_peak_6017_lociStitched	chr15	100104854	100107766	1	2913	4963.2128	271	1
1_MACS_peak_5743_lociStitched	chr15	74906685	74909458	1	2774	4950.9142	272	1
2_MACS_peak_7274_lociStitched	chr17	48942509	48945858	2	3267	4942.7891	273	1
2_MACS_peak_2911_lociStitched	chr11	65655373	65659754	2	4327	4939.5775	274	1
1_MACS_peak_16093_lociStitched	chr7	152130997	152134318	1	3322	4935.006	275	1
1_MACS_peak_11907_lociStitched	chr3	101291840	101294466	1	2627	4929.002	276	1
3_MACS_peak_12162_lociStitched	chr3	141085771	141089774	3	3837	4926.8924	277	1
1_MACS_peak_5841_lociStitched	chr15	80350981	80353790	1	2810	4924.4579	278	1
1_MACS_peak_8233_lociStitched	chr19	14116086	14118336	1	2251	4911.075	279	1
2_MACS_peak_2853_lociStitched	chr11	64071099	64074442	2	3237	4908.8612	280	1
1_MACS_peak_13810_lociStitched	chr5	133560674	133563123	1	2450	4906.0817	281	1
1_MACS_peak_3320_lociStitched	chr11	118305981	118309962	1	3982	4903.7958	282	1
1_MACS_peak_5832_lociStitched	chr15	79165057	79166822	1	1766	4902.817	283	1
1_MACS_peak_956_lociStitched	chr1	143742293	143745526	1	3234	4900.5814	284	1
3_MACS_peak_6196_lociStitched	chr16	11889570	11893497	3	3846	4898.9325	285	1
2_MACS_peak_10409_lociStitched	chr20	34328973	34331886	2	2803	4898.7921	286	1
2_MACS_peak_5875_lociStitched	chr15	83476987	83480808	2	3813	4894.3189	287	1
3_MACS_peak_15431_lociStitched	chr7	43685352	43691219	3	5777	4890.1445	288	1
2_MACS_peak_12289_lociStitched	chr3	169489473	169492125	2	2551	4886.31	289	1
2_MACS_peak_2011_lociStitched	chr10	63658919	63664538	2	5452	4882.3491	290	1
1_MACS_peak_6267_lociStitched	chr16	22200360	22204312	1	3953	4880.72	291	1
2_MACS_peak_12142_lociStitched	chr3	136469947	136472515	2	2565	4878.9432	292	1
1_MACS_peak_14258_lociStitched	chr6	7914979	7919007	1	4029	4864.6156	293	1
1_MACS_peak_11921_lociStitched	chr3	104237721	104242448	1	4728	4858.4106	294	1
2_MACS_peak_17437_lociStitched	chr9	139376393	139378914	2	2333	4855.1939	295	1
2_MACS_peak_2662_lociStitched	chr11	28128614	28132493	2	3632	4837.8888	296	1
1_MACS_peak_12041_lociStitched	chr3	122398184	122401930	1	3747	4823.7242	297	1
1_MACS_peak_3917_lociStitched	chr12	62995725	62998157	1	2433	4817.0624	298	1
2_MACS_peak_14825_lociStitched	chr6	90060023	90063782	2	3734	4815.279	299	1
1_MACS_peak_14844_lociStitched	chr6	96024046	96028362	1	4317	4812.7716	300	1
1_MACS_peak_8935_lociStitched	chr2	11886717	11891771	1	5055	4808.881	301	1
1_MACS_peak_17364_lociStitched	chr9	132646907	132651626	1	4720	4807.2453	302	1
2_MACS_peak_8130_lociStitched	chr19	10763474	10766296	2	2770	4784.701	303	1
1_MACS_peak_9989_lociStitched	chr2	201726910	201730027	1	3118	4783.3482	304	1
3_MACS_peak_13773_lociStitched	chr5	131744807	131749554	3	4409	4762.6651	305	1
1_MACS_peak_3033_lociStitched	chr11	72524216	72526881	1	2666	4761.5555	306	1
4_MACS_peak_8653_lociStitched	chr19	47216835	47222366	4	4751	4761.0848	307	1
2_MACS_peak_12209_lociStitched	chr3	150262894	150265338	2	2435	4745.026	308	1
1_MACS_peak_4569_lociStitched	chr13	50697497	50700688	1	3192	4742.1451	309	1
1_MACS_peak_5779_lociStitched	chr15	75493133	75496728	1	3596	4741.805	310	1
3_MACS_peak_9734_lociStitched	chr2	136889194	136895224	3	5538	4723.902	311	1
2_MACS_peak_2462_lociStitched	chr11	206648	209425	2	2759	4721.7331	312	1
5_MACS_peak_7827_lociStitched	chr18	60982282	60988351	5	5718	4720.4682	313	1
1_MACS_peak_6344_lociStitched	chr16	29815802	29819708	1	3907	4700.4804	314	1
1_MACS_peak_6364_lociStitched	chr16	30388403	30390966	1	2564	4688.2396	315	1
1_MACS_peak_13191_lociStitched	chr5	10352723	10355981	1	3259	4682.0718	316	1
1_MACS_peak_39_lociStitched	chr1	1709207	1713249	1	4043	4681.8486	317	1
2_MACS_peak_5628_lociStitched	chr15	64384474	64388776	2	3870	4675.4136	318	1
1_MACS_peak_15467_lociStitched	chr7	44923688	44926412	1	2725	4672.4772	319	1
2_MACS_peak_3216_lociStitched	chr11	105946913	105949812	2	2810	4669.4193	320	1
4_MACS_peak_13048_lociStitched	chr4	153454917	153459468	4	4342	4668.4158	321	1
1_MACS_peak_8784_lociStitched	chr19	54692810	54695582	1	2773	4668.3252	322	1
2_MACS_peak_14338_lociStitched	chr6	24718884	24722357	2	3413	4663.8917	323	1
1_MACS_peak_2466_lociStitched	chr11	267542	270885	1	3344	4662.1478	324	1
1_MACS_peak_6743_lociStitched	chr17	2302944	2305958	1	3015	4645.1768	325	1
1_MACS_peak_5362_lociStitched	chr15	31644171	31647387	1	3217	4636.1856	326	1
1_MACS_peak_1727_lociStitched	chr1	245132867	245135368	1	2502	4632.6023	327	1
1_MACS_peak_13953_lociStitched	chr5	148928621	148931828	1	3208	4631.8701	328	1
1_MACS_peak_2478_lociStitched	chr11	506012	507830	1	1819	4624.2648	329	1
1_MACS_peak_11561_lociStitched	chr3	39192091	39195599	1	3509	4610.5644	330	1
2_MACS_peak_3698_lociStitched	chr12	46764758	46767744	2	2949	4610.0854	331	1
2_MACS_peak_8344_lociStitched	chr19	18630602	18633810	2	2955	4595.1392	332	1
1_MACS_peak_7392_lociStitched	chr17	62501010	62503780	1	2771	4592.66	333	1
1_MACS_peak_8225_lociStitched	chr19	13956573	13958956	1	2384	4589.4197	334	1
2_MACS_peak_8743_lociStitched	chr19	50379144	50381861	2	2666	4581.1337	335	1
1_MACS_peak_187_lociStitched	chr1	17066235	17067202	1	968	4578.5516	336	1
5_MACS_peak_774_lociStitched	chr1	92948180	92954005	5	5314	4576.12	337	1
2_MACS_peak_7963_lociStitched	chr19	2618700	2623334	2	4550	4575.6116	338	1
1_MACS_peak_15377_lociStitched	chr7	30633233	30636366	1	3134	4575.1199	339	1
1_MACS_peak_5693_lociStitched	chr15	68569300	68572746	1	3447	4570.4298	340	1
2_MACS_peak_15835_lociStitched	chr7	105924061	105926728	2	2527	4563.5037	341	1
1_MACS_peak_1990_lociStitched	chr10	52381757	52385502	1	3746	4561.7845	342	1
3_MACS_peak_14879_lociStitched	chr6	106544856	106551847	3	6846	4558.132	343	1
1_MACS_peak_15971_lociStitched	chr7	134831782	134835015	1	3234	4556.9135	344	1
1_MACS_peak_11886_lociStitched	chr3	98488353	98492767	1	4415	4555.6894	345	1
1_MACS_peak_8539_lociStitched	chr19	41802518	41806046	1	3529	4547.9448	346	1
1_MACS_peak_12523_lociStitched	chr3	197475289	197478841	1	3553	4547.6256	347	1
2_MACS_peak_3405_lociStitched	chr11	128586036	128592216	2	6106	4546.626	348	1
4_MACS_peak_1477_lociStitched	chr1	204377288	204381702	4	3837	4542.006	349	1
3_MACS_peak_9864_lociStitched	chr2	175457695	175462933	3	5030	4541.8698	350	1
1_MACS_peak_12085_lociStitched	chr3	128900505	128903636	1	3132	4530.2439	351	1
1_MACS_peak_5560_lociStitched	chr15	52858908	52861685	1	2778	4523.733	352	1
1_MACS_peak_13290_lociStitched	chr5	43017239	43021328	1	4090	4521.2073	353	1
2_MACS_peak_16475_lociStitched	chr8	103665719	103669615	2	3860	4520.5288	354	1
3_MACS_peak_13870_lociStitched	chr5	139027421	139033128	3	5572	4518.8026	355	1
1_MACS_peak_15054_lociStitched	chr6	143264878	143269386	1	4509	4511.6064	356	1
1_MACS_peak_15185_lociStitched	chr7	2393510	2395465	1	1956	4506.666	357	1
1_MACS_peak_7651_lociStitched	chr18	9135650	9139233	1	3584	4495.5901	358	1
2_MACS_peak_3363_lociStitched	chr11	122931515	122935082	2	3314	4491.9231	359	1
3_MACS_peak_14466_lociStitched	chr6	30582107	30586499	3	4142	4489.5024	360	1
2_MACS_peak_16997_lociStitched	chr9	77701277	77704411	2	3093	4483.8138	361	1
2_MACS_peak_8211_lociStitched	chr19	13261243	13266258	2	5006	4482.9085	362	1
2_MACS_peak_14168_lociStitched	chr5	180256588	180260315	2	3668	4478.3632	363	1
1_MACS_peak_8286_lociStitched	chr19	16475522	16478662	1	3141	4476.698	364	1
1_MACS_peak_13345_lociStitched	chr5	55883548	55886246	1	2699	4472.4746	365	1
1_MACS_peak_3264_lociStitched	chr11	111748909	111750955	1	2047	4461.303	366	1
2_MACS_peak_17259_lociStitched	chr9	126099984	126103094	2	3020	4461.295	367	1
1_MACS_peak_13801_lociStitched	chr5	132386503	132388934	1	2432	4458.2109	368	1
1_MACS_peak_13286_lociStitched	chr5	42948999	42952715	1	3717	4449.1668	369	1
4_MACS_peak_1777_lociStitched	chr10	6794257	6800781	4	6283	4448.0632	370	1
2_MACS_peak_3386_lociStitched	chr11	126137402	126139783	2	2380	4445.8032	371	1
1_MACS_peak_15782_lociStitched	chr7	102071888	102075332	1	3445	4440.6936	372	1
1_MACS_peak_2786_lociStitched	chr11	61196338	61198229	1	1892	4419.6452	373	1
2_MACS_peak_4863_lociStitched	chr14	39900086	39903450	2	3362	4412.8952	374	1
2_MACS_peak_16470_lociStitched	chr8	102215055	102219303	2	4148	4412.3976	375	1
1_MACS_peak_190_lociStitched	chr1	17230236	17231886	1	1651	4406.16	376	1
2_MACS_peak_1469_lociStitched	chr1	203293112	203297887	2	4726	4403.9825	377	1
2_MACS_peak_17077_lociStitched	chr9	95855856	95859106	2	3109	4400.175	378	1
3_MACS_peak_15651_lociStitched	chr7	86846129	86850261	3	3878	4389.8368	379	1
2_MACS_peak_13610_lociStitched	chr5	99870396	99873483	2	2655	4386.9357	380	1
1_MACS_peak_15363_lociStitched	chr7	30065453	30069433	1	3981	4385.562	381	1
2_MACS_peak_11992_lociStitched	chr3	114864333	114867427	2	2665	4383.5792	382	1
1_MACS_peak_5691_lociStitched	chr15	68520690	68523409	1	2720	4375.6867	383	1
1_MACS_peak_2848_lociStitched	chr11	64007153	64009849	1	2697	4371.564	384	1
2_MACS_peak_15923_lociStitched	chr7	127290795	127293287	2	2449	4371.2172	385	1
2_MACS_peak_9876_lociStitched	chr2	178076121	178078671	2	2510	4367.385	386	1
1_MACS_peak_13846_lociStitched	chr5	137910071	137912017	1	1947	4367.2132	387	1
2_MACS_peak_10606_lociStitched	chr20	55964339	55968891	2	4471	4366.7336	388	1
4_MACS_peak_6187_lociStitched	chr16	11832502	11837545	4	4522	4366.2294	389	1
2_MACS_peak_9483_lociStitched	chr2	89142350	89147555	2	5042	4357.626	390	1
2_MACS_peak_7168_lociStitched	chr17	42295969	42299964	2	3979	4356.5475	391	1
1_MACS_peak_13266_lociStitched	chr5	36240800	36243006	1	2207	4352.8792	392	1
1_MACS_peak_13809_lociStitched	chr5	133511376	133513414	1	2039	4350.5186	393	1
2_MACS_peak_3138_lociStitched	chr11	85777795	85781513	2	3672	4345.9702	394	1
1_MACS_peak_17246_lociStitched	chr9	125026073	125028406	1	2334	4344.9792	395	1
1_MACS_peak_13794_lociStitched	chr5	131824392	131827878	1	3487	4342.1616	396	1
1_MACS_peak_5486_lociStitched	chr15	44084393	44085843	1	1451	4334.775	397	1
1_MACS_peak_12294_lociStitched	chr3	169683264	169685634	1	2371	4330.701	398	1
2_MACS_peak_13766_lociStitched	chr5	130969354	130972635	2	3254	4329.2795	399	1
1_MACS_peak_5985_lociStitched	chr15	93360849	93364361	1	3513	4328.54	400	1
1_MACS_peak_13441_lociStitched	chr5	72860108	72862425	1	2318	4319.3514	401	1
3_MACS_peak_1051_lociStitched	chr1	150532577	150537546	3	4942	4314.5827	402	1
1_MACS_peak_17034_lociStitched	chr9	91932619	91935032	1	2414	4313.4788	403	1
1_MACS_peak_4957_lociStitched	chr14	60714287	60717284	1	2998	4307.2884	404	1
1_MACS_peak_6351_lociStitched	chr16	30074909	30078136	1	3228	4305.7861	405	1
1_MACS_peak_17150_lociStitched	chr9	108006212	108010028	1	3817	4304.448	406	1
1_MACS_peak_2852_lociStitched	chr11	64051415	64053743	1	2329	4290.0384	407	1
1_MACS_peak_5348_lociStitched	chr15	29560772	29563328	1	2557	4289.4792	408	1
2_MACS_peak_15511_lociStitched	chr7	55599660	55603509	2	3801	4287.786	409	1
1_MACS_peak_15935_lociStitched	chr7	128577219	128582055	1	4837	4277.442	410	1
3_MACS_peak_218_lociStitched	chr1	22106330	22110336	3	3534	4276.8056	411	1
5_MACS_peak_10714_lociStitched	chr21	19152274	19158181	5	5657	4274.8959	412	1
1_MACS_peak_16866_lociStitched	chr9	34047894	34049910	1	2017	4272.1056	413	1
1_MACS_peak_5599_lociStitched	chr15	60770032	60773168	1	3137	4270.2912	414	1
2_MACS_peak_5356_lociStitched	chr15	31555522	31559835	2	3883	4264.2631	415	1
2_MACS_peak_14148_lociStitched	chr5	179049252	179051645	2	2369	4263.1295	416	1
4_MACS_peak_13882_lociStitched	chr5	139417493	139422920	4	5319	4261.8231	417	1
2_MACS_peak_10853_lociStitched	chr21	44526508	44529750	2	3155	4260.9606	418	1
1_MACS_peak_14940_lociStitched	chr6	111803098	111806258	1	3161	4256.204	419	1
2_MACS_peak_12082_lociStitched	chr3	128837020	128841375	2	4348	4254.3995	420	1
1_MACS_peak_14164_lociStitched	chr5	180236313	180238854	1	2542	4254.3963	421	1
2_MACS_peak_188_lociStitched	chr1	17221654	17223690	2	2025	4249.132	422	1
2_MACS_peak_4577_lociStitched	chr13	52025209	52028720	2	3380	4247.2567	423	1
1_MACS_peak_15613_lociStitched	chr7	75986884	75989264	1	2381	4241.874	424	1
1_MACS_peak_3199_lociStitched	chr11	102216953	102219586	1	2634	4240.9731	425	1
1_MACS_peak_5806_lociStitched	chr15	77711458	77714043	1	2586	4240.1755	426	1
1_MACS_peak_2823_lociStitched	chr11	62598166	62600766	1	2601	4238.26	427	1
1_MACS_peak_7921_lociStitched	chr19	1862442	1865254	1	2813	4232.6224	428	1
1_MACS_peak_16819_lociStitched	chr9	21992732	21996167	1	3436	4232.607	429	1
3_MACS_peak_15554_lociStitched	chr7	66459151	66462414	3	2962	4229.5006	430	1
1_MACS_peak_11880_lociStitched	chr3	98450680	98454029	1	3350	4226.438	431	1
1_MACS_peak_546_lociStitched	chr1	46151234	46154394	1	3161	4221.128	432	1
2_MACS_peak_14977_lociStitched	chr6	119668692	119673396	2	4612	4220.8992	433	1
2_MACS_peak_2018_lociStitched	chr10	63807651	63811976	2	4322	4217.3075	434	1
3_MACS_peak_159_lociStitched	chr1	15850254	15854079	3	3693	4216.68	435	1
1_MACS_peak_1725_lociStitched	chr1	245025668	245028776	1	3109	4216.002	436	1
2_MACS_peak_3038_lociStitched	chr11	72851636	72855259	2	3617	4212.8244	437	1
1_MACS_peak_12255_lociStitched	chr3	156805128	156808257	1	3130	4211.3211	438	1
2_MACS_peak_1756_lociStitched	chr10	3824627	3828516	2	3713	4204.7868	439	1
1_MACS_peak_14177_lociStitched	chr5	180687421	180689316	1	1896	4198.7515	440	1
1_MACS_peak_10292_lociStitched	chr20	11898521	11901705	1	3185	4193.328	441	1
1_MACS_peak_17016_lociStitched	chr9	86593603	86596302	1	2700	4193.1664	442	1
2_MACS_peak_5122_lociStitched	chr14	90082141	90086291	2	4109	4191.5	443	1
1_MACS_peak_7339_lociStitched	chr17	57695769	57698474	1	2706	4188.1515	444	1
1_MACS_peak_5536_lociStitched	chr15	49912119	49914768	1	2650	4185.42	445	1
1_MACS_peak_15650_lociStitched	chr7	86780902	86783330	1	2429	4183.9296	446	1
1_MACS_peak_12431_lociStitched	chr3	185653823	185656300	1	2478	4177.2128	447	1
2_MACS_peak_13398_lociStitched	chr5	65220495	65224300	2	3762	4174.846	448	1
1_MACS_peak_9065_lociStitched	chr2	33700222	33705120	1	4899	4165.749	449	1
1_MACS_peak_11468_lociStitched	chr3	15835793	15839807	1	4015	4165.3278	450	1
2_MACS_peak_1034_lociStitched	chr1	149856325	149860528	2	4041	4160.5497	451	1
1_MACS_peak_9447_lociStitched	chr2	87795741	87800398	1	4658	4159.6324	452	1
1_MACS_peak_3030_lociStitched	chr11	72430317	72434270	1	3954	4158.9513	453	1
1_MACS_peak_5723_lociStitched	chr15	73074888	73077326	1	2439	4158.4966	454	1
1_MACS_peak_8122_lociStitched	chr19	10513386	10516239	1	2854	4154.8239	455	1
1_MACS_peak_1919_lociStitched	chr10	31606957	31611131	1	4175	4143.5298	456	1
1_MACS_peak_9852_lociStitched	chr2	174827873	174831014	1	3142	4126.0176	457	1
1_MACS_peak_5495_lociStitched	chr15	44828240	44831225	1	2986	4125.5685	458	1
1_MACS_peak_16067_lociStitched	chr7	150101277	150104851	1	3575	4120.4646	459	1
2_MACS_peak_10288_lociStitched	chr20	10651021	10655654	2	4521	4119.6636	460	1
2_MACS_peak_11410_lociStitched	chr3	9437512	9440955	2	3432	4119.5495	461	1
2_MACS_peak_10207_lociStitched	chr2	242253751	242256747	2	2855	4115.3056	462	1
4_MACS_peak_852_lociStitched	chr1	111173531	111178783	4	4583	4104.9632	463	1
1_MACS_peak_8369_lociStitched	chr19	19771913	19775220	1	3308	4090.759	464	1
3_MACS_peak_9739_lociStitched	chr2	137138650	137142187	3	3133	4086.6498	465	1
2_MACS_peak_5509_lociStitched	chr15	45490309	45493867	2	3508	4084.584	466	1
1_MACS_peak_12824_lociStitched	chr4	83349902	83352535	1	2634	4083.783	467	1
2_MACS_peak_5331_lociStitched	chr15	25682709	25685032	2	2319	4083.3694	468	1
1_MACS_peak_6324_lociStitched	chr16	28934721	28937578	1	2858	4071.5107	469	1
1_MACS_peak_2754_lociStitched	chr11	57434090	57436568	1	2479	4070.3628	470	1
2_MACS_peak_10035_lociStitched	chr2	208393582	208396331	2	2692	4064.3965	471	1
1_MACS_peak_5668_lociStitched	chr15	66796017	66798245	1	2229	4056.2968	472	1
1_MACS_peak_1862_lociStitched	chr10	22290698	22294347	1	3650	4051.8496	473	1
1_MACS_peak_14459_lociStitched	chr6	30293460	30295691	1	2232	4046.5878	474	1
1_MACS_peak_5364_lociStitched	chr15	31651466	31655114	1	3649	4040.16	475	1
1_MACS_peak_13839_lociStitched	chr5	137367435	137369619	1	2185	4038.4344	476	1
3_MACS_peak_6953_lociStitched	chr17	27275686	27279481	3	3584	4035.9825	477	1
3_MACS_peak_10139_lociStitched	chr2	231734675	231739532	3	4667	4034.7099	478	1
1_MACS_peak_16918_lociStitched	chr9	37464287	37466750	1	2464	4029.7143	479	1
1_MACS_peak_2998_lociStitched	chr11	68606040	68609793	1	3754	4028.0949	480	1
1_MACS_peak_12452_lociStitched	chr3	186781182	186784869	1	3688	4026.9414	481	1
2_MACS_peak_5210_lociStitched	chr14	100704180	100707319	2	3087	4025.4536	482	1
2_MACS_peak_8011_lociStitched	chr19	4064006	4067692	2	3660	4023.269	483	1
2_MACS_peak_12445_lociStitched	chr3	186713441	186718124	2	4595	4020.3555	484	1
1_MACS_peak_5603_lociStitched	chr15	60882628	60885398	1	2771	4018.993	485	1
3_MACS_peak_13527_lociStitched	chr5	88118515	88123773	3	5159	4015.0088	486	1
1_MACS_peak_12042_lociStitched	chr3	122512142	122514605	1	2464	4008.2862	487	1
2_MACS_peak_6856_lociStitched	chr17	16890476	16894146	2	3575	4005.438	488	1
1_MACS_peak_811_lociStitched	chr1	100502877	100505428	1	2552	4004.8149	489	1
1_MACS_peak_5576_lociStitched	chr15	55699292	55701536	1	2245	3998.3592	490	1
1_MACS_peak_8998_lociStitched	chr2	25193808	25196051	1	2244	3997.9232	491	1
1_MACS_peak_5911_lociStitched	chr15	86232225	86236886	1	4662	3994.9431	492	1
2_MACS_peak_9077_lociStitched	chr2	37548372	37552885	2	4490	3992.1998	493	1
1_MACS_peak_8259_lociStitched	chr19	15441717	15443905	1	2189	3991.1308	494	1
2_MACS_peak_13524_lociStitched	chr5	88025683	88031330	2	5626	3982.2644	495	1
1_MACS_peak_1955_lociStitched	chr10	43902540	43905296	1	2757	3979.664	496	1
1_MACS_peak_2715_lociStitched	chr11	46140096	46143952	1	3857	3979.0064	497	1
2_MACS_peak_4108_lociStitched	chr12	104321721	104325256	2	3293	3978.996	498	1
1_MACS_peak_12186_lociStitched	chr3	142164412	142167436	1	3025	3977.1648	499	1
3_MACS_peak_11398_lociStitched	chr3	5227276	5231420	3	3617	3975.7536	500	1
1_MACS_peak_5790_lociStitched	chr15	76134987	76137595	1	2609	3970.1584	501	1
1_MACS_peak_10828_lociStitched	chr21	42797282	42799954	1	2673	3960.7056	502	1
2_MACS_peak_7933_lociStitched	chr19	2060365	2062602	2	2212	3955.6871	503	1
3_MACS_peak_8552_lociStitched	chr19	42055250	42060562	3	4802	3955.3152	504	1
1_MACS_peak_2957_lociStitched	chr11	67055088	67057329	1	2242	3954.9168	505	1
1_MACS_peak_2721_lociStitched	chr11	46637863	46639977	1	2115	3954.8712	506	1
1_MACS_peak_14529_lociStitched	chr6	31938853	31940948	1	2096	3953.0555	507	1
1_MACS_peak_1372_lociStitched	chr1	183439546	183442435	1	2890	3951.2853	508	1
1_MACS_peak_12236_lociStitched	chr3	154040987	154043009	1	2023	3947.3484	509	1
1_MACS_peak_13799_lociStitched	chr5	132297656	132299974	1	2319	3945.9314	510	1
1_MACS_peak_4504_lociStitched	chr13	43564102	43567775	1	3674	3944.4347	511	1
1_MACS_peak_16548_lociStitched	chr8	123792385	123795324	1	2940	3939.1417	512	1
1_MACS_peak_13296_lociStitched	chr5	43120498	43122451	1	1954	3930.0219	513	1
3_MACS_peak_2895_lociStitched	chr11	65353769	65358037	3	4085	3928.2672	514	1
1_MACS_peak_11323_lociStitched	chr22	46544792	46547905	1	3114	3926.1156	515	1
1_MACS_peak_16104_lociStitched	chr7	155436242	155438283	1	2042	3925.0471	516	1
2_MACS_peak_14745_lociStitched	chr6	64281611	64284345	2	2652	3920.556	517	1
1_MACS_peak_7203_lociStitched	chr17	43660481	43663099	1	2619	3898.7256	518	1
1_MACS_peak_3058_lociStitched	chr11	73690391	73694988	1	4598	3896.8769	519	1
1_MACS_peak_6246_lociStitched	chr16	19078296	19080002	1	1707	3895.8216	520	1
1_MACS_peak_2903_lociStitched	chr11	65478927	65480423	1	1497	3889.3008	521	1
2_MACS_peak_2741_lociStitched	chr11	47787392	47790171	2	2744	3887.2652	522	1
1_MACS_peak_3099_lociStitched	chr11	77183810	77186332	1	2523	3886.6542	523	1
4_MACS_peak_4145_lociStitched	chr12	109025879	109031132	4	4842	3881.967	524	1
1_MACS_peak_2815_lociStitched	chr11	62493195	62496740	1	3546	3877.521	525	1
1_MACS_peak_5398_lociStitched	chr15	35837385	35838875	1	1491	3861.782	526	1
1_MACS_peak_15850_lociStitched	chr7	108165156	108167436	1	2281	3861.636	527	1
1_MACS_peak_15399_lociStitched	chr7	35839723	35842128	1	2406	3857.8605	528	1
1_MACS_peak_14463_lociStitched	chr6	30523436	30525833	1	2398	3857.0127	529	1
1_MACS_peak_2559_lociStitched	chr11	7532790	7535835	1	3046	3850.4025	530	1
1_MACS_peak_11964_lociStitched	chr3	112279522	112282090	1	2569	3848.148	531	1
2_MACS_peak_14151_lociStitched	chr5	179124735	179127215	2	2294	3844.744	532	1
2_MACS_peak_7949_lociStitched	chr19	2268896	2271596	2	2605	3844.26	533	1
1_MACS_peak_16331_lociStitched	chr8	71313543	71316894	1	3352	3841.5864	534	1
1_MACS_peak_15351_lociStitched	chr7	27779017	27780887	1	1871	3841.541	535	1
1_MACS_peak_16011_lociStitched	chr7	139875161	139877696	1	2536	3841.539	536	1
1_MACS_peak_8634_lociStitched	chr19	45970536	45973457	1	2922	3839.3624	537	1
2_MACS_peak_17032_lociStitched	chr9	91924833	91927087	2	2089	3834.5048	538	1
3_MACS_peak_15291_lociStitched	chr7	21466232	21468481	3	2101	3828.9225	539	1
1_MACS_peak_7880_lociStitched	chr19	1019814	1022268	1	2455	3826.2768	540	1
1_MACS_peak_15233_lociStitched	chr7	7605993	7609587	1	3595	3825.813	541	1
2_MACS_peak_17025_lociStitched	chr9	88965608	88970042	2	4058	3825.6552	542	1
1_MACS_peak_9037_lociStitched	chr2	28112756	28114768	1	2013	3824.0072	543	1
2_MACS_peak_11184_lociStitched	chr22	38900456	38903270	2	2714	3819.7236	544	1
1_MACS_peak_17271_lociStitched	chr9	127702394	127704885	1	2492	3818.9521	545	1
1_MACS_peak_12152_lociStitched	chr3	139107588	139109477	1	1890	3818.8024	546	1
1_MACS_peak_13231_lociStitched	chr5	28808381	28811247	1	2867	3815.5058	547	1
2_MACS_peak_13176_lociStitched	chr5	6712187	6716136	2	3732	3811.1799	548	1
1_MACS_peak_10578_lociStitched	chr20	49546798	49548649	1	1852	3809.358	549	1
1_MACS_peak_16433_lociStitched	chr8	95958988	95963042	1	4055	3807.9222	550	1
1_MACS_peak_16960_lociStitched	chr9	68724143	68727912	1	3770	3807.8207	551	1
1_MACS_peak_6356_lociStitched	chr16	30194057	30198053	1	3997	3807.7884	552	1
1_MACS_peak_14162_lociStitched	chr5	180228713	180231496	1	2784	3807.4223	553	1
1_MACS_peak_17270_lociStitched	chr9	127630534	127634250	1	3717	3807.4136	554	1
3_MACS_peak_12221_lociStitched	chr3	151985820	151990128	3	3827	3807.4104	555	1
1_MACS_peak_13694_lociStitched	chr5	114877087	114880578	1	3492	3806.9355	556	1
2_MACS_peak_16569_lociStitched	chr8	125484785	125488467	2	3617	3806.4516	557	1
1_MACS_peak_13854_lociStitched	chr5	138628896	138630936	1	2041	3806.436	558	1
2_MACS_peak_9402_lociStitched	chr2	85196344	85200131	2	3468	3806.3137	559	1
2_MACS_peak_13892_lociStitched	chr5	139779909	139782554	2	2484	3803.7745	560	1
2_MACS_peak_15371_lociStitched	chr7	30323293	30326040	2	2606	3803.7709	561	1
2_MACS_peak_5977_lociStitched	chr15	91472575	91475902	2	3204	3801.7629	562	1
2_MACS_peak_7055_lociStitched	chr17	36857346	36862057	2	4704	3800.3637	563	1
2_MACS_peak_8043_lociStitched	chr19	5902991	5905496	2	2262	3800.3355	564	1
2_MACS_peak_4438_lociStitched	chr13	31189803	31192989	2	3106	3794.526	565	1
2_MACS_peak_17583_lociStitched	chrX	41190429	41194945	2	4050	3791.6336	566	1
1_MACS_peak_13210_lociStitched	chr5	14663175	14666214	1	3040	3790.2408	567	1
1_MACS_peak_10831_lociStitched	chr21	43429228	43431414	1	2187	3790.0868	568	1
1_MACS_peak_13331_lociStitched	chr5	55288616	55291743	1	3128	3789.6113	569	1
1_MACS_peak_2972_lociStitched	chr11	67274369	67276831	1	2463	3788.0332	570	1
2_MACS_peak_15210_lociStitched	chr7	6143456	6146350	2	2885	3787.6672	571	1
4_MACS_peak_15772_lociStitched	chr7	101927776	101932844	4	4919	3784.2756	572	1
1_MACS_peak_3567_lociStitched	chr12	14921722	14924553	1	2832	3783.6315	573	1
3_MACS_peak_5565_lociStitched	chr15	53020953	53024608	3	3287	3781.8285	574	1
1_MACS_peak_5383_lociStitched	chr15	34330045	34333102	1	3058	3777.8406	575	1
4_MACS_peak_4697_lociStitched	chr13	111364333	111368809	4	4121	3774.6108	576	1
1_MACS_peak_16458_lociStitched	chr8	101319121	101323268	1	4148	3773.77	577	1
3_MACS_peak_7099_lociStitched	chr17	38476247	38480219	3	3674	3766.2504	578	1
1_MACS_peak_15753_lociStitched	chr7	100270666	100274173	1	3508	3761.2575	579	1
2_MACS_peak_8260_lociStitched	chr19	15489422	15491457	2	1945	3756.4065	580	1
2_MACS_peak_9846_lociStitched	chr2	173418722	173423629	2	4779	3755.3271	581	1
1_MACS_peak_16842_lociStitched	chr9	33024181	33026699	1	2519	3753.079	582	1
1_MACS_peak_1641_lociStitched	chr1	228269841	228271928	1	2088	3746.3737	583	1
1_MACS_peak_5830_lociStitched	chr15	78832143	78834407	1	2265	3746.2408	584	1
1_MACS_peak_14001_lociStitched	chr5	154236722	154239512	1	2791	3745.017	585	1
1_MACS_peak_15546_lociStitched	chr7	66204821	66206853	1	2033	3740.912	586	1
2_MACS_peak_1139_lociStitched	chr1	154971510	154975761	2	3883	3740.0298	587	1
1_MACS_peak_17086_lociStitched	chr9	96928413	96929890	1	1478	3738.7301	588	1
1_MACS_peak_17189_lociStitched	chr9	114244977	114247229	1	2253	3737.194	589	1
3_MACS_peak_16462_lociStitched	chr8	101731935	101735419	3	3044	3731.7124	590	1
1_MACS_peak_15865_lociStitched	chr7	112089759	112091911	1	2153	3731.568	591	1
2_MACS_peak_13165_lociStitched	chr5	5751794	5756639	2	4798	3731.1345	592	1
1_MACS_peak_2620_lociStitched	chr11	16759434	16761391	1	1958	3728.085	593	1
1_MACS_peak_2636_lociStitched	chr11	18547528	18549268	1	1741	3727.254	594	1
1_MACS_peak_12623_lociStitched	chr4	17577878	17580890	1	3013	3725.844	595	1
1_MACS_peak_15315_lociStitched	chr7	23570110	23572269	1	2160	3722.9796	596	1
1_MACS_peak_2492_lociStitched	chr11	795021	798384	1	3364	3714.0972	597	1
2_MACS_peak_1009_lociStitched	chr1	147929758	147933057	2	3288	3713.3544	598	1
1_MACS_peak_16855_lociStitched	chr9	33289263	33291444	1	2182	3701.157	599	1
2_MACS_peak_6398_lociStitched	chr16	31469454	31471747	2	2215	3700.902	600	1
1_MACS_peak_16300_lociStitched	chr8	66752923	66755495	1	2573	3699.3076	601	1
1_MACS_peak_7326_lociStitched	chr17	56413333	56417059	1	3727	3695.8194	602	1
1_MACS_peak_963_lociStitched	chr1	144518688	144522149	1	3462	3695.3097	603	1
4_MACS_peak_4621_lociStitched	chr13	74705970	74710576	4	4002	3694.4726	604	1
1_MACS_peak_4437_lociStitched	chr13	31037767	31040203	1	2437	3691.2708	605	1
1_MACS_peak_7556_lociStitched	chr17	77810350	77813787	1	3438	3690.9943	606	1
1_MACS_peak_13413_lociStitched	chr5	68664478	68666226	1	1749	3684.2596	607	1
3_MACS_peak_2043_lociStitched	chr10	70846746	70851405	3	4146	3679.2123	608	1
1_MACS_peak_17203_lociStitched	chr9	116036849	116038785	1	1937	3679.1744	609	1
1_MACS_peak_10730_lociStitched	chr21	27106431	27108906	1	2476	3679.0875	610	1
2_MACS_peak_2571_lociStitched	chr11	9481284	9483706	2	2287	3677.807	611	1
3_MACS_peak_12166_lociStitched	chr3	141097327	141100773	3	3341	3676.882	612	1
1_MACS_peak_5588_lociStitched	chr15	59039351	59042684	1	3334	3673.9659	613	1
1_MACS_peak_10028_lociStitched	chr2	206949053	206951338	1	2286	3673.5945	614	1
1_MACS_peak_16909_lociStitched	chr9	36399568	36401792	1	2225	3671.3792	615	1
1_MACS_peak_13343_lociStitched	chr5	55774817	55777834	1	3018	3669.2754	616	1
1_MACS_peak_2828_lociStitched	chr11	62647713	62650223	1	2511	3666.106	617	1
1_MACS_peak_5704_lociStitched	chr15	70327590	70330556	1	2967	3664.1964	618	1
2_MACS_peak_8287_lociStitched	chr19	16481082	16484155	2	2981	3663.3233	619	1
1_MACS_peak_12276_lociStitched	chr3	160281930	160284202	1	2273	3654.512	620	1
1_MACS_peak_1905_lociStitched	chr10	27528745	27532012	1	3268	3653.4861	621	1
1_MACS_peak_13302_lociStitched	chr5	43601609	43604614	1	3006	3650.474	622	1
1_MACS_peak_5018_lociStitched	chr14	70233151	70235114	1	1964	3648.8244	623	1
1_MACS_peak_10820_lociStitched	chr21	40719669	40722090	1	2422	3648.6891	624	1
1_MACS_peak_15552_lociStitched	chr7	66309030	66311041	1	2012	3646.5463	625	1
1_MACS_peak_13704_lociStitched	chr5	118405757	118408518	1	2762	3643.1395	626	1
1_MACS_peak_5365_lociStitched	chr15	31656499	31660991	1	4493	3642.5628	627	1
1_MACS_peak_11894_lociStitched	chr3	100118712	100121583	1	2872	3639.2796	628	1
1_MACS_peak_8184_lociStitched	chr19	12720937	12722941	1	2005	3639.0636	629	1
1_MACS_peak_2551_lociStitched	chr11	6632676	6634559	1	1884	3636.2613	630	1
2_MACS_peak_9620_lociStitched	chr2	112207815	112211917	2	3930	3634.372	631	1
2_MACS_peak_11247_lociStitched	chr22	41487002	41489278	2	2123	3631.8132	632	1
1_MACS_peak_2883_lociStitched	chr11	65243826	65245897	1	2072	3631.7056	633	1
1_MACS_peak_12024_lociStitched	chr3	120460674	120462438	1	1765	3625.1964	634	1
1_MACS_peak_15337_lociStitched	chr7	26006273	26009293	1	3021	3624.604	635	1
1_MACS_peak_15906_lociStitched	chr7	121783482	121785404	1	1923	3624.1232	636	1
3_MACS_peak_7518_lociStitched	chr17	75139771	75144226	3	4127	3623.2515	637	1
3_MACS_peak_1411_lociStitched	chr1	197742549	197746680	3	3644	3622.4739	638	1
1_MACS_peak_2364_lociStitched	chr10	112630981	112634881	1	3901	3620.76	639	1
1_MACS_peak_16837_lociStitched	chr9	32550019	32553024	1	3006	3619.823	640	1
2_MACS_peak_429_lociStitched	chr1	36850411	36853633	2	3183	3617.3394	641	1
1_MACS_peak_26_lociStitched	chr1	1509136	1511044	1	1909	3615.4692	642	1
2_MACS_peak_9203_lociStitched	chr2	55843227	55846231	2	2959	3613.812	643	1
1_MACS_peak_17022_lociStitched	chr9	88896333	88898466	1	2134	3612.0222	644	1
2_MACS_peak_15974_lociStitched	chr7	134854080	134857716	2	3463	3611.6388	645	1
1_MACS_peak_13795_lociStitched	chr5	131830635	131833442	1	2808	3609.2406	646	1
1_MACS_peak_15919_lociStitched	chr7	127031373	127033716	1	2344	3606.8142	647	1
1_MACS_peak_940_lociStitched	chr1	119681779	119683988	1	2210	3606.1925	648	1
1_MACS_peak_2627_lociStitched	chr11	17228470	17230584	1	2115	3606.0612	649	1
1_MACS_peak_10464_lociStitched	chr20	42309380	42311818	1	2439	3605.802	650	1
1_MACS_peak_17082_lociStitched	chr9	96212922	96216454	1	3533	3604.0528	651	1
1_MACS_peak_40_lociStitched	chr1	1821095	1823418	1	2324	3603.6699	652	1
1_MACS_peak_10426_lociStitched	chr20	35201301	35204252	1	2952	3602.8759	653	1
1_MACS_peak_2959_lociStitched	chr11	67119902	67121955	1	2054	3601.3726	654	1
2_MACS_peak_14646_lociStitched	chr6	41039133	41042541	2	3283	3601.2336	655	1
2_MACS_peak_10617_lociStitched	chr20	56253647	56258399	2	4520	3601.0656	656	1
2_MACS_peak_16650_lociStitched	chr8	142137640	142141346	2	3518	3599.6378	657	1
1_MACS_peak_5163_lociStitched	chr14	91975402	91977633	1	2232	3597.0413	658	1
1_MACS_peak_16777_lociStitched	chr9	6680381	6682875	1	2495	3595.101	659	1
2_MACS_peak_2898_lociStitched	chr11	65380843	65384120	2	3020	3591.592	660	1
2_MACS_peak_6818_lociStitched	chr17	7744832	7748700	2	3830	3589.8908	661	1
1_MACS_peak_17465_lociStitched	chr9	140082232	140084562	1	2331	3579.113	662	1
1_MACS_peak_5611_lociStitched	chr15	63448080	63450562	1	2483	3576.8102	663	1
4_MACS_peak_14371_lociStitched	chr6	26195072	26200517	4	5049	3572.4645	664	1
1_MACS_peak_17132_lociStitched	chr9	102668537	102670056	1	1520	3570.2576	665	1
2_MACS_peak_12439_lociStitched	chr3	186500273	186502962	2	2594	3567.4963	666	1
2_MACS_peak_5620_lociStitched	chr15	63891249	63894607	2	3299	3565.1886	667	1
2_MACS_peak_5738_lociStitched	chr15	74832491	74836495	2	3897	3564.7612	668	1
1_MACS_peak_12918_lociStitched	chr4	103788986	103792235	1	3250	3560.2542	669	1
3_MACS_peak_9299_lociStitched	chr2	68476850	68480670	3	3285	3557.566	670	1
1_MACS_peak_12192_lociStitched	chr3	143689467	143692718	1	3252	3557.2442	671	1
2_MACS_peak_13736_lociStitched	chr5	126112063	126114793	2	2693	3555.552	672	1
2_MACS_peak_787_lociStitched	chr1	93425479	93428773	2	3271	3555.5436	673	1
1_MACS_peak_3871_lociStitched	chr12	57079855	57083252	1	3398	3554.6208	674	1
1_MACS_peak_13402_lociStitched	chr5	65439225	65441450	1	2226	3549.5425	675	1
3_MACS_peak_282_lociStitched	chr1	26436941	26441082	3	3723	3549.2511	676	1
1_MACS_peak_3971_lociStitched	chr12	72056479	72059061	1	2583	3547.4098	677	1
2_MACS_peak_5939_lociStitched	chr15	89942413	89945863	2	3410	3545.565	678	1
5_MACS_peak_746_lociStitched	chr1	87793302	87797792	5	4158	3542.161	679	1
1_MACS_peak_13540_lociStitched	chr5	88596297	88599565	1	3269	3533.3616	680	1
1_MACS_peak_5391_lociStitched	chr15	34657626	34660842	1	3217	3532.4544	681	1
1_MACS_peak_16042_lociStitched	chr7	148394823	148397346	1	2524	3531.6954	682	1
1_MACS_peak_1908_lociStitched	chr10	28820851	28823301	1	2451	3529.96	683	1
2_MACS_peak_16609_lociStitched	chr8	128747032	128751390	2	4237	3526.0578	684	1
3_MACS_peak_10047_lociStitched	chr2	211034209	211037301	3	3004	3525.1892	685	1
4_MACS_peak_13960_lociStitched	chr5	149789449	149793240	4	3504	3517.6689	686	1
1_MACS_peak_12540_lociStitched	chr4	1240914	1244019	1	3106	3516.723	687	1
1_MACS_peak_12913_lociStitched	chr4	103421639	103423957	1	2319	3507.134	688	1
1_MACS_peak_13789_lociStitched	chr5	131799205	131803792	1	4588	3506.3028	689	1
1_MACS_peak_15705_lociStitched	chr7	98475834	98478368	1	2535	3502.2414	690	1
1_MACS_peak_38_lociStitched	chr1	1676319	1678614	1	2296	3502.17	691	1
1_MACS_peak_15781_lociStitched	chr7	102064768	102067871	1	3104	3500.184	692	1
2_MACS_peak_7724_lociStitched	chr18	29671319	29673891	2	2553	3498.1772	693	1
1_MACS_peak_3022_lociStitched	chr11	71822393	71824498	1	2106	3494.3	694	1
1_MACS_peak_35_lociStitched	chr1	1622887	1625416	1	2530	3491.5374	695	1
