#26_0F2C_0229Kronos_MM1S-KB-3hr-2_H3K27me3_hs-dm_i13_peaks Enhancers
#Created from /data/projects/IRF4_mm_trn_data/p300_internal_ChIP/rose/26_0F2C_0229Kronos_MM1S-KB-3hr-2_H3K27me3_hs-dm_i13_ROSE/26_0F2C_0229Kronos_MM1S-KB-3hr-2_H3K27me3_hs-dm_i13_peaks_1KB_STITCHED_ENHANCER_REGION_MAP.txt
#Ranked by X26_0F2C_0229Kronos_MM1S.KB.3hr.2_H3K27me3_hs.dm_i13.bam
#Using cutoff of 22166.066 for Super-Enhancers
#Created on Jul 18 2024 
REGION_ID	CHROM	START	STOP	NUM_LOCI	CONSTITUENT_SIZE	X26_0F2C_0229Kronos_MM1S.KB.3hr.2_H3K27me3_hs.dm_i13.bam	X40_0EXS_0229Kronos_MM1S.KB.3hr.2_Input_hs_i84.bam	enhancerRank	isSuperStretch
31_MACS_peak_16614_lociStitched	chr17	77078373	77298211	31	212612	389113.26	18972.0194	1	1
23_MACS_peak_16942_lociStitched	chr17	78991249	79160327	23	164242	356686.9488	14337.8144	2	1
33_MACS_peak_17667_lociStitched	chr19	3773167	3953641	33	174094	318356.136	23100.672	3	1
16_MACS_peak_17394_lociStitched	chr19	1670438	1812373	16	138376	344575.5995	18465.7435	4	1
14_MACS_peak_37254_lociStitched	chr9	139477045	139614251	14	135136	280846.9614	11415.5392	5	1
19_MACS_peak_496_lociStitched	chr1	3393889	3536409	19	137693	263405.464	10689	6	1
20_MACS_peak_11822_lociStitched	chr16	1204187	1341566	20	132572	266089.3851	10976.5821	7	1
19_MACS_peak_16976_lociStitched	chr17	79316943	79451467	19	130938	261783.704	11004.0632	8	1
23_MACS_peak_15575_lociStitched	chr17	47937756	48079733	23	138023	237598.5095	13573.0012	9	1
26_MACS_peak_16658_lociStitched	chr17	77345858	77493841	26	143701	223691.1028	12667.3448	10	1
41_MACS_peak_35994_lociStitched	chr9	132405595	132552162	41	135986	212404.8964	13645.3877	11	1
28_MACS_peak_27046_lociStitched	chr22	37711773	37845373	28	126866	217661.12	11850.32	12	1
15_MACS_peak_17317_lociStitched	chr19	681373	793179	15	108517	232187.5202	14109.9172	13	1
14_MACS_peak_25872_lociStitched	chr21	46813796	46920191	14	103222	229845.1185	12352.4595	14	1
11_MACS_peak_1756_lociStitched	chr1	10755015	10852144	11	96313	178639.6568	8663.9068	15	1
8_MACS_peak_25048_lociStitched	chr20	60984746	61072266	8	86621	189358.272	7325.424	16	1
4_MACS_peak_25867_lociStitched	chr21	46709510	46795437	4	84990	191660.1735	10629.1699	17	1
10_MACS_peak_30283_lociStitched	chr4	9211665	9274631	10	61753	227590.607	20419.8738	18	1
2_MACS_peak_6920_lociStitched	chr11	1982561	2064817	2	82047	182452.0336	6564.0288	19	1
2_MACS_peak_18441_lociStitched	chr19	8850840	8900860	2	49791	229086.598	24254.698	20	1
17_MACS_peak_36299_lociStitched	chr9	135020773	135116534	17	93442	159432.4889	9106.8711	21	1
13_MACS_peak_25580_lociStitched	chr21	44147610	44231265	13	80934	173751.435	11527.659	22	1
13_MACS_peak_27976_lociStitched	chr22	46287804	46374796	13	85100	158629.912	7350.824	23	1
19_MACS_peak_6941_lociStitched	chr11	2148815	2241091	19	87927	153344.2568	7086.7968	24	1
12_MACS_peak_25566_lociStitched	chr21	44049998	44136747	12	83906	163625.9638	11893.2879	25	1
23_MACS_peak_36597_lociStitched	chr9	136492015	136588806	23	91593	142969.9861	7327.0787	26	1
29_MACS_peak_2408_lociStitched	chr1	17916042	18015979	29	94831	130277.8732	7875.0356	27	1
7_MACS_peak_17355_lociStitched	chr19	1282669	1345883	7	62211	173484.5016	7794.2862	28	1
19_MACS_peak_6826_lociStitched	chr11	1613639	1700482	19	82247	143447.2674	8910.0918	29	1
39_MACS_peak_13777_lociStitched	chr17	784446	882354	39	90369	126085.9224	8890.0464	30	1
20_MACS_peak_25307_lociStitched	chr20	62777393	62866189	20	84019	137243.0976	7965.0012	31	1
11_MACS_peak_25800_lociStitched	chr21	46404167	46477533	11	71306	159079.4978	9090.0474	32	1
6_MACS_peak_25060_lociStitched	chr20	61141432	61213391	6	71003	147487.1664	6123.7109	33	1
5_MACS_peak_2181_lociStitched	chr1	17011875	17066329	5	53659	168469.7852	14103.586	34	1
20_MACS_peak_15622_lociStitched	chr17	48633985	48714754	20	77143	127025.4063	7568.0553	35	1
5_MACS_peak_25795_lociStitched	chr21	46301113	46358440	5	56777	157431.4074	7762.0758	36	1
15_MACS_peak_26094_lociStitched	chr22	19689550	19763952	15	72073	130203.5	6145.6052	37	1
13_MACS_peak_9758_lociStitched	chr12	54337720	54411732	13	72395	130897.6232	7519.6192	38	1
8_MACS_peak_17621_lociStitched	chr19	3360426	3434920	8	73560	129247.09	9118.0656	39	1
30_MACS_peak_25928_lociStitched	chr21	47347490	47425752	30	70037	131761.9032	9219.2636	40	1
5_MACS_peak_17737_lociStitched	chr19	4557407	4624068	5	65787	138214.9174	9459.1959	41	1
28_MACS_peak_3504_lociStitched	chr1	23160829	23247825	28	79273	108544.9092	7629.5492	42	1
10_MACS_peak_30293_lociStitched	chr4	9324620	9370921	10	45762	162484.0993	13515.2619	43	1
20_MACS_peak_19501_lociStitched	chr19	18059293	18132367	20	68797	115347.309	6759.345	44	1
10_MACS_peak_435_lociStitched	chr1	3099157	3169736	10	69201	109672.7081	4848.7773	45	1
11_MACS_peak_36042_lociStitched	chr9	132911577	132983477	11	69567	110452.78	6614.8	46	1
31_MACS_peak_29673_lociStitched	chr4	7234059	7317181	31	74995	97784.7208	6857.565	47	1
9_MACS_peak_13894_lociStitched	chr17	1828303	1899839	9	69113	109056.632	6216.4784	48	1
8_MACS_peak_236_lociStitched	chr1	2347924	2412246	8	62917	117033.879	4502.54	49	1
9_MACS_peak_13825_lociStitched	chr17	1041239	1106179	9	63453	118262.234	6883.64	50	1
14_MACS_peak_168_lociStitched	chr1	1915774	1986131	14	67204	110045.3837	5881.8452	51	1
21_MACS_peak_6874_lociStitched	chr11	1787005	1859169	21	66956	110829.4712	6761.7668	52	1
19_MACS_peak_30169_lociStitched	chr4	8586018	8659488	19	69943	103247.391	5392.698	53	1
30_MACS_peak_3474_lociStitched	chr1	23079712	23158899	30	72537	95634.1399	6786.3259	54	1
23_MACS_peak_2101_lociStitched	chr1	16410007	16483445	23	67879	103253.828	6631.4514	55	1
24_MACS_peak_1779_lociStitched	chr1	10907197	10980570	24	67659	102626.8151	6816.3517	56	1
35_MACS_peak_16829_lociStitched	chr17	77998947	78074423	35	68007	99145.2736	6755.102	57	1
20_MACS_peak_27217_lociStitched	chr22	40036633	40108031	20	66190	99435.9946	6618.5946	58	1
6_MACS_peak_1102_lociStitched	chr1	6473538	6530493	6	55785	117241.8675	5997.3615	59	1
12_MACS_peak_476_lociStitched	chr1	3296826	3362080	12	63589	102174.7132	4482.9498	60	1
11_MACS_peak_11811_lociStitched	chr16	1144548	1202597	11	56979	113212.9647	3883.4781	61	1
8_MACS_peak_29285_lociStitched	chr4	1751814	1808564	8	54646	117370.35	4619.45	62	1
18_MACS_peak_417_lociStitched	chr1	3031257	3097107	18	61927	99308.385	4464.63	63	1
8_MACS_peak_25071_lociStitched	chr20	61313399	61371654	8	56688	107841.656	4998.279	64	1
20_MACS_peak_29370_lociStitched	chr4	3625783	3693883	20	62761	93753.27	5822.55	65	1
17_MACS_peak_36829_lociStitched	chr9	137653302	137717068	17	60086	97657.629	4890.8522	66	1
12_MACS_peak_60_lociStitched	chr1	955525	1016778	12	56665	104074.9723	5145.252	67	1
5_MACS_peak_1751_lociStitched	chr1	10699809	10753554	5	52843	109672.047	4842.4245	68	1
8_MACS_peak_36191_lociStitched	chr9	133770057	133825230	8	54099	106561.1322	4314.5286	69	1
19_MACS_peak_3307_lociStitched	chr1	22542421	22609904	19	62564	92289.7508	6451.3748	70	1
18_MACS_peak_36104_lociStitched	chr9	133249623	133314650	18	61254	93482.8152	5169.6465	71	1
3_MACS_peak_25157_lociStitched	chr20	61850194	61902805	3	51890	109620.2796	4813.9065	72	1
23_MACS_peak_8080_lociStitched	chr11	69969134	70036846	23	62527	90564.8	5396.6464	73	1
33_MACS_peak_2232_lociStitched	chr1	17407880	17478559	33	63270	89635.1078	6551.9433	74	1
26_MACS_peak_7503_lociStitched	chr11	64386436	64455655	26	62897	89257.9005	6388.9137	75	1
8_MACS_peak_33_lociStitched	chr1	829605	879438	8	47627	114222.2193	4818.8511	76	1
12_MACS_peak_17962_lociStitched	chr19	5828100	5890982	12	61392	94819.7678	8778.3272	77	1
11_MACS_peak_36561_lociStitched	chr9	136368609	136426557	11	56207	95961.888	4363.4844	78	1
6_MACS_peak_7335_lociStitched	chr11	61442177	61499686	6	56713	95654.7197	5250.5717	79	1
15_MACS_peak_37181_lociStitched	chr9	138860257	138919559	15	56508	92866.932	4589.9748	80	1
5_MACS_peak_228_lociStitched	chr1	2243692	2294334	5	48900	104722.5918	4228.607	81	1
19_MACS_peak_7270_lociStitched	chr11	61272481	61332808	19	56221	92414.9313	5344.9722	82	1
28_MACS_peak_6845_lociStitched	chr11	1702242	1770087	28	58123	88829.4585	6553.827	83	1
10_MACS_peak_11800_lociStitched	chr16	1084598	1140873	10	54412	92831.24	3764.7975	84	1
8_MACS_peak_25105_lociStitched	chr20	61585804	61640598	8	53727	95379.9158	5090.3626	85	1
10_MACS_peak_17710_lociStitched	chr19	4183547	4240450	10	54973	95403.5698	8421.644	86	1
19_MACS_peak_36350_lociStitched	chr9	135335810	135400955	19	59456	82545.2295	5784.876	87	1
9_MACS_peak_1067_lociStitched	chr1	6180857	6234632	9	52028	95966.865	4882.77	88	1
6_MACS_peak_25714_lociStitched	chr21	45900395	45954051	6	52101	97707.576	6937.7208	89	1
21_MACS_peak_29390_lociStitched	chr4	3701023	3763406	21	58524	81503.3895	4828.4442	90	1
2_MACS_peak_21722_lociStitched	chr19	50594116	50643885	2	49743	104992.6824	15139.7298	91	1
11_MACS_peak_450_lociStitched	chr1	3178022	3235624	11	54157	85250.96	3778.6912	92	1
17_MACS_peak_400_lociStitched	chr1	2969869	3029906	17	55089	81308.1091	3386.0868	93	1
21_MACS_peak_146_lociStitched	chr1	1851136	1910650	21	53915	83093.4468	5427.6768	94	1
6_MACS_peak_35811_lociStitched	chr9	129370375	129420476	6	47391	92862.2035	4474.0193	95	1
20_MACS_peak_30915_lociStitched	chr5	176117203	176176880	20	54905	76816.2344	5263.5114	96	1
8_MACS_peak_21551_lociStitched	chr19	49521170	49575050	8	51861	83303.868	5291.016	97	1
4_MACS_peak_31408_lociStitched	chr6	31990125	32033185	4	42742	97991.642	4792.578	98	1
17_MACS_peak_13760_lociStitched	chr17	724905	783159	17	55082	76405.9464	5802.0984	99	1
6_MACS_peak_25194_lociStitched	chr20	62074808	62122554	6	46675	90440.4732	3910.3974	100	1
9_MACS_peak_34693_lociStitched	chr8	142359940	142412834	9	51407	81906.359	4501.2794	101	1
11_MACS_peak_25079_lociStitched	chr20	61373027	61422165	11	46053	87514.778	4117.7644	102	1
17_MACS_peak_2293_lociStitched	chr1	17534360	17589864	17	52548	75490.9904	5189.624	103	1
9_MACS_peak_28968_lociStitched	chr3	128168919	128216791	9	46160	86906.8288	4801.5616	104	1
10_MACS_peak_9835_lociStitched	chr12	57570178	57619839	10	46942	86017.8181	5641.4896	105	1
3_MACS_peak_34670_lociStitched	chr8	142013017	142060296	3	46377	86704.9581	6146.27	106	1
12_MACS_peak_16817_lociStitched	chr17	77941718	77995859	12	50484	77567.8107	4991.8002	107	1
12_MACS_peak_1767_lociStitched	chr1	10853778	10905284	12	49474	79108.0654	4795.2086	108	1
18_MACS_peak_27920_lociStitched	chr22	45894255	45949867	18	51450	74114.1124	4749.2648	109	1
14_MACS_peak_37154_lociStitched	chr9	138571940	138624400	14	50275	75075.506	3740.398	110	1
14_MACS_peak_16110_lociStitched	chr17	72332441	72386188	14	51154	72870.1826	4321.2588	111	1
9_MACS_peak_29333_lociStitched	chr4	3457089	3499480	9	40659	90848.1521	3717.6907	112	1
18_MACS_peak_18302_lociStitched	chr19	8173327	8225255	18	48168	74880.176	6698.712	113	1
2_MACS_peak_26129_lociStitched	chr22	20151857	20192771	2	40871	82989.9576	3461.3244	114	1
9_MACS_peak_25467_lociStitched	chr21	43129414	43177416	9	46491	76169.5736	6681.8784	115	1
3_MACS_peak_25186_lociStitched	chr20	62022104	62063197	3	40894	80357.3615	3049.1006	116	1
9_MACS_peak_36203_lociStitched	chr9	133834707	133880407	9	44856	74509.28	4492.31	117	1
12_MACS_peak_11739_lociStitched	chr16	858464	907261	12	46008	71995.0938	4323.4142	118	1
9_MACS_peak_25519_lociStitched	chr21	43763107	43807791	9	42084	80895.9136	6380.8752	119	1
3_MACS_peak_37236_lociStitched	chr9	139216987	139252804	3	35525	86856.225	2757.909	120	1
13_MACS_peak_20108_lociStitched	chr19	35977307	36028704	13	46721	69905.0597	4826.1783	121	1
5_MACS_peak_27018_lociStitched	chr22	37469351	37514135	5	43807	75384.9072	4469.4432	122	1
15_MACS_peak_24008_lociStitched	chr20	48882112	48931824	15	47937	65878.3424	4548.648	123	1
9_MACS_peak_25679_lociStitched	chr21	45760683	45802952	9	40795	80606.983	5714.7688	124	1
4_MACS_peak_2091_lociStitched	chr1	16339293	16380607	4	39948	79033.682	3668.6832	125	1
20_MACS_peak_28828_lociStitched	chr3	50473489	50525933	20	46960	64212.4336	4525.9172	126	1
6_MACS_peak_37221_lociStitched	chr9	139013405	139056342	6	41267	74083.4998	3413.4915	127	1
5_MACS_peak_33139_lociStitched	chr7	150862742	150905457	5	41456	76532.4655	6347.449	128	1
4_MACS_peak_33108_lociStitched	chr7	149498201	149532728	4	34391	85240.2576	4578.2802	129	1
7_MACS_peak_22509_lociStitched	chr2	26777317	26819925	7	41706	74410.6112	5232.2624	130	1
11_MACS_peak_25165_lociStitched	chr20	61937708	61983156	11	42673	71085.2168	3722.1912	131	1
10_MACS_peak_20789_lociStitched	chr19	42466959	42511167	10	42511	71749.584	4226.2848	132	1
5_MACS_peak_26131_lociStitched	chr22	20197252	20238606	5	40761	73246.2048	3180.1226	133	1
11_MACS_peak_17333_lociStitched	chr19	819305	862141	11	39125	76487.9616	5118.902	134	1
9_MACS_peak_16239_lociStitched	chr17	72908257	72953113	9	42463	68037.5808	3996.6696	135	1
13_MACS_peak_37012_lociStitched	chr9	138129207	138175782	13	44880	61940.0925	3702.7125	136	1
7_MACS_peak_27275_lociStitched	chr22	42720533	42765318	7	43169	65569.7185	3717.155	137	1
18_MACS_peak_14285_lociStitched	chr17	7664208	7714410	18	44650	62727.399	5005.1394	138	1
10_MACS_peak_35818_lociStitched	chr9	129427244	129470640	10	40876	69976.05	4591.2968	139	1
8_MACS_peak_7534_lociStitched	chr11	64475626	64518443	8	39712	71016.2762	4063.3333	140	1
4_MACS_peak_11796_lociStitched	chr16	1044927	1083153	4	37847	72059.8326	3061.9026	141	1
15_MACS_peak_17533_lociStitched	chr19	3079132	3127922	15	44484	60138.554	5645.003	142	1
10_MACS_peak_17382_lociStitched	chr19	1514002	1552959	10	37273	73691.0612	5138.4283	143	1
13_MACS_peak_33144_lociStitched	chr7	150940765	150977790	13	34657	77756.2025	5601.8825	144	1
7_MACS_peak_7341_lociStitched	chr11	61501386	61544231	7	40557	65681.385	3877.4725	145	1
12_MACS_peak_28786_lociStitched	chr3	50216448	50259494	12	39271	68369.9618	4235.7264	146	1
21_MACS_peak_17821_lociStitched	chr19	5300822	5347005	21	42095	63866.4707	5652.7992	147	1
5_MACS_peak_32187_lociStitched	chr7	2532576	2573068	5	38798	68168.282	3992.5112	148	1
17_MACS_peak_2863_lociStitched	chr1	19023674	19070137	17	43127	58761.7561	3912.1846	149	1
6_MACS_peak_37227_lociStitched	chr9	139058950	139096442	6	36782	69956.3228	2871.8872	150	1
8_MACS_peak_6716_lociStitched	chr11	1025672	1063917	8	37366	69020.7515	3159.037	151	1
12_MACS_peak_15528_lociStitched	chr17	47508799	47553525	12	40838	63443.831	4240.0248	152	1
19_MACS_peak_16569_lociStitched	chr17	76580917	76627663	19	42837	58853.214	4202.4654	153	1
13_MACS_peak_24172_lociStitched	chr20	56126246	56170981	13	42443	59792.801	4536.129	154	1
20_MACS_peak_11299_lociStitched	chr15	74586857	74633023	20	42629	58603.1204	4358.0704	155	1
13_MACS_peak_31346_lociStitched	chr6	30408737	30450696	13	38922	67285.4524	5765.1666	156	1
18_MACS_peak_1366_lociStitched	chr1	7505439	7552481	18	41670	59098.8646	3476.4038	157	1
9_MACS_peak_37212_lociStitched	chr9	138961930	139000726	9	36980	67586.5116	3076.5228	158	1
50_MACS_peak_34307_lociStitched	chr8	7570006	7630151	50	47160	43701.357	4366.527	159	1
22_MACS_peak_30258_lociStitched	chr4	8876170	8923957	22	42015	57836.6061	3932.8701	160	1
20_MACS_peak_33457_lociStitched	chr7	155596229	155642287	20	40704	61906.5578	5070.9858	161	1
27_MACS_peak_34762_lociStitched	chr8	142586028	142635253	27	42301	56397.0825	3514.665	162	1
6_MACS_peak_9317_lociStitched	chr12	3367879	3409337	6	40438	60404.306	3776.8238	163	1
9_MACS_peak_16808_lociStitched	chr17	77898563	77940369	9	38719	63812.6784	3921.4028	164	1
16_MACS_peak_311_lociStitched	chr1	2715382	2760163	16	41266	57749.5776	3345.1407	165	1
14_MACS_peak_1898_lociStitched	chr1	11483557	11526911	14	41177	58272.1114	3763.1272	166	1
21_MACS_peak_9296_lociStitched	chr12	3319783	3366488	21	42379	55317.402	3965.2545	167	1
16_MACS_peak_7290_lociStitched	chr11	61337377	61381268	16	41151	58427.6992	4187.2014	168	1
9_MACS_peak_26136_lociStitched	chr22	20240293	20281146	9	38678	61969.9157	3076.2309	169	1
13_MACS_peak_6755_lociStitched	chr11	1237992	1279467	13	39629	60225.8475	3297.2625	170	1
15_MACS_peak_10106_lociStitched	chr13	113667832	113710938	15	39774	60154.423	3840.7446	171	1
7_MACS_peak_10099_lociStitched	chr13	113627147	113666355	7	38291	62285.8288	3320.9176	172	1
12_MACS_peak_5945_lociStitched	chr10	102482600	102521270	12	35820	66829.494	3781.926	173	1
5_MACS_peak_36212_lociStitched	chr9	133882410	133918796	5	35352	66917.4926	3271.1014	174	1
15_MACS_peak_27458_lociStitched	chr22	44214019	44257342	15	40098	56623.161	3426.8493	175	1
12_MACS_peak_36218_lociStitched	chr9	133934950	133975056	12	38633	59882.2686	3553.3916	176	1
8_MACS_peak_18232_lociStitched	chr19	7829967	7871147	8	39754	59262.138	5695.194	177	1
13_MACS_peak_17654_lociStitched	chr19	3708026	3747017	13	36041	65770.0188	5762.8698	178	1
4_MACS_peak_17731_lociStitched	chr19	4509902	4543020	4	32962	69544.4882	4759.0566	179	1
5_MACS_peak_85_lociStitched	chr1	1093452	1124345	5	30720	70504.0046	2520.8688	180	1
10_MACS_peak_15540_lociStitched	chr17	47554873	47593252	10	36946	61828.569	4083.5256	181	1
7_MACS_peak_27327_lociStitched	chr22	42918428	42956847	7	36476	64394.0859	6481.2853	182	1
10_MACS_peak_17976_lociStitched	chr19	5991296	6029846	10	37322	61198.125	5528.07	183	1
14_MACS_peak_6975_lociStitched	chr11	2304137	2344283	14	37112	57854.4006	2998.9062	184	1
17_MACS_peak_2000_lociStitched	chr1	11911634	11953816	17	38649	55427.148	4041.0356	185	1
3_MACS_peak_17720_lociStitched	chr19	4275553	4309783	3	34201	64461.936	4538.898	186	1
18_MACS_peak_18574_lociStitched	chr19	11345834	11389881	18	39153	54481.7343	4611.7209	187	1
3_MACS_peak_17707_lociStitched	chr19	4140423	4173347	3	32070	67816.8552	4642.284	188	1
19_MACS_peak_17922_lociStitched	chr19	5722021	5767849	19	39580	53944.1388	5948.4744	189	1
15_MACS_peak_6779_lociStitched	chr11	1388229	1430285	15	38106	54609.716	3204.6672	190	1
8_MACS_peak_27295_lociStitched	chr22	42791887	42831398	8	37314	56804.9647	3891.8335	191	1
14_MACS_peak_343_lociStitched	chr1	2814790	2854661	14	37755	53522.8304	2491.9375	192	1
13_MACS_peak_25535_lociStitched	chr21	43829329	43870188	13	37050	58693.9535	6357.6604	193	1
9_MACS_peak_14738_lociStitched	chr17	26830959	26867847	9	35785	58710.9408	4009.7256	194	1
10_MACS_peak_11945_lociStitched	chr16	2854504	2892344	10	35679	58057.912	3583.448	195	1
8_MACS_peak_4222_lociStitched	chr1	32125991	32165419	8	38193	52809.8632	3848.1728	196	1
12_MACS_peak_27421_lociStitched	chr22	43799696	43839425	12	37572	53383.8573	3023.3769	197	1
19_MACS_peak_31481_lociStitched	chr6	33760400	33803070	19	38882	51225.335	4147.524	198	1
3_MACS_peak_23013_lociStitched	chr2	220328786	220362783	3	32987	62469.4875	3307.9081	199	1
11_MACS_peak_36683_lociStitched	chr9	137095832	137135511	11	35674	56740.97	2741.8189	200	1
13_MACS_peak_32200_lociStitched	chr7	2671665	2711939	13	35651	57104.5046	3229.9748	201	1
4_MACS_peak_31404_lociStitched	chr6	31958211	31985253	4	26936	71131.2768	3642.5574	202	1
10_MACS_peak_11751_lociStitched	chr16	915178	953904	10	35368	57709.4852	3287.8374	203	1
8_MACS_peak_25149_lociStitched	chr20	61779509	61817095	8	35750	55811.4514	2416.7798	204	1
9_MACS_peak_25978_lociStitched	chr21	47528585	47562545	9	31896	63929.7	3745.788	205	1
5_MACS_peak_27565_lociStitched	chr22	44732070	44768152	5	35448	56446.6808	2688.109	206	1
20_MACS_peak_11251_lociStitched	chr15	74461176	74504139	20	37799	52307.4525	3965.4849	207	1
14_MACS_peak_31412_lociStitched	chr6	32034770	32072675	14	35150	57187.2735	3741.2235	208	1
10_MACS_peak_4884_lociStitched	chr1	156821094	156858780	10	34371	60610.3938	5867.7102	209	1
12_MACS_peak_6929_lociStitched	chr11	2105800	2145491	12	36102	54412.3919	3373.735	210	1
10_MACS_peak_46_lociStitched	chr1	913467	947850	10	32183	61346.1486	3146.0445	211	1
13_MACS_peak_27634_lociStitched	chr22	44964930	45005679	13	37759	49074.0207	3149.8977	212	1
14_MACS_peak_16917_lociStitched	chr17	78478643	78517619	14	36701	51662.688	3293.472	213	1
9_MACS_peak_23488_lociStitched	chr20	30425280	30462528	9	34330	57320.9472	4101.0048	214	1
9_MACS_peak_16737_lociStitched	chr17	77636133	77674294	9	36557	51830.2702	3468.8349	215	1
8_MACS_peak_27795_lociStitched	chr22	45319965	45357440	8	36783	50527.5425	2870.585	216	1
7_MACS_peak_37308_lociStitched	chr9	139923879	139955200	7	30295	62006.1837	2897.1925	217	1
8_MACS_peak_35114_lociStitched	chr8	143636062	143673929	8	35089	52892.6256	2684.7703	218	1
4_MACS_peak_16908_lociStitched	chr17	78429591	78461777	4	31625	59611.6906	2993.298	219	1
23_MACS_peak_2839_lociStitched	chr1	18978949	19020992	23	38279	45292.9239	3619.9023	220	1
21_MACS_peak_27681_lociStitched	chr22	45093356	45135249	21	36544	49484.0116	3364.0079	221	1
11_MACS_peak_27077_lociStitched	chr22	37886047	37923839	11	35517	51933.7664	3556.2272	222	1
13_MACS_peak_27552_lociStitched	chr22	44691587	44730351	13	35061	52928.3656	3670.9508	223	1
5_MACS_peak_36442_lociStitched	chr9	135848430	135882520	5	33892	54714.45	3177.188	224	1
8_MACS_peak_5028_lociStitched	chr1	201321980	201357974	8	34211	55610.73	4927.5786	225	1
4_MACS_peak_30962_lociStitched	chr5	176265775	176297776	4	31381	58437.0261	3033.6948	226	1
7_MACS_peak_37269_lociStitched	chr9	139627977	139659079	7	30051	60325.4392	2740.0862	227	1
10_MACS_peak_35426_lociStitched	chr8	144938490	144972830	10	32470	56901.38	3509.548	228	1
4_MACS_peak_29065_lociStitched	chr3	184274888	184305806	4	30012	61226.9154	4374.897	229	1
10_MACS_peak_36784_lociStitched	chr9	137508750	137548258	10	35319	48784.4784	2757.6584	230	1
3_MACS_peak_37233_lociStitched	chr9	139138640	139167013	3	27928	61716.9496	2513.8478	231	1
14_MACS_peak_24459_lociStitched	chr20	57178649	57218101	14	36082	47220.0988	3566.4608	232	1
11_MACS_peak_32812_lociStitched	chr7	100743721	100781639	11	34858	50385.4384	4049.6424	233	1
7_MACS_peak_20193_lociStitched	chr19	36334893	36370629	7	34657	49505.0808	3255.5496	234	1
12_MACS_peak_29441_lociStitched	chr4	3850700	3888427	12	33940	50689.9972	3172.8407	235	1
22_MACS_peak_15122_lociStitched	chr17	41703942	41744893	22	36091	45553.8924	3489.0252	236	1
4_MACS_peak_17745_lociStitched	chr19	4734043	4767546	4	32984	53577.9976	4730.6236	237	1
1_MACS_peak_33107_lociStitched	chr7	149470090	149496012	1	25923	63573.705	3294.6862	238	1
9_MACS_peak_27160_lociStitched	chr22	39213946	39249747	9	33249	51313.5733	3365.294	239	1
24_MACS_peak_24500_lociStitched	chr20	57354126	57394505	24	35109	47013.2697	3492.7835	240	1
5_MACS_peak_14907_lociStitched	chr17	36716083	36747020	5	30235	56568.3045	3189.6047	241	1
15_MACS_peak_2393_lociStitched	chr1	17875549	17914548	15	34829	47516.3816	3474.8109	242	1
7_MACS_peak_16591_lociStitched	chr17	77015612	77047863	7	30748	55839.3814	3534.7096	243	1
9_MACS_peak_334_lociStitched	chr1	2776087	2812354	9	33963	48423.6984	2549.5701	244	1
6_MACS_peak_17376_lociStitched	chr19	1483971	1512983	6	27346	62123.3956	4418.5276	245	1
10_MACS_peak_18858_lociStitched	chr19	14269342	14305855	10	34454	47423.0844	3023.2764	246	1
14_MACS_peak_21497_lociStitched	chr19	49173393	49209560	14	34538	47443.8706	3283.9636	247	1
13_MACS_peak_36751_lociStitched	chr9	137423089	137460361	13	33358	49042.4976	2702.22	248	1
15_MACS_peak_9201_lociStitched	chr12	1919609	1956076	15	34330	47549.3213	3478.9518	249	1
14_MACS_peak_19544_lociStitched	chr19	18343187	18379986	14	33732	48611.479	3834.4558	250	1
9_MACS_peak_1454_lociStitched	chr1	7715916	7750964	9	33469	47815.9864	2905.4792	251	1
5_MACS_peak_11982_lociStitched	chr16	3078332	3108480	5	29708	54848.2564	2607.802	252	1
4_MACS_peak_37168_lociStitched	chr9	138625511	138657822	4	31820	50463.3198	2391.014	253	1
20_MACS_peak_32723_lociStitched	chr7	100340827	100378068	20	34104	45910.7048	3124.5199	254	1
9_MACS_peak_16348_lociStitched	chr17	74872207	74906533	9	31555	51519.8934	3233.5092	255	1
6_MACS_peak_37173_lociStitched	chr9	138661106	138692043	6	28925	54275.8728	2375.9616	256	1
16_MACS_peak_205_lociStitched	chr1	2080215	2117887	16	33457	45959.84	3281.2312	257	1
14_MACS_peak_27570_lociStitched	chr22	44775606	44810721	14	33367	45526.5975	2858.361	258	1
7_MACS_peak_27545_lociStitched	chr22	44657874	44690571	7	31523	49503.258	2860.9875	259	1
7_MACS_peak_6913_lociStitched	chr11	1937306	1968209	7	28976	53938.0962	2790.5409	260	1
14_MACS_peak_22166_lociStitched	chr19	55629917	55665938	14	32644	47245.1436	3303.1257	261	1
10_MACS_peak_7805_lociStitched	chr11	68758290	68790848	10	30193	51285.3616	2878.1272	262	1
9_MACS_peak_25177_lociStitched	chr20	61988524	62019956	9	30442	50030.3144	2338.5408	263	1
10_MACS_peak_35561_lociStitched	chr9	34548467	34581758	10	32230	46993.5756	3202.5942	264	1
11_MACS_peak_22237_lociStitched	chr19	55995680	56028129	11	30162	50587.991	3261.1245	265	1
7_MACS_peak_35762_lociStitched	chr9	127232471	127264760	7	30387	49702.4577	3035.166	266	1
9_MACS_peak_32692_lociStitched	chr7	100213835	100247733	9	32180	45650.4366	3206.7508	267	1
10_MACS_peak_17629_lociStitched	chr19	3436526	3467600	10	28894	53173.8288	4151.4864	268	1
10_MACS_peak_28848_lociStitched	chr3	50527934	50563124	10	32726	43646.157	3191.733	269	1
6_MACS_peak_22967_lociStitched	chr2	219845415	219873955	6	27717	53509.646	2971.014	270	1
13_MACS_peak_16540_lociStitched	chr17	76477157	76511911	13	31011	47463.5378	3110.483	271	1
7_MACS_peak_1985_lociStitched	chr1	11747186	11777302	7	29592	49896.1888	2761.6372	272	1
6_MACS_peak_16965_lociStitched	chr17	79272123	79301397	6	28120	52631.7246	2918.6178	273	1
6_MACS_peak_17615_lociStitched	chr19	3327549	3359416	6	30505	49336.4894	4193.6972	274	1
20_MACS_peak_36946_lociStitched	chr9	137991907	138029952	20	32311	43972.411	2834.3525	275	1
5_MACS_peak_21644_lociStitched	chr19	49915894	49946101	5	29124	50056.0197	2425.6221	276	1
12_MACS_peak_16495_lociStitched	chr17	76295104	76329336	12	31240	46000.9616	3560.128	277	1
9_MACS_peak_35122_lociStitched	chr8	143675407	143708810	9	31503	44238.9332	2618.7952	278	1
13_MACS_peak_16895_lociStitched	chr17	78395341	78427787	13	29597	47205.6854	2680.0396	279	1
17_MACS_peak_2900_lociStitched	chr1	19115501	19151817	17	32241	41534.6092	3050.544	280	1
6_MACS_peak_36546_lociStitched	chr9	136294633	136324432	6	28945	48211.8021	2878.5834	281	1
4_MACS_peak_21237_lociStitched	chr19	47901922	47930698	4	28507	49063.08	2989.8264	282	1
9_MACS_peak_18332_lociStitched	chr19	8265597	8299994	9	31709	42803.6268	4406.2557	283	1
8_MACS_peak_13834_lociStitched	chr17	1108317	1140024	8	29473	46932.7014	3516.3063	284	1
22_MACS_peak_27474_lociStitched	chr22	44270639	44305546	22	31571	41671.9766	3284.7487	285	1
9_MACS_peak_25291_lociStitched	chr20	62726803	62756517	9	26964	50498.943	2733.688	286	1
8_MACS_peak_28529_lociStitched	chr3	13659718	13690616	8	30498	43600.1678	2876.6038	287	1
25_MACS_peak_3413_lociStitched	chr1	22966847	23004810	25	30974	42602.0786	3431.8552	288	1
3_MACS_peak_4857_lociStitched	chr1	156389258	156415277	3	25662	53976.4155	4540.3155	289	1
5_MACS_peak_3261_lociStitched	chr1	21906283	21933673	5	26802	50085.354	2626.701	290	1
19_MACS_peak_29653_lociStitched	chr4	7195044	7230535	19	32083	38880.3905	2757.6507	291	1
11_MACS_peak_16228_lociStitched	chr17	72873487	72906897	11	30704	42667.911	3307.59	292	1
6_MACS_peak_18181_lociStitched	chr19	7633482	7664258	6	29946	45117.616	4028.5784	293	1
12_MACS_peak_27263_lociStitched	chr22	42684753	42716925	12	29882	44059.554	2950.1724	294	1
17_MACS_peak_36150_lociStitched	chr9	133389909	133424221	17	31327	40848.436	3184.1536	295	1
15_MACS_peak_28313_lociStitched	chr22	50492109	50525892	15	29890	43657.7709	2645.2089	296	1
9_MACS_peak_14015_lociStitched	chr17	4478830	4508749	9	27074	49255.6497	2824.3536	297	1
3_MACS_peak_7018_lociStitched	chr11	2425954	2449418	3	23103	54335.5848	2006.172	298	1
7_MACS_peak_3386_lociStitched	chr1	22871462	22903067	7	30178	42850.059	2939.265	299	1
18_MACS_peak_3351_lociStitched	chr1	22683192	22719749	18	31201	40768.3664	3527.7505	300	1
6_MACS_peak_21192_lociStitched	chr19	47114961	47144697	6	28258	46905.5664	3496.9536	301	1
16_MACS_peak_17478_lociStitched	chr19	2965383	3000071	16	31135	40966.528	4030.7456	302	1
17_MACS_peak_2339_lociStitched	chr1	17656121	17690579	17	31270	39674.9412	3270.0642	303	1
15_MACS_peak_27354_lociStitched	chr22	43593346	43627234	15	29594	42668.3808	2490.768	304	1
14_MACS_peak_19521_lociStitched	chr19	18134182	18168044	14	30210	42388.4516	3721.4338	305	1
4_MACS_peak_4894_lociStitched	chr1	156860083	156885173	4	24590	52887.211	3848.806	306	1
6_MACS_peak_187_lociStitched	chr1	2013277	2043814	6	28994	42299.8524	2281.1139	307	1
22_MACS_peak_37576_lociStitched	chrX	152789673	152826170	22	30537	37934.9818	1883.2452	308	1
11_MACS_peak_36814_lociStitched	chr9	137604624	137635134	11	29234	40852.89	2147.904	309	1
6_MACS_peak_13903_lociStitched	chr17	1905889	1933347	6	26200	46382.0536	2169.182	310	1
9_MACS_peak_29642_lociStitched	chr4	7144723	7175236	9	28862	41308.4994	2593.605	311	1
11_MACS_peak_30100_lociStitched	chr4	8261356	8293000	11	29252	39710.0556	2208.7512	312	1
11_MACS_peak_27023_lociStitched	chr22	37515633	37546416	11	28779	41584.7547	3084.4566	313	1
15_MACS_peak_31605_lociStitched	chr6	34067541	34099215	15	27750	43241.3448	2524.4178	314	1
16_MACS_peak_35264_lociStitched	chr8	144207333	144240582	16	29773	38778.3087	3118.7562	315	1
15_MACS_peak_14586_lociStitched	chr17	19097419	19131864	15	31626	33714.766	3585.7245	316	1
6_MACS_peak_16769_lociStitched	chr17	77739197	77765983	6	25649	46023.7052	2199.1306	317	1
12_MACS_peak_27585_lociStitched	chr22	44817592	44850799	12	29650	38002.0908	2699.7291	318	1
13_MACS_peak_7468_lociStitched	chr11	64285135	64316906	13	29063	39456.4049	3034.1305	319	1
11_MACS_peak_19595_lociStitched	chr19	18705572	18733614	11	24587	47615.316	2487.3254	320	1
16_MACS_peak_6479_lociStitched	chr10	134833142	134867067	16	28815	38552.37	2218.695	321	1
18_MACS_peak_19074_lociStitched	chr19	15280571	15315052	18	29172	38260.1176	2886.0597	322	1
6_MACS_peak_25508_lociStitched	chr21	43717152	43744327	6	25612	46874.1575	4024.6175	323	1
7_MACS_peak_489_lociStitched	chr1	3365813	3392404	7	25281	44204.8784	1744.3696	324	1
3_MACS_peak_18672_lociStitched	chr19	13103884	13128744	3	24221	46542.892	2359.214	325	1
14_MACS_peak_10126_lociStitched	chr13	113727544	113759283	14	27863	39619.7937	2570.859	326	1
17_MACS_peak_9524_lociStitched	chr12	52573866	52607496	17	28521	38502.987	3161.22	327	1
7_MACS_peak_221_lociStitched	chr1	2129977	2158719	7	26950	41414.3478	2644.264	328	1
4_MACS_peak_23016_lociStitched	chr2	220374327	220400224	4	24945	45356.0058	2724.3644	329	1
8_MACS_peak_32745_lociStitched	chr7	100382058	100411306	8	28220	38349.9776	2743.4624	330	1
11_MACS_peak_36733_lociStitched	chr9	137369117	137398730	11	26597	41413.7805	2475.6468	331	1
3_MACS_peak_37293_lociStitched	chr9	139862432	139886121	3	23019	47368.5244	2068.0497	332	1
9_MACS_peak_7006_lociStitched	chr11	2378483	2407603	9	27110	40345.76	2559.648	333	1
15_MACS_peak_37339_lociStitched	chr9	140186227	140217677	15	25873	42580.155	2421.65	334	1
12_MACS_peak_21163_lociStitched	chr19	46980229	47009106	12	26336	42073.789	2873.2615	335	1
8_MACS_peak_16312_lociStitched	chr17	74514861	74542182	8	26620	40150.9416	2535.3888	336	1
16_MACS_peak_6146_lociStitched	chr10	126686397	126720096	16	28418	36398.2899	3117.1575	337	1
20_MACS_peak_27733_lociStitched	chr22	45191737	45224873	20	28502	35269.9584	2650.88	338	1
8_MACS_peak_28464_lociStitched	chr3	12903078	12933740	8	27867	37754.1206	3605.8512	339	1
9_MACS_peak_3267_lociStitched	chr1	21942891	21972013	9	27062	38452.6888	2696.6972	340	1
13_MACS_peak_4143_lociStitched	chr1	31155144	31185617	13	27643	37274.5736	2894.935	341	1
11_MACS_peak_4843_lociStitched	chr1	156355182	156382337	11	25893	42046.802	3769.114	342	1
5_MACS_peak_17070_lociStitched	chr17	81010812	81037382	5	24863	42395.092	2181.397	343	1
3_MACS_peak_4874_lociStitched	chr1	156657555	156679391	3	21820	48748.87	3570.186	344	1
8_MACS_peak_18194_lociStitched	chr19	7717974	7744382	8	25427	42635.716	3596.7696	345	1
10_MACS_peak_16755_lociStitched	chr17	77703086	77732332	10	26514	39098.9774	2427.418	346	1
25_MACS_peak_31536_lociStitched	chr6	33897523	33933965	25	28023	36445.6442	3633.2674	347	1
19_MACS_peak_36578_lociStitched	chr9	136455391	136489064	19	26811	38424.2603	2757.8187	348	1
4_MACS_peak_2189_lociStitched	chr1	17083796	17109536	4	25484	43822.35	5343.624	349	1
6_MACS_peak_28779_lociStitched	chr3	50185270	50212648	6	26102	39667.9842	2477.709	350	1
5_MACS_peak_17648_lociStitched	chr19	3581274	3607684	5	24896	42641.586	3464.992	351	1
5_MACS_peak_31701_lociStitched	chr6	41602273	41628744	5	25032	41358.2904	2617.9819	352	1
16_MACS_peak_3450_lociStitched	chr1	23033094	23064117	16	27288	36687.7998	2959.5942	353	1
8_MACS_peak_24946_lociStitched	chr20	60371003	60398007	8	25919	38521.206	1774.1628	354	1
16_MACS_peak_14569_lociStitched	chr17	19053389	19086677	16	29093	32292.6888	3658.3512	355	1
4_MACS_peak_29150_lociStitched	chr3	195528531	195554190	4	25155	41590.6731	3325.4064	356	1
11_MACS_peak_14552_lociStitched	chr17	18974153	19005006	11	28966	32139.5701	3193.2855	357	1
18_MACS_peak_20164_lociStitched	chr19	36282512	36314747	18	27608	35529.417	2839.9035	358	1
9_MACS_peak_17912_lociStitched	chr19	5538906	5566462	9	25750	40716.7456	3849.5732	359	1
21_MACS_peak_26772_lociStitched	chr22	30862735	30894451	21	27639	35090.5824	2771.9784	360	1
17_MACS_peak_21777_lociStitched	chr19	50930031	50962174	17	27419	36382.6617	3535.73	361	1
13_MACS_peak_20742_lociStitched	chr19	42286186	42318681	13	27199	36618.6155	3353.484	362	1
14_MACS_peak_3648_lociStitched	chr1	29558820	29587971	14	26537	37082.9871	2961.7416	363	1
13_MACS_peak_37046_lociStitched	chr9	138254346	138284665	13	26775	35591.4741	2092.011	364	1
8_MACS_peak_26882_lociStitched	chr22	36968598	36996301	8	26326	36947.4911	2601.3117	365	1
6_MACS_peak_6563_lociStitched	chr10	135045410	135071997	6	25216	38809.0439	2294.4581	366	1
5_MACS_peak_32718_lociStitched	chr7	100312371	100338008	5	24868	39609.165	2397.0595	367	1
5_MACS_peak_31597_lociStitched	chr6	34012885	34038912	5	25171	38962.419	2376.2651	368	1
15_MACS_peak_7881_lociStitched	chr11	69282459	69311894	15	26629	35413.2485	2119.32	369	1
12_MACS_peak_35100_lociStitched	chr8	143602058	143629524	12	25864	36620.4178	1804.5162	370	1
15_MACS_peak_1843_lociStitched	chr1	11366187	11396182	15	26731	35313.1135	2564.5725	371	1
4_MACS_peak_11855_lociStitched	chr16	1567175	1591204	4	23462	41269.8075	2056.8824	373	1
9_MACS_peak_28819_lociStitched	chr3	50444356	50472384	9	26374	35825.3896	2707.5048	374	1
6_MACS_peak_90_lociStitched	chr1	1125542	1149815	6	23319	41004.3789	1803.4839	375	1
11_MACS_peak_25200_lociStitched	chr20	62124242	62151868	11	25598	37154.2074	2536.0668	376	1
3_MACS_peak_16357_lociStitched	chr17	74907607	74932375	3	24003	40044.9024	2345.5296	377	1
12_MACS_peak_27141_lociStitched	chr22	38834691	38864676	12	26067	36176.9025	2947.5255	378	1
15_MACS_peak_21449_lociStitched	chr19	49046683	49077228	15	25516	37173.265	2761.268	379	1
14_MACS_peak_21049_lociStitched	chr19	46460481	46490169	14	26841	33799.788	2772.8592	380	1
9_MACS_peak_25113_lociStitched	chr20	61646410	61672292	9	24568	38522.7688	2285.3806	381	1
6_MACS_peak_2356_lociStitched	chr1	17692140	17719328	6	26398	34757.1392	2740.5504	382	1
5_MACS_peak_11729_lociStitched	chr16	792381	817045	5	24278	38507.9032	2022.448	383	1
5_MACS_peak_34688_lociStitched	chr8	142333137	142357377	5	23937	39360.912	2234.928	384	1
13_MACS_peak_26041_lociStitched	chr22	18935276	18963173	13	24749	38006.8728	2572.1034	385	1
18_MACS_peak_2365_lociStitched	chr1	17829105	17860712	18	26115	35222.8408	2993.1829	386	1
5_MACS_peak_468_lociStitched	chr1	3261447	3286282	5	23852	38938.7965	1909.8115	387	1
5_MACS_peak_3393_lociStitched	chr1	22906637	22932055	5	24179	38317.635	2041.0654	388	1
4_MACS_peak_37330_lociStitched	chr9	140047926	140069950	4	20924	43697.8184	1750.908	389	1
8_MACS_peak_34675_lociStitched	chr8	142064630	142090795	8	24965	37389.785	2893.849	390	1
13_MACS_peak_31584_lociStitched	chr6	33980519	34008724	13	25704	35225.2245	2496.1425	391	1
14_MACS_peak_26955_lociStitched	chr22	37115859	37144873	14	25718	35199.7848	2820.1608	392	1
25_MACS_peak_36899_lociStitched	chr9	137911843	137945476	25	26553	32449.1184	2371.1265	393	1
11_MACS_peak_266_lociStitched	chr1	2518407	2545330	11	24417	37029.8942	2003.0712	394	1
6_MACS_peak_36572_lociStitched	chr9	136428061	136453060	6	23461	38378.4648	1649.934	395	1
10_MACS_peak_37202_lociStitched	chr9	138934128	138960408	10	24727	35795.988	1787.04	396	1
12_MACS_peak_17088_lociStitched	chr17	81061381	81088446	12	24861	36199.4375	2533.284	397	1
11_MACS_peak_36491_lociStitched	chr9	136091275	136118677	11	24981	35792.4924	2400.4152	398	1
9_MACS_peak_34176_lociStitched	chr8	1890287	1916608	9	25265	34983.2411	2763.705	399	1
13_MACS_peak_31987_lociStitched	chr7	1277341	1305183	13	25281	33992.2978	1826.4352	400	1
11_MACS_peak_22184_lociStitched	chr19	55672822	55700622	11	25031	35236.5	2679.92	401	1
3_MACS_peak_32427_lociStitched	chr7	44257430	44280727	3	22006	40506.4939	2008.2014	402	1
15_MACS_peak_27959_lociStitched	chr22	46020410	46049193	15	25615	33900.6174	2970.4056	403	1
12_MACS_peak_9793_lociStitched	chr12	54585003	54613186	12	25131	36003.7825	4007.6226	404	1
5_MACS_peak_24987_lociStitched	chr20	60469016	60494744	5	24356	36116.9664	2366.976	405	1
9_MACS_peak_10193_lociStitched	chr13	114049459	114074492	9	22970	38723.5477	2305.5393	406	1
9_MACS_peak_14355_lociStitched	chr17	7957246	7982276	9	23321	38436.068	2938.522	407	1
6_MACS_peak_18168_lociStitched	chr19	7542496	7569334	6	25508	34280.1774	3698.2764	408	1
10_MACS_peak_25130_lociStitched	chr20	61713261	61739906	10	23180	37401.5865	1787.8795	409	1
13_MACS_peak_19619_lociStitched	chr19	18897926	18925123	13	24484	34978.0617	2453.1694	410	1
5_MACS_peak_25628_lociStitched	chr21	44863385	44886085	5	22394	39516.16	2744.43	411	1
7_MACS_peak_21275_lociStitched	chr19	48214277	48240249	7	24647	34314.2064	2285.536	412	1
17_MACS_peak_3065_lociStitched	chr1	20623996	20654051	17	25590	32255.026	2647.8455	413	1
6_MACS_peak_1085_lociStitched	chr1	6298670	6322612	6	22472	38644.7822	2312.7972	414	1
19_MACS_peak_27500_lociStitched	chr22	44312970	44343334	19	25320	32884.212	2930.126	415	1
5_MACS_peak_13755_lociStitched	chr17	699673	723665	5	23469	36225.5208	2101.6992	416	1
7_MACS_peak_11789_lociStitched	chr16	1019514	1043349	7	22837	37101.561	1842.4455	417	1
13_MACS_peak_1198_lociStitched	chr1	7102970	7130697	13	25081	32465.5443	2331.8407	418	1
6_MACS_peak_25897_lociStitched	chr21	46986830	47010017	6	22464	38541.4314	2701.2855	419	1
14_MACS_peak_18211_lociStitched	chr19	7780842	7809245	14	25490	32456.1081	3737.8348	420	1
5_MACS_peak_15738_lociStitched	chr17	61551884	61576486	5	23324	36174.7808	2356.8716	421	1
10_MACS_peak_15337_lociStitched	chr17	43865327	43893580	10	24582	33680.4013	2842.2518	422	1
3_MACS_peak_31602_lociStitched	chr6	34041312	34065746	3	24147	33973.0336	2240.5978	423	1
20_MACS_peak_3686_lociStitched	chr1	29629452	29659853	20	24626	33428.9396	2872.8945	424	1
12_MACS_peak_1970_lociStitched	chr1	11674724	11702099	12	25299	31270.4625	2461.0125	425	1
14_MACS_peak_36980_lociStitched	chr9	138051841	138080531	14	24249	33412.374	2085.763	426	1
15_MACS_peak_16190_lociStitched	chr17	72594906	72622773	15	24307	33599.2419	2797.8468	427	1
5_MACS_peak_36809_lociStitched	chr9	137578994	137603390	5	23158	35266.8576	1961.4384	428	1
15_MACS_peak_23172_lociStitched	chr2	241613300	241641548	15	25509	28807.3104	1299.408	429	1
11_MACS_peak_32068_lociStitched	chr7	1456040	1482483	11	23709	33733.3351	1938.2719	430	1
1_MACS_peak_11976_lociStitched	chr16	3033790	3053193	1	19404	41297.3452	1631.7923	431	1
4_MACS_peak_25970_lociStitched	chr21	47468825	47492467	4	22441	37035.193	2588.799	432	1
6_MACS_peak_35349_lociStitched	chr8	144466727	144490021	6	22260	36690.3794	1928.7432	433	1
5_MACS_peak_11720_lociStitched	chr16	740632	762018	5	20703	38881.8866	1400.783	434	1
3_MACS_peak_25770_lociStitched	chr21	46114734	46135349	3	20394	40236.357	2339.8025	435	1
11_MACS_peak_6548_lociStitched	chr10	135008037	135033322	11	23772	32526.624	1648.582	436	1
3_MACS_peak_27943_lociStitched	chr22	45968431	45991161	3	22224	36333.905	2197.991	437	1
7_MACS_peak_37039_lociStitched	chr9	138228284	138253314	7	23719	32691.683	1832.196	438	1
6_MACS_peak_25773_lociStitched	chr21	46138563	46161525	6	21002	38982.5874	2718.7008	439	1
14_MACS_peak_37612_lociStitched	chrX	152887601	152915066	14	24416	30318.6135	1296.348	440	1
5_MACS_peak_25701_lociStitched	chr21	45851786	45874951	5	21966	37140.4445	2719.571	441	1
9_MACS_peak_20780_lociStitched	chr19	42423272	42445453	9	21469	37414.9108	2073.9235	442	1
7_MACS_peak_36179_lociStitched	chr9	133524585	133547967	7	21060	38063.5578	1994.4846	443	1
6_MACS_peak_72_lociStitched	chr1	1052629	1073200	6	20344	38986.1592	1760.8776	444	1
2_MACS_peak_16566_lociStitched	chr17	76550552	76573691	2	22907	34599.7467	2202.8328	445	1
3_MACS_peak_36558_lociStitched	chr9	136344366	136366843	3	21811	36518.3819	2025.1777	446	1
8_MACS_peak_6037_lociStitched	chr10	102974631	102998505	8	21867	36524.8326	2148.66	447	1
8_MACS_peak_515_lociStitched	chr1	3666229	3690787	8	22037	36289.3566	2249.5128	448	1
12_MACS_peak_16459_lociStitched	chr17	75901129	75927909	12	23853	32585.904	2683.356	449	1
4_MACS_peak_25779_lociStitched	chr21	46163383	46184773	4	20692	38966.163	2678.028	450	1
10_MACS_peak_21649_lociStitched	chr19	50011229	50036977	10	23624	32352.362	2186.0052	451	1
16_MACS_peak_28477_lociStitched	chr3	13551149	13578739	16	23582	32338.239	2129.948	452	1
16_MACS_peak_24403_lociStitched	chr20	56773475	56801395	16	23915	31999.112	2744.536	453	1
4_MACS_peak_11066_lociStitched	chr15	42152567	42174413	4	21584	36159.4992	1887.4944	454	1
17_MACS_peak_37083_lociStitched	chr9	138339006	138367228	17	23711	31919.082	2254.9378	455	1
17_MACS_peak_2322_lociStitched	chr1	17620269	17649005	17	24198	31069.3632	2819.0016	456	1
5_MACS_peak_3256_lociStitched	chr1	21881633	21905233	5	22906	33504.92	2239.64	457	1
7_MACS_peak_36270_lociStitched	chr9	134680007	134703994	7	21907	35627.8911	2393.9026	458	1
3_MACS_peak_25676_lociStitched	chr21	45699451	45717448	3	17580	42354.1398	2166.8388	459	1
3_MACS_peak_25043_lociStitched	chr20	60783862	60804304	3	19009	39502.1208	1363.4814	460	1
10_MACS_peak_13693_lociStitched	chr17	138667	163287	10	22129	35213.986	2590.024	461	1
6_MACS_peak_33360_lociStitched	chr7	155161426	155186336	6	23332	32731.74	2842.231	462	1
18_MACS_peak_8299_lociStitched	chr11	70650427	70680654	18	23652	31294.0131	2248.8888	463	1
12_MACS_peak_21808_lociStitched	chr19	51043794	51070436	12	23658	31256.3944	2323.1824	464	1
9_MACS_peak_112_lociStitched	chr1	1356438	1381973	9	22726	32822.689	1823.199	465	1
5_MACS_peak_36868_lociStitched	chr9	137818431	137843828	5	23351	31522.7564	2013.9821	466	1
13_MACS_peak_17497_lociStitched	chr19	3007984	3035075	13	24254	29903.0458	2776.8275	467	1
14_MACS_peak_29775_lociStitched	chr4	7509883	7537668	14	23285	31388.7145	2008.8555	468	1
9_MACS_peak_20709_lociStitched	chr19	42199859	42226351	9	23807	30534.6792	2559.1272	469	1
6_MACS_peak_2833_lociStitched	chr1	18953901	18977562	6	22147	33513.4404	1717.7886	470	1
13_MACS_peak_16699_lociStitched	chr17	77520048	77546115	13	23278	30983.2362	1754.3091	471	1
16_MACS_peak_5727_lociStitched	chr10	73280703	73308046	16	23989	29817.5415	2436.2613	472	1
10_MACS_peak_37062_lociStitched	chr9	138290887	138316280	10	23789	29877.4038	2016.2042	473	1
7_MACS_peak_130_lociStitched	chr1	1512586	1537007	7	23345	31112.354	2344.416	474	1
8_MACS_peak_20089_lociStitched	chr19	35820112	35843817	8	22568	32575.411	2026.7775	475	1
5_MACS_peak_6711_lociStitched	chr11	843182	864637	5	20312	36673.0315	1810.802	476	1
4_MACS_peak_6751_lociStitched	chr11	1212742	1233378	4	19769	37375.9232	1642.6256	477	1
12_MACS_peak_18320_lociStitched	chr19	8226565	8255141	12	23569	31376.448	3592.0032	478	1
4_MACS_peak_11514_lociStitched	chr15	78180430	78202019	4	21425	34419.3427	2057.4317	479	1
18_MACS_peak_17767_lociStitched	chr19	5169983	5197264	18	23834	30208.2513	3685.6631	480	1
6_MACS_peak_16453_lociStitched	chr17	75875741	75900065	6	21752	33822.522	2466.4536	481	1
8_MACS_peak_12189_lociStitched	chr16	5049771	5074174	8	23343	29976.6452	2498.8672	482	1
11_MACS_peak_29855_lociStitched	chr4	7698925	7725776	11	23300	29949.6054	2424.6453	483	1
4_MACS_peak_14268_lociStitched	chr17	7607352	7628196	4	20644	35240.9508	2088.5688	484	1
7_MACS_peak_20919_lociStitched	chr19	45368180	45392094	7	22499	31344.0798	2243.1332	485	1
8_MACS_peak_25706_lociStitched	chr21	45876079	45899067	8	21382	34470.506	2940.1652	486	1
16_MACS_peak_6639_lociStitched	chr11	314165	339680	16	22693	31174.227	2594.8755	487	1
15_MACS_peak_25229_lociStitched	chr20	62377972	62405120	15	22522	31301.644	2538.338	488	1
5_MACS_peak_1055_lociStitched	chr1	5890247	5914492	5	22133	31334.238	1735.942	489	1
7_MACS_peak_5546_lociStitched	chr10	71487725	71511387	7	22134	32007.5874	2529.4678	490	1
17_MACS_peak_30070_lociStitched	chr4	8194694	8221308	17	23237	28508.9168	1940.1606	491	1
4_MACS_peak_11846_lociStitched	chr16	1475882	1494650	4	18545	37231.9584	1356.9264	492	1
7_MACS_peak_28810_lociStitched	chr3	50415309	50438241	7	21806	31499.3952	1864.3716	493	1
3_MACS_peak_1115_lociStitched	chr1	6554195	6572931	3	18216	37753.04	1598.1808	494	1
11_MACS_peak_20894_lociStitched	chr19	45305576	45330105	11	22807	28882.8975	2251.7622	495	1
5_MACS_peak_25140_lociStitched	chr20	61743620	61765800	5	20942	32453.776	1940.75	496	1
5_MACS_peak_6726_lociStitched	chr11	1070670	1091136	5	19388	34798.3398	1352.8026	497	1
12_MACS_peak_6079_lociStitched	chr10	114731853	114756762	12	23089	28480.9506	3218.2428	498	1
4_MACS_peak_9771_lociStitched	chr12	54413503	54434308	4	20658	33023.7765	2057.6145	499	1
7_MACS_peak_21243_lociStitched	chr19	47941891	47966688	7	22867	28328.0928	2640.8805	500	1
9_MACS_peak_37145_lociStitched	chr9	138545639	138569991	9	22199	29042.1952	1767.9552	501	1
7_MACS_peak_25281_lociStitched	chr20	62670636	62692452	7	20228	33212.6784	1873.9944	502	1
5_MACS_peak_6667_lociStitched	chr11	376781	397285	5	20234	32669.0232	1410.6752	503	1
12_MACS_peak_2310_lociStitched	chr1	17591750	17617568	12	22083	29693.2818	2527.5822	504	1
3_MACS_peak_25216_lociStitched	chr20	62170149	62189069	3	18834	35308.504	1545.764	505	1
14_MACS_peak_6812_lociStitched	chr11	1587564	1612459	14	21473	31113.771	2613.975	506	1
4_MACS_peak_245_lociStitched	chr1	2415845	2436848	4	20645	31685.1258	1409.3013	507	1
4_MACS_peak_11895_lociStitched	chr16	2233400	2252270	4	18200	36086.988	1720.944	508	1
10_MACS_peak_1439_lociStitched	chr1	7681832	7705264	10	21029	30810.7368	2017.4952	509	1
23_MACS_peak_12879_lociStitched	chr16	85310821	85339124	23	22036	27552.9705	1262.3138	510	1
8_MACS_peak_5017_lociStitched	chr1	201273922	201297427	8	22090	28944.057	3062.7015	511	1
6_MACS_peak_1026_lociStitched	chr1	5798918	5821002	6	20590	30230.7876	1835.1804	512	1
4_MACS_peak_19538_lociStitched	chr19	18319552	18339482	4	19505	32422.124	1867.441	513	1
5_MACS_peak_17267_lociStitched	chr19	405244	425807	5	20143	31161.1702	2089.2008	514	1
13_MACS_peak_16059_lociStitched	chr17	72236062	72260791	13	21883	26796.3444	1970.9013	515	1
3_MACS_peak_15024_lociStitched	chr17	39765740	39785976	3	20006	30991.434	1855.6412	516	1
9_MACS_peak_32859_lociStitched	chr7	100927736	100951534	9	21328	28402.913	2367.901	517	1
6_MACS_peak_15347_lociStitched	chr17	43895132	43916847	6	20205	30633.3505	2125.8985	518	1
4_MACS_peak_36295_lociStitched	chr9	134999206	135019682	4	20181	30456.0024	1939.0772	519	1
3_MACS_peak_11901_lociStitched	chr16	2324994	2343718	3	17889	34401.6052	1591.54	520	1
3_MACS_peak_23006_lociStitched	chr2	220298358	220318885	3	19520	31385.783	1744.795	522	1
11_MACS_peak_9323_lociStitched	chr12	3411879	3433470	11	19663	31026.267	1718.6436	523	1
7_MACS_peak_32828_lociStitched	chr7	100805716	100825505	7	18672	33017.9465	1818.6091	524	1
9_MACS_peak_1712_lociStitched	chr1	9683624	9705240	9	20238	30247.2688	2351.8208	525	1
1_MACS_peak_14891_lociStitched	chr17	36333540	36350386	1	16847	39795.3058	5761.332	526	1
3_MACS_peak_35079_lociStitched	chr8	143528937	143550079	3	19831	30085.066	1382.6868	527	1
4_MACS_peak_30254_lociStitched	chr4	8849245	8872054	4	20870	27833.8227	1473.4614	528	1
9_MACS_peak_32681_lociStitched	chr7	100185729	100208076	9	20404	29600.8362	2227.9959	529	1
10_MACS_peak_34909_lociStitched	chr8	143003205	143027260	10	21305	26977.6825	1847.424	530	1
14_MACS_peak_36090_lociStitched	chr9	133223038	133247849	14	20850	28006.6568	1855.8628	531	1
2_MACS_peak_3222_lociStitched	chr1	21040852	21058611	2	17319	34816.5195	1768.7964	532	1
7_MACS_peak_30200_lociStitched	chr4	8690172	8712010	7	20828	27751.7304	1707.7316	533	1
4_MACS_peak_29430_lociStitched	chr4	3819212	3839343	4	19101	31259.4168	1529.956	534	1
9_MACS_peak_8071_lociStitched	chr11	69941853	69963638	9	20339	28608.062	1503.165	535	1
7_MACS_peak_24980_lociStitched	chr20	60441698	60464098	7	20135	29198.4	1639.68	536	1
14_MACS_peak_7918_lociStitched	chr11	69523384	69547738	14	20648	28430.8596	2101.7502	537	1
10_MACS_peak_29526_lociStitched	chr4	6365647	6387188	10	20640	27867.5917	1777.1325	538	1
8_MACS_peak_5063_lociStitched	chr1	202152352	202171769	8	17844	34471.0001	2978.5678	539	1
12_MACS_peak_3090_lociStitched	chr1	20674470	20698303	12	21547	25401.2114	2237.9187	540	1
17_MACS_peak_1349_lociStitched	chr1	7477590	7503563	17	21018	26541.8087	2012.9075	541	1
10_MACS_peak_9557_lociStitched	chr12	52695473	52717478	10	20974	26885.709	2275.317	542	1
5_MACS_peak_19370_lociStitched	chr19	17635261	17656004	5	20106	28878.4046	2225.7239	543	1
25_MACS_peak_6445_lociStitched	chr10	134783937	134811687	25	20386	27824.925	1867.575	544	1
10_MACS_peak_35004_lociStitched	chr8	143199472	143221385	10	20655	26874.1032	1597.4577	545	1
2_MACS_peak_37379_lociStitched	chr9	140317918	140334320	2	16311	35014.9896	1651.6814	546	1
7_MACS_peak_18204_lociStitched	chr19	7757389	7778938	7	19969	29229.0636	2618.2035	547	1
6_MACS_peak_16446_lociStitched	chr17	75848232	75870835	6	20342	28588.2744	2859.2795	548	1
5_MACS_peak_25476_lociStitched	chr21	43178933	43198772	5	19418	30440.9616	2640.5709	549	1
11_MACS_peak_2678_lociStitched	chr1	18601891	18625461	11	20674	26881.585	2149.584	550	1
10_MACS_peak_36259_lociStitched	chr9	134651368	134674569	10	20564	27121.969	2113.6111	551	1
11_MACS_peak_32176_lociStitched	chr7	2509319	2530866	11	19649	28732.9245	1672.0472	552	1
3_MACS_peak_3210_lociStitched	chr1	20996966	21016918	3	18873	30987.4512	2332.3888	553	1
15_MACS_peak_21148_lociStitched	chr19	46953704	46979051	15	20170	28203.6069	2433.312	554	1
5_MACS_peak_28302_lociStitched	chr22	50438202	50458094	5	19144	29519.728	1515.7704	555	1
1_MACS_peak_33161_lociStitched	chr7	151077583	151094482	1	16900	34279.6215	2276.2953	557	1
4_MACS_peak_4823_lociStitched	chr1	155153879	155174315	4	19417	30175.7976	2861.04	559	1
6_MACS_peak_25788_lociStitched	chr21	46248658	46267032	6	17429	33264.2896	2210.3922	560	1
3_MACS_peak_16517_lociStitched	chr17	76353120	76372705	3	18045	32033.226	2140.6405	561	1
10_MACS_peak_16865_lociStitched	chr17	78079069	78100655	10	19511	28718.0144	1841.2858	562	1
15_MACS_peak_31938_lociStitched	chr7	957046	979713	15	19475	28666.9549	1856.4273	563	1
4_MACS_peak_30966_lociStitched	chr5	176299968	176318296	4	17301	32598.1808	1612.864	564	1
6_MACS_peak_16884_lociStitched	chr17	78148528	78169946	6	20068	27667.7724	2257.4572	565	1
9_MACS_peak_9464_lociStitched	chr12	52224299	52246214	9	19531	28285.6905	1711.5615	566	1
3_MACS_peak_34468_lociStitched	chr8	22003747	22022087	3	18109	31084.466	1615.754	567	1
7_MACS_peak_11619_lociStitched	chr15	89896727	89916714	7	18230	30971.8552	1730.8742	568	1
9_MACS_peak_17567_lociStitched	chr19	3213564	3235487	9	18910	29600.4346	2766.6826	570	1
8_MACS_peak_20464_lociStitched	chr19	39986691	40007694	8	19405	28070.5095	2331.333	571	1
8_MACS_peak_1269_lociStitched	chr1	7279288	7300880	8	19689	26901.4728	1906.5736	572	1
7_MACS_peak_7482_lociStitched	chr11	64321075	64340950	7	18271	29687.2875	1890.1125	573	1
7_MACS_peak_16995_lociStitched	chr17	79453133	79473568	7	19172	27589.2935	1843.237	574	1
5_MACS_peak_14817_lociStitched	chr17	34741012	34759324	5	16849	34686.5904	4433.3352	575	1
6_MACS_peak_18353_lociStitched	chr19	8391441	8410468	6	18465	29977.0385	2749.4015	576	1
9_MACS_peak_13846_lociStitched	chr17	1149351	1171415	9	20135	25280.9312	1998.9984	577	1
3_MACS_peak_233_lociStitched	chr1	2299040	2316892	3	17260	31024.9908	1570.976	578	1
8_MACS_peak_14948_lociStitched	chr17	37750181	37768179	8	17087	31087.9454	1376.847	579	1
8_MACS_peak_3400_lociStitched	chr1	22936576	22958037	8	19465	26448.5364	1656.7892	580	1
11_MACS_peak_11864_lociStitched	chr16	1953987	1975984	11	17899	29907.1212	1816.9522	581	1
15_MACS_peak_2217_lociStitched	chr1	17381195	17406239	15	19936	26363.8188	2870.0424	582	1
7_MACS_peak_36620_lociStitched	chr9	136589877	136609859	7	19343	26709.9394	1794.3836	583	1
13_MACS_peak_26869_lociStitched	chr22	36942950	36966525	13	19894	25906.5675	2437.655	584	1
4_MACS_peak_25560_lociStitched	chr21	44010758	44030081	4	18937	28397.0808	2842.4133	587	1
16_MACS_peak_34361_lociStitched	chr8	7869846	7891190	16	19266	27275.4976	2659.4624	588	1
7_MACS_peak_28888_lociStitched	chr3	52532464	52552508	7	18429	28103.6924	1777.9028	589	1
8_MACS_peak_16786_lociStitched	chr17	77827780	77848503	8	18538	28110.7495	2022.5648	590	1
10_MACS_peak_11504_lociStitched	chr15	78151642	78175146	10	19138	26977.8912	2246.9824	591	1
5_MACS_peak_28383_lociStitched	chr22	51035299	51053833	5	16618	31201.989	1517.9346	592	1
4_MACS_peak_14304_lociStitched	chr17	7718435	7737185	4	18317	28661.25	2261.25	593	1
7_MACS_peak_11761_lociStitched	chr16	955147	975138	7	18573	27471.6322	1699.235	594	1
8_MACS_peak_16428_lociStitched	chr17	75782623	75803798	8	19243	26091.835	1935.395	595	1
13_MACS_peak_34285_lociStitched	chr8	7423453	7444313	13	18880	27293.224	2288.342	596	1
5_MACS_peak_36277_lociStitched	chr9	134705098	134725254	5	17955	28841.2204	1961.1788	597	1
8_MACS_peak_25904_lociStitched	chr21	47025042	47045982	8	19552	26252.478	3013.266	598	1
11_MACS_peak_26344_lociStitched	chr22	23860452	23881377	11	18905	26775.63	2033.91	599	1
4_MACS_peak_25391_lociStitched	chr21	38064161	38082577	4	17659	29158.0528	1773.4608	600	1
7_MACS_peak_16554_lociStitched	chr17	76516427	76536326	7	19071	26113.4577	1812.7989	601	1
14_MACS_peak_918_lociStitched	chr1	5550701	5574045	14	19870	24109.6832	1853.5136	602	1
6_MACS_peak_21537_lociStitched	chr19	49256497	49277251	6	19577	25062.5304	2104.4556	603	1
6_MACS_peak_7146_lociStitched	chr11	44322768	44343505	6	19026	26143.1359	1907.804	604	1
3_MACS_peak_33045_lociStitched	chr7	128482299	128498547	3	16151	31920.8208	2175.6072	605	1
6_MACS_peak_2952_lociStitched	chr1	19354191	19374078	6	18402	27235.2465	1861.4232	607	1
11_MACS_peak_37318_lociStitched	chr9	140022007	140042340	11	18636	26554.898	1827.9367	608	1
13_MACS_peak_22258_lociStitched	chr19	56055057	56077964	13	19233	25051.0952	1752.3855	609	1
5_MACS_peak_11631_lociStitched	chr15	91193950	91213052	5	17968	28935.7096	2819.4552	610	1
18_MACS_peak_28617_lociStitched	chr3	14592083	14618462	18	18861	26310.4146	2395.2132	611	1
13_MACS_peak_35026_lociStitched	chr8	143245827	143266239	13	19097	24431.1228	1177.7724	612	1
5_MACS_peak_18592_lociStitched	chr19	11391438	11412115	5	19135	25397.5591	2247.5899	613	1
6_MACS_peak_11273_lociStitched	chr15	74508506	74528229	6	18606	25852.9084	1483.1696	614	1
12_MACS_peak_35454_lociStitched	chr8	145552189	145572506	12	18311	26690.4429	1688.3427	615	1
5_MACS_peak_7044_lociStitched	chr11	3209067	3227033	5	16545	30152.3378	1866.6674	616	1
14_MACS_peak_1420_lociStitched	chr1	7632909	7657582	14	19111	24909.8608	2094.7377	617	1
6_MACS_peak_17255_lociStitched	chr19	357303	376639	6	18478	26260.2216	2057.3504	618	1
2_MACS_peak_28733_lociStitched	chr3	48616302	48633477	2	17123	28448.67	1588.6875	619	1
10_MACS_peak_34660_lociStitched	chr8	141991131	142011331	10	18890	24983.36	2409.86	621	1
7_MACS_peak_28347_lociStitched	chr22	50587635	50608140	7	18591	25405.695	2196.0855	622	1
10_MACS_peak_33412_lociStitched	chr7	155307161	155329403	10	18695	25533.816	2606.7624	623	1
15_MACS_peak_1721_lociStitched	chr1	9708058	9730530	15	18232	25898.98	1928.0976	624	1
4_MACS_peak_5686_lociStitched	chr10	73044968	73063298	4	17885	26353.041	1646.034	625	1
4_MACS_peak_15442_lociStitched	chr17	46690898	46708679	4	16633	28922.5746	1712.3103	626	1
8_MACS_peak_21473_lociStitched	chr19	49092354	49111570	8	17792	26717.9264	1900.4624	627	1
9_MACS_peak_16528_lociStitched	chr17	76444651	76465081	9	18006	26048.25	1942.893	630	1
12_MACS_peak_24992_lociStitched	chr20	60496198	60517077	12	17926	25948.4212	1693.2869	631	1
4_MACS_peak_17785_lociStitched	chr19	5203291	5222353	4	18536	25363.8972	2546.6832	632	1
9_MACS_peak_16138_lociStitched	chr17	72413441	72433624	9	18038	25539.5682	1543.9995	633	1
12_MACS_peak_15268_lociStitched	chr17	43036512	43058312	12	18573	24566.42	1850.82	634	1
5_MACS_peak_32666_lociStitched	chr7	99757576	99775076	5	16480	28864.5	1797.25	636	1
9_MACS_peak_257_lociStitched	chr1	2495949	2515826	9	18664	24271.8047	1912.1674	637	1
4_MACS_peak_5525_lociStitched	chr10	71409317	71427911	4	18386	24681.6756	1645.569	638	1
4_MACS_peak_26728_lociStitched	chr22	30105132	30123083	4	16994	27497.3418	1443.2604	639	1
5_MACS_peak_15423_lociStitched	chr17	45922363	45939654	5	16904	27895.5703	1787.8894	641	1
7_MACS_peak_22973_lociStitched	chr2	219878251	219898161	7	18313	24991.032	1989.009	643	1
9_MACS_peak_37297_lociStitched	chr9	139895367	139916495	9	17940	25114.8536	1502.2008	645	1
15_MACS_peak_4459_lociStitched	chr1	37491486	37515114	15	17539	26009.7024	1748.472	647	1
5_MACS_peak_13510_lociStitched	chr16	88489875	88508431	5	17780	24484.642	766.3628	648	1
6_MACS_peak_32753_lociStitched	chr7	100415704	100434305	6	17260	26186.4878	1428.5568	649	1
7_MACS_peak_37371_lociStitched	chr9	140255694	140274570	7	17309	26454.714	1878.162	650	1
8_MACS_peak_14153_lociStitched	chr17	6995616	7014630	8	17693	25435.0278	1829.1468	653	1
6_MACS_peak_11292_lociStitched	chr15	74559547	74578565	6	17800	24622.6046	1692.602	656	1
4_MACS_peak_4870_lociStitched	chr1	156638816	156656450	4	17159	26927.118	2766.7746	657	1
4_MACS_peak_26004_lociStitched	chr22	18757181	18775662	4	17678	25816.1089	3056.7574	660	1
8_MACS_peak_9487_lociStitched	chr12	52397468	52417205	8	16957	25920.6021	2248.0443	672	1
3_MACS_peak_14364_lociStitched	chr17	7983469	8001064	3	16697	25569.054	1963.602	684	1
5_MACS_peak_6908_lociStitched	chr11	1917470	1935689	5	16635	25275.2187	1749.024	687	1
9_MACS_peak_15550_lociStitched	chr17	47594816	47614221	9	16884	24403.728	1758.093	689	1
6_MACS_peak_7497_lociStitched	chr11	64364008	64381888	6	16788	24197.004	1394.64	691	1
9_MACS_peak_20008_lociStitched	chr19	35521831	35540969	9	16839	24450.7088	1955.9036	695	1
5_MACS_peak_16803_lociStitched	chr17	77874663	77892718	5	16743	24262.309	1561.7575	696	1
6_MACS_peak_33789_lociStitched	chr7	157633079	157650665	6	16527	24523.677	2106.8028	706	1
12_MACS_peak_14207_lociStitched	chr17	7164393	7183687	12	16469	24343.2398	2049.0228	709	1
