#06_0EWS_0229Kronos_MM1S-KB-3hr-2_H3K18Ac_hs-dm_i13_peaks Enhancers
#Created from /data/projects/IRF4_mm_trn_data/p300_internal_ChIP/rose/06_0EWS_0229Kronos_MM1S-KB-3hr-2_H3K18Ac_hs-dm_i13_ROSE/06_0EWS_0229Kronos_MM1S-KB-3hr-2_H3K18Ac_hs-dm_i13_peaks_7KB_STITCHED_ENHANCER_REGION_MAP.txt
#Ranked by X06_0EWS_0229Kronos_MM1S.KB.3hr.2_H3K18Ac_hs.dm_i13.bam
#Using cutoff of 16485.7032 for Super-Enhancers
#Created on Jul 18 2024 
REGION_ID	CHROM	START	STOP	NUM_LOCI	CONSTITUENT_SIZE	X06_0EWS_0229Kronos_MM1S.KB.3hr.2_H3K18Ac_hs.dm_i13.bam	X40_0EXS_0229Kronos_MM1S.KB.3hr.2_Input_hs_i84.bam	enhancerRank	isStretch
7_MACS_peak_14550_lociStitched	chr2	37525971	37624685	7	76095	229095.4512	17906.7196	1	1
10_MACS_peak_17973_lociStitched	chr22	23189563	23286899	10	72865	329316.8888	13247.4296	2	1
7_MACS_peak_24761_lociStitched	chr6	108878322	108954257	7	68905	105109.227	11268.754	3	1
4_MACS_peak_1402_lociStitched	chr1	118147562	118219644	4	63463	186598.6734	7929.02	4	1
8_MACS_peak_19827_lociStitched	chr3	141079040	141150042	8	59776	311499.9744	13866.6906	5	1
7_MACS_peak_8601_lociStitched	chr14	91812807	91886083	7	56381	116479.5296	7928.4632	6	1
2_MACS_peak_15246_lociStitched	chr2	99060377	99108252	2	46464	130765.775	10192.5875	7	1
6_MACS_peak_2335_lociStitched	chr1	203236091	203298489	6	45256	210992.5972	16129.883	8	1
3_MACS_peak_16924_lociStitched	chr20	30262032	30312413	3	40753	123740.7741	10333.1431	9	1
5_MACS_peak_11470_lociStitched	chr17	34596918	34642090	5	40019	81187.6356	9201.5364	10	1
5_MACS_peak_16971_lociStitched	chr20	32398669	32452441	5	39325	94794.6588	10044.6096	11	1
4_MACS_peak_23538_lociStitched	chr6	289715	338529	4	38751	158460.0068	16289.2318	12	1
8_MACS_peak_24348_lociStitched	chr6	52392243	52443084	8	38566	79505.1558	8927.6796	13	1
5_MACS_peak_12761_lociStitched	chr18	46439185	46480129	5	38280	56768.856	7439.5248	14	1
5_MACS_peak_21221_lociStitched	chr4	90204935	90253424	5	36482	147653.8539	8597.0997	15	1
2_MACS_peak_11422_lociStitched	chr17	32688281	32726962	2	36031	111335.5223	6954.8438	16	1
5_MACS_peak_11188_lociStitched	chr17	16847792	16895771	5	34454	123046.9434	8703.3906	17	1
3_MACS_peak_23653_lociStitched	chr6	7887155	7921307	3	33855	146471.0976	7223.148	18	1
5_MACS_peak_10106_lociStitched	chr16	11796531	11843262	5	33223	82354.0413	7855.4811	19	1
4_MACS_peak_8759_lociStitched	chr14	106023277	106056632	4	32195	156535.015	5303.445	20	1
7_MACS_peak_20262_lociStitched	chr3	183219559	183261138	7	32064	75519.9377	10465.4343	21	1
5_MACS_peak_12012_lociStitched	chr17	62149855	62187023	5	31661	55874.6544	6976.4336	22	1
6_MACS_peak_1706_lociStitched	chr1	154907803	154957922	6	31610	135982.8708	13271.5112	23	1
5_MACS_peak_4073_lociStitched	chr10	112146543	112186735	5	29593	60010.6752	5868.032	24	1
3_MACS_peak_6498_lociStitched	chr12	53845144	53874897	3	29549	27503.6732	5075.8618	25	1
8_MACS_peak_8903_lociStitched	chr15	31616583	31660423	8	29492	54975.36	6527.776	26	1
4_MACS_peak_4208_lociStitched	chr10	125821654	125854898	4	29387	75257.7672	6000.542	27	1
11_MACS_peak_25086_lociStitched	chr6	138246188	138297590	11	29008	38351.0322	7725.7206	28	1
7_MACS_peak_27249_lociStitched	chr8	27208363	27253552	7	28976	48261.852	7867.4049	29	1
3_MACS_peak_9430_lociStitched	chr15	68568579	68599573	3	28377	58535.2684	5597.5164	30	1
5_MACS_peak_23420_lociStitched	chr5	173310016	173344017	5	28221	38274.9257	5701.9677	31	1
3_MACS_peak_8768_lociStitched	chr14	106145069	106173343	3	27848	106768.2788	2960.2878	32	1
4_MACS_peak_2407_lociStitched	chr1	206271559	206311407	4	27344	105848.2424	9276.6144	33	1
7_MACS_peak_10781_lociStitched	chr16	78768872	78805124	7	27138	24415.722	3498.318	34	1
4_MACS_peak_11465_lociStitched	chr17	34509746	34541185	4	27043	72089.627	6900.8605	35	1
7_MACS_peak_13130_lociStitched	chr19	2594321	2637981	7	27003	115092.126	9683.788	36	1
2_MACS_peak_25947_lociStitched	chr7	55615909	55643161	2	26903	52956.0864	4660.092	37	1
1_MACS_peak_24723_lociStitched	chr6	106530366	106557211	1	26846	117546.2015	5444.166	38	1
7_MACS_peak_10669_lociStitched	chr16	68269754	68320257	7	26814	43619.4411	7625.953	39	1
2_MACS_peak_16494_lociStitched	chr2	232687086	232714787	2	26670	28158.0665	3105.2821	40	1
3_MACS_peak_18062_lociStitched	chr22	29185846	29221782	3	26604	96118.0192	6551.1328	41	1
6_MACS_peak_11782_lociStitched	chr17	46516076	46556882	6	26602	31343.0886	6157.6254	42	1
2_MACS_peak_5764_lociStitched	chr11	128585330	128618597	2	26596	55323.021	5648.7366	43	1
5_MACS_peak_18969_lociStitched	chr3	46317815	46347617	5	26520	37619.0646	4854.7458	44	1
5_MACS_peak_27942_lociStitched	chr8	120917814	120949074	5	26092	50187.93	5117.262	45	1
4_MACS_peak_26902_lociStitched	chr7	150052760	150084950	4	25674	100526.151	7622.592	46	1
4_MACS_peak_4092_lociStitched	chr10	112599075	112633306	4	24995	70690.4381	6041.7715	47	1
5_MACS_peak_3053_lociStitched	chr10	11278648	11313057	5	24937	56764.5273	6018.1341	48	1
3_MACS_peak_19765_lociStitched	chr3	133178761	133213361	3	24914	61190.1	5864.7	49	1
6_MACS_peak_16225_lociStitched	chr2	204547925	204585806	6	24817	55060.0335	6648.1155	50	1
6_MACS_peak_28013_lociStitched	chr8	126285062	126322918	6	24792	35842.0608	5572.4032	51	1
2_MACS_peak_12494_lociStitched	chr18	9132825	9157506	2	24457	48651.1872	4723.9434	52	1
4_MACS_peak_18567_lociStitched	chr3	5222526	5256500	4	24189	41410.9086	5048.5364	53	1
6_MACS_peak_16899_lociStitched	chr20	25261610	25302983	6	24143	85534.5402	6160.4397	54	1
4_MACS_peak_21831_lociStitched	chr4	185317606	185350292	4	24125	60972.4644	5053.2556	55	1
2_MACS_peak_4610_lociStitched	chr11	22676362	22704326	2	24123	97818.072	4270.1028	56	1
6_MACS_peak_7289_lociStitched	chr12	123355089	123387368	6	24049	31187.9698	2872.831	57	1
4_MACS_peak_12488_lociStitched	chr18	9053465	9085297	4	23924	101333.9888	5261.8296	58	1
4_MACS_peak_26379_lociStitched	chr7	102063403	102093390	4	23700	110109.2653	4929.8628	59	1
6_MACS_peak_5940_lociStitched	chr12	7045680	7085750	6	23627	52415.567	6743.781	60	1
2_MACS_peak_12492_lociStitched	chr18	9094667	9123212	2	23608	73357.7955	5046.756	61	1
7_MACS_peak_18979_lociStitched	chr3	46419707	46459680	7	23369	31910.4459	5656.1795	62	1
3_MACS_peak_22939_lociStitched	chr5	131744765	131774401	3	22890	64559.0624	5328.5528	63	1
5_MACS_peak_10101_lociStitched	chr16	11754430	11786868	5	22869	60834.2252	5699.3566	64	1
3_MACS_peak_11460_lociStitched	chr17	34408668	34432975	3	22279	40930.5573	4212.4031	65	1
2_MACS_peak_17313_lociStitched	chr20	52193964	52216301	2	22044	48797.4102	3710.1757	66	1
2_MACS_peak_20111_lociStitched	chr3	171801681	171827208	2	21964	64652.2329	6430.2513	67	1
2_MACS_peak_1762_lociStitched	chr1	156115214	156137215	2	21941	83099.9771	6752.1069	68	1
4_MACS_peak_24724_lociStitched	chr6	106585412	106618418	4	21885	82907.7714	5719.9398	69	1
2_MACS_peak_1774_lociStitched	chr1	156450323	156476346	2	21820	45693.7857	6573.4098	70	1
1_MACS_peak_3049_lociStitched	chr10	11202034	11223841	1	21808	110352.1428	4982.8995	71	1
4_MACS_peak_16114_lociStitched	chr2	197023672	197049408	4	21770	32713.0296	4274.7496	72	1
1_MACS_peak_14343_lociStitched	chr2	20404552	20426280	1	21729	64225.7952	4356.464	73	1
4_MACS_peak_13462_lociStitched	chr19	16243987	16273059	4	21539	45454.072	4907.3536	74	1
2_MACS_peak_29086_lociStitched	chr9	112903979	112925525	2	21538	38285.0874	4645.3176	75	1
2_MACS_peak_474_lociStitched	chr1	31213879	31236471	2	21527	67403.232	4538.7328	76	1
4_MACS_peak_9737_lociStitched	chr15	89646482	89676907	4	21483	60442.305	5190.505	77	1
2_MACS_peak_6482_lociStitched	chr12	53583585	53605162	2	21156	99021.1684	4587.2702	78	1
6_MACS_peak_8657_lociStitched	chr14	95945775	95986118	6	21134	25851.7944	3154.8226	79	1
5_MACS_peak_4462_lociStitched	chr11	10314410	10345266	5	21086	54537.98	5800.928	80	1
3_MACS_peak_7094_lociStitched	chr12	109007125	109036180	3	20929	107300.115	5593.0875	81	1
5_MACS_peak_17087_lociStitched	chr20	37486776	37523545	5	20852	91915.1462	5614.6263	82	1
5_MACS_peak_1478_lociStitched	chr1	145127612	145161684	5	20797	37932.3576	11417.5272	83	1
2_MACS_peak_5013_lociStitched	chr11	65183106	65210671	2	20755	126785.2175	6364.7585	84	1
7_MACS_peak_22754_lociStitched	chr5	109247608	109286567	7	20731	33594.3457	5832.1623	85	1
6_MACS_peak_20144_lociStitched	chr3	175051982	175074400	6	20543	47057.6238	4532.9196	86	1
1_MACS_peak_7093_lociStitched	chr12	108952823	108973346	1	20524	59481.8109	4010.1942	87	1
6_MACS_peak_9873_lociStitched	chr15	101661135	101692527	6	20495	35425.872	4834.368	88	1
3_MACS_peak_23854_lociStitched	chr6	25365855	25390602	3	20391	39342.7806	4328.2503	89	1
3_MACS_peak_21003_lociStitched	chr4	71525352	71555397	3	20364	43952.8305	5206.7985	90	1
3_MACS_peak_11930_lociStitched	chr17	56404436	56431309	3	20358	84905.2435	5718.5744	91	1
3_MACS_peak_19643_lociStitched	chr3	124479957	124512571	3	20321	33944.6512	4725.7686	92	1
3_MACS_peak_2207_lociStitched	chr1	192497609	192521246	3	20320	55142.7573	5398.6908	93	1
1_MACS_peak_22605_lociStitched	chr5	88110477	88130791	1	20315	44369.8388	3575.264	94	1
4_MACS_peak_5527_lociStitched	chr11	111230085	111251690	4	20236	47535.321	3692.2945	95	1
3_MACS_peak_5199_lociStitched	chr11	72850503	72871277	3	20232	84643.663	4183.8836	96	1
3_MACS_peak_24592_lociStitched	chr6	88612473	88640590	3	20221	35016.9118	4248.4787	97	1
2_MACS_peak_17726_lociStitched	chr21	41324200	41345250	2	20185	69290.285	5757.175	98	1
3_MACS_peak_8834_lociStitched	chr15	23658496	23683087	3	20166	43617.0567	3730.4547	99	1
5_MACS_peak_18992_lociStitched	chr3	46573960	46608606	5	20071	65401.2542	5401.3114	100	1
3_MACS_peak_19243_lociStitched	chr3	69128082	69155609	3	20034	37103.6433	4453.8686	101	1
5_MACS_peak_26906_lociStitched	chr7	150100655	150134444	5	19715	72974.1033	7561.9782	102	1
4_MACS_peak_23511_lociStitched	chr5	180228274	180259911	4	19691	53887.3021	4938.5357	103	1
4_MACS_peak_16717_lociStitched	chr20	5570389	5592606	4	19505	23936.5958	3943.5175	104	1
4_MACS_peak_9031_lociStitched	chr15	40833485	40862784	4	19416	48138.257	4884.1433	105	1
3_MACS_peak_9515_lociStitched	chr15	75063180	75083657	3	19279	38322.7055	3780.0542	106	1
5_MACS_peak_14853_lociStitched	chr2	64430299	64456679	5	19243	40213.672	4431.84	107	1
4_MACS_peak_17801_lociStitched	chr21	45552543	45581096	4	19242	80804.99	6572.9006	108	1
6_MACS_peak_12143_lociStitched	chr17	72733107	72756919	6	19224	23342.9036	3940.886	109	1
2_MACS_peak_12292_lociStitched	chr17	76710974	76733683	2	19218	42845.0703	4534.9873	110	1
4_MACS_peak_19390_lociStitched	chr3	98472196	98496142	4	19125	43191.4002	3998.982	111	1
3_MACS_peak_9015_lociStitched	chr15	40386736	40409253	3	18987	47312.7204	3917.958	112	1
3_MACS_peak_26213_lociStitched	chr7	90337276	90367846	3	18939	42201.885	5068.506	113	1
2_MACS_peak_11572_lociStitched	chr17	38465585	38484612	2	18887	46180.4317	3696.9461	114	1
1_MACS_peak_20834_lociStitched	chr4	40191001	40209839	1	18839	73357.0558	4590.8206	115	1
4_MACS_peak_25773_lociStitched	chr7	38383574	38408551	4	18746	33201.9261	5335.0872	116	1
7_MACS_peak_17142_lociStitched	chr20	42564654	42593773	7	18640	29005.4359	4274.6692	117	1
3_MACS_peak_15224_lociStitched	chr2	97189985	97213644	3	18632	59549.703	4208.9361	118	1
4_MACS_peak_4012_lociStitched	chr10	105244857	105268392	4	18579	25478.991	4036.2525	119	1
4_MACS_peak_3031_lociStitched	chr10	7510989	7536582	4	18546	36462.3471	3913.1697	120	1
6_MACS_peak_17334_lociStitched	chr20	52530930	52567315	6	18526	32182.5325	5432.2805	121	1
3_MACS_peak_14888_lociStitched	chr2	65156219	65178782	3	18504	67188.1014	4020.7266	122	1
5_MACS_peak_25266_lociStitched	chr6	157976430	158007391	5	18473	28942.3428	2325.1711	123	1
3_MACS_peak_13749_lociStitched	chr19	39880682	39904021	3	18456	53850.0747	3904.6147	124	1
4_MACS_peak_18638_lociStitched	chr3	13035643	13061771	4	18256	63765.384	4713.4912	125	1
5_MACS_peak_10235_lociStitched	chr16	22194814	22219342	5	18136	31619.0448	4586.736	126	1
3_MACS_peak_4582_lociStitched	chr11	19449687	19468142	3	18131	69774.664	3794.348	127	1
5_MACS_peak_23931_lociStitched	chr6	27774501	27808122	5	18012	43640.058	5527.2924	128	1
2_MACS_peak_1595_lociStitched	chr1	150532064	150553366	2	17992	66973.488	6431.0738	129	1
4_MACS_peak_10249_lociStitched	chr16	23333859	23364307	4	17975	75678.504	4375.3776	130	1
3_MACS_peak_27012_lociStitched	chr8	2027337	2051247	3	17961	71751.519	4007.316	131	1
2_MACS_peak_5018_lociStitched	chr11	65254277	65278863	2	17950	52648.4604	4725.4292	132	1
4_MACS_peak_12295_lociStitched	chr17	76753797	76779850	4	17898	29153.307	4082.5051	133	1
2_MACS_peak_1686_lociStitched	chr1	154374157	154394649	2	17864	60242.3816	5737.76	134	1
4_MACS_peak_4069_lociStitched	chr10	112103726	112130142	4	17783	93092.6256	4913.376	135	1
3_MACS_peak_13106_lociStitched	chr19	2073562	2098369	3	17779	91093.7847	6625.9497	136	1
5_MACS_peak_9009_lociStitched	chr15	40329919	40358696	5	17696	29507.9358	4471.9458	137	1
6_MACS_peak_10363_lociStitched	chr16	30193683	30227703	6	17668	29471.526	6426.378	138	1
3_MACS_peak_18961_lociStitched	chr3	46129539	46153918	3	17649	32843.3888	4449.1675	139	1
5_MACS_peak_16360_lociStitched	chr2	219741250	219763451	5	17607	28326.2559	3696.4665	140	1
3_MACS_peak_325_lociStitched	chr1	24511753	24533976	3	17455	59442.0804	4293.4836	141	1
4_MACS_peak_1570_lociStitched	chr1	149802818	149834066	4	17441	68117.5152	7799.5008	142	1
3_MACS_peak_12242_lociStitched	chr17	75128804	75146961	3	17376	62670.7012	3673.1611	143	1
4_MACS_peak_15402_lociStitched	chr2	112208353	112241917	4	17340	29657.1504	5323.2504	144	1
5_MACS_peak_14935_lociStitched	chr2	68936008	68965713	5	17321	30397.1265	4776.564	145	1
1_MACS_peak_25945_lociStitched	chr7	55568918	55586222	1	17305	42424.2168	2716.728	146	1
1_MACS_peak_995_lociStitched	chr1	66734860	66752164	1	17305	55175.5344	3275.6472	147	1
2_MACS_peak_18218_lociStitched	chr22	37610004	37629299	2	17218	45661.6175	3484.677	148	1
3_MACS_peak_8550_lociStitched	chr14	81930585	81953513	3	17173	33289.1632	2207.9664	149	1
5_MACS_peak_11562_lociStitched	chr17	38251237	38280765	5	17072	23533.816	4305.1824	150	1
5_MACS_peak_23262_lociStitched	chr5	156339256	156370053	5	17070	30085.5893	4243.8266	151	1
4_MACS_peak_14703_lociStitched	chr2	47526563	47550890	4	17061	48712.3848	4018.8204	152	1
1_MACS_peak_22284_lociStitched	chr5	55436859	55453866	1	17008	40335.5019	2894.5914	153	1
4_MACS_peak_6378_lociStitched	chr12	48196040	48218967	4	16992	41894.5071	3794.4185	154	1
2_MACS_peak_1069_lociStitched	chr1	75595376	75612819	2	16963	32266.0614	2621.6829	155	1
6_MACS_peak_30250_lociStitched	chrX	128892765	128921527	6	16922	27208.852	2579.9514	156	1
4_MACS_peak_6024_lociStitched	chr12	11901283	11920486	4	16860	31838.574	3222.2634	157	1
5_MACS_peak_11720_lociStitched	chr17	43505040	43531608	5	16766	26350.1424	4070.2176	158	1
3_MACS_peak_3709_lociStitched	chr10	81001125	81020623	3	16735	34667.444	3195.7222	159	1
3_MACS_peak_18778_lociStitched	chr3	30682880	30703784	3	16729	17339.868	3415.7136	160	1
6_MACS_peak_24037_lociStitched	chr6	31773611	31805046	6	16610	28533.5495	5133.3355	161	1
1_MACS_peak_21083_lociStitched	chr4	77608500	77625064	1	16565	22704.2748	3160.4112	162	1
1_MACS_peak_22606_lociStitched	chr5	88170694	88187221	1	16528	52084.8405	3376.4661	163	1
4_MACS_peak_23206_lociStitched	chr5	150512532	150538139	4	16457	26649.2049	4025.4204	164	1
4_MACS_peak_22944_lociStitched	chr5	131813216	131842364	4	16242	28547.5512	4984.308	165	1
5_MACS_peak_8802_lociStitched	chr15	21975982	22002657	5	16194	19560.7775	3905.22	166	1
5_MACS_peak_1757_lociStitched	chr1	156065190	156100708	5	16169	24326.2782	7554.6786	167	1
3_MACS_peak_22829_lociStitched	chr5	118657534	118678812	3	16151	33802.2308	3902.3852	168	1
3_MACS_peak_18308_lociStitched	chr22	39823004	39846284	3	16138	56342.256	3461.736	169	1
3_MACS_peak_18006_lociStitched	chr22	24178493	24201056	3	16036	73645.632	3984.6258	170	1
3_MACS_peak_25844_lociStitched	chr7	44656567	44680443	3	16006	34190.432	3963.416	171	1
1_MACS_peak_6053_lociStitched	chr12	12866150	12882083	1	15934	86156.1042	3336.3702	172	1
5_MACS_peak_16189_lociStitched	chr2	202081047	202102267	5	15933	23751.546	4210.048	173	1
4_MACS_peak_3726_lociStitched	chr10	81946260	81966685	4	15858	31119.53	3570.29	174	1
3_MACS_peak_19981_lociStitched	chr3	156804214	156825014	3	15826	44516.16	5328.96	175	1
2_MACS_peak_24613_lociStitched	chr6	90055612	90071354	2	15724	33591.8538	3104.3224	176	1
3_MACS_peak_9725_lociStitched	chr15	89163621	89185174	3	15687	31090.2025	3797.6386	177	1
4_MACS_peak_14291_lociStitched	chr2	13680324	13702478	4	15625	32821.151	3267.715	178	1
1_MACS_peak_16184_lociStitched	chr2	201979529	201995139	1	15611	98547.491	3451.371	179	1
3_MACS_peak_23698_lociStitched	chr6	11713277	11736193	3	15582	37680.7788	3290.7376	180	1
4_MACS_peak_28858_lociStitched	chr9	93670948	93690443	4	15540	32523.5085	3296.6045	181	1
6_MACS_peak_8516_lociStitched	chr14	77487823	77510116	6	15509	27300.0078	1863.6948	182	1
5_MACS_peak_29385_lociStitched	chr9	134127087	134153439	5	15474	29060.9856	4131.9936	183	1
2_MACS_peak_6090_lociStitched	chr12	15100709	15116372	2	15470	26443.8429	3131.0337	184	1
4_MACS_peak_21758_lociStitched	chr4	173896270	173920285	4	15460	25587.9825	3294.858	185	1
4_MACS_peak_2138_lociStitched	chr1	183856419	183885931	4	15382	37046.4136	6076.5208	186	1
4_MACS_peak_14858_lociStitched	chr2	64486045	64511823	4	15291	32209.611	3815.144	187	1
4_MACS_peak_2364_lociStitched	chr1	204474562	204493954	4	15235	43441.9584	4993.44	188	1
5_MACS_peak_14749_lociStitched	chr2	54776836	54809301	5	15203	23251.433	5012.596	189	1
5_MACS_peak_1208_lociStitched	chr1	93409511	93428596	5	15199	16073.387	1931.402	190	1
4_MACS_peak_22610_lociStitched	chr5	88595447	88617706	4	15192	45904.7357	3777.3523	191	1
4_MACS_peak_28197_lociStitched	chr8	145002089	145028017	4	15178	24291.9432	3362.8616	192	1
1_MACS_peak_18258_lociStitched	chr22	38782125	38797268	1	15144	22390.4398	2524.3381	193	1
3_MACS_peak_17513_lociStitched	chr21	19151491	19169325	3	15135	25106.7052	3511.5146	194	1
7_MACS_peak_14967_lociStitched	chr2	70331393	70360987	7	15114	39505.0306	4533.8008	195	1
4_MACS_peak_5324_lociStitched	chr11	82764384	82790516	4	15087	37256.3924	4541.7416	196	1
1_MACS_peak_26152_lociStitched	chr7	78113477	78128542	1	15066	68276.0865	2539.959	197	1
3_MACS_peak_20341_lociStitched	chr3	186703069	186720452	3	15031	50714.9025	4583.8971	198	1
5_MACS_peak_10824_lociStitched	chr16	81841614	81871609	5	15020	24178.9695	2678.5535	199	1
2_MACS_peak_14279_lociStitched	chr2	11883300	11898307	2	15005	38704.5537	3182.9847	200	1
2_MACS_peak_15344_lociStitched	chr2	109828807	109844325	2	14997	26812.0004	2759.1004	201	1
1_MACS_peak_6163_lociStitched	chr12	26265617	26280573	1	14957	44803.6892	2961.288	202	1
3_MACS_peak_23114_lociStitched	chr5	142772398	142794686	3	14941	29783.4544	3216.1584	203	1
4_MACS_peak_16237_lociStitched	chr2	204716535	204740368	4	14921	16072.9752	3281.8041	204	1
3_MACS_peak_12120_lociStitched	chr17	70582484	70602271	3	14882	31225.8647	3320.2586	205	1
2_MACS_peak_9636_lociStitched	chr15	81576119	81596103	2	14877	37002.3744	3974.8176	206	1
5_MACS_peak_5980_lociStitched	chr12	9573401	9602081	5	14722	25006.092	4709.256	207	1
2_MACS_peak_5173_lociStitched	chr11	71411811	71426867	2	14720	42040.8688	2744.7088	208	1
4_MACS_peak_15175_lociStitched	chr2	88898755	88928567	4	14634	20686.5468	5115.7392	209	1
1_MACS_peak_11382_lociStitched	chr17	29634929	29649526	1	14598	36021.0169	2653.7346	210	1
3_MACS_peak_5208_lociStitched	chr11	72977727	73001828	3	14594	32312.2107	3439.2127	211	1
5_MACS_peak_21862_lociStitched	chr4	186252469	186284933	5	14592	24114.2592	4730.0048	212	1
2_MACS_peak_22106_lociStitched	chr5	32570707	32590140	2	14591	38992.3145	3511.5431	213	1
6_MACS_peak_13385_lociStitched	chr19	12885564	12918381	6	14580	22811.0967	4676.4225	214	1
3_MACS_peak_17206_lociStitched	chr20	45172437	45191722	3	14546	17142.4365	3147.312	215	1
2_MACS_peak_9534_lociStitched	chr15	75352675	75371294	2	14519	35644.2136	2835.6737	216	1
3_MACS_peak_21973_lociStitched	chr5	6475659	6497464	3	14507	53659.9245	3432.107	217	1
3_MACS_peak_19715_lociStitched	chr3	129026500	129048706	3	14494	30559.8972	3874.947	218	1
4_MACS_peak_17659_lociStitched	chr21	36235800	36262894	4	14422	38251.3092	5424.2188	219	1
2_MACS_peak_14348_lociStitched	chr2	20615070	20631109	2	14400	27641.6126	2415.4734	220	1
4_MACS_peak_3357_lociStitched	chr10	45913688	45933612	4	14392	45691.7092	3169.9084	221	1
3_MACS_peak_1847_lociStitched	chr1	160633446	160655998	3	14392	40158.3464	5182.4496	222	1
3_MACS_peak_20805_lociStitched	chr4	38121793	38136848	3	14382	42437.034	2684.3065	223	1
3_MACS_peak_10117_lociStitched	chr16	12052239	12072260	3	14362	73256.839	3811.9984	224	1
4_MACS_peak_23466_lociStitched	chr5	176717110	176740733	4	14333	34633.6803	4292.2991	225	1
3_MACS_peak_27301_lociStitched	chr8	29462941	29478109	3	14296	24443.232	2508.7872	226	1
2_MACS_peak_20810_lociStitched	chr4	38306931	38323017	2	14259	44592.0006	2716.9254	227	1
3_MACS_peak_6893_lociStitched	chr12	92930783	92950953	3	14215	21009.072	2845.987	228	1
4_MACS_peak_6966_lociStitched	chr12	96878260	96902073	4	14166	24151.1446	3429.072	229	1
4_MACS_peak_2031_lociStitched	chr1	174922496	174942312	4	14154	18377.3584	4163.3416	230	1
6_MACS_peak_10343_lociStitched	chr16	29815475	29837594	6	14143	28606.5027	3466.0473	231	1
4_MACS_peak_26766_lociStitched	chr7	137684201	137714583	4	14119	19806.0258	6325.5324	232	1
3_MACS_peak_28875_lociStitched	chr9	94180851	94196060	3	14112	24399.7987	3269.935	233	1
4_MACS_peak_15180_lociStitched	chr2	89047136	89067046	4	14063	42955.825	3040.257	234	1
4_MACS_peak_2429_lociStitched	chr1	206938531	206965995	4	13999	16472.9072	5311.5376	235	1
1_MACS_peak_12017_lociStitched	chr17	62196616	62210611	1	13996	19450.251	2741.6205	236	1
3_MACS_peak_1749_lociStitched	chr1	155938500	155954206	3	13990	38572.3654	4309.7264	237	1
4_MACS_peak_16322_lociStitched	chr2	216764742	216785437	4	13985	13493.14	3151.8485	238	1
3_MACS_peak_27701_lociStitched	chr8	81046216	81061299	3	13955	16992.5078	2552.0436	239	1
4_MACS_peak_11789_lociStitched	chr17	46580781	46596192	4	13942	17939.9451	2465.76	240	1
4_MACS_peak_662_lociStitched	chr1	40839066	40858577	4	13894	20102.1833	3410.5228	241	1
2_MACS_peak_6925_lociStitched	chr12	94583053	94603869	2	13852	49860.5648	3449.2112	242	1
1_MACS_peak_2709_lociStitched	chr1	226838925	226852683	1	13759	48018.1716	4130.1516	243	1
2_MACS_peak_24786_lociStitched	chr6	109214241	109228398	2	13740	18721.2168	2480.3064	244	1
4_MACS_peak_19430_lociStitched	chr3	101487011	101513775	4	13713	24542.588	4110.9504	245	1
4_MACS_peak_27266_lociStitched	chr8	27933752	27951606	4	13694	20510.6752	3449.3928	246	1
5_MACS_peak_29573_lociStitched	chrX	10065248	10091263	5	13692	20603.88	2286.7185	247	1
4_MACS_peak_23875_lociStitched	chr6	26183519	26207198	4	13687	32809.6224	3862.0449	248	1
6_MACS_peak_4967_lociStitched	chr11	63992597	64019976	6	13638	23395.3555	4002.8098	249	1
4_MACS_peak_12237_lociStitched	chr17	75078953	75093468	4	13636	32606.496	2860.9065	250	1
3_MACS_peak_17172_lociStitched	chr20	43587218	43609443	3	13621	25674.32	4362.7675	251	1
2_MACS_peak_17122_lociStitched	chr20	40709726	40727485	2	13620	39908.0248	2514.6744	252	1
3_MACS_peak_21029_lociStitched	chr4	74453966	74475679	3	13598	36462.6409	3015.9357	253	1
3_MACS_peak_3347_lociStitched	chr10	45453943	45475357	3	13557	24148.5678	3321.3114	254	1
2_MACS_peak_5532_lociStitched	chr11	111279464	111294415	2	13535	22124.4898	2519.2435	255	1
4_MACS_peak_24335_lociStitched	chr6	52147693	52173569	4	13530	19619.1832	4132.3972	256	1
2_MACS_peak_23542_lociStitched	chr6	381290	400882	2	13523	19766.3688	3130.8016	257	1
1_MACS_peak_1484_lociStitched	chr1	145186306	145199822	1	13517	22304.1032	6251.15	258	1
6_MACS_peak_13309_lociStitched	chr19	10513183	10536833	6	13513	14698.475	3663.385	259	1
2_MACS_peak_16194_lociStitched	chr2	202115623	202129211	2	13509	44735.7724	2958.1076	260	1
2_MACS_peak_25573_lociStitched	chr7	20476220	20490722	2	13498	27732.1746	2334.822	261	1
6_MACS_peak_923_lociStitched	chr1	59461969	59487250	6	13456	16296.1326	3597.4863	262	1
1_MACS_peak_11547_lociStitched	chr17	37924928	37938374	1	13447	26516.8566	2546.6724	263	1
3_MACS_peak_26529_lociStitched	chr7	114556538	114574782	3	13433	49601.7872	4367.6136	264	1
5_MACS_peak_19225_lociStitched	chr3	66530506	66552390	5	13428	11948.664	3302.2956	265	1
3_MACS_peak_1851_lociStitched	chr1	160694375	160715636	3	13365	38875.7385	5370.5286	266	1
3_MACS_peak_3989_lociStitched	chr10	104401107	104422189	3	13363	24931.5732	3204.464	267	1
2_MACS_peak_16976_lociStitched	chr20	32460527	32473866	2	13310	52260.8681	2546.4151	268	1
5_MACS_peak_6270_lociStitched	chr12	33037745	33060689	5	13248	15120.096	3551.7312	269	1
3_MACS_peak_14612_lociStitched	chr2	42343390	42361146	3	13246	20802.9296	3103.7488	270	1
1_MACS_peak_23857_lociStitched	chr6	25402649	25415885	1	13237	90363.4956	3424.1532	271	1
5_MACS_peak_12192_lociStitched	chr17	73850495	73875869	5	13207	35531.2122	3884.7594	272	1
5_MACS_peak_4226_lociStitched	chr10	126407312	126433816	5	13205	18375.2232	3628.3976	273	1
4_MACS_peak_11105_lociStitched	chr17	7736775	7762301	4	13203	17569.5458	4127.5542	274	1
2_MACS_peak_17968_lociStitched	chr22	23087927	23101953	2	13170	21597.2348	2300.264	275	1
1_MACS_peak_398_lociStitched	chr1	27018204	27031365	1	13162	31367.9274	2720.3787	276	1
3_MACS_peak_16186_lociStitched	chr2	202039845	202060497	3	13153	15992.9088	3568.6656	277	1
4_MACS_peak_13121_lociStitched	chr19	2455300	2480730	4	13129	23990.662	5134.317	278	1
3_MACS_peak_4711_lociStitched	chr11	35183308	35205182	3	13124	18846.6384	3792.9516	279	1
3_MACS_peak_2821_lociStitched	chr1	234733762	234749926	3	13121	47675.718	4283.46	280	1
6_MACS_peak_1029_lociStitched	chr1	68201056	68232688	6	13105	21177.624	4175.424	281	1
4_MACS_peak_11826_lociStitched	chr17	48225149	48249463	4	13088	16387.636	3357.7634	282	1
2_MACS_peak_15418_lociStitched	chr2	112455271	112468432	2	13086	68920.2087	2740.1202	283	1
2_MACS_peak_5662_lociStitched	chr11	120367887	120383235	2	13069	24908.2692	1992.1704	284	1
4_MACS_peak_18274_lociStitched	chr22	39362281	39386504	4	13066	28910.1505	3192.5914	285	1
1_MACS_peak_23892_lociStitched	chr6	26355045	26368081	1	13037	41655.2344	2543.3236	286	1
2_MACS_peak_8901_lociStitched	chr15	31546325	31561330	2	13012	54252.078	2750.4165	287	1
1_MACS_peak_28137_lociStitched	chr8	137188710	137201718	1	13009	33252.3504	2415.5856	288	1
5_MACS_peak_16118_lociStitched	chr2	197074896	197105984	5	12998	15857.9888	5036.256	289	1
4_MACS_peak_21890_lociStitched	chr4	187748019	187775790	4	12995	30945.2253	3457.4895	290	1
3_MACS_peak_2381_lociStitched	chr1	205242328	205258827	3	12990	38751.2013	4236.9432	291	1
2_MACS_peak_25911_lociStitched	chr7	50343243	50357873	2	12982	28418.775	2743.125	292	1
1_MACS_peak_14628_lociStitched	chr2	43444097	43457066	1	12970	36645.2064	2552.2992	293	1
5_MACS_peak_12703_lociStitched	chr18	42288615	42307633	5	12968	12652.6754	3136.0682	294	1
4_MACS_peak_4917_lociStitched	chr11	62308018	62325926	4	12954	17505.07	3074.8036	295	1
6_MACS_peak_15157_lociStitched	chr2	87795364	87821464	6	12947	13934.79	3807.99	296	1
3_MACS_peak_18285_lociStitched	chr22	39458961	39474534	3	12921	27232.5051	2508.8103	297	1
2_MACS_peak_9145_lociStitched	chr15	46994247	47008771	2	12904	22340.8168	2460.3656	298	1
2_MACS_peak_29861_lociStitched	chrX	48790480	48805126	2	12904	42231.741	1546.6176	299	1
2_MACS_peak_13809_lociStitched	chr19	42051268	42070503	2	12903	27025.175	3239.174	300	1
2_MACS_peak_9261_lociStitched	chr15	56647467	56666251	2	12884	48667.4656	3416.8096	301	1
3_MACS_peak_2527_lociStitched	chr1	211743185	211756533	3	12875	15093.9184	3397.066	302	1
1_MACS_peak_12604_lociStitched	chr18	22928717	22941556	1	12840	19476.763	1783.3371	303	1
2_MACS_peak_23432_lociStitched	chr5	173696145	173710319	2	12819	34078.5482	2371.3102	304	1
1_MACS_peak_10543_lociStitched	chr16	56962936	56975749	1	12814	37308.8934	2768.8893	305	1
4_MACS_peak_18296_lociStitched	chr22	39631440	39653679	4	12804	17806.7673	2755.4121	306	1
2_MACS_peak_22942_lociStitched	chr5	131789887	131804149	2	12763	33267.5412	3121.9518	307	1
2_MACS_peak_12276_lociStitched	chr17	76137206	76152870	2	12758	29561.1008	2431.0528	308	1
3_MACS_peak_2211_lociStitched	chr1	192561138	192579454	3	12717	14890.908	3882.992	309	1
6_MACS_peak_10643_lociStitched	chr16	67554669	67587536	6	12712	22027.4634	4926.7633	310	1
2_MACS_peak_22104_lociStitched	chr5	32530354	32544242	2	12674	27019.104	2520.672	311	1
4_MACS_peak_26503_lociStitched	chr7	111711602	111733084	4	12655	19327.3554	4401.6618	312	1
4_MACS_peak_29308_lociStitched	chr9	130828650	130845654	4	12631	20982.936	2987.6028	313	1
3_MACS_peak_16267_lociStitched	chr2	207995879	208015652	3	12625	24249.6072	2906.631	314	1
3_MACS_peak_14112_lociStitched	chr19	56328940	56351885	3	12624	38559.0725	3271.957	315	1
4_MACS_peak_3605_lociStitched	chr10	74006484	74024488	4	12613	22812.8684	3157.9016	316	1
4_MACS_peak_18721_lociStitched	chr3	20080130	20098379	4	12574	19869.5112	2708.1516	317	1
4_MACS_peak_14394_lociStitched	chr2	25623861	25645606	4	12569	23023.606	3653.16	318	1
4_MACS_peak_16561_lociStitched	chr2	238599715	238613359	4	12560	13762.7028	1298.9088	319	1
5_MACS_peak_25548_lociStitched	chr7	18533915	18561303	5	12519	17290.0444	3960.3048	320	1
5_MACS_peak_5913_lociStitched	chr12	6551970	6581041	5	12494	32983.9566	4814.1576	321	1
4_MACS_peak_25152_lociStitched	chr6	143162900	143180026	4	12465	20746.4364	1666.3598	322	1
2_MACS_peak_18046_lociStitched	chr22	26974716	26992527	2	12427	24664.6728	2969.0937	323	1
1_MACS_peak_14611_lociStitched	chr2	42322882	42335303	1	12422	38846.6775	2514.0104	324	1
1_MACS_peak_3485_lociStitched	chr10	63802696	63815106	1	12411	29231.755	2776.117	325	1
4_MACS_peak_25029_lociStitched	chr6	135322839	135344037	4	12408	22463.5206	3652.4154	326	1
2_MACS_peak_18966_lociStitched	chr3	46245242	46257718	2	12404	52714.8428	2567.5608	327	1
3_MACS_peak_13806_lociStitched	chr19	42027190	42044131	3	12401	16949.4705	2927.4048	328	1
3_MACS_peak_9374_lociStitched	chr15	65169117	65189983	3	12401	48306.8766	3449.1498	329	1
3_MACS_peak_29757_lociStitched	chrX	39953293	39969610	3	12374	16449.1677	1027.971	330	1
1_MACS_peak_18048_lociStitched	chr22	27003532	27015904	1	12373	29136.06	2465.7396	331	1
2_MACS_peak_3995_lociStitched	chr10	104531182	104544040	2	12351	27032.6592	2246.2926	332	1
2_MACS_peak_20837_lociStitched	chr4	40302433	40320076	2	12344	23650.4415	3147.5112	333	1
3_MACS_peak_595_lociStitched	chr1	37930472	37946402	3	12341	18563.229	2666.682	334	1
2_MACS_peak_20079_lociStitched	chr3	169656137	169668571	2	12339	37929.917	3102.283	335	1
2_MACS_peak_5572_lociStitched	chr11	115088882	115102586	2	12337	50884.3224	2583.204	336	1
4_MACS_peak_6065_lociStitched	chr12	13241956	13256125	4	12334	21130.2297	2711.9466	337	1
3_MACS_peak_10500_lociStitched	chr16	50713941	50732833	3	12333	18961.9004	2841.3568	338	1
2_MACS_peak_17027_lociStitched	chr20	34677156	34690980	2	12330	16056.576	2413.6704	339	1
4_MACS_peak_22269_lociStitched	chr5	55272541	55292219	4	12329	22830.4156	3540.0722	340	1
2_MACS_peak_24032_lociStitched	chr6	31694084	31709439	2	12326	39142.966	3176.9495	341	1
3_MACS_peak_20183_lociStitched	chr3	177062288	177079977	3	12324	40980.1063	4388.6409	342	1
4_MACS_peak_23799_lociStitched	chr6	20197257	20214335	4	12320	15612.7076	2602.6872	343	1
3_MACS_peak_13485_lociStitched	chr19	16694111	16711752	3	12308	30986.4165	3081.8827	344	1
2_MACS_peak_16467_lociStitched	chr2	231725829	231739876	2	12297	27251.18	1300.7522	345	1
4_MACS_peak_15640_lociStitched	chr2	137132607	137153064	4	12275	28809.5931	2970.3564	346	1
5_MACS_peak_21978_lociStitched	chr5	6711482	6738406	5	12214	15050.516	3785.5144	347	1
4_MACS_peak_7101_lociStitched	chr12	109161683	109181131	4	12186	26011.7	3131.128	348	1
3_MACS_peak_17430_lociStitched	chr20	61272901	61291250	3	12184	23558.2811	2387.2049	349	1
6_MACS_peak_5266_lociStitched	chr11	77146760	77171609	6	12170	14263.326	4010.6286	350	1
5_MACS_peak_13082_lociStitched	chr19	1647913	1672864	5	12159	27920.169	4209.2337	351	1
3_MACS_peak_17793_lociStitched	chr21	45194635	45210483	3	12155	30426.5752	3754.3912	352	1
2_MACS_peak_15753_lociStitched	chr2	158293517	158311386	2	12133	46284.2838	3109.206	353	1
3_MACS_peak_20084_lociStitched	chr3	169754927	169776818	3	12132	20813.9628	5389.5642	354	1
5_MACS_peak_5315_lociStitched	chr11	82666394	82690167	5	12114	17656.2071	3603.9868	355	1
2_MACS_peak_23204_lociStitched	chr5	150459359	150475980	2	12111	21806.752	3018.3736	356	1
3_MACS_peak_633_lociStitched	chr1	40029876	40042868	3	12095	14269.1136	2439.8976	357	1
5_MACS_peak_8792_lociStitched	chr15	20969034	20996091	5	12089	19965.3603	3417.2991	358	1
3_MACS_peak_5879_lociStitched	chr12	4216235	4231616	3	12075	73016.6832	2839.3326	359	1
4_MACS_peak_17626_lociStitched	chr21	34732936	34757756	4	12075	27195.274	5246.948	360	1
4_MACS_peak_5639_lociStitched	chr11	118954856	118979806	4	12069	21404.605	4006.97	361	1
2_MACS_peak_10612_lociStitched	chr16	66549011	66561321	2	12063	55579.65	2731.589	362	1
3_MACS_peak_14441_lociStitched	chr2	27374667	27389984	3	12036	21509.6631	2591.6364	363	1
2_MACS_peak_5882_lociStitched	chr12	4250080	4264748	2	12032	17325.8416	2760.5176	364	1
2_MACS_peak_10791_lociStitched	chr16	79628727	79640936	2	12030	16349.0719	886.3734	365	1
3_MACS_peak_1334_lociStitched	chr1	112134463	112148612	3	12025	24466.4508	1467.2513	366	1
1_MACS_peak_2420_lociStitched	chr1	206727716	206739707	1	11992	39724.9839	3510.9648	367	1
4_MACS_peak_27139_lociStitched	chr8	18587640	18614469	4	11992	17623.9701	3418.0146	368	1
5_MACS_peak_22597_lociStitched	chr5	87954442	87976765	5	11976	34006.8582	3426.5805	369	1
4_MACS_peak_4062_lociStitched	chr10	111966865	111986492	4	11974	14520.0546	2997.0429	370	1
5_MACS_peak_10628_lociStitched	chr16	67183977	67209061	5	11958	22324.76	3336.172	371	1
4_MACS_peak_13965_lociStitched	chr19	48823409	48837996	4	11951	23094.1384	2895.5195	372	1
1_MACS_peak_7978_lociStitched	chr13	114556359	114568304	1	11946	42936.3025	2569.3695	373	1
3_MACS_peak_5937_lociStitched	chr12	7022748	7038586	3	11939	18907.4044	2602.1834	374	1
3_MACS_peak_26833_lociStitched	chr7	142490489	142511493	3	11931	44364.6488	4362.5308	375	1
4_MACS_peak_4188_lociStitched	chr10	124332909	124356029	4	11916	8875.768	2332.808	376	1
2_MACS_peak_17167_lociStitched	chr20	43270067	43282286	2	11877	24743.475	2436.4686	377	1
2_MACS_peak_1583_lociStitched	chr1	150120754	150139383	2	11876	24120.8292	3869.2433	378	1
3_MACS_peak_14874_lociStitched	chr2	64862674	64883604	3	11873	24940.188	3158.337	379	1
3_MACS_peak_19918_lociStitched	chr3	151985219	152001859	3	11862	20147.712	2908.672	380	1
2_MACS_peak_11277_lociStitched	chr17	20204548	20221754	2	11861	21328.5576	2147.3088	381	1
3_MACS_peak_13112_lociStitched	chr19	2254653	2271802	3	11849	25188.4512	3719.6181	382	1
2_MACS_peak_9273_lociStitched	chr15	58581815	58595806	2	11840	36149.9458	2150.4167	383	1
2_MACS_peak_24953_lociStitched	chr6	129992787	130011209	2	11809	24464.416	3028.5768	384	1
4_MACS_peak_22037_lociStitched	chr5	15426984	15448907	4	11808	15028.2165	2687.7598	385	1
4_MACS_peak_12032_lociStitched	chr17	62961133	62986810	4	11782	34389.2061	3941.4195	386	1
5_MACS_peak_14434_lociStitched	chr2	27293323	27311126	5	11780	14571.7555	2611.7001	387	1
4_MACS_peak_9344_lociStitched	chr15	63758563	63780304	4	11755	16240.527	3280.7169	388	1
3_MACS_peak_20883_lociStitched	chr4	48191532	48206889	3	11744	22060.3305	2552.3334	389	1
4_MACS_peak_6572_lociStitched	chr12	57021894	57040979	4	11731	17766.2265	3444.8425	390	1
5_MACS_peak_18506_lociStitched	chr22	50962590	50983493	5	11723	19997.9001	3056.0186	391	1
1_MACS_peak_15999_lociStitched	chr2	182168369	182180078	1	11710	35451.3393	2279.7423	392	1
4_MACS_peak_5658_lociStitched	chr11	120195354	120216663	4	11703	13656.9381	3699.2424	393	1
2_MACS_peak_22614_lociStitched	chr5	88634814	88652746	2	11699	33726.5056	2913.95	394	1
3_MACS_peak_300_lociStitched	chr1	23849828	23866973	3	11687	48100.2975	3243.834	395	1
3_MACS_peak_26069_lociStitched	chr7	74057099	74076987	3	11671	20222.1184	2822.1072	396	1
4_MACS_peak_14072_lociStitched	chr19	54872515	54900983	4	11671	12850.4552	3438.9344	397	1
2_MACS_peak_17724_lociStitched	chr21	41295561	41310681	2	11651	34570.368	3981.096	398	1
4_MACS_peak_14687_lociStitched	chr2	46789008	46803210	4	11637	15914.7612	2722.5234	399	1
3_MACS_peak_12839_lociStitched	chr18	52929982	52948393	3	11629	23402.2221	2688.006	400	1
3_MACS_peak_17757_lociStitched	chr21	43638921	43657922	3	11619	25681.7516	4404.4318	401	1
3_MACS_peak_23637_lociStitched	chr6	7134927	7148243	3	11590	22313.6212	2612.5992	402	1
2_MACS_peak_6351_lociStitched	chr12	46776085	46794003	2	11577	22112.6038	3080.1042	403	1
3_MACS_peak_24868_lociStitched	chr6	117858834	117877468	3	11563	19215.3808	2761.5588	404	1
4_MACS_peak_12608_lociStitched	chr18	23745901	23771927	4	11551	16971.5546	3323.5202	405	1
1_MACS_peak_4079_lociStitched	chr10	112214706	112226236	1	11531	54352.42	2181.476	406	1
2_MACS_peak_15733_lociStitched	chr2	153913730	153928943	2	11530	25253.58	2017.2438	407	1
2_MACS_peak_7623_lociStitched	chr13	46269044	46281218	2	11526	28566.291	1341.5748	408	1
3_MACS_peak_26371_lociStitched	chr7	101921188	101936001	3	11513	16476.4999	2061.9696	409	1
3_MACS_peak_20406_lociStitched	chr3	193847696	193860576	3	11509	17815.616	2787.232	410	1
3_MACS_peak_25677_lociStitched	chr7	29706170	29726315	3	11487	14885.1405	2971.3875	411	1
2_MACS_peak_17319_lociStitched	chr20	52267929	52279801	2	11469	30799.5296	2107.28	412	1
1_MACS_peak_23703_lociStitched	chr6	11826657	11838123	1	11467	67565.6982	2199.1788	413	1
1_MACS_peak_2095_lociStitched	chr1	181095120	181106586	1	11467	29119.0536	2773.6254	414	1
1_MACS_peak_4881_lociStitched	chr11	60601905	60613367	1	11463	26041.664	2016.1658	415	1
2_MACS_peak_13673_lociStitched	chr19	35694343	35708342	2	11449	34483.7367	2896.3931	416	1
4_MACS_peak_27348_lociStitched	chr8	33410185	33428092	4	11441	23008.7043	2755.8873	417	1
1_MACS_peak_23163_lociStitched	chr5	148204601	148216036	1	11436	25520.633	2716.956	418	1
1_MACS_peak_10542_lociStitched	chr16	56943210	56954632	1	11423	52778.7776	2298.1064	419	1
4_MACS_peak_17375_lociStitched	chr20	55957867	55975560	4	11421	18864.2766	2924.6529	420	1
3_MACS_peak_13300_lociStitched	chr19	10329332	10348038	3	11419	23868.856	2525.31	421	1
4_MACS_peak_2186_lociStitched	chr1	187000872	187021994	4	11416	16261.8278	4321.5612	422	1
3_MACS_peak_6707_lociStitched	chr12	68751884	68770745	3	11398	31446.9453	3164.8758	423	1
1_MACS_peak_6445_lociStitched	chr12	51311774	51323155	1	11382	22719.8903	2478.7818	424	1
1_MACS_peak_21309_lociStitched	chr4	105406407	105417778	1	11372	33528.5306	1793.2067	425	1
2_MACS_peak_1870_lociStitched	chr1	161144704	161158161	2	11361	36741.6471	3796.2197	426	1
2_MACS_peak_24296_lociStitched	chr6	45386614	45402263	2	11358	25179.241	2255.0209	427	1
3_MACS_peak_23914_lociStitched	chr6	27098276	27116086	3	11322	26909.129	2920.84	428	1
5_MACS_peak_2434_lociStitched	chr1	206987236	207007761	5	11311	11990.705	4770.01	429	1
2_MACS_peak_29161_lociStitched	chr9	117659660	117673429	2	11307	15930.733	2441.2437	430	1
4_MACS_peak_21052_lociStitched	chr4	76022941	76044176	4	11300	28620.533	3253.202	431	1
3_MACS_peak_5320_lociStitched	chr11	82704021	82719977	3	11294	22505.938	2399.7824	432	1
1_MACS_peak_20198_lociStitched	chr3	178230153	178241440	1	11288	27863.0882	2904.1451	433	1
4_MACS_peak_11073_lociStitched	chr17	6914816	6940405	4	11273	39911.1633	3357.2768	434	1
4_MACS_peak_13970_lociStitched	chr19	48879966	48902460	4	11269	27300.9678	3227.889	435	1
5_MACS_peak_4984_lociStitched	chr11	64611212	64634324	5	11262	18103.6296	3293.46	436	1
4_MACS_peak_24782_lociStitched	chr6	109186454	109207068	4	11260	13650.5908	3112.714	437	1
3_MACS_peak_8598_lociStitched	chr14	91781614	91801829	3	11254	14938.885	1829.4575	438	1
3_MACS_peak_19969_lociStitched	chr3	156381220	156405479	3	11234	17857.0499	5540.7556	439	1
3_MACS_peak_5734_lociStitched	chr11	126172997	126189778	3	11227	19606.9204	2882.9758	440	1
3_MACS_peak_27554_lociStitched	chr8	61811615	61830335	3	11213	13783.536	2933.424	441	1
3_MACS_peak_7067_lociStitched	chr12	106528492	106544069	3	11198	22413.7453	2989.2263	442	1
3_MACS_peak_5122_lociStitched	chr11	67644642	67659860	3	11195	30618.616	2465.316	443	1
3_MACS_peak_17322_lociStitched	chr20	52336823	52358683	3	11173	23534.476	3023.238	444	1
1_MACS_peak_24769_lociStitched	chr6	108986325	108997495	1	11171	25040.906	1881.028	445	1
5_MACS_peak_15427_lociStitched	chr2	112687426	112712177	5	11166	11699.7977	3024.5722	446	1
4_MACS_peak_29145_lociStitched	chr9	117259033	117281830	4	11148	15059.6982	3501.6192	447	1
4_MACS_peak_1363_lociStitched	chr1	115236695	115260184	4	11146	16496.3247	1406.9911	448	1
3_MACS_peak_23237_lociStitched	chr5	153651336	153665869	3	11143	12528.8993	2073.8591	449	1
4_MACS_peak_1003_lociStitched	chr1	66896514	66912835	4	11143	18561.8733	2993.2714	450	1
4_MACS_peak_27783_lociStitched	chr8	95987155	96006018	4	11140	10527.4403	1537.3345	451	1
1_MACS_peak_5886_lociStitched	chr12	4377277	4388413	1	11137	30453.6192	1988.8896	452	1
4_MACS_peak_11081_lociStitched	chr17	7136576	7156724	4	11105	23996.268	3014.1408	453	1
2_MACS_peak_16820_lociStitched	chr20	17826235	17840369	2	11100	21305.5916	1971.693	454	1
2_MACS_peak_11039_lociStitched	chr17	4841917	4855123	2	11099	29022.8262	2108.9982	455	1
6_MACS_peak_28985_lociStitched	chr9	101996714	102029499	6	11095	16802.3125	4566.9505	456	1
3_MACS_peak_25854_lociStitched	chr7	45024884	45042160	3	11084	15690.0632	2563.7584	457	1
4_MACS_peak_14106_lociStitched	chr19	56145555	56168044	4	11080	21438.7637	3092.2375	458	1
3_MACS_peak_22846_lociStitched	chr5	121647013	121661351	3	11077	11013.0178	1828.095	459	1
4_MACS_peak_11122_lociStitched	chr17	8088566	8104391	4	11073	12761.28	3022.575	460	1
4_MACS_peak_9760_lociStitched	chr15	90573901	90591951	4	11061	17669.145	2638.91	461	1
3_MACS_peak_23392_lociStitched	chr5	171601041	171616219	3	11056	19207.759	2548.3862	462	1
3_MACS_peak_24179_lociStitched	chr6	37121642	37141050	3	11041	24915.9904	3120.8064	463	1
5_MACS_peak_5084_lociStitched	chr11	66861817	66889401	5	11031	12837.5936	3489.376	464	1
4_MACS_peak_8980_lociStitched	chr15	38360712	38380439	4	11030	23453.4303	3300.3271	465	1
2_MACS_peak_4080_lociStitched	chr10	112255851	112273164	2	11028	24783.5595	2946.6726	466	1
3_MACS_peak_734_lociStitched	chr1	44289746	44306084	3	11027	14186.2854	2720.277	467	1
5_MACS_peak_22095_lociStitched	chr5	32275830	32295807	5	11002	12040.1379	2834.7363	468	1
4_MACS_peak_14902_lociStitched	chr2	65601207	65623107	4	10992	14738.7	3534.66	469	1
4_MACS_peak_10331_lociStitched	chr16	29464395	29484618	4	10975	14038.8066	3611.8278	470	1
1_MACS_peak_17778_lociStitched	chr21	44723884	44734855	1	10972	36071.5509	2693.3805	471	1
3_MACS_peak_22583_lociStitched	chr5	86408063	86420197	3	10967	20398.4674	2374.6238	472	1
1_MACS_peak_2476_lociStitched	chr1	209274216	209285178	1	10963	51035.7834	3124.17	473	1
2_MACS_peak_1747_lociStitched	chr1	155902976	155918819	2	10947	19109.8266	3932.2326	474	1
3_MACS_peak_9815_lociStitched	chr15	93346012	93364538	3	10941	31053.2812	2873.3826	475	1
2_MACS_peak_26756_lociStitched	chr7	136034835	136047431	2	10919	17903.9544	3060.828	476	1
3_MACS_peak_28098_lociStitched	chr8	133958346	133973205	3	10915	8740.0638	1925.7264	477	1
3_MACS_peak_242_lociStitched	chr1	17221178	17241782	3	10914	64651.2312	5431.2144	478	1
4_MACS_peak_21835_lociStitched	chr4	185366640	185381780	4	10882	21877.3	2738.826	479	1
3_MACS_peak_2653_lociStitched	chr1	223899452	223915882	3	10858	19525.412	4054.924	480	1
3_MACS_peak_445_lociStitched	chr1	28558647	28577270	3	10852	17865.0439	3137.9755	481	1
6_MACS_peak_17949_lociStitched	chr22	22549325	22573289	6	10851	19636.1016	3709.6272	482	1
4_MACS_peak_30012_lociStitched	chrX	70837282	70857772	4	10839	11347.362	1633.053	483	1
3_MACS_peak_17315_lociStitched	chr20	52224963	52244752	3	10829	31201.3163	2406.3424	484	1
2_MACS_peak_6184_lociStitched	chr12	27329556	27340879	2	10827	20434.6181	2174.016	485	1
5_MACS_peak_23675_lociStitched	chr6	10403365	10431039	5	10801	21718.5552	3392.8324	486	1
2_MACS_peak_29076_lociStitched	chr9	112668712	112683236	2	10797	36752.982	2702.9164	487	1
2_MACS_peak_17614_lociStitched	chr21	34600757	34613240	2	10793	34747.6788	3007.1547	488	1
2_MACS_peak_2525_lociStitched	chr1	211686665	211702559	2	10782	19745.1162	3345.687	489	1
3_MACS_peak_20577_lociStitched	chr4	6168563	6187159	3	10780	12001.8584	2532.7752	490	1
4_MACS_peak_8641_lociStitched	chr14	94424558	94445734	4	10775	11737.8568	1806.3128	491	1
2_MACS_peak_3323_lociStitched	chr10	43890676	43906146	2	10762	23828.441	2566.473	492	1
2_MACS_peak_7979_lociStitched	chr13	114581582	114595135	2	10758	23606.6154	2000.4228	493	1
1_MACS_peak_27780_lociStitched	chr8	95952593	95963337	1	10745	14995.4008	978.7784	494	1
3_MACS_peak_18689_lociStitched	chr3	15835295	15851656	3	10744	15734.3737	2679.9318	495	1
2_MACS_peak_15420_lociStitched	chr2	112481694	112494682	2	10737	14146.5296	1935.212	496	1
2_MACS_peak_17381_lociStitched	chr20	56047338	56058248	2	10733	28601.656	1837.244	497	1
1_MACS_peak_28354_lociStitched	chr9	9604919	9615650	1	10732	20118.4788	1488.3897	498	1
4_MACS_peak_29189_lociStitched	chr9	123688964	123707708	4	10726	17143.2624	3353.3016	499	1
3_MACS_peak_20238_lociStitched	chr3	182098024	182113229	3	10717	12440.731	3346.6205	500	1
3_MACS_peak_5772_lociStitched	chr11	129233422	129249607	3	10713	22607.208	2738.502	501	1
4_MACS_peak_5283_lociStitched	chr11	78127082	78140188	4	10712	12541.1314	2031.43	502	1
4_MACS_peak_9638_lociStitched	chr15	81608650	81624591	4	10698	13019.0147	2631.8591	503	1
3_MACS_peak_22485_lociStitched	chr5	75585577	75601000	3	10694	11824.8141	2375.142	504	1
2_MACS_peak_26410_lociStitched	chr7	104576068	104587095	2	10687	32376.3747	1989.2708	505	1
4_MACS_peak_19495_lociStitched	chr3	111791309	111812389	4	10680	12620.596	3520.36	506	1
4_MACS_peak_7239_lociStitched	chr12	120966062	120978736	4	10670	9443.3974	1372.5942	507	1
2_MACS_peak_24972_lociStitched	chr6	130833390	130848234	2	10670	13635.6984	2189.49	508	1
4_MACS_peak_24094_lociStitched	chr6	33537582	33559223	4	10641	20784.0164	3421.4421	509	1
1_MACS_peak_2761_lociStitched	chr1	230238256	230248861	1	10606	19639.3995	2983.1865	510	1
4_MACS_peak_16967_lociStitched	chr20	32360424	32381311	4	10594	18088.142	3030.7037	511	1
2_MACS_peak_30227_lociStitched	chrX	119434575	119445682	2	10593	23000.3756	1125.1391	512	1
3_MACS_peak_5129_lociStitched	chr11	67760370	67778776	3	10550	23322.2426	2672.5512	513	1
2_MACS_peak_6849_lociStitched	chr12	89737920	89749611	2	10548	22468.9329	2438.7426	514	1
3_MACS_peak_20800_lociStitched	chr4	38063195	38078260	3	10541	8980.2465	2428.478	515	1
1_MACS_peak_23030_lociStitched	chr5	138719899	138730438	1	10540	32249.34	2199.4893	516	1
2_MACS_peak_29589_lociStitched	chrX	11439771	11454416	2	10538	15186.865	1471.8225	517	1
1_MACS_peak_11715_lociStitched	chr17	43297947	43308474	1	10528	54723.5568	2203.3011	518	1
4_MACS_peak_8353_lociStitched	chr14	63934247	63951907	4	10513	9073.708	1469.312	519	1
2_MACS_peak_14891_lociStitched	chr2	65204530	65221148	2	10501	21187.95	2514.3034	520	1
3_MACS_peak_23119_lociStitched	chr5	142952380	142975506	3	10490	19187.6422	3344.0196	521	1
4_MACS_peak_18314_lociStitched	chr22	39911047	39929756	4	10476	21320.7764	3479.874	522	1
4_MACS_peak_306_lociStitched	chr1	23937076	23954726	4	10471	14382.985	2961.67	523	1
1_MACS_peak_1147_lociStitched	chr1	87792749	87803210	1	10462	14721.7653	1785.6927	524	1
5_MACS_peak_20113_lociStitched	chr3	171851101	171872264	5	10462	10742.3388	4378.6247	525	1
2_MACS_peak_14941_lociStitched	chr2	68989007	69004002	2	10460	24048.981	2688.6035	526	1
5_MACS_peak_23088_lociStitched	chr5	141385644	141405461	5	10451	17066.4004	3358.9815	527	1
3_MACS_peak_10136_lociStitched	chr16	14486348	14503542	3	10448	29063.0182	2513.7628	528	1
2_MACS_peak_20455_lociStitched	chr3	196357819	196371457	2	10443	25355.7696	3124.4658	529	1
4_MACS_peak_23708_lociStitched	chr6	12044090	12062438	4	10441	16263.6672	2524.6848	530	1
4_MACS_peak_30409_lociStitched	chrX	153233771	153252586	4	10435	22049.2985	1520.252	531	1
3_MACS_peak_25299_lociStitched	chr6	160389169	160405028	3	10401	10788.8777	1363.874	532	1
3_MACS_peak_29186_lociStitched	chr9	123653009	123667851	3	10394	18919.0974	2497.9086	533	1
5_MACS_peak_10728_lociStitched	chr16	70826988	70850535	5	10392	13016.7816	3263.6142	534	1
2_MACS_peak_16092_lociStitched	chr2	192530537	192546247	2	10389	26854.674	2893.782	535	1
1_MACS_peak_22748_lociStitched	chr5	109024009	109034388	1	10380	18141.4541	2057.1178	536	1
3_MACS_peak_2516_lociStitched	chr1	211499055	211515487	3	10372	18001.256	4043.9152	537	1
2_MACS_peak_10097_lociStitched	chr16	11668306	11681935	2	10369	12486.8898	2228.3415	538	1
5_MACS_peak_15397_lociStitched	chr2	112186244	112201283	5	10328	7459.344	2564.1495	539	1
3_MACS_peak_27312_lociStitched	chr8	29621963	29635665	3	10323	44175.248	2278.6426	540	1
3_MACS_peak_13418_lociStitched	chr19	13948928	13962206	3	10322	26233.3446	2036.8452	541	1
1_MACS_peak_25883_lociStitched	chr7	47512692	47522998	1	10307	31911.4984	2403.3592	542	1
1_MACS_peak_21824_lociStitched	chr4	185200850	185211156	1	10307	62173.0062	2592.9896	543	1
3_MACS_peak_28478_lociStitched	chr9	33444959	33459702	3	10299	17199.1838	2529.8988	544	1
3_MACS_peak_22750_lociStitched	chr5	109187902	109202444	3	10298	22537.1916	2214.7466	545	1
3_MACS_peak_27304_lociStitched	chr8	29490511	29505822	3	10292	16910.9995	2556.937	546	1
5_MACS_peak_682_lociStitched	chr1	42126771	42150583	5	10285	12446.5324	2797.91	547	1
2_MACS_peak_11817_lociStitched	chr17	47816050	47827641	2	10279	20308.5911	2419.0417	548	1
4_MACS_peak_15092_lociStitched	chr2	85150868	85170696	4	10279	13463.212	3386.6224	549	1
2_MACS_peak_2285_lociStitched	chr1	200850523	200864813	2	10276	32135.352	3020.906	550	1
5_MACS_peak_9115_lociStitched	chr15	44954378	44976722	5	10266	16366.98	3322.5528	551	1
3_MACS_peak_27100_lociStitched	chr8	12441885	12459712	3	10261	13270.4188	4264.2184	552	1
3_MACS_peak_10254_lociStitched	chr16	23404589	23419410	3	10245	34575.9109	2184.6154	553	1
4_MACS_peak_12390_lociStitched	chr17	80447724	80465910	4	10233	12415.5822	2595.1422	554	1
3_MACS_peak_3026_lociStitched	chr10	6953870	6973172	3	10226	31755.6504	3105.6918	555	1
3_MACS_peak_25862_lociStitched	chr7	45439583	45451163	3	10222	11644.848	1633.938	556	1
3_MACS_peak_23863_lociStitched	chr6	26020203	26034967	3	10209	20964.88	2698.8592	557	1
3_MACS_peak_8950_lociStitched	chr15	34619216	34635787	3	10203	23555.6765	2611.5896	558	1
2_MACS_peak_20346_lociStitched	chr3	186779368	186792588	2	10196	47573.492	3587.908	559	1
3_MACS_peak_19732_lociStitched	chr3	130557427	130574013	3	10173	12054.7048	2713.4696	560	1
2_MACS_peak_1783_lociStitched	chr1	156709221	156722878	2	10171	25849.9696	3672.3673	561	1
3_MACS_peak_16992_lociStitched	chr20	32990762	33005636	3	10139	14582.4696	2280.1842	562	1
1_MACS_peak_6740_lociStitched	chr12	72078939	72089074	1	10136	13952.8545	1798.9625	563	1
2_MACS_peak_5809_lociStitched	chr11	132218213	132231691	2	10121	23318.2878	2126.8284	564	1
1_MACS_peak_12917_lociStitched	chr18	60821672	60831785	1	10114	81734.2773	2341.1595	565	1
3_MACS_peak_16346_lociStitched	chr2	219148256	219160856	3	10114	15873.48	2196.18	566	1
4_MACS_peak_15329_lociStitched	chr2	109220882	109239047	4	10105	12468.456	2879.1525	567	1
4_MACS_peak_27977_lociStitched	chr8	124546066	124561138	4	10098	13447.2384	2262.3072	568	1
2_MACS_peak_27298_lociStitched	chr8	29404316	29416975	2	10084	35071.7595	2102.6599	569	1
2_MACS_peak_330_lociStitched	chr1	24710002	24720717	2	10074	12649.0575	2020.849	570	1
2_MACS_peak_2154_lociStitched	chr1	184711231	184725806	2	10074	20199.4925	3528.6075	571	1
3_MACS_peak_18863_lociStitched	chr3	39247684	39264043	3	10066	19205.466	2758.1274	572	1
4_MACS_peak_13102_lociStitched	chr19	2040954	2062820	4	10056	22718.774	3951.1862	573	1
4_MACS_peak_15414_lociStitched	chr2	112416151	112435336	4	10049	10131.5985	2620.671	574	1
2_MACS_peak_9536_lociStitched	chr15	75396326	75407637	2	10038	11331.3598	1599.3754	575	1
4_MACS_peak_4322_lociStitched	chr11	788824	811069	4	10015	16512.4635	2916.3195	576	1
1_MACS_peak_29139_lociStitched	chr9	117126920	117136927	1	10008	20171.1099	1491.043	577	1
4_MACS_peak_12278_lociStitched	chr17	76163586	76183671	4	10002	19213.311	3486.756	578	1
2_MACS_peak_11019_lociStitched	chr17	4267983	4281517	2	10000	16313.8836	2210.1022	579	1
1_MACS_peak_25648_lociStitched	chr7	26002405	26012402	1	9998	34572.6251	2187.3436	580	1
4_MACS_peak_24772_lociStitched	chr6	109066905	109090184	4	9991	11741.9276	3747.919	581	1
2_MACS_peak_6455_lociStitched	chr12	51711845	51722217	2	9987	23902.274	2181.2316	582	1
2_MACS_peak_15613_lociStitched	chr2	134926108	134942994	2	9983	15045.426	2652.7906	583	1
2_MACS_peak_24824_lociStitched	chr6	113946210	113957227	2	9982	18898.5618	1703.2282	584	1
4_MACS_peak_2509_lociStitched	chr1	210850435	210872143	4	9982	11744.028	3937.8312	585	1
1_MACS_peak_23442_lociStitched	chr5	175076550	175086520	1	9971	13249.133	2022.913	586	1
1_MACS_peak_9451_lociStitched	chr15	70386982	70396949	1	9968	15892.3815	1592.7266	587	1
4_MACS_peak_23607_lociStitched	chr6	5866253	5880341	4	9968	11099.9352	2371.0104	588	1
1_MACS_peak_16333_lociStitched	chr2	217079279	217089242	1	9964	30410.0649	2211.786	589	1
2_MACS_peak_26463_lociStitched	chr7	106503667	106513866	2	9961	33435.3817	2974.0284	590	1
1_MACS_peak_20993_lociStitched	chr4	69434269	69444218	1	9950	35452.2666	1700.2841	591	1
2_MACS_peak_6343_lociStitched	chr12	46119291	46132542	2	9950	19032.4113	2093.658	592	1
5_MACS_peak_15565_lociStitched	chr2	131128600	131151781	5	9950	15371.3211	3307.9287	593	1
5_MACS_peak_16087_lociStitched	chr2	192481526	192503783	5	9946	11081.7603	3229.4907	594	1
3_MACS_peak_13052_lociStitched	chr19	1015099	1029563	3	9939	16532.352	3357.0944	595	1
3_MACS_peak_845_lociStitched	chr1	52417276	52430785	3	9938	14065.5708	2299.2318	596	1
5_MACS_peak_405_lociStitched	chr1	27146954	27167180	5	9931	12420.7866	3179.5272	597	1
2_MACS_peak_13851_lociStitched	chr19	44257272	44271761	2	9912	26317.8196	2211.0214	598	1
2_MACS_peak_21295_lociStitched	chr4	103532364	103542848	2	9911	16158.9892	1920.6688	599	1
3_MACS_peak_24237_lociStitched	chr6	42737679	42752635	3	9911	33501.44	2135.7168	600	1
3_MACS_peak_29152_lociStitched	chr9	117369169	117380559	3	9908	14002.866	2019.447	601	1
3_MACS_peak_12801_lociStitched	chr18	48677287	48696753	3	9899	26438.7212	2805.0506	602	1
3_MACS_peak_1990_lociStitched	chr1	169873039	169886251	3	9896	11265.8724	2392.6932	603	1
4_MACS_peak_25728_lociStitched	chr7	34773526	34796503	4	9894	11706.7815	3159.3375	604	1
4_MACS_peak_3195_lociStitched	chr10	24737099	24756320	4	9889	9443.2773	2856.2406	605	1
2_MACS_peak_20814_lociStitched	chr4	38664270	38674417	2	9886	16163.1563	1412.4624	606	1
2_MACS_peak_7771_lociStitched	chr13	77898943	77914800	2	9886	20557.0148	2649.7047	607	1
4_MACS_peak_23258_lociStitched	chr5	156305653	156321820	4	9885	10972.5429	1986.9243	608	1
2_MACS_peak_7330_lociStitched	chr12	125398046	125412837	2	9881	21974.9887	1310.4826	609	1
1_MACS_peak_3121_lociStitched	chr10	15824463	15834318	1	9856	31659.1875	1672.3935	610	1
3_MACS_peak_24473_lociStitched	chr6	74220307	74234461	3	9851	23693.796	2762.8608	611	1
3_MACS_peak_1701_lociStitched	chr1	154821343	154844656	3	9845	33092.8035	4898.0613	612	1
1_MACS_peak_15122_lociStitched	chr2	86219412	86229245	1	9834	33404.6676	2060.0135	613	1
3_MACS_peak_21261_lociStitched	chr4	100766102	100783982	3	9830	15208.728	2800.008	614	1
1_MACS_peak_1850_lociStitched	chr1	160675537	160685360	1	9824	27915.9837	3198.3688	615	1
4_MACS_peak_15125_lociStitched	chr2	86290312	86308557	4	9821	12111.031	3172.8055	616	1
2_MACS_peak_5574_lociStitched	chr11	115125135	115137188	2	9820	23936.0527	2024.904	617	1
3_MACS_peak_1426_lociStitched	chr1	120658443	120676466	3	9812	10880.4851	3579.3678	618	1
2_MACS_peak_1644_lociStitched	chr1	152006280	152022052	2	9810	31987.1932	3715.8832	619	1
2_MACS_peak_21156_lociStitched	chr4	84132408	84144349	2	9809	21676.4973	2481.3398	620	1
3_MACS_peak_15755_lociStitched	chr2	158323464	158337889	3	9796	36697.2	2533.03	621	1
2_MACS_peak_7487_lociStitched	chr13	30943626	30958064	2	9786	14394.686	1563.6354	622	1
4_MACS_peak_15348_lociStitched	chr2	109948037	109968816	4	9779	9479.3798	2900.7484	623	1
2_MACS_peak_17692_lociStitched	chr21	37905349	37916655	2	9774	26556.6634	2539.3276	624	1
1_MACS_peak_1491_lociStitched	chr1	145448200	145457970	1	9771	35914.52	3555.303	625	1
4_MACS_peak_20687_lociStitched	chr4	15767171	15788211	4	9770	10587.328	3400.064	626	1
2_MACS_peak_21860_lociStitched	chr4	186225269	186240448	2	9769	18935.8025	2738.2916	627	1
2_MACS_peak_5607_lociStitched	chr11	117873375	117885043	2	9766	26370.8468	1837.71	628	1
2_MACS_peak_17988_lociStitched	chr22	23477849	23488778	2	9761	20674.3893	2063.3952	629	1
2_MACS_peak_12077_lociStitched	chr17	66229887	66245561	2	9751	32547.061	2605.0188	630	1
3_MACS_peak_19659_lociStitched	chr3	125548593	125560710	3	9745	17069.2179	2032.0209	631	1
2_MACS_peak_26496_lociStitched	chr7	110719831	110734452	2	9743	11673.4064	3206.3853	632	1
3_MACS_peak_4884_lociStitched	chr11	60672379	60684085	3	9723	20137.8318	2342.3706	633	1
1_MACS_peak_4710_lociStitched	chr11	35159510	35169230	1	9721	23625.432	2015.928	634	1
1_MACS_peak_26726_lociStitched	chr7	133728101	133737805	1	9705	8886.9232	2502.6616	635	1
3_MACS_peak_3860_lociStitched	chr10	94868676	94886530	3	9705	12521.0102	2838.786	636	1
1_MACS_peak_21582_lociStitched	chr4	144272683	144282373	1	9691	30437.259	2038.776	637	1
2_MACS_peak_1696_lociStitched	chr1	154755395	154766347	2	9689	25693.392	2926.3744	638	1
2_MACS_peak_18361_lociStitched	chr22	42141150	42151296	2	9683	21133.1034	1615.2432	639	1
3_MACS_peak_10538_lociStitched	chr16	56893265	56906139	3	9666	9712.1456	1673.62	640	1
2_MACS_peak_7998_lociStitched	chr13	115038967	115048895	2	9655	26955.5128	1634.1488	641	1
2_MACS_peak_1894_lociStitched	chr1	161769637	161780476	2	9649	9569.7531	2249.0925	642	1
2_MACS_peak_21103_lociStitched	chr4	78735763	78749639	2	9648	16950.9216	2346.4316	643	1
1_MACS_peak_20175_lociStitched	chr3	176911547	176921184	1	9638	40492.7466	2590.4256	644	1
1_MACS_peak_11063_lociStitched	chr17	6062091	6071728	1	9638	36013.469	1840.667	645	1
4_MACS_peak_7581_lociStitched	chr13	42061584	42078359	4	9635	9811.6975	1435.94	646	1
2_MACS_peak_4500_lociStitched	chr11	12257056	12268375	2	9631	10259.5416	1632.1998	647	1
4_MACS_peak_346_lociStitched	chr1	25347290	25364650	4	9630	21877.072	2452.968	648	1
3_MACS_peak_23872_lociStitched	chr6	26155231	26173990	3	9622	17361.4545	3003.3159	649	1
4_MACS_peak_5583_lociStitched	chr11	115794975	115811438	4	9619	10756.9242	2625.8485	650	1
2_MACS_peak_19388_lociStitched	chr3	98448399	98464952	2	9618	23407.5973	2905.0515	651	1
3_MACS_peak_14491_lociStitched	chr2	31429960	31443466	3	9613	11093.8284	2085.3264	652	1
4_MACS_peak_18703_lociStitched	chr3	17780513	17798469	4	9606	14438.4196	2754.4504	653	1
3_MACS_peak_29858_lociStitched	chrX	48768213	48778845	3	9574	12647.8272	1139.7504	654	1
2_MACS_peak_23998_lociStitched	chr6	30649112	30659680	2	9570	20923.5832	2117.8272	655	1
3_MACS_peak_16945_lociStitched	chr20	31254764	31270522	3	9570	15346.7162	2625.2828	656	1
3_MACS_peak_25756_lociStitched	chr7	37375117	37394051	3	9561	16199.9304	3273.6886	657	1
3_MACS_peak_22295_lociStitched	chr5	55953588	55967908	3	9555	17540.568	2119.36	658	1
2_MACS_peak_14965_lociStitched	chr2	70309934	70323415	2	9551	63868.9337	2418.4914	659	1
2_MACS_peak_8462_lociStitched	chr14	72980152	72990311	2	9537	24817.4211	1044.3452	660	1
2_MACS_peak_16429_lociStitched	chr2	227655442	227666844	2	9531	12945.8308	1679.5146	661	1
3_MACS_peak_6879_lociStitched	chr12	92754386	92770280	3	9525	28534.4982	2620.9206	662	1
3_MACS_peak_10439_lociStitched	chr16	33444542	33461299	3	9522	10354.1503	3694.9185	663	1
3_MACS_peak_29289_lociStitched	chr9	130532310	130549680	3	9515	17307.468	2614.185	664	1
1_MACS_peak_1149_lociStitched	chr1	88052283	88061795	1	9513	13971.2256	1385.8984	665	1
3_MACS_peak_26968_lociStitched	chr7	155532812	155547720	3	9508	11765.3936	3422.8768	666	1
2_MACS_peak_9249_lociStitched	chr15	55568589	55583286	2	9507	15390.6984	2397.0807	667	1
4_MACS_peak_27159_lociStitched	chr8	19519606	19540372	4	9506	14311.9272	3058.8318	668	1
3_MACS_peak_5752_lociStitched	chr11	128273944	128286795	3	9485	20690.11	2212.9422	669	1
3_MACS_peak_15551_lociStitched	chr2	129127847	129147444	3	9485	18150.7414	2874.8799	670	1
2_MACS_peak_18255_lociStitched	chr22	38700984	38714936	2	9477	16593.1136	2430.4384	671	1
2_MACS_peak_3101_lociStitched	chr10	14775540	14786709	2	9474	17259.4557	1836.1836	672	1
4_MACS_peak_13778_lociStitched	chr19	40926253	40951113	4	9473	9566.128	3241.744	673	1
4_MACS_peak_16919_lociStitched	chr20	30147415	30162129	4	9468	10894.2456	2689.7192	674	1
3_MACS_peak_20619_lociStitched	chr4	9598995	9610994	3	9464	20101.9247	1977.4352	675	1
1_MACS_peak_27242_lociStitched	chr8	26428121	26437576	1	9456	22869.754	1962.858	676	1
2_MACS_peak_11717_lociStitched	chr17	43387676	43399145	2	9454	12104.3826	2212.3701	677	1
3_MACS_peak_25038_lociStitched	chr6	135544168	135556495	3	9452	11514.6507	2190.5079	678	1
2_MACS_peak_6553_lociStitched	chr12	56508953	56524090	2	9447	16195.0763	2677.7353	679	1
2_MACS_peak_26266_lociStitched	chr7	95495494	95505709	2	9445	12734.019	1678.3245	680	1
2_MACS_peak_17499_lociStitched	chr21	16047061	16061110	2	9445	16767.4815	2187.4293	681	1
2_MACS_peak_6922_lociStitched	chr12	94540969	94553209	2	9443	17976.888	2162.808	682	1
2_MACS_peak_2287_lociStitched	chr1	200986182	200996913	2	9438	17847.7992	2737.4781	683	1
4_MACS_peak_13397_lociStitched	chr19	13043387	13057918	4	9437	14459.7981	2766.7024	684	1
3_MACS_peak_26712_lociStitched	chr7	130902256	130917848	3	9428	13959.5176	3029.5256	685	1
1_MACS_peak_9766_lociStitched	chr15	90637203	90646618	1	9416	23565.745	1812.3875	686	1
3_MACS_peak_12446_lociStitched	chr18	3584522	3605769	3	9412	9586.6464	3197.6735	687	1
3_MACS_peak_28633_lociStitched	chr9	67289889	67311120	3	9402	9791.7372	4190.9994	688	1
2_MACS_peak_25072_lociStitched	chr6	137973614	137983819	2	9401	10994.867	1650.1485	689	1
3_MACS_peak_23220_lociStitched	chr5	151124701	151138927	3	9399	14997.0492	2264.7792	690	1
3_MACS_peak_17623_lociStitched	chr21	34696114	34712688	3	9397	25527.2748	4029.1394	691	1
2_MACS_peak_531_lociStitched	chr1	33445341	33459939	2	9394	13587.8184	2499.1776	692	1
3_MACS_peak_18052_lociStitched	chr22	27053018	27071296	3	9394	18042.2138	2913.5132	693	1
2_MACS_peak_28031_lociStitched	chr8	126779314	126789283	2	9388	12081.4311	1496.3469	694	1
2_MACS_peak_25482_lociStitched	chr7	7998954	8013568	2	9387	14377.2532	2526.7606	695	1
4_MACS_peak_28513_lociStitched	chr9	35095499	35117594	4	9385	10985.634	3526.362	696	1
1_MACS_peak_21935_lociStitched	chr5	1311155	1320530	1	9376	68004.375	1981.875	697	1
4_MACS_peak_13088_lociStitched	chr19	1847199	1865744	4	9375	21393.512	3189.74	698	1
4_MACS_peak_6609_lociStitched	chr12	58134940	58150876	4	9363	11712.96	3123.456	699	1
3_MACS_peak_17222_lociStitched	chr20	46114417	46132390	3	9360	13970.4129	2767.842	700	1
2_MACS_peak_27704_lociStitched	chr8	81073107	81084663	2	9353	12865.2948	2125.1484	701	1
2_MACS_peak_28114_lociStitched	chr8	134576672	134586315	2	9324	27572.2299	1736.7043	702	1
2_MACS_peak_12274_lociStitched	chr17	76116383	76129575	2	9320	21185.0328	2073.7824	703	1
3_MACS_peak_8932_lociStitched	chr15	33296513	33313566	3	9309	19650.1719	2517.0228	704	1
2_MACS_peak_22923_lociStitched	chr5	130708739	130719039	2	9297	18143.45	1760.27	705	1
3_MACS_peak_25485_lociStitched	chr7	8164288	8175268	3	9294	10002.78	1745.82	706	1
1_MACS_peak_17215_lociStitched	chr20	45978083	45987373	1	9291	38837.774	1908.166	707	1
1_MACS_peak_25082_lociStitched	chr6	138186786	138196070	1	9285	23584.1452	1780.6712	708	1
2_MACS_peak_10897_lociStitched	chr16	89033192	89046301	2	9283	25443.2581	1084.1143	709	1
4_MACS_peak_2178_lociStitched	chr1	186729766	186750321	4	9282	10374.1085	3882.8395	710	1
4_MACS_peak_18988_lociStitched	chr3	46529279	46547985	4	9274	13215.789	2645.0284	711	1
2_MACS_peak_1791_lociStitched	chr1	157142436	157153266	2	9268	13907.886	2708.583	712	1
3_MACS_peak_15603_lociStitched	chr2	134777209	134798869	3	9260	12996	3355.134	713	1
3_MACS_peak_29217_lociStitched	chr9	126083302	126103754	3	9255	23577.0656	3337.7664	714	1
1_MACS_peak_7017_lociStitched	chr12	102870270	102879519	1	9250	31197.8019	1812.804	715	1
4_MACS_peak_621_lociStitched	chr1	39648650	39672236	4	9248	12521.8074	3837.4422	716	1
2_MACS_peak_6807_lociStitched	chr12	80684038	80695185	2	9246	9631.008	1725.5556	717	1
3_MACS_peak_1576_lociStitched	chr1	149898667	149912217	3	9238	17869.74	3115.145	718	1
2_MACS_peak_5368_lociStitched	chr11	87062219	87071812	2	9234	12945.7535	1452.3802	719	1
3_MACS_peak_2682_lociStitched	chr1	226034439	226045363	3	9233	14153.1344	2810.7452	720	1
3_MACS_peak_399_lociStitched	chr1	27059982	27072737	3	9230	12402.962	2298.451	721	1
2_MACS_peak_16571_lociStitched	chr2	239167312	239176739	2	9227	7874.3731	755.1027	722	1
2_MACS_peak_2385_lociStitched	chr1	205280243	205291333	2	9227	11422.7	2673.799	723	1
2_MACS_peak_28941_lociStitched	chr9	98267374	98279730	2	9214	12741.5072	1506.1964	724	1
2_MACS_peak_25926_lociStitched	chr7	52774339	52788486	2	9213	19133.8175	1844.7688	725	1
2_MACS_peak_6302_lociStitched	chr12	41153454	41166291	2	9210	17625.201	1874.202	726	1
2_MACS_peak_9121_lociStitched	chr15	45016198	45029437	2	9210	15796.7748	2177.8155	727	1
2_MACS_peak_17453_lociStitched	chr20	62358277	62370994	2	9205	14253.2136	1894.833	728	1
3_MACS_peak_29399_lociStitched	chr9	134594986	134615307	3	9185	15602.4638	3088.792	729	1
2_MACS_peak_10559_lociStitched	chr16	57569100	57579501	2	9182	13918.6182	1655.8392	730	1
2_MACS_peak_13556_lociStitched	chr19	19050232	19061784	2	9175	14832.768	2103.6192	731	1
1_MACS_peak_16763_lociStitched	chr20	9489713	9498885	1	9173	19653.7616	1773.8648	732	1
3_MACS_peak_792_lociStitched	chr1	46790137	46807302	3	9162	17549.496	2550.719	733	1
4_MACS_peak_20421_lociStitched	chr3	194867461	194882697	4	9160	11780.4752	3306.212	734	1
2_MACS_peak_28053_lociStitched	chr8	129277999	129287702	2	9156	13459.0313	1763.0351	735	1
5_MACS_peak_28542_lociStitched	chr9	36136033	36153160	5	9152	11016.0864	2819.1042	736	1
2_MACS_peak_20843_lociStitched	chr4	40622548	40634275	2	9149	15898.2939	2100.3057	737	1
5_MACS_peak_1727_lociStitched	chr1	155210140	155233041	5	9138	16573.4537	4942.0358	738	1
2_MACS_peak_17991_lociStitched	chr22	23517254	23526503	2	9137	15639.1341	2044.9539	739	1
3_MACS_peak_3003_lociStitched	chr10	5930323	5947996	3	9133	11726.0355	2548.4466	740	1
4_MACS_peak_4451_lociStitched	chr11	9584057	9597781	4	9124	11555.608	2076.4412	741	1
3_MACS_peak_18016_lociStitched	chr22	24536364	24553918	3	9116	8861.2592	2504.9558	742	1
3_MACS_peak_17620_lociStitched	chr21	34664996	34683864	3	9116	11745.33	3660.392	743	1
2_MACS_peak_9508_lociStitched	chr15	74831925	74846049	2	9113	14732.7444	2532.4332	744	1
4_MACS_peak_24089_lociStitched	chr6	33376953	33396895	4	9113	11576.331	2650.2918	745	1
3_MACS_peak_18291_lociStitched	chr22	39539625	39549935	3	9112	14573.185	1847.552	746	1
2_MACS_peak_19728_lociStitched	chr3	129890376	129900645	2	9101	20534.9193	1826.8551	747	1
2_MACS_peak_16170_lociStitched	chr2	201310743	201322053	2	9100	8434.998	1791.504	748	1
4_MACS_peak_11215_lociStitched	chr17	17725311	17744815	4	9096	14345.192	2734.4608	749	1
1_MACS_peak_2246_lociStitched	chr1	197739959	197749034	1	9076	28465.5525	2395.8	750	1
1_MACS_peak_2210_lociStitched	chr1	192542414	192551488	1	9075	24540.633	2714.9408	751	1
3_MACS_peak_24716_lociStitched	chr6	106227522	106242614	3	9072	8938.9916	2167.2112	752	1
4_MACS_peak_13476_lociStitched	chr19	16545332	16561544	4	9072	12770.1924	2535.5568	753	1
2_MACS_peak_26450_lociStitched	chr7	106182404	106195001	2	9064	14534.4186	3189.5604	754	1
2_MACS_peak_18189_lociStitched	chr22	36772618	36785161	2	9045	16264.5081	2321.7093	755	1
1_MACS_peak_1319_lociStitched	chr1	111172604	111181638	1	9035	32774.4486	1235.8512	756	1
4_MACS_peak_751_lociStitched	chr1	45177988	45206785	4	9032	19458.1329	4092.0537	757	1
3_MACS_peak_11324_lociStitched	chr17	27037411	27056615	3	9030	20306.3096	2828.7492	758	1
2_MACS_peak_15495_lociStitched	chr2	120060103	120071843	2	9018	9665.542	1927.708	759	1
3_MACS_peak_28025_lociStitched	chr8	126647934	126661263	3	9014	14244.7023	1911.3786	760	1
1_MACS_peak_11553_lociStitched	chr17	38016217	38025226	1	9010	26289.1629	1564.8633	761	1
1_MACS_peak_23070_lociStitched	chr5	140885882	140894887	1	9006	9294.0605	1261.6005	762	1
2_MACS_peak_26744_lociStitched	chr7	134842634	134857510	2	9004	26937.4608	3289.0836	763	1
4_MACS_peak_5042_lociStitched	chr11	65655094	65677470	4	8997	9999.8344	3457.092	764	1
3_MACS_peak_16241_lociStitched	chr2	204750010	204763994	3	8995	10539.7408	1837.4976	765	1
3_MACS_peak_20401_lociStitched	chr3	193787658	193804677	3	8993	21595.4091	3786.7275	766	1
2_MACS_peak_6777_lociStitched	chr12	77453081	77465046	2	8986	16620.5815	2016.1025	767	1
4_MACS_peak_12207_lociStitched	chr17	74168980	74190767	4	8984	8899.9895	3217.9399	768	1
1_MACS_peak_25563_lociStitched	chr7	20254555	20263533	1	8979	33845.2644	2090.0784	769	1
3_MACS_peak_15523_lociStitched	chr2	127413088	127424648	3	8978	17011.696	1825.324	770	1
2_MACS_peak_13995_lociStitched	chr19	49457220	49471778	2	8976	16754.8022	2289.9734	771	1
2_MACS_peak_28157_lociStitched	chr8	142126467	142140831	2	8975	17104.6512	2101.4532	772	1
1_MACS_peak_15352_lociStitched	chr2	110085342	110094309	1	8968	15828.5484	1479.555	773	1
2_MACS_peak_5798_lociStitched	chr11	130696741	130705796	2	8959	18970.225	1582.814	774	1
3_MACS_peak_24132_lociStitched	chr6	35264573	35280025	3	8950	16589.2672	2483.1364	775	1
4_MACS_peak_5906_lociStitched	chr12	6432191	6452228	4	8945	18347.8809	3227.9607	776	1
2_MACS_peak_27822_lociStitched	chr8	101504114	101513260	2	8936	12276.6758	885.3328	777	1
2_MACS_peak_5025_lociStitched	chr11	65336117	65345457	2	8927	12491.316	1740.976	778	1
2_MACS_peak_19763_lociStitched	chr3	133159863	133168842	2	8925	12434.1192	1834.4097	779	1
2_MACS_peak_26412_lociStitched	chr7	104595553	104605861	2	8925	12907.6776	1884.3024	780	1
3_MACS_peak_23629_lociStitched	chr6	6798517	6812603	3	8910	11354.7246	2394.62	781	1
3_MACS_peak_574_lociStitched	chr1	36614062	36627397	3	8906	17356.836	2281.6185	782	1
1_MACS_peak_14913_lociStitched	chr2	66659704	66668608	1	8905	18932.5752	1218.9576	783	1
3_MACS_peak_6886_lociStitched	chr12	92854639	92866442	3	8898	14234.418	1951.0359	784	1
3_MACS_peak_2125_lociStitched	chr1	183438699	183451127	3	8896	19707.0796	3447.5272	785	1
4_MACS_peak_11338_lociStitched	chr17	27464605	27487128	4	8891	15061.1301	3578.9047	786	1
2_MACS_peak_5729_lociStitched	chr11	126056473	126069044	2	8887	44159.4088	2178.5543	787	1
3_MACS_peak_21504_lociStitched	chr4	129723831	129741499	3	8882	19031.9696	2650.2	788	1
6_MACS_peak_9585_lociStitched	chr15	78348218	78377123	6	8880	8697.5145	3858.8175	789	1
1_MACS_peak_3877_lociStitched	chr10	97049297	97058173	1	8877	17210.564	1499.1564	790	1
4_MACS_peak_29242_lociStitched	chr9	127615144	127635951	4	8871	14042.6443	3052.3869	791	1
4_MACS_peak_6357_lociStitched	chr12	46939943	46955786	4	8870	9445.5966	2347.9326	792	1
2_MACS_peak_26741_lociStitched	chr7	134670423	134682976	2	8869	17198.8653	2803.0849	793	1
4_MACS_peak_19138_lociStitched	chr3	53194018	53215781	4	8868	7845.5615	2964.1206	794	1
4_MACS_peak_28229_lociStitched	chr8	145732523	145754818	4	8860	15365.714	2963.0055	795	1
3_MACS_peak_28906_lociStitched	chr9	95820529	95835784	3	8855	8756.37	2060.9505	796	1
3_MACS_peak_28468_lociStitched	chr9	33152413	33168590	3	8854	11359.4894	2445.9624	797	1
3_MACS_peak_27405_lociStitched	chr8	38812011	38824173	3	8853	13679.8176	1891.191	798	1
3_MACS_peak_18232_lociStitched	chr22	38067738	38083607	3	8852	12327.0392	2454.9343	799	1
2_MACS_peak_7059_lociStitched	chr12	105617723	105630866	2	8848	10467.0852	2235.6243	800	1
4_MACS_peak_19603_lociStitched	chr3	121739949	121755842	4	8843	11447.7279	2391.8965	801	1
3_MACS_peak_28895_lociStitched	chr9	95514210	95533562	3	8840	12154.9912	2902.8	802	1
4_MACS_peak_24666_lociStitched	chr6	97242258	97265522	4	8840	9859.2832	2998.7296	803	1
1_MACS_peak_24165_lociStitched	chr6	36718502	36727332	1	8831	15818.062	1673.285	804	1
2_MACS_peak_17152_lociStitched	chr20	42695558	42710419	2	8831	42740.236	2559.0642	805	1
3_MACS_peak_24393_lociStitched	chr6	56621926	56634505	3	8828	8783.9157	2037.798	806	1
4_MACS_peak_28534_lociStitched	chr9	35828388	35849274	4	8823	10380.342	3122.457	807	1
1_MACS_peak_26243_lociStitched	chr7	92437055	92445875	1	8821	19010.628	1518.804	808	1
3_MACS_peak_1636_lociStitched	chr1	151802418	151820051	3	8820	13556.2504	3750.5391	809	1
1_MACS_peak_28058_lociStitched	chr8	129664591	129673406	1	8816	27170.4745	1629.8935	810	1
3_MACS_peak_14928_lociStitched	chr2	68638199	68655624	3	8815	9324.1175	2650.3425	811	1
3_MACS_peak_20475_lociStitched	chr3	197450185	197465133	3	8814	19498.1712	3257.1692	812	1
3_MACS_peak_2971_lociStitched	chr10	3798470	3808744	3	8811	19846.2858	1634.5934	813	1
3_MACS_peak_29231_lociStitched	chr9	126963406	126982118	3	8795	14934.0472	2986.4352	814	1
2_MACS_peak_27292_lociStitched	chr8	29197221	29210466	2	8784	19177.4355	2011.9155	815	1
2_MACS_peak_6701_lociStitched	chr12	68376354	68387498	2	8781	27658.2936	2021.5216	816	1
4_MACS_peak_17043_lociStitched	chr20	35447502	35472775	4	8748	9209.4812	3032.76	817	1
2_MACS_peak_24304_lociStitched	chr6	45674832	45683732	2	8744	16376	1706.13	818	1
5_MACS_peak_8624_lociStitched	chr14	93225411	93246365	5	8739	11547.7494	1508.688	819	1
2_MACS_peak_13337_lociStitched	chr19	11199056	11208043	2	8716	14135.6523	1669.7846	820	1
2_MACS_peak_22200_lociStitched	chr5	43006897	43021254	2	8714	18813.4128	2334.4482	821	1
3_MACS_peak_9768_lociStitched	chr15	90720995	90736572	3	8710	22206.5712	2426.8966	822	1
3_MACS_peak_12221_lociStitched	chr17	74488141	74503521	3	8707	9747.844	1982.482	823	1
3_MACS_peak_13067_lociStitched	chr19	1258415	1277266	3	8698	22903.965	4037.8842	824	1
3_MACS_peak_12387_lociStitched	chr17	80405959	80423972	3	8694	22563.0838	2649.7123	825	1
2_MACS_peak_26584_lociStitched	chr7	120627812	120639753	2	8687	7604.0288	3053.3137	826	1
1_MACS_peak_4352_lociStitched	chr11	2792769	2801454	1	8686	14001.0885	1288.854	827	1
3_MACS_peak_6259_lociStitched	chr12	32608267	32622585	3	8686	11669.17	2130.5184	828	1
3_MACS_peak_12230_lociStitched	chr17	74777098	74788898	3	8678	12427.76	1583.56	829	1
1_MACS_peak_27927_lociStitched	chr8	118449260	118457936	1	8677	30777.2424	1741.2732	830	1
4_MACS_peak_10719_lociStitched	chr16	70461063	70474106	4	8677	11755.6559	2103.8359	831	1
2_MACS_peak_18943_lociStitched	chr3	45604806	45617892	2	8677	11157.1236	2121.2406	832	1
1_MACS_peak_998_lociStitched	chr1	66795235	66803909	1	8675	30416.2484	1942.1086	833	1
1_MACS_peak_3481_lociStitched	chr10	63656487	63665153	1	8667	12758.9518	1618.8088	834	1
5_MACS_peak_11624_lociStitched	chr17	40330102	40351499	5	8654	11113.6018	3108.9841	835	1
2_MACS_peak_10424_lociStitched	chr16	31879649	31890527	2	8651	18417.5418	1690.4412	836	1
4_MACS_peak_18867_lociStitched	chr3	39296286	39310221	4	8651	6963.3195	2112.546	837	1
3_MACS_peak_3361_lociStitched	chr10	45949562	45961409	3	8644	18125.91	2109.9507	838	1
1_MACS_peak_24163_lociStitched	chr6	36643352	36651989	1	8638	15383.3607	1256.6835	839	1
3_MACS_peak_22329_lociStitched	chr5	58852857	58866144	3	8632	15331.8693	2120.6052	840	1
2_MACS_peak_12249_lociStitched	chr17	75229203	75244301	2	8630	22589.6276	2092.5828	841	1
3_MACS_peak_13457_lociStitched	chr19	16180455	16197903	3	8630	26803.6176	2959.1808	842	1
1_MACS_peak_25946_lociStitched	chr7	55597122	55605748	1	8627	65983.7244	2183.2406	843	1
1_MACS_peak_2698_lociStitched	chr1	226308553	226317171	1	8619	27873.1974	2270.843	844	1
3_MACS_peak_22782_lociStitched	chr5	112195976	112217779	3	8617	10295.3766	3063.3215	845	1
2_MACS_peak_17178_lociStitched	chr20	43678273	43693204	2	8616	10820.4957	2067.9435	846	1
2_MACS_peak_2377_lociStitched	chr1	205196151	205208351	2	8613	16419.98	2886.52	847	1
2_MACS_peak_12327_lociStitched	chr17	78873408	78887210	2	8612	29630.1336	1926.7592	848	1
2_MACS_peak_2350_lociStitched	chr1	203721939	203736610	2	8611	39095.2808	3343.5209	849	1
1_MACS_peak_4842_lociStitched	chr11	58339951	58348552	1	8602	48493.2981	1656.5526	850	1
4_MACS_peak_15608_lociStitched	chr2	134875694	134895592	4	8598	12056.1982	2584.7502	851	1
4_MACS_peak_2767_lociStitched	chr1	230630830	230652258	4	8597	11108.2752	3891.3248	852	1
3_MACS_peak_11270_lociStitched	chr17	19962158	19978272	3	8590	17024.441	2518.6182	853	1
1_MACS_peak_9445_lociStitched	chr15	70045895	70054483	1	8589	14907.0504	1901.3832	854	1
5_MACS_peak_5212_lociStitched	chr11	73069956	73088901	5	8577	9383.4585	2544.3135	855	1
3_MACS_peak_26465_lociStitched	chr7	106526475	106536969	3	8574	8033.157	2301.3342	856	1
3_MACS_peak_6050_lociStitched	chr12	12843861	12858286	3	8570	18390.4325	2482.5425	857	1
4_MACS_peak_14894_lociStitched	chr2	65279296	65300522	4	8569	9029.5404	3115.9768	858	1
2_MACS_peak_15117_lociStitched	chr2	86080452	86090926	2	8567	10041.4238	1691.551	859	1
2_MACS_peak_21825_lociStitched	chr4	185239474	185254006	2	8558	14640.99	2203.0512	860	1
2_MACS_peak_11689_lociStitched	chr17	42287089	42300001	2	8550	14726.136	1626.912	861	1
4_MACS_peak_26358_lociStitched	chr7	101376366	101391594	4	8545	8290.1232	2102.9868	862	1
3_MACS_peak_7273_lociStitched	chr12	122227204	122243240	3	8544	23858.3608	1281.2764	863	1
3_MACS_peak_5138_lociStitched	chr11	68032755	68050891	3	8544	12078.576	2459.2416	864	1
3_MACS_peak_6031_lociStitched	chr12	11974222	11991246	3	8538	13065.92	2361.2288	865	1
3_MACS_peak_8399_lociStitched	chr14	65812902	65825175	3	8537	8916.3345	1094.7516	866	1
2_MACS_peak_19203_lociStitched	chr3	61615404	61625016	2	8532	13293.396	1354.3308	867	1
4_MACS_peak_11906_lociStitched	chr17	55553197	55565391	4	8532	7578.571	1637.6542	868	1
1_MACS_peak_24722_lociStitched	chr6	106439033	106447560	1	8528	33200.7272	1481.9926	869	1
2_MACS_peak_1000_lociStitched	chr1	66839037	66849654	2	8524	11863.4358	1770.9156	870	1
2_MACS_peak_27397_lociStitched	chr8	38613607	38629057	2	8519	12047.91	2223.255	871	1
3_MACS_peak_24063_lociStitched	chr6	32805146	32823357	3	8514	18047.101	3405.457	872	1
4_MACS_peak_14944_lociStitched	chr2	69055778	69066249	4	8511	12045.8384	1838.7076	873	1
3_MACS_peak_15743_lociStitched	chr2	157188390	157207888	3	8510	19554.5442	2487.9448	874	1
1_MACS_peak_19917_lociStitched	chr3	151911232	151919739	1	8508	16633.7371	1471.711	875	1
4_MACS_peak_17138_lociStitched	chr20	42538959	42552730	4	8506	6095.0446	1890.7583	876	1
2_MACS_peak_21827_lociStitched	chr4	185263503	185277165	2	8504	22121.5104	2297.9484	877	1
2_MACS_peak_2205_lociStitched	chr1	192475717	192488418	2	8495	16973.6164	2706.5831	878	1
3_MACS_peak_21090_lociStitched	chr4	78063079	78080071	3	8495	10834.0992	2516.5152	879	1
1_MACS_peak_3256_lociStitched	chr10	30988635	30997112	1	8478	35756.8337	1704.7247	880	1
2_MACS_peak_16043_lociStitched	chr2	188444948	188453423	2	8473	13428.6375	1239.045	881	1
2_MACS_peak_22785_lociStitched	chr5	112256262	112267270	2	8467	20320.768	1774.4896	882	1
4_MACS_peak_9881_lociStitched	chr15	101790031	101806897	4	8464	13447.2618	2733.9786	883	1
3_MACS_peak_30213_lociStitched	chrX	118815351	118827935	3	8463	9976.5952	947.5752	884	1
3_MACS_peak_14862_lociStitched	chr2	64544304	64559160	3	8461	19058.7624	2573.0592	885	1
2_MACS_peak_2277_lociStitched	chr1	200588797	200598762	2	8460	14882.7275	2487.264	886	1
2_MACS_peak_9448_lociStitched	chr15	70306184	70316833	2	8452	11867.2456	1835.8876	887	1
1_MACS_peak_7787_lociStitched	chr13	78688391	78696839	1	8449	30798.8736	1506.2784	888	1
2_MACS_peak_1489_lociStitched	chr1	145427170	145441195	2	8448	29481.9525	3336.5475	889	1
2_MACS_peak_20296_lociStitched	chr3	184659900	184672199	2	8440	13583.0156	2462.2598	890	1
4_MACS_peak_18413_lociStitched	chr22	45630161	45646523	4	8436	11653.0164	2545.9272	891	1
2_MACS_peak_2685_lociStitched	chr1	226062552	226071661	2	8430	18253.5251	2509.5295	892	1
2_MACS_peak_10746_lociStitched	chr16	71876617	71888854	2	8417	13601.4255	2110.8825	893	1
2_MACS_peak_25027_lociStitched	chr6	135190401	135204208	2	8415	34728.7471	2309.9111	894	1
3_MACS_peak_10374_lociStitched	chr16	30379545	30394643	3	8414	12738.1826	2649.699	895	1
2_MACS_peak_8231_lociStitched	chr14	50465292	50476639	2	8413	25543.2317	1050.7322	896	1
1_MACS_peak_1448_lociStitched	chr1	143461449	143469860	1	8412	23623.9757	4151.6696	897	1
4_MACS_peak_29723_lociStitched	chrX	37635061	37657100	4	8412	9847.0252	1639.7016	898	1
3_MACS_peak_24084_lociStitched	chr6	33279869	33292735	3	8411	17501.6198	2430.3874	899	1
2_MACS_peak_7004_lociStitched	chr12	102129347	102140107	2	8410	23711.812	1675.332	900	1
1_MACS_peak_28023_lociStitched	chr8	126441081	126449489	1	8409	13567.9896	1695.0528	901	1
3_MACS_peak_1977_lociStitched	chr1	168302100	168318164	3	8401	9442.4192	3312.3968	902	1
2_MACS_peak_27270_lociStitched	chr8	28194935	28207247	2	8400	17643.096	2285.1072	903	1
2_MACS_peak_15907_lociStitched	chr2	173419232	173428052	2	8399	10373.202	1526.742	904	1
2_MACS_peak_21874_lociStitched	chr4	186506355	186514971	2	8397	20690.4624	1525.8936	905	1
2_MACS_peak_15113_lociStitched	chr2	85928245	85938409	2	8392	9844.8504	1658.7648	906	1
5_MACS_peak_8828_lociStitched	chr15	23609452	23631771	5	8384	6916.6581	2202.8853	907	1
1_MACS_peak_278_lociStitched	chr1	21615348	21623723	1	8376	24496.0375	1708.5	908	1
2_MACS_peak_19753_lociStitched	chr3	132280851	132289854	2	8369	13970.8554	1327.9425	909	1
4_MACS_peak_21395_lociStitched	chr4	113199948	113219358	4	8365	10902.597	2647.524	910	1
3_MACS_peak_25195_lociStitched	chr6	149554822	149569113	3	8351	12215.9468	1134.7054	911	1
3_MACS_peak_16532_lociStitched	chr2	235390751	235406080	3	8348	8739.0629	1244.7148	912	1
2_MACS_peak_9871_lociStitched	chr15	101458017	101472476	2	8346	13428.0733	2274.4007	913	1
4_MACS_peak_15040_lociStitched	chr2	74681516	74700741	4	8344	13530.555	3283.63	914	1
2_MACS_peak_9502_lociStitched	chr15	74688239	74696701	2	8338	12131.1232	1453.7716	915	1
2_MACS_peak_19156_lociStitched	chr3	55687083	55696934	2	8336	10163.2767	1621.4746	916	1
3_MACS_peak_16591_lociStitched	chr2	241499279	241509293	3	8335	14048.6406	894.2502	917	1
3_MACS_peak_19838_lociStitched	chr3	141205123	141219080	3	8320	10773.4083	2206.6017	918	1
2_MACS_peak_23474_lociStitched	chr5	176851916	176860274	2	8310	14535.3978	1906.4598	919	1
1_MACS_peak_12842_lociStitched	chr18	52983173	52991475	1	8303	11753.9716	1554.1344	920	1
1_MACS_peak_19908_lociStitched	chr3	150314998	150323295	1	8298	16274.5655	1642.806	921	1
2_MACS_peak_12915_lociStitched	chr18	60798120	60811252	2	8295	17960.6364	2629.0264	922	1
2_MACS_peak_1387_lociStitched	chr1	117100825	117114736	2	8293	10287.1845	1270.0743	923	1
4_MACS_peak_9289_lociStitched	chr15	59266712	59281227	4	8291	11468.3015	2175.7985	924	1
1_MACS_peak_17479_lociStitched	chr21	9962347	9970636	1	8290	21659.9859	4388.1966	925	1
4_MACS_peak_6055_lociStitched	chr12	12950114	12967158	4	8289	12261.4536	2759.4236	926	1
2_MACS_peak_5691_lociStitched	chr11	122929947	122941984	2	8287	24385.7583	2395.363	927	1
1_MACS_peak_9234_lociStitched	chr15	52969164	52977447	1	8284	16513.8171	1687.2471	928	1
3_MACS_peak_11649_lociStitched	chr17	40826765	40835288	3	8284	12011.4639	1581.0165	929	1
3_MACS_peak_1382_lociStitched	chr1	117045968	117060398	3	8274	6904.755	1388.166	930	1
4_MACS_peak_19352_lociStitched	chr3	95061486	95077273	4	8270	10032.6385	2195.9717	931	1
2_MACS_peak_17753_lociStitched	chr21	43526931	43540815	2	8259	19579.2168	3226.6416	932	1
2_MACS_peak_23753_lociStitched	chr6	15244601	15257810	2	8253	8156.5575	2022.2979	933	1
1_MACS_peak_15933_lociStitched	chr2	175456309	175464554	1	8246	30268.2195	1416.491	934	1
2_MACS_peak_24356_lociStitched	chr6	52527292	52536748	2	8241	13944.7632	1942.2624	935	1
3_MACS_peak_16712_lociStitched	chr20	5092403	5109192	3	8237	16367.5961	3223.488	936	1
2_MACS_peak_23938_lociStitched	chr6	27857490	27871482	2	8231	20412.9288	2554.9392	937	1
1_MACS_peak_6874_lociStitched	chr12	92533144	92541372	1	8229	10135.2504	1484.3312	938	1
2_MACS_peak_13460_lociStitched	chr19	16221435	16231831	2	8227	19661.9548	1966.9232	939	1
3_MACS_peak_8722_lociStitched	chr14	103271116	103286864	3	8220	8428.3296	1344.8792	940	1
3_MACS_peak_11287_lociStitched	chr17	20936762	20955831	3	8207	13491.3175	2593.384	941	1
2_MACS_peak_17330_lociStitched	chr20	52481702	52490705	2	8205	16720.3716	1744.7814	942	1
3_MACS_peak_13222_lociStitched	chr19	6765382	6779784	3	8202	13038.1306	3210.2058	943	1
3_MACS_peak_14587_lociStitched	chr2	39345942	39357104	3	8189	13914.5492	1932.1422	944	1
3_MACS_peak_4752_lociStitched	chr11	44585892	44596999	3	8177	11088.1181	1713.8101	945	1
2_MACS_peak_20566_lociStitched	chr4	5705205	5715618	2	8173	17352.2232	1647.3366	946	1
3_MACS_peak_17784_lociStitched	chr21	44844932	44860606	3	8168	13437.3202	2813.483	947	1
4_MACS_peak_10506_lociStitched	chr16	53085689	53103486	4	8167	10445.0593	2368.7807	948	1
3_MACS_peak_18799_lociStitched	chr3	32463605	32481623	3	8167	12733.3206	2569.3668	949	1
3_MACS_peak_10948_lociStitched	chr17	1010762	1024971	3	8164	12944.399	1898.3224	950	1
2_MACS_peak_9879_lociStitched	chr15	101737897	101751905	2	8159	20165.9168	2158.6328	951	1
1_MACS_peak_19528_lociStitched	chr3	113460658	113468811	1	8154	14938.7419	1600.4339	952	1
3_MACS_peak_10180_lociStitched	chr16	17554013	17571516	3	8151	8147.6465	2485.426	953	1
2_MACS_peak_6564_lociStitched	chr12	56726253	56734466	2	8148	26163.3328	1703.3762	954	1
3_MACS_peak_18645_lociStitched	chr3	13455238	13470853	3	8147	22721.3865	2161.116	955	1
2_MACS_peak_17357_lociStitched	chr20	53318175	53330142	2	8143	12096.2436	1891.9827	956	1
2_MACS_peak_20404_lociStitched	chr3	193815260	193823445	2	8138	40125.3255	2744.4305	957	1
6_MACS_peak_4308_lociStitched	chr11	554065	577914	6	8138	12256.0011	2527.994	958	1
2_MACS_peak_3820_lociStitched	chr10	91805090	91813334	2	8135	17463.2652	1420.4412	959	1
3_MACS_peak_22162_lociStitched	chr5	37833329	37849082	3	8133	7999.3734	1805.2938	960	1
4_MACS_peak_30045_lociStitched	chrX	75362547	75372211	4	8121	17141.0368	881.3568	961	1
3_MACS_peak_27648_lociStitched	chr8	72164927	72177447	3	8120	11063.924	1903.04	962	1
3_MACS_peak_1673_lociStitched	chr1	153929365	153941449	3	8119	20053.398	3306.1824	963	1
2_MACS_peak_29370_lociStitched	chr9	132646090	132657779	2	8116	23138.3755	1975.441	964	1
4_MACS_peak_3158_lociStitched	chr10	21805143	21824053	4	8114	12404.96	2346.731	965	1
3_MACS_peak_12252_lociStitched	chr17	75314868	75329993	3	8110	15014.5875	2344.375	966	1
2_MACS_peak_452_lociStitched	chr1	28831387	28846160	2	8109	20589.1301	3032.8969	967	1
3_MACS_peak_10494_lociStitched	chr16	50299021	50317049	3	8100	14640.5388	2819.5792	968	1
3_MACS_peak_28510_lociStitched	chr9	35066240	35080979	3	8098	15153.1659	2594.064	969	1
4_MACS_peak_4409_lociStitched	chr11	6623872	6641456	4	8094	10620.736	2655.184	970	1
3_MACS_peak_25589_lociStitched	chr7	22474250	22488491	3	8090	10750.5309	2244.3816	971	1
2_MACS_peak_17592_lociStitched	chr21	32924385	32932998	2	8075	12972.9006	2136.8853	972	1
3_MACS_peak_16441_lociStitched	chr2	228270561	228281448	3	8075	12908.7159	1471.9224	973	1
3_MACS_peak_4258_lociStitched	chr10	130825254	130836561	3	8073	14614.2975	1707.357	974	1
4_MACS_peak_29872_lociStitched	chrX	49011761	49029446	4	8072	13976.4555	1338.7545	975	1
3_MACS_peak_21258_lociStitched	chr4	100729511	100744043	3	8068	12520.7712	2614.3068	976	1
3_MACS_peak_18279_lociStitched	chr22	39409116	39422096	3	8065	18517.268	2148.19	977	1
2_MACS_peak_2762_lociStitched	chr1	230256188	230270013	2	8064	26456.9025	2698.64	978	1
2_MACS_peak_12891_lociStitched	chr18	56750895	56762802	2	8063	21517.1397	1837.2501	979	1
2_MACS_peak_358_lociStitched	chr1	25869448	25878992	2	8055	16704.8632	1734.1448	980	1
3_MACS_peak_4700_lociStitched	chr11	35024448	35036676	3	8053	11440.5168	2161.9104	981	1
4_MACS_peak_16781_lociStitched	chr20	11954494	11976397	4	8041	9448.9542	2709.4011	982	1
3_MACS_peak_19712_lociStitched	chr3	128994431	129003262	3	8040	10275.7516	1598.411	983	1
1_MACS_peak_25741_lociStitched	chr7	35763489	35771527	1	8039	12116.4812	1580.2708	984	1
2_MACS_peak_18662_lociStitched	chr3	14727723	14741459	2	8039	8429.7832	2119.4648	985	1
4_MACS_peak_5204_lociStitched	chr11	72952778	72964360	4	8036	17579.1596	1567.0446	986	1
3_MACS_peak_25886_lociStitched	chr7	47610190	47622564	3	8034	10465.9292	1627.181	987	1
1_MACS_peak_18654_lociStitched	chr3	14160420	14168450	1	8031	28405.322	1691.921	988	1
2_MACS_peak_13739_lociStitched	chr19	39338774	39349161	2	8029	18934.4623	1762.6739	989	1
3_MACS_peak_25560_lociStitched	chr7	20230217	20241806	3	8021	7506.1953	2015.3271	990	1
1_MACS_peak_1452_lociStitched	chr1	143911569	143919587	1	8019	13012.4122	2871.2458	991	1
3_MACS_peak_24027_lociStitched	chr6	31618977	31634828	3	8016	20216.3654	2708.9359	992	1
2_MACS_peak_23274_lociStitched	chr5	156692033	156701258	2	8009	13295.07	1725.9975	993	1
1_MACS_peak_27846_lociStitched	chr8	103541787	103549792	1	8006	12457.381	686.829	994	1
2_MACS_peak_3795_lociStitched	chr10	90143705	90152750	2	8004	17184.5955	1698.651	995	1
1_MACS_peak_14091_lociStitched	chr19	55764225	55772223	1	7999	14544.363	1474.8312	996	1
1_MACS_peak_5448_lociStitched	chr11	102185894	102193886	1	7993	20188.5912	1536.0624	997	1
2_MACS_peak_2453_lociStitched	chr1	207994943	208006422	2	7992	16532.0558	2917.9618	998	1
2_MACS_peak_2057_lociStitched	chr1	178544438	178552572	2	7990	30438.2414	2332.8312	999	1
3_MACS_peak_25121_lociStitched	chr6	139633955	139648981	3	7981	11095.1984	1963.8982	1000	1
3_MACS_peak_19044_lociStitched	chr3	49054619	49067637	3	7972	15143.8394	2391.4066	1001	1
2_MACS_peak_10987_lociStitched	chr17	2294397	2306308	2	7969	13520.1761	1563.9143	1002	1
3_MACS_peak_5922_lociStitched	chr12	6711778	6723758	3	7963	6984.34	1793.406	1003	1
1_MACS_peak_15621_lociStitched	chr2	135162773	135170733	1	7961	16374.516	1607.124	1004	1
3_MACS_peak_29513_lociStitched	chrX	949916	971126	3	7960	9871.134	914.151	1005	1
2_MACS_peak_18180_lociStitched	chr22	36552110	36560221	2	7959	13148.7421	1585.7005	1006	1
2_MACS_peak_1816_lociStitched	chr1	159035988	159048474	2	7952	21429.7218	3258.846	1007	1
3_MACS_peak_20375_lociStitched	chr3	191007794	191020417	3	7952	8646.755	2849.0111	1008	1
1_MACS_peak_18738_lociStitched	chr3	23846973	23854921	1	7949	15191.0124	1289.9604	1009	1
1_MACS_peak_10946_lociStitched	chr17	977351	985298	1	7948	12254.274	1186.4871	1010	1
1_MACS_peak_27651_lociStitched	chr8	72267948	72275894	1	7947	10123.9986	1164.8836	1011	1
3_MACS_peak_14625_lociStitched	chr2	43395968	43407162	3	7946	12611.1604	1707.085	1012	1
1_MACS_peak_13944_lociStitched	chr19	47728568	47736512	1	7945	18176.6664	1333.0032	1013	1
1_MACS_peak_26602_lociStitched	chr7	121977420	121985361	1	7942	17196.2355	1923.3102	1014	1
2_MACS_peak_2403_lociStitched	chr1	206131605	206140050	2	7942	13548.3135	2889.0345	1015	1
3_MACS_peak_24053_lociStitched	chr6	32156791	32165717	3	7930	14791.2746	1645.9544	1016	1
4_MACS_peak_29454_lociStitched	chr9	139432152	139445878	4	7929	10779.0278	1763.791	1017	1
2_MACS_peak_16434_lociStitched	chr2	227769385	227782321	2	7928	11626.8768	1847.2608	1018	1
4_MACS_peak_7989_lociStitched	chr13	114911704	114928265	4	7927	9032.3694	1881.3296	1019	1
2_MACS_peak_19674_lociStitched	chr3	126627744	126637091	2	7921	17863.9864	1554.4061	1020	1
4_MACS_peak_20912_lociStitched	chr4	54553463	54572639	4	7918	10711.7136	2515.8912	1021	1
1_MACS_peak_20024_lociStitched	chr3	160115961	160123869	1	7909	31815.4656	2003.8872	1022	1
2_MACS_peak_19572_lociStitched	chr3	119354599	119362971	2	7902	25890.41	1591.5172	1023	1
2_MACS_peak_24184_lociStitched	chr6	37273215	37286964	2	7902	13413.5244	1832.7417	1024	1
3_MACS_peak_23211_lociStitched	chr5	150590484	150604474	3	7902	10461.722	2248.193	1025	1
2_MACS_peak_20822_lociStitched	chr4	38986025	38999679	2	7901	20049.5336	2117.7354	1026	1
3_MACS_peak_2541_lociStitched	chr1	212405997	212416869	3	7899	7188.5664	2462.508	1027	1
3_MACS_peak_3171_lociStitched	chr10	22604319	22615383	3	7894	12489.0432	1563.3432	1028	1
3_MACS_peak_2929_lociStitched	chr1	249111903	249121914	3	7892	14109.5034	2680.9458	1029	1
3_MACS_peak_215_lociStitched	chr1	15896916	15912178	3	7889	12720.877	2405.2912	1030	1
2_MACS_peak_14560_lociStitched	chr2	37871759	37883977	2	7886	11577.7768	1980.5378	1031	1
4_MACS_peak_23301_lociStitched	chr5	158758031	158778188	4	7885	11878.5201	2860.2783	1032	1
2_MACS_peak_12168_lociStitched	chr17	73283966	73295024	2	7884	12810.693	1845.5802	1033	1
2_MACS_peak_16703_lociStitched	chr20	4874007	4882876	2	7881	14036.9663	1491.7658	1034	1
2_MACS_peak_29944_lociStitched	chrX	58149908	58159772	2	7873	8268.9912	689.4936	1035	1
4_MACS_peak_28678_lociStitched	chr9	71251263	71269357	4	7873	7574.1484	2629.0582	1036	1
2_MACS_peak_1814_lociStitched	chr1	158978260	158986976	2	7868	17158.3176	2412.5888	1037	1
3_MACS_peak_691_lociStitched	chr1	42257438	42276572	3	7856	10246.257	2613.7044	1038	1
2_MACS_peak_6285_lociStitched	chr12	38931628	38939584	2	7853	12876.786	1502.8884	1039	1
4_MACS_peak_13906_lociStitched	chr19	46133001	46150313	4	7845	8661.1936	2229.7856	1040	1
3_MACS_peak_11532_lociStitched	chr17	37351056	37366531	3	7843	14685.775	2203.64	1041	1
1_MACS_peak_23216_lociStitched	chr5	150630126	150637964	1	7839	7564.4538	1493.139	1042	1
1_MACS_peak_20381_lociStitched	chr3	191755065	191762903	1	7839	14038.6418	1946.1754	1043	1
3_MACS_peak_22794_lociStitched	chr5	112580295	112599968	3	7827	10176.8429	2931.277	1044	1
3_MACS_peak_2489_lociStitched	chr1	209920394	209931492	3	7822	15924.5202	2972.0444	1045	1
2_MACS_peak_19381_lociStitched	chr3	98272721	98283813	2	7821	14654.7504	1803.5592	1046	1
3_MACS_peak_7044_lociStitched	chr12	104849667	104862013	3	7818	14650.9982	1892.6418	1047	1
3_MACS_peak_17104_lociStitched	chr20	39631391	39642465	3	7815	10161.5024	1703.1812	1048	1
2_MACS_peak_19473_lociStitched	chr3	108787161	108801435	2	7811	21205.4544	2283.84	1049	1
3_MACS_peak_15054_lociStitched	chr2	75061093	75078839	3	7810	9382.3102	2447.1734	1050	1
1_MACS_peak_3891_lociStitched	chr10	98026803	98034607	1	7805	18216.0968	1656.0088	1051	1
1_MACS_peak_27390_lociStitched	chr8	38237461	38245259	1	7799	12913.488	1575.196	1052	1
4_MACS_peak_29123_lociStitched	chr9	116162656	116179558	4	7798	14116.5504	2793.9006	1053	1
2_MACS_peak_21936_lociStitched	chr5	1335429	1346291	2	7795	18697.8468	1832.4194	1054	1
3_MACS_peak_14222_lociStitched	chr2	8653785	8666842	3	7792	10452.1285	1856.7054	1055	1
2_MACS_peak_16133_lociStitched	chr2	198072735	198083494	2	7790	13099.0825	1823.6505	1056	1
2_MACS_peak_19816_lociStitched	chr3	140470617	140485017	2	7775	11387.52	2302.56	1057	1
1_MACS_peak_10139_lociStitched	chr16	14590687	14598446	1	7760	13835.0729	1281.0109	1058	1
2_MACS_peak_1013_lociStitched	chr1	67389575	67400664	2	7760	8911.1204	1855.1897	1059	1
3_MACS_peak_26659_lociStitched	chr7	128162755	128174320	3	7755	16820.136	2280.618	1060	1
3_MACS_peak_6069_lociStitched	chr12	13317391	13333946	3	7753	10394.8845	2364.054	1061	1
2_MACS_peak_12316_lociStitched	chr17	78227692	78238484	2	7751	14203.3512	1606.9288	1062	1
3_MACS_peak_6092_lociStitched	chr12	15135370	15147975	3	7745	7598.294	2082.346	1063	1
1_MACS_peak_9533_lociStitched	chr15	75334082	75341824	1	7743	37162.3742	1961.0486	1064	1
4_MACS_peak_17100_lociStitched	chr20	39608203	39621565	4	7742	9735.5532	1739.7324	1065	1
2_MACS_peak_26670_lociStitched	chr7	128572248	128582332	2	7741	25266.4704	2648.0584	1066	1
1_MACS_peak_16139_lociStitched	chr2	198168862	198176599	1	7738	11905.6956	1435.9872	1067	1
3_MACS_peak_10080_lociStitched	chr16	10961742	10976471	3	7733	9592.9977	2493.6197	1068	1
2_MACS_peak_21543_lociStitched	chr4	140126923	140136836	2	7731	9689.9575	1330.3246	1069	1
2_MACS_peak_10392_lociStitched	chr16	30661067	30673238	2	7731	19208.2722	2000.9124	1070	1
3_MACS_peak_16871_lociStitched	chr20	23329700	23344188	3	7730	15141.4088	2210.8688	1071	1
3_MACS_peak_14025_lociStitched	chr19	50369313	50382092	3	7728	25146.5162	2573.6906	1072	1
2_MACS_peak_11548_lociStitched	chr17	37948529	37958181	2	7724	9421.3172	1581.9628	1073	1
3_MACS_peak_11331_lociStitched	chr17	27219296	27230478	3	7723	14936.9156	2144.7076	1074	1
3_MACS_peak_1493_lociStitched	chr1	145500967	145517577	3	7722	20493.418	4200.669	1075	1
3_MACS_peak_1996_lociStitched	chr1	171219562	171228023	3	7710	19159.0884	1880.8803	1076	1
1_MACS_peak_11517_lociStitched	chr17	36856094	36863799	1	7706	40699.351	1363.0145	1077	1
3_MACS_peak_7985_lociStitched	chr13	114863479	114877757	3	7706	11219.6524	1600.5638	1078	1
2_MACS_peak_7035_lociStitched	chr12	104318254	104326076	2	7696	32598.185	1570.6576	1079	1
3_MACS_peak_28201_lociStitched	chr8	145049955	145065540	3	7693	8244.465	2295.6705	1080	1
4_MACS_peak_3555_lociStitched	chr10	70974564	70989855	4	7692	11734.3134	2182.0257	1081	1
2_MACS_peak_19984_lociStitched	chr3	156845668	156855948	2	7690	13348.58	2577.196	1082	1
2_MACS_peak_22332_lociStitched	chr5	58885493	58895307	2	7685	9222.2158	1365.1274	1083	1
