#06_0EWS_0229Kronos_MM1S-KB-3hr-2_H3K18Ac_hs-dm_i13_peaks Enhancers
#Created from /data/projects/IRF4_mm_trn_data/p300_internal_ChIP/rose/06_0EWS_0229Kronos_MM1S-KB-3hr-2_H3K18Ac_hs-dm_i13_ROSE/06_0EWS_0229Kronos_MM1S-KB-3hr-2_H3K18Ac_hs-dm_i13_peaks_7KB_STITCHED_ENHANCER_REGION_MAP.txt
#Ranked by X06_0EWS_0229Kronos_MM1S.KB.3hr.2_H3K18Ac_hs.dm_i13.bam
#Using cutoff of 16485.7032 for Super-Enhancers
#Created on Jul 18 2024 
REGION_ID	CHROM	START	STOP	NUM_LOCI	CONSTITUENT_SIZE	X06_0EWS_0229Kronos_MM1S.KB.3hr.2_H3K18Ac_hs.dm_i13.bam	X40_0EXS_0229Kronos_MM1S.KB.3hr.2_Input_hs_i84.bam	enhancerRank	isSuper
10_MACS_peak_17973_lociStitched	chr22	23189563	23286899	10	72865	329316.8888	13247.4296	1	1
8_MACS_peak_19827_lociStitched	chr3	141079040	141150042	8	59776	311499.9744	13866.6906	2	1
7_MACS_peak_14550_lociStitched	chr2	37525971	37624685	7	76095	229095.4512	17906.7196	3	1
6_MACS_peak_2335_lociStitched	chr1	203236091	203298489	6	45256	210992.5972	16129.883	4	1
4_MACS_peak_1402_lociStitched	chr1	118147562	118219644	4	63463	186598.6734	7929.02	5	1
4_MACS_peak_8759_lociStitched	chr14	106023277	106056632	4	32195	156535.015	5303.445	6	1
4_MACS_peak_23538_lociStitched	chr6	289715	338529	4	38751	158460.0068	16289.2318	7	1
3_MACS_peak_23653_lociStitched	chr6	7887155	7921307	3	33855	146471.0976	7223.148	8	1
5_MACS_peak_21221_lociStitched	chr4	90204935	90253424	5	36482	147653.8539	8597.0997	9	1
6_MACS_peak_1706_lociStitched	chr1	154907803	154957922	6	31610	135982.8708	13271.5112	10	1
2_MACS_peak_15246_lociStitched	chr2	99060377	99108252	2	46464	130765.775	10192.5875	11	1
2_MACS_peak_5013_lociStitched	chr11	65183106	65210671	2	20755	126785.2175	6364.7585	12	1
5_MACS_peak_11188_lociStitched	chr17	16847792	16895771	5	34454	123046.9434	8703.3906	13	1
3_MACS_peak_16924_lociStitched	chr20	30262032	30312413	3	40753	123740.7741	10333.1431	14	1
1_MACS_peak_24723_lociStitched	chr6	106530366	106557211	1	26846	117546.2015	5444.166	15	1
7_MACS_peak_8601_lociStitched	chr14	91812807	91886083	7	56381	116479.5296	7928.4632	16	1
7_MACS_peak_13130_lociStitched	chr19	2594321	2637981	7	27003	115092.126	9683.788	17	1
1_MACS_peak_3049_lociStitched	chr10	11202034	11223841	1	21808	110352.1428	4982.8995	18	1
4_MACS_peak_26379_lociStitched	chr7	102063403	102093390	4	23700	110109.2653	4929.8628	19	1
2_MACS_peak_11422_lociStitched	chr17	32688281	32726962	2	36031	111335.5223	6954.8438	20	1
3_MACS_peak_8768_lociStitched	chr14	106145069	106173343	3	27848	106768.2788	2960.2878	21	1
3_MACS_peak_7094_lociStitched	chr12	109007125	109036180	3	20929	107300.115	5593.0875	22	1
4_MACS_peak_2407_lociStitched	chr1	206271559	206311407	4	27344	105848.2424	9276.6144	23	1
4_MACS_peak_12488_lociStitched	chr18	9053465	9085297	4	23924	101333.9888	5261.8296	24	1
1_MACS_peak_16184_lociStitched	chr2	201979529	201995139	1	15611	98547.491	3451.371	25	1
2_MACS_peak_6482_lociStitched	chr12	53583585	53605162	2	21156	99021.1684	4587.2702	26	1
7_MACS_peak_24761_lociStitched	chr6	108878322	108954257	7	68905	105109.227	11268.754	27	1
2_MACS_peak_4610_lociStitched	chr11	22676362	22704326	2	24123	97818.072	4270.1028	28	1
4_MACS_peak_26902_lociStitched	chr7	150052760	150084950	4	25674	100526.151	7622.592	29	1
3_MACS_peak_18062_lociStitched	chr22	29185846	29221782	3	26604	96118.0192	6551.1328	30	1
4_MACS_peak_4069_lociStitched	chr10	112103726	112130142	4	17783	93092.6256	4913.376	31	1
1_MACS_peak_23857_lociStitched	chr6	25402649	25415885	1	13237	90363.4956	3424.1532	32	1
5_MACS_peak_17087_lociStitched	chr20	37486776	37523545	5	20852	91915.1462	5614.6263	33	1
5_MACS_peak_16971_lociStitched	chr20	32398669	32452441	5	39325	94794.6588	10044.6096	34	1
3_MACS_peak_13106_lociStitched	chr19	2073562	2098369	3	17779	91093.7847	6625.9497	35	1
1_MACS_peak_6053_lociStitched	chr12	12866150	12882083	1	15934	86156.1042	3336.3702	36	1
3_MACS_peak_5199_lociStitched	chr11	72850503	72871277	3	20232	84643.663	4183.8836	37	1
1_MACS_peak_12917_lociStitched	chr18	60821672	60831785	1	10114	81734.2773	2341.1595	38	1
6_MACS_peak_16899_lociStitched	chr20	25261610	25302983	6	24143	85534.5402	6160.4397	39	1
3_MACS_peak_11930_lociStitched	chr17	56404436	56431309	3	20358	84905.2435	5718.5744	40	1
4_MACS_peak_24724_lociStitched	chr6	106585412	106618418	4	21885	82907.7714	5719.9398	41	1
2_MACS_peak_1762_lociStitched	chr1	156115214	156137215	2	21941	83099.9771	6752.1069	42	1
5_MACS_peak_10106_lociStitched	chr16	11796531	11843262	5	33223	82354.0413	7855.4811	43	1
4_MACS_peak_17801_lociStitched	chr21	45552543	45581096	4	19242	80804.99	6572.9006	44	1
5_MACS_peak_11470_lociStitched	chr17	34596918	34642090	5	40019	81187.6356	9201.5364	45	1
4_MACS_peak_10249_lociStitched	chr16	23333859	23364307	4	17975	75678.504	4375.3776	46	1
8_MACS_peak_24348_lociStitched	chr6	52392243	52443084	8	38566	79505.1558	8927.6796	47	1
3_MACS_peak_5879_lociStitched	chr12	4216235	4231616	3	12075	73016.6832	2839.3326	48	1
3_MACS_peak_18006_lociStitched	chr22	24178493	24201056	3	16036	73645.632	3984.6258	49	1
3_MACS_peak_10117_lociStitched	chr16	12052239	12072260	3	14362	73256.839	3811.9984	50	1
1_MACS_peak_29656_lociStitched	chrX	19469612	19471063	1	1452	69412.0674	84.8835	51	1
4_MACS_peak_4208_lociStitched	chr10	125821654	125854898	4	29387	75257.7672	6000.542	52	1
1_MACS_peak_20834_lociStitched	chr4	40191001	40209839	1	18839	73357.0558	4590.8206	53	1
2_MACS_peak_12492_lociStitched	chr18	9094667	9123212	2	23608	73357.7955	5046.756	54	1
3_MACS_peak_27012_lociStitched	chr8	2027337	2051247	3	17961	71751.519	4007.316	55	1
2_MACS_peak_15418_lociStitched	chr2	112455271	112468432	2	13086	68920.2087	2740.1202	56	1
1_MACS_peak_21935_lociStitched	chr5	1311155	1320530	1	9376	68004.375	1981.875	57	1
3_MACS_peak_4582_lociStitched	chr11	19449687	19468142	3	18131	69774.664	3794.348	58	1
1_MACS_peak_26152_lociStitched	chr7	78113477	78128542	1	15066	68276.0865	2539.959	59	1
5_MACS_peak_26906_lociStitched	chr7	150100655	150134444	5	19715	72974.1033	7561.9782	60	1
1_MACS_peak_23703_lociStitched	chr6	11826657	11838123	1	11467	67565.6982	2199.1788	61	1
4_MACS_peak_11465_lociStitched	chr17	34509746	34541185	4	27043	72089.627	6900.8605	62	1
7_MACS_peak_20262_lociStitched	chr3	183219559	183261138	7	32064	75519.9377	10465.4343	63	1
4_MACS_peak_4092_lociStitched	chr10	112599075	112633306	4	24995	70690.4381	6041.7715	64	1
1_MACS_peak_7984_lociStitched	chr13	114828783	114835116	1	6334	65015.8446	1211.5029	65	1
1_MACS_peak_25946_lociStitched	chr7	55597122	55605748	1	8627	65983.7244	2183.2406	66	1
2_MACS_peak_17726_lociStitched	chr21	41324200	41345250	2	20185	69290.285	5757.175	67	1
3_MACS_peak_14888_lociStitched	chr2	65156219	65178782	3	18504	67188.1014	4020.7266	68	1
2_MACS_peak_474_lociStitched	chr1	31213879	31236471	2	21527	67403.232	4538.7328	69	1
2_MACS_peak_14965_lociStitched	chr2	70309934	70323415	2	9551	63868.9337	2418.4914	70	1
2_MACS_peak_1595_lociStitched	chr1	150532064	150553366	2	17992	66973.488	6431.0738	71	1
4_MACS_peak_1570_lociStitched	chr1	149802818	149834066	4	17441	68117.5152	7799.5008	72	1
5_MACS_peak_18992_lociStitched	chr3	46573960	46608606	5	20071	65401.2542	5401.3114	73	1
1_MACS_peak_14343_lociStitched	chr2	20404552	20426280	1	21729	64225.7952	4356.464	74	1
1_MACS_peak_21824_lociStitched	chr4	185200850	185211156	1	10307	62173.0062	2592.9896	75	1
3_MACS_peak_22939_lociStitched	chr5	131744765	131774401	3	22890	64559.0624	5328.5528	76	1
3_MACS_peak_242_lociStitched	chr1	17221178	17241782	3	10914	64651.2312	5431.2144	77	1
4_MACS_peak_18638_lociStitched	chr3	13035643	13061771	4	18256	63765.384	4713.4912	78	1
3_MACS_peak_12242_lociStitched	chr17	75128804	75146961	3	17376	62670.7012	3673.1611	79	1
2_MACS_peak_20111_lociStitched	chr3	171801681	171827208	2	21964	64652.2329	6430.2513	80	1
1_MACS_peak_17751_lociStitched	chr21	43479491	43486697	1	7207	58602.795	2389.5096	81	1
4_MACS_peak_21831_lociStitched	chr4	185317606	185350292	4	24125	60972.4644	5053.2556	82	1
1_MACS_peak_7093_lociStitched	chr12	108952823	108973346	1	20524	59481.8109	4010.1942	83	1
3_MACS_peak_15224_lociStitched	chr2	97189985	97213644	3	18632	59549.703	4208.9361	84	1
3_MACS_peak_19765_lociStitched	chr3	133178761	133213361	3	24914	61190.1	5864.7	85	1
4_MACS_peak_9737_lociStitched	chr15	89646482	89676907	4	21483	60442.305	5190.505	86	1
3_MACS_peak_325_lociStitched	chr1	24511753	24533976	3	17455	59442.0804	4293.4836	87	1
5_MACS_peak_10101_lociStitched	chr16	11754430	11786868	5	22869	60834.2252	5699.3566	88	1
2_MACS_peak_1686_lociStitched	chr1	154374157	154394649	2	17864	60242.3816	5737.76	89	1
5_MACS_peak_4073_lociStitched	chr10	112146543	112186735	5	29593	60010.6752	5868.032	90	1
3_MACS_peak_9430_lociStitched	chr15	68568579	68599573	3	28377	58535.2684	5597.5164	91	1
3_MACS_peak_18308_lociStitched	chr22	39823004	39846284	3	16138	56342.256	3461.736	92	1
2_MACS_peak_10612_lociStitched	chr16	66549011	66561321	2	12063	55579.65	2731.589	93	1
2_MACS_peak_5161_lociStitched	chr11	70041916	70051148	2	3587	53573.296	1038.6	94	1
1_MACS_peak_11715_lociStitched	chr17	43297947	43308474	1	10528	54723.5568	2203.3011	95	1
1_MACS_peak_4079_lociStitched	chr10	112214706	112226236	1	11531	54352.42	2181.476	96	1
1_MACS_peak_995_lociStitched	chr1	66734860	66752164	1	17305	55175.5344	3275.6472	97	1
2_MACS_peak_8901_lociStitched	chr15	31546325	31561330	2	13012	54252.078	2750.4165	98	1
5_MACS_peak_3053_lociStitched	chr10	11278648	11313057	5	24937	56764.5273	6018.1341	99	1
1_MACS_peak_10542_lociStitched	chr16	56943210	56954632	1	11423	52778.7776	2298.1064	100	1
1_MACS_peak_21830_lociStitched	chr4	185301333	185308744	1	7412	52018.5501	1658.5818	101	1
3_MACS_peak_21973_lociStitched	chr5	6475659	6497464	3	14507	53659.9245	3432.107	102	1
2_MACS_peak_18966_lociStitched	chr3	46245242	46257718	2	12404	52714.8428	2567.5608	103	1
3_MACS_peak_13749_lociStitched	chr19	39880682	39904021	3	18456	53850.0747	3904.6147	104	1
3_MACS_peak_2207_lociStitched	chr1	192497609	192521246	3	20320	55142.7573	5398.6908	105	1
2_MACS_peak_16976_lociStitched	chr20	32460527	32473866	2	13310	52260.8681	2546.4151	106	1
2_MACS_peak_5764_lociStitched	chr11	128585330	128618597	2	26596	55323.021	5648.7366	107	1
5_MACS_peak_12761_lociStitched	chr18	46439185	46480129	5	38280	56768.856	7439.5248	108	1
1_MACS_peak_20139_lociStitched	chr3	174864812	174872037	1	7226	51359.635	2272.985	109	1
4_MACS_peak_23511_lociStitched	chr5	180228274	180259911	4	19691	53887.3021	4938.5357	110	1
5_MACS_peak_12012_lociStitched	chr17	62149855	62187023	5	31661	55874.6544	6976.4336	111	1
5_MACS_peak_4462_lociStitched	chr11	10314410	10345266	5	21086	54537.98	5800.928	112	1
1_MACS_peak_22606_lociStitched	chr5	88170694	88187221	1	16528	52084.8405	3376.4661	113	1
8_MACS_peak_8903_lociStitched	chr15	31616583	31660423	8	29492	54975.36	6527.776	114	1
6_MACS_peak_16225_lociStitched	chr2	204547925	204585806	6	24817	55060.0335	6648.1155	115	1
2_MACS_peak_5572_lociStitched	chr11	115088882	115102586	2	12337	50884.3224	2583.204	116	1
2_MACS_peak_25947_lociStitched	chr7	55615909	55643161	2	26903	52956.0864	4660.092	117	1
2_MACS_peak_5018_lociStitched	chr11	65254277	65278863	2	17950	52648.4604	4725.4292	118	1
1_MACS_peak_2476_lociStitched	chr1	209274216	209285178	1	10963	51035.7834	3124.17	119	1
1_MACS_peak_4842_lociStitched	chr11	58339951	58348552	1	8602	48493.2981	1656.5526	120	1
2_MACS_peak_6925_lociStitched	chr12	94583053	94603869	2	13852	49860.5648	3449.2112	121	1
3_MACS_peak_20341_lociStitched	chr3	186703069	186720452	3	15031	50714.9025	4583.8971	122	1
6_MACS_peak_5940_lociStitched	chr12	7045680	7085750	6	23627	52415.567	6743.781	123	1
1_MACS_peak_24070_lociStitched	chr6	32934554	32942099	1	7546	47132.8605	1749.6855	124	1
2_MACS_peak_9261_lociStitched	chr15	56647467	56666251	2	12884	48667.4656	3416.8096	125	1
3_MACS_peak_26529_lociStitched	chr7	114556538	114574782	3	13433	49601.7872	4367.6136	126	1
2_MACS_peak_17313_lociStitched	chr20	52193964	52216301	2	22044	48797.4102	3710.1757	127	1
5_MACS_peak_27942_lociStitched	chr8	120917814	120949074	5	26092	50187.93	5117.262	128	1
3_MACS_peak_9374_lociStitched	chr15	65169117	65189983	3	12401	48306.8766	3449.1498	129	1
3_MACS_peak_300_lociStitched	chr1	23849828	23866973	3	11687	48100.2975	3243.834	130	1
4_MACS_peak_14703_lociStitched	chr2	47526563	47550890	4	17061	48712.3848	4018.8204	131	1
2_MACS_peak_20346_lociStitched	chr3	186779368	186792588	2	10196	47573.492	3587.908	132	1
2_MACS_peak_12494_lociStitched	chr18	9132825	9157506	2	24457	48651.1872	4723.9434	133	1
1_MACS_peak_2709_lociStitched	chr1	226838925	226852683	1	13759	48018.1716	4130.1516	134	1
4_MACS_peak_5527_lociStitched	chr11	111230085	111251690	4	20236	47535.321	3692.2945	135	1
3_MACS_peak_9015_lociStitched	chr15	40386736	40409253	3	18987	47312.7204	3917.958	136	1
3_MACS_peak_2821_lociStitched	chr1	234733762	234749926	3	13121	47675.718	4283.46	137	1
4_MACS_peak_9031_lociStitched	chr15	40833485	40862784	4	19416	48138.257	4884.1433	138	1
2_MACS_peak_15753_lociStitched	chr2	158293517	158311386	2	12133	46284.2838	3109.206	139	1
6_MACS_peak_20144_lociStitched	chr3	175051982	175074400	6	20543	47057.6238	4532.9196	140	1
4_MACS_peak_3357_lociStitched	chr10	45913688	45933612	4	14392	45691.7092	3169.9084	141	1
2_MACS_peak_11572_lociStitched	chr17	38465585	38484612	2	18887	46180.4317	3696.9461	142	1
2_MACS_peak_18218_lociStitched	chr22	37610004	37629299	2	17218	45661.6175	3484.677	143	1
4_MACS_peak_22610_lociStitched	chr5	88595447	88617706	4	15192	45904.7357	3777.3523	144	1
2_MACS_peak_5729_lociStitched	chr11	126056473	126069044	2	8887	44159.4088	2178.5543	145	1
3_MACS_peak_27312_lociStitched	chr8	29621963	29635665	3	10323	44175.248	2278.6426	146	1
2_MACS_peak_20810_lociStitched	chr4	38306931	38323017	2	14259	44592.0006	2716.9254	147	1
1_MACS_peak_6163_lociStitched	chr12	26265617	26280573	1	14957	44803.6892	2961.288	148	1
2_MACS_peak_16194_lociStitched	chr2	202115623	202129211	2	13509	44735.7724	2958.1076	149	1
1_MACS_peak_22605_lociStitched	chr5	88110477	88130791	1	20315	44369.8388	3575.264	150	1
2_MACS_peak_29861_lociStitched	chrX	48790480	48805126	2	12904	42231.741	1546.6176	151	1
4_MACS_peak_13462_lociStitched	chr19	16243987	16273059	4	21539	45454.072	4907.3536	152	1
7_MACS_peak_27249_lociStitched	chr8	27208363	27253552	7	28976	48261.852	7867.4049	153	1
1_MACS_peak_7978_lociStitched	chr13	114556359	114568304	1	11946	42936.3025	2569.3695	154	1
2_MACS_peak_17152_lociStitched	chr20	42695558	42710419	2	8831	42740.236	2559.0642	155	1
3_MACS_peak_26833_lociStitched	chr7	142490489	142511493	3	11931	44364.6488	4362.5308	156	1
4_MACS_peak_15180_lociStitched	chr2	89047136	89067046	4	14063	42955.825	3040.257	157	1
3_MACS_peak_8834_lociStitched	chr15	23658496	23683087	3	20166	43617.0567	3730.4547	158	1
3_MACS_peak_20805_lociStitched	chr4	38121793	38136848	3	14382	42437.034	2684.3065	159	1
1_MACS_peak_25945_lociStitched	chr7	55568918	55586222	1	17305	42424.2168	2716.728	160	1
1_MACS_peak_11517_lociStitched	chr17	36856094	36863799	1	7706	40699.351	1363.0145	161	1
2_MACS_peak_5173_lociStitched	chr11	71411811	71426867	2	14720	42040.8688	2744.7088	162	1
4_MACS_peak_19390_lociStitched	chr3	98472196	98496142	4	19125	43191.4002	3998.982	163	1
3_MACS_peak_19981_lociStitched	chr3	156804214	156825014	3	15826	44516.16	5328.96	164	1
1_MACS_peak_26415_lociStitched	chr7	104651602	104657788	1	6187	40552.323	1380.0966	165	1
2_MACS_peak_1774_lociStitched	chr1	156450323	156476346	2	21820	45693.7857	6573.4098	166	1
1_MACS_peak_23892_lociStitched	chr6	26355045	26368081	1	13037	41655.2344	2543.3236	167	1
3_MACS_peak_21003_lociStitched	chr4	71525352	71555397	3	20364	43952.8305	5206.7985	168	1
2_MACS_peak_240_lociStitched	chr1	17065542	17075562	2	4122	41596.026	3052.092	169	1
4_MACS_peak_2364_lociStitched	chr1	204474562	204493954	4	15235	43441.9584	4993.44	170	1
2_MACS_peak_12292_lociStitched	chr17	76710974	76733683	2	19218	42845.0703	4534.9873	171	1
5_MACS_peak_23931_lociStitched	chr6	27774501	27808122	5	18012	43640.058	5527.2924	172	1
4_MACS_peak_6378_lociStitched	chr12	48196040	48218967	4	16992	41894.5071	3794.4185	173	1
1_MACS_peak_238_lociStitched	chr1	16991956	16994907	1	2952	39571.4345	1583.5066	174	1
1_MACS_peak_20175_lociStitched	chr3	176911547	176921184	1	9638	40492.7466	2590.4256	175	1
1_MACS_peak_22284_lociStitched	chr5	55436859	55453866	1	17008	40335.5019	2894.5914	176	1
2_MACS_peak_17122_lociStitched	chr20	40709726	40727485	2	13620	39908.0248	2514.6744	177	1
2_MACS_peak_20404_lociStitched	chr3	193815260	193823445	2	8138	40125.3255	2744.4305	178	1
3_MACS_peak_26213_lociStitched	chr7	90337276	90367846	3	18939	42201.885	5068.506	179	1
1_MACS_peak_17215_lociStitched	chr20	45978083	45987373	1	9291	38837.774	1908.166	180	1
3_MACS_peak_11460_lociStitched	chr17	34408668	34432975	3	22279	40930.5573	4212.4031	181	1
3_MACS_peak_20183_lociStitched	chr3	177062288	177079977	3	12324	40980.1063	4388.6409	182	1
4_MACS_peak_11073_lociStitched	chr17	6914816	6940405	4	11273	39911.1633	3357.2768	183	1
4_MACS_peak_18567_lociStitched	chr3	5222526	5256500	4	24189	41410.9086	5048.5364	184	1
1_MACS_peak_11546_lociStitched	chr17	37909227	37916198	1	6972	37947.3356	1585.2054	185	1
1_MACS_peak_14611_lociStitched	chr2	42322882	42335303	1	12422	38846.6775	2514.0104	186	1
1_MACS_peak_2420_lociStitched	chr1	206727716	206739707	1	11992	39724.9839	3510.9648	187	1
7_MACS_peak_10669_lociStitched	chr16	68269754	68320257	7	26814	43619.4411	7625.953	188	1
2_MACS_peak_24032_lociStitched	chr6	31694084	31709439	2	12326	39142.966	3176.9495	189	1
1_MACS_peak_8774_lociStitched	chr14	106323757	106329621	1	5865	36438.3096	640.9352	190	1
5_MACS_peak_14853_lociStitched	chr2	64430299	64456679	5	19243	40213.672	4431.84	191	1
2_MACS_peak_2350_lociStitched	chr1	203721939	203736610	2	8611	39095.2808	3343.5209	192	1
2_MACS_peak_14279_lociStitched	chr2	11883300	11898307	2	15005	38704.5537	3182.9847	193	1
2_MACS_peak_22106_lociStitched	chr5	32570707	32590140	2	14591	38992.3145	3511.5431	194	1
3_MACS_peak_14112_lociStitched	chr19	56328940	56351885	3	12624	38559.0725	3271.957	195	1
1_MACS_peak_9533_lociStitched	chr15	75334082	75341824	1	7743	37162.3742	1961.0486	196	1
3_MACS_peak_23854_lociStitched	chr6	25365855	25390602	3	20391	39342.7806	4328.2503	197	1
3_MACS_peak_1847_lociStitched	chr1	160633446	160655998	3	14392	40158.3464	5182.4496	198	1
7_MACS_peak_14967_lociStitched	chr2	70331393	70360987	7	15114	39505.0306	4533.8008	199	1
2_MACS_peak_20079_lociStitched	chr3	169656137	169668571	2	12339	37929.917	3102.283	200	1
3_MACS_peak_9515_lociStitched	chr15	75063180	75083657	3	19279	38322.7055	3780.0542	201	1
1_MACS_peak_10543_lociStitched	chr16	56962936	56975749	1	12814	37308.8934	2768.8893	202	1
3_MACS_peak_2381_lociStitched	chr1	205242328	205258827	3	12990	38751.2013	4236.9432	203	1
3_MACS_peak_23698_lociStitched	chr6	11713277	11736193	3	15582	37680.7788	3290.7376	204	1
2_MACS_peak_1556_lociStitched	chr1	149213977	149225932	2	6586	38407.8285	4040.79	205	1
3_MACS_peak_1749_lociStitched	chr1	155938500	155954206	3	13990	38572.3654	4309.7264	206	1
1_MACS_peak_11063_lociStitched	chr17	6062091	6071728	1	9638	36013.469	1840.667	207	1
3_MACS_peak_15755_lociStitched	chr2	158323464	158337889	3	9796	36697.2	2533.03	208	1
1_MACS_peak_14628_lociStitched	chr2	43444097	43457066	1	12970	36645.2064	2552.2992	209	1
1_MACS_peak_3256_lociStitched	chr10	30988635	30997112	1	8478	35756.8337	1704.7247	210	1
2_MACS_peak_29076_lociStitched	chr9	112668712	112683236	2	10797	36752.982	2702.9164	211	1
2_MACS_peak_9273_lociStitched	chr15	58581815	58595806	2	11840	36149.9458	2150.4167	212	1
1_MACS_peak_20993_lociStitched	chr4	69434269	69444218	1	9950	35452.2666	1700.2841	213	1
2_MACS_peak_29086_lociStitched	chr9	112903979	112925525	2	21538	38285.0874	4645.3176	214	1
3_MACS_peak_1851_lociStitched	chr1	160694375	160715636	3	13365	38875.7385	5370.5286	215	1
3_MACS_peak_21029_lociStitched	chr4	74453966	74475679	3	13598	36462.6409	3015.9357	216	1
1_MACS_peak_17778_lociStitched	chr21	44723884	44734855	1	10972	36071.5509	2693.3805	217	1
1_MACS_peak_11382_lociStitched	chr17	29634929	29649526	1	14598	36021.0169	2653.7346	218	1
1_MACS_peak_15999_lociStitched	chr2	182168369	182180078	1	11710	35451.3393	2279.7423	219	1
1_MACS_peak_2137_lociStitched	chr1	183809045	183816024	1	6980	34753.3263	1678.4495	220	1
2_MACS_peak_9636_lociStitched	chr15	81576119	81596103	2	14877	37002.3744	3974.8176	221	1
2_MACS_peak_27298_lociStitched	chr8	29404316	29416975	2	10084	35071.7595	2102.6599	222	1
2_MACS_peak_1870_lociStitched	chr1	161144704	161158161	2	11361	36741.6471	3796.2197	223	1
4_MACS_peak_17659_lociStitched	chr21	36235800	36262894	4	14422	38251.3092	5424.2188	224	1
2_MACS_peak_9534_lociStitched	chr15	75352675	75371294	2	14519	35644.2136	2835.6737	225	1
5_MACS_peak_18969_lociStitched	chr3	46317815	46347617	5	26520	37619.0646	4854.7458	226	1
4_MACS_peak_5324_lociStitched	chr11	82764384	82790516	4	15087	37256.3924	4541.7416	227	1
3_MACS_peak_19243_lociStitched	chr3	69128082	69155609	3	20034	37103.6433	4453.8686	228	1
5_MACS_peak_23420_lociStitched	chr5	173310016	173344017	5	28221	38274.9257	5701.9677	229	1
4_MACS_peak_3031_lociStitched	chr10	7510989	7536582	4	18546	36462.3471	3913.1697	230	1
2_MACS_peak_25027_lociStitched	chr6	135190401	135204208	2	8415	34728.7471	2309.9111	231	1
1_MACS_peak_1684_lociStitched	chr1	154296487	154303144	1	6658	34380.7422	1972.4691	232	1
3_MACS_peak_10254_lociStitched	chr16	23404589	23419410	3	10245	34575.9109	2184.6154	233	1
1_MACS_peak_25648_lociStitched	chr7	26002405	26012402	1	9998	34572.6251	2187.3436	234	1
1_MACS_peak_1491_lociStitched	chr1	145448200	145457970	1	9771	35914.52	3555.303	235	1
1_MACS_peak_25563_lociStitched	chr7	20254555	20263533	1	8979	33845.2644	2090.0784	236	1
2_MACS_peak_17614_lociStitched	chr21	34600757	34613240	2	10793	34747.6788	3007.1547	237	1
1_MACS_peak_21309_lociStitched	chr4	105406407	105417778	1	11372	33528.5306	1793.2067	238	1
1_MACS_peak_24722_lociStitched	chr6	106439033	106447560	1	8528	33200.7272	1481.9926	239	1
2_MACS_peak_23432_lociStitched	chr5	173696145	173710319	2	12819	34078.5482	2371.3102	240	1
5_MACS_peak_12192_lociStitched	chr17	73850495	73875869	5	13207	35531.2122	3884.7594	241	1
2_MACS_peak_13673_lociStitched	chr19	35694343	35708342	2	11449	34483.7367	2896.3931	242	1
1_MACS_peak_1319_lociStitched	chr1	111172604	111181638	1	9035	32774.4486	1235.8512	243	1
3_MACS_peak_3709_lociStitched	chr10	81001125	81020623	3	16735	34667.444	3195.7222	244	1
3_MACS_peak_24237_lociStitched	chr6	42737679	42752635	3	9911	33501.44	2135.7168	245	1
1_MACS_peak_15122_lociStitched	chr2	86219412	86229245	1	9834	33404.6676	2060.0135	246	1
3_MACS_peak_8550_lociStitched	chr14	81930585	81953513	3	17173	33289.1632	2207.9664	247	1
2_MACS_peak_7035_lociStitched	chr12	104318254	104326076	2	7696	32598.185	1570.6576	248	1
4_MACS_peak_2138_lociStitched	chr1	183856419	183885931	4	15382	37046.4136	6076.5208	249	1
1_MACS_peak_28137_lociStitched	chr8	137188710	137201718	1	13009	33252.3504	2415.5856	250	1
2_MACS_peak_22614_lociStitched	chr5	88634814	88652746	2	11699	33726.5056	2913.95	251	1
3_MACS_peak_24592_lociStitched	chr6	88612473	88640590	3	20221	35016.9118	4248.4787	252	1
11_MACS_peak_25086_lociStitched	chr6	138246188	138297590	11	29008	38351.0322	7725.7206	253	1
6_MACS_peak_9873_lociStitched	chr15	101661135	101692527	6	20495	35425.872	4834.368	254	1
2_MACS_peak_17724_lociStitched	chr21	41295561	41310681	2	11651	34570.368	3981.096	255	1
5_MACS_peak_22597_lociStitched	chr5	87954442	87976765	5	11976	34006.8582	3426.5805	256	1
2_MACS_peak_24613_lociStitched	chr6	90055612	90071354	2	15724	33591.8538	3104.3224	257	1
2_MACS_peak_26463_lociStitched	chr7	106503667	106513866	2	9961	33435.3817	2974.0284	258	1
4_MACS_peak_12032_lociStitched	chr17	62961133	62986810	4	11782	34389.2061	3941.4195	259	1
2_MACS_peak_26410_lociStitched	chr7	104576068	104587095	2	10687	32376.3747	1989.2708	260	1
4_MACS_peak_23466_lociStitched	chr5	176717110	176740733	4	14333	34633.6803	4292.2991	261	1
6_MACS_peak_28013_lociStitched	chr8	126285062	126322918	6	24792	35842.0608	5572.4032	262	1
3_MACS_peak_25844_lociStitched	chr7	44656567	44680443	3	16006	34190.432	3963.416	263	1
2_MACS_peak_22942_lociStitched	chr5	131789887	131804149	2	12763	33267.5412	3121.9518	264	1
1_MACS_peak_23030_lociStitched	chr5	138719899	138730438	1	10540	32249.34	2199.4893	265	1
1_MACS_peak_3121_lociStitched	chr10	15824463	15834318	1	9856	31659.1875	1672.3935	266	1
2_MACS_peak_12077_lociStitched	chr17	66229887	66245561	2	9751	32547.061	2605.0188	267	1
3_MACS_peak_22829_lociStitched	chr5	118657534	118678812	3	16151	33802.2308	3902.3852	268	1
1_MACS_peak_20024_lociStitched	chr3	160115961	160123869	1	7909	31815.4656	2003.8872	269	1
1_MACS_peak_13940_lociStitched	chr19	47613698	47617895	1	4198	30770.7252	982.5177	270	1
4_MACS_peak_12237_lociStitched	chr17	75078953	75093468	4	13636	32606.496	2860.9065	271	1
1_MACS_peak_15124_lociStitched	chr2	86261449	86267400	1	5952	30929.7274	1246.7345	272	1
2_MACS_peak_1069_lociStitched	chr1	75595376	75612819	2	16963	32266.0614	2621.6829	273	1
4_MACS_peak_14291_lociStitched	chr2	13680324	13702478	4	15625	32821.151	3267.715	274	1
1_MACS_peak_25883_lociStitched	chr7	47512692	47522998	1	10307	31911.4984	2403.3592	275	1
1_MACS_peak_7017_lociStitched	chr12	102870270	102879519	1	9250	31197.8019	1812.804	276	1
1_MACS_peak_7787_lociStitched	chr13	78688391	78696839	1	8449	30798.8736	1506.2784	277	1
4_MACS_peak_28858_lociStitched	chr9	93670948	93690443	4	15540	32523.5085	3296.6045	278	1
3_MACS_peak_19643_lociStitched	chr3	124479957	124512571	3	20321	33944.6512	4725.7686	279	1
2_MACS_peak_2285_lociStitched	chr1	200850523	200864813	2	10276	32135.352	3020.906	280	1
2_MACS_peak_20411_lociStitched	chr3	194022115	194034163	2	7625	31703.1072	2608.392	281	1
1_MACS_peak_27927_lociStitched	chr8	118449260	118457936	1	8677	30777.2424	1741.2732	282	1
4_MACS_peak_23875_lociStitched	chr6	26183519	26207198	4	13687	32809.6224	3862.0449	283	1
3_MACS_peak_5208_lociStitched	chr11	72977727	73001828	3	14594	32312.2107	3439.2127	284	1
1_MACS_peak_15933_lociStitched	chr2	175456309	175464554	1	8246	30268.2195	1416.491	285	1
1_MACS_peak_14697_lociStitched	chr2	47208305	47215099	1	6795	30422.8526	1606.781	286	1
3_MACS_peak_17315_lociStitched	chr20	52224963	52244752	3	10829	31201.3163	2406.3424	287	1
2_MACS_peak_17319_lociStitched	chr20	52267929	52279801	2	11469	30799.5296	2107.28	288	1
3_MACS_peak_3026_lociStitched	chr10	6953870	6973172	3	10226	31755.6504	3105.6918	289	1
1_MACS_peak_398_lociStitched	chr1	27018204	27031365	1	13162	31367.9274	2720.3787	290	1
4_MACS_peak_6024_lociStitched	chr12	11901283	11920486	4	16860	31838.574	3222.2634	291	1
1_MACS_peak_998_lociStitched	chr1	66795235	66803909	1	8675	30416.2484	1942.1086	292	1
1_MACS_peak_5886_lociStitched	chr12	4377277	4388413	1	11137	30453.6192	1988.8896	293	1
4_MACS_peak_16114_lociStitched	chr2	197023672	197049408	4	21770	32713.0296	4274.7496	294	1
1_MACS_peak_21582_lociStitched	chr4	144272683	144282373	1	9691	30437.259	2038.776	295	1
4_MACS_peak_14858_lociStitched	chr2	64486045	64511823	4	15291	32209.611	3815.144	296	1
3_MACS_peak_18961_lociStitched	chr3	46129539	46153918	3	17649	32843.3888	4449.1675	297	1
6_MACS_peak_7289_lociStitched	chr12	123355089	123387368	6	24049	31187.9698	2872.831	298	1
3_MACS_peak_6707_lociStitched	chr12	68751884	68770745	3	11398	31446.9453	3164.8758	299	1
2_MACS_peak_1644_lociStitched	chr1	152006280	152022052	2	9810	31987.1932	3715.8832	300	1
1_MACS_peak_16333_lociStitched	chr2	217079279	217089242	1	9964	30410.0649	2211.786	301	1
3_MACS_peak_1701_lociStitched	chr1	154821343	154844656	3	9845	33092.8035	4898.0613	302	1
3_MACS_peak_9815_lociStitched	chr15	93346012	93364538	3	10941	31053.2812	2873.3826	303	1
5_MACS_peak_5913_lociStitched	chr12	6551970	6581041	5	12494	32983.9566	4814.1576	304	1
3_MACS_peak_5122_lociStitched	chr11	67644642	67659860	3	11195	30618.616	2465.316	305	1
2_MACS_peak_2057_lociStitched	chr1	178544438	178552572	2	7990	30438.2414	2332.8312	306	1
3_MACS_peak_12120_lociStitched	chr17	70582484	70602271	3	14882	31225.8647	3320.2586	307	1
3_MACS_peak_13485_lociStitched	chr19	16694111	16711752	3	12308	30986.4165	3081.8827	308	1
4_MACS_peak_25773_lociStitched	chr7	38383574	38408551	4	18746	33201.9261	5335.0872	309	1
1_MACS_peak_22642_lociStitched	chr5	90674599	90681256	1	6658	29063.1306	1210.2426	310	1
7_MACS_peak_22754_lociStitched	chr5	109247608	109286567	7	20731	33594.3457	5832.1623	311	1
2_MACS_peak_12327_lociStitched	chr17	78873408	78887210	2	8612	29630.1336	1926.7592	312	1
1_MACS_peak_23415_lociStitched	chr5	173168761	173174938	1	6178	29020.1637	1386.7365	313	1
4_MACS_peak_3726_lociStitched	chr10	81946260	81966685	4	15858	31119.53	3570.29	314	1
4_MACS_peak_21890_lociStitched	chr4	187748019	187775790	4	12995	30945.2253	3457.4895	315	1
3_MACS_peak_9725_lociStitched	chr15	89163621	89185174	3	15687	31090.2025	3797.6386	316	1
2_MACS_peak_7623_lociStitched	chr13	46269044	46281218	2	11526	28566.291	1341.5748	317	1
1_MACS_peak_14290_lociStitched	chr2	13661625	13666588	1	4964	28006.7053	795.0726	318	1
2_MACS_peak_25892_lociStitched	chr7	47700455	47712722	2	6156	29034.7623	1854.7704	319	1
2_MACS_peak_12276_lociStitched	chr17	76137206	76152870	2	12758	29561.1008	2431.0528	320	1
2_MACS_peak_2439_lociStitched	chr1	207092762	207105052	2	7605	30135.08	3074.958	321	1
5_MACS_peak_10235_lociStitched	chr16	22194814	22219342	5	18136	31619.0448	4586.736	322	1
1_MACS_peak_22932_lociStitched	chr5	131434586	131442003	1	7418	28330.7149	1346.9272	323	1
2_MACS_peak_11039_lociStitched	chr17	4841917	4855123	2	11099	29022.8262	2108.9982	324	1
1_MACS_peak_28862_lociStitched	chr9	93702071	93709048	1	6978	28366.3889	1455.4022	325	1
2_MACS_peak_1860_lociStitched	chr1	161007776	161018542	2	6483	29588.1978	2748.5598	326	1
1_MACS_peak_2905_lociStitched	chr1	245132366	245136237	1	3872	27755.4571	956.137	327	1
2_MACS_peak_17381_lociStitched	chr20	56047338	56058248	2	10733	28601.656	1837.244	328	1
6_MACS_peak_17334_lociStitched	chr20	52530930	52567315	6	18526	32182.5325	5432.2805	329	1
1_MACS_peak_18654_lociStitched	chr3	14160420	14168450	1	8031	28405.322	1691.921	330	1
3_MACS_peak_19715_lociStitched	chr3	129026500	129048706	3	14494	30559.8972	3874.947	331	1
3_MACS_peak_17793_lociStitched	chr21	45194635	45210483	3	12155	30426.5752	3754.3912	332	1
1_MACS_peak_18048_lociStitched	chr22	27003532	27015904	1	12373	29136.06	2465.7396	333	1
5_MACS_peak_25266_lociStitched	chr6	157976430	158007391	5	18473	28942.3428	2325.1711	334	1
1_MACS_peak_21823_lociStitched	chr4	185184438	185191753	1	7316	28309.05	1708.0525	335	1
3_MACS_peak_23114_lociStitched	chr5	142772398	142794686	3	14941	29783.4544	3216.1584	336	1
3_MACS_peak_10136_lociStitched	chr16	14486348	14503542	3	10448	29063.0182	2513.7628	337	1
5_MACS_peak_1478_lociStitched	chr1	145127612	145161684	5	20797	37932.3576	11417.5272	338	1
1_MACS_peak_3485_lociStitched	chr10	63802696	63815106	1	12411	29231.755	2776.117	339	1
1_MACS_peak_12065_lociStitched	chr17	65642336	65649014	1	6679	27688.3236	1243.4436	340	1
1_MACS_peak_2095_lociStitched	chr1	181095120	181106586	1	11467	29119.0536	2773.6254	341	1
7_MACS_peak_18979_lociStitched	chr3	46419707	46459680	7	23369	31910.4459	5656.1795	342	1
2_MACS_peak_1489_lociStitched	chr1	145427170	145441195	2	8448	29481.9525	3336.5475	343	1
1_MACS_peak_2246_lociStitched	chr1	197739959	197749034	1	9076	28465.5525	2395.8	344	1
2_MACS_peak_16467_lociStitched	chr2	231725829	231739876	2	12297	27251.18	1300.7522	345	1
3_MACS_peak_6879_lociStitched	chr12	92754386	92770280	3	9525	28534.4982	2620.9206	346	1
5_MACS_peak_23262_lociStitched	chr5	156339256	156370053	5	17070	30085.5893	4243.8266	347	1
4_MACS_peak_15640_lociStitched	chr2	137132607	137153064	4	12275	28809.5931	2970.3564	348	1
2_MACS_peak_28114_lociStitched	chr8	134576672	134586315	2	9324	27572.2299	1736.7043	349	1
4_MACS_peak_18274_lociStitched	chr22	39362281	39386504	4	13066	28910.1505	3192.5914	350	1
2_MACS_peak_25911_lociStitched	chr7	50343243	50357873	2	12982	28418.775	2743.125	351	1
2_MACS_peak_6701_lociStitched	chr12	68376354	68387498	2	8781	27658.2936	2021.5216	352	1
5_MACS_peak_14935_lociStitched	chr2	68936008	68965713	5	17321	30397.1265	4776.564	353	1
1_MACS_peak_2698_lociStitched	chr1	226308553	226317171	1	8619	27873.1974	2270.843	354	1
1_MACS_peak_26526_lociStitched	chr7	113723501	113728576	1	5076	26974.64	1373.295	355	1
1_MACS_peak_11001_lociStitched	chr17	3459422	3463619	1	4198	26496.0807	908.2308	356	1
1_MACS_peak_28058_lociStitched	chr8	129664591	129673406	1	8816	27170.4745	1629.8935	357	1
6_MACS_peak_8516_lociStitched	chr14	77487823	77510116	6	15509	27300.0078	1863.6948	358	1
2_MACS_peak_25573_lociStitched	chr7	20476220	20490722	2	13498	27732.1746	2334.822	359	1
4_MACS_peak_21052_lociStitched	chr4	76022941	76044176	4	11300	28620.533	3253.202	360	1
2_MACS_peak_7998_lociStitched	chr13	115038967	115048895	2	9655	26955.5128	1634.1488	361	1
1_MACS_peak_25569_lociStitched	chr7	20366968	20373611	1	6644	26539.4493	1247.5554	362	1
2_MACS_peak_14348_lociStitched	chr2	20615070	20631109	2	14400	27641.6126	2415.4734	363	1
6_MACS_peak_11782_lociStitched	chr17	46516076	46556882	6	26602	31343.0886	6157.6254	364	1
6_MACS_peak_10343_lociStitched	chr16	29815475	29837594	6	14143	28606.5027	3466.0473	365	1
1_MACS_peak_26710_lociStitched	chr7	130789691	130797209	1	7519	27044.5014	1929.8706	366	1
4_MACS_peak_12295_lociStitched	chr17	76753797	76779850	4	17898	29153.307	4082.5051	367	1
2_MACS_peak_16494_lociStitched	chr2	232687086	232714787	2	26670	28158.0665	3105.2821	368	1
5_MACS_peak_9009_lociStitched	chr15	40329919	40358696	5	17696	29507.9358	4471.9458	369	1
1_MACS_peak_20198_lociStitched	chr3	178230153	178241440	1	11288	27863.0882	2904.1451	370	1
5_MACS_peak_29385_lociStitched	chr9	134127087	134153439	5	15474	29060.9856	4131.9936	371	1
2_MACS_peak_3995_lociStitched	chr10	104531182	104544040	2	12351	27032.6592	2246.2926	372	1
1_MACS_peak_25384_lociStitched	chr7	2393000	2395766	1	2767	25336.0068	552.3702	373	1
7_MACS_peak_17142_lociStitched	chr20	42564654	42593773	7	18640	29005.4359	4274.6692	374	1
1_MACS_peak_11553_lociStitched	chr17	38016217	38025226	1	9010	26289.1629	1564.8633	375	1
3_MACS_peak_18285_lociStitched	chr22	39458961	39474534	3	12921	27232.5051	2508.8103	376	1
1_MACS_peak_1850_lociStitched	chr1	160675537	160685360	1	9824	27915.9837	3198.3688	377	1
5_MACS_peak_16360_lociStitched	chr2	219741250	219763451	5	17607	28326.2559	3696.4665	378	1
6_MACS_peak_30250_lociStitched	chrX	128892765	128921527	6	16922	27208.852	2579.9514	379	1
1_MACS_peak_14887_lociStitched	chr2	65139716	65147047	1	7332	26385.7352	1836.4155	380	1
2_MACS_peak_5607_lociStitched	chr11	117873375	117885043	2	9766	26370.8468	1837.71	381	1
2_MACS_peak_22104_lociStitched	chr5	32530354	32544242	2	12674	27019.104	2520.672	382	1
1_MACS_peak_28568_lociStitched	chr9	37527061	37533286	1	6226	25970.0775	1472.835	383	1
2_MACS_peak_8231_lociStitched	chr14	50465292	50476639	2	8413	25543.2317	1050.7322	384	1
2_MACS_peak_6564_lociStitched	chr12	56726253	56734466	2	8148	26163.3328	1703.3762	385	1
1_MACS_peak_2901_lociStitched	chr1	244996221	245000465	1	4245	25664.3168	1253.2532	386	1
1_MACS_peak_22609_lociStitched	chr5	88563897	88571000	1	7104	25639.6991	1246.5765	387	1
2_MACS_peak_10897_lociStitched	chr16	89033192	89046301	2	9283	25443.2581	1084.1143	388	1
4_MACS_peak_15402_lociStitched	chr2	112208353	112241917	4	17340	29657.1504	5323.2504	389	1
2_MACS_peak_19572_lociStitched	chr3	119354599	119362971	2	7902	25890.41	1591.5172	390	1
3_MACS_peak_13418_lociStitched	chr19	13948928	13962206	3	10322	26233.3446	2036.8452	391	1
2_MACS_peak_13851_lociStitched	chr19	44257272	44271761	2	9912	26317.8196	2211.0214	392	1
4_MACS_peak_13970_lociStitched	chr19	48879966	48902460	4	11269	27300.9678	3227.889	393	1
2_MACS_peak_15344_lociStitched	chr2	109828807	109844325	2	14997	26812.0004	2759.1004	394	1
1_MACS_peak_4881_lociStitched	chr11	60601905	60613367	1	11463	26041.664	2016.1658	395	1
2_MACS_peak_17692_lociStitched	chr21	37905349	37916655	2	9774	26556.6634	2539.3276	396	1
1_MACS_peak_14514_lociStitched	chr2	33699445	33705444	1	6000	25324.1786	1334.7775	397	1
3_MACS_peak_23914_lociStitched	chr6	27098276	27116086	3	11322	26909.129	2920.84	398	1
1_MACS_peak_11547_lociStitched	chr17	37924928	37938374	1	13447	26516.8566	2546.6724	399	1
2_MACS_peak_16092_lociStitched	chr2	192530537	192546247	2	10389	26854.674	2893.782	400	1
3_MACS_peak_13457_lociStitched	chr19	16180455	16197903	3	8630	26803.6176	2959.1808	401	1
1_MACS_peak_17385_lociStitched	chr20	56191868	56197961	1	6094	25184.1969	1355.0832	402	1
2_MACS_peak_13809_lociStitched	chr19	42051268	42070503	2	12903	27025.175	3239.174	403	1
2_MACS_peak_8462_lociStitched	chr14	72980152	72990311	2	9537	24817.4211	1044.3452	404	1
2_MACS_peak_2762_lociStitched	chr1	230256188	230270013	2	8064	26456.9025	2698.64	405	1
5_MACS_peak_13082_lociStitched	chr19	1647913	1672864	5	12159	27920.169	4209.2337	406	1
2_MACS_peak_26744_lociStitched	chr7	134842634	134857510	2	9004	26937.4608	3289.0836	407	1
3_MACS_peak_12801_lociStitched	chr18	48677287	48696753	3	9899	26438.7212	2805.0506	408	1
1_MACS_peak_15406_lociStitched	chr2	112249409	112253862	1	4454	24709.697	1084.3055	409	1
4_MACS_peak_22944_lociStitched	chr5	131813216	131842364	4	16242	28547.5512	4984.308	410	1
1_MACS_peak_1574_lociStitched	chr1	149855294	149861356	1	6063	25522.2324	2046.5312	411	1
1_MACS_peak_26446_lociStitched	chr7	105984533	105991649	1	7117	25448.2392	2012.4048	412	1
1_MACS_peak_13621_lociStitched	chr19	29120776	29126315	1	5540	24700.0627	1277.8473	413	1
6_MACS_peak_24037_lociStitched	chr6	31773611	31805046	6	16610	28533.5495	5133.3355	414	1
1_MACS_peak_29472_lociStitched	chr9	139792716	139798366	1	5651	24345.285	968.41	415	1
2_MACS_peak_6090_lociStitched	chr12	15100709	15116372	2	15470	26443.8429	3131.0337	416	1
2_MACS_peak_15733_lociStitched	chr2	153913730	153928943	2	11530	25253.58	2017.2438	417	1
1_MACS_peak_5783_lociStitched	chr11	129870965	129874700	1	3736	23887.9395	708.5295	418	1
1_MACS_peak_24769_lociStitched	chr6	108986325	108997495	1	11171	25040.906	1881.028	419	1
6_MACS_peak_10363_lociStitched	chr16	30193683	30227703	6	17668	29471.526	6426.378	420	1
3_MACS_peak_1334_lociStitched	chr1	112134463	112148612	3	12025	24466.4508	1467.2513	421	1
1_MACS_peak_2974_lociStitched	chr10	3824022	3828904	1	4883	24001.3766	1030.5902	422	1
2_MACS_peak_24296_lociStitched	chr6	45386614	45402263	2	11358	25179.241	2255.0209	423	1
2_MACS_peak_5662_lociStitched	chr11	120367887	120383235	2	13069	24908.2692	1992.1704	424	1
4_MACS_peak_7101_lociStitched	chr12	109161683	109181131	4	12186	26011.7	3131.128	425	1
1_MACS_peak_23163_lociStitched	chr5	148204601	148216036	1	11436	25520.633	2716.956	426	1
1_MACS_peak_278_lociStitched	chr1	21615348	21623723	1	8376	24496.0375	1708.5	427	1
2_MACS_peak_1696_lociStitched	chr1	154755395	154766347	2	9689	25693.392	2926.3744	428	1
1_MACS_peak_4301_lociStitched	chr11	267108	271221	1	4114	23706.5094	956.6838	429	1
6_MACS_peak_8657_lociStitched	chr14	95945775	95986118	6	21134	25851.7944	3154.8226	430	1
2_MACS_peak_18259_lociStitched	chr22	38900312	38909626	2	4714	24117.6716	1422.2478	431	1
4_MACS_peak_23206_lociStitched	chr5	150512532	150538139	4	16457	26649.2049	4025.4204	432	1
2_MACS_peak_26670_lociStitched	chr7	128572248	128582332	2	7741	25266.4704	2648.0584	433	1
3_MACS_peak_7273_lociStitched	chr12	122227204	122243240	3	8544	23858.3608	1281.2764	434	1
3_MACS_peak_14025_lociStitched	chr19	50369313	50382092	3	7728	25146.5162	2573.6906	435	1
1_MACS_peak_3344_lociStitched	chr10	45389523	45395904	1	6382	23506.9659	1003.0932	436	1
3_MACS_peak_6498_lociStitched	chr12	53845144	53874897	3	29549	27503.6732	5075.8618	437	1
1_MACS_peak_28866_lociStitched	chr9	93795271	93800054	1	4784	23328.1259	968.0792	438	1
2_MACS_peak_17167_lociStitched	chr20	43270067	43282286	2	11877	24743.475	2436.4686	439	1
4_MACS_peak_21758_lociStitched	chr4	173896270	173920285	4	15460	25587.9825	3294.858	440	1
5_MACS_peak_11720_lociStitched	chr17	43505040	43531608	5	16766	26350.1424	4070.2176	441	1
2_MACS_peak_20455_lociStitched	chr3	196357819	196371457	2	10443	25355.7696	3124.4658	442	1
2_MACS_peak_1783_lociStitched	chr1	156709221	156722878	2	10171	25849.9696	3672.3673	443	1
1_MACS_peak_26601_lociStitched	chr7	121944733	121952091	1	7359	23845.8064	1723.2436	444	1
1_MACS_peak_21839_lociStitched	chr4	185391550	185397502	1	5953	23377.6704	1272.5376	445	1
2_MACS_peak_7004_lociStitched	chr12	102129347	102140107	2	8410	23711.812	1675.332	446	1
2_MACS_peak_5691_lociStitched	chr11	122929947	122941984	2	8287	24385.7583	2395.363	447	1
4_MACS_peak_17626_lociStitched	chr21	34732936	34757756	4	12075	27195.274	5246.948	448	1
3_MACS_peak_27301_lociStitched	chr8	29462941	29478109	3	14296	24443.232	2508.7872	449	1
1_MACS_peak_26374_lociStitched	chr7	101946253	101952565	1	6313	23169.4584	1250.4072	450	1
2_MACS_peak_5574_lociStitched	chr11	115125135	115137188	2	9820	23936.0527	2024.904	451	1
2_MACS_peak_30227_lociStitched	chrX	119434575	119445682	2	10593	23000.3756	1125.1391	452	1
2_MACS_peak_4080_lociStitched	chr10	112255851	112273164	2	11028	24783.5595	2946.6726	453	1
1_MACS_peak_2210_lociStitched	chr1	192542414	192551488	1	9075	24540.633	2714.9408	454	1
1_MACS_peak_25082_lociStitched	chr6	138186786	138196070	1	9285	23584.1452	1780.6712	455	1
3_MACS_peak_24179_lociStitched	chr6	37121642	37141050	3	11041	24915.9904	3120.8064	456	1
1_MACS_peak_28107_lociStitched	chr8	134244427	134248998	1	4572	22818.432	1033.5031	457	1
3_MACS_peak_14874_lociStitched	chr2	64862674	64883604	3	11873	24940.188	3158.337	458	1
1_MACS_peak_9766_lociStitched	chr15	90637203	90646618	1	9416	23565.745	1812.3875	459	1
1_MACS_peak_15601_lociStitched	chr2	134707431	134714879	1	7449	23382.996	1634.836	460	1
1_MACS_peak_17728_lociStitched	chr21	41383522	41389861	1	6340	23742.7245	2005.6596	461	1
3_MACS_peak_3989_lociStitched	chr10	104401107	104422189	3	13363	24931.5732	3204.464	462	1
2_MACS_peak_6455_lociStitched	chr12	51711845	51722217	2	9987	23902.274	2181.2316	463	1
2_MACS_peak_18046_lociStitched	chr22	26974716	26992527	2	12427	24664.6728	2969.0937	464	1
1_MACS_peak_26786_lociStitched	chr7	139613501	139618839	1	5339	23029.1996	1381.4744	465	1
1_MACS_peak_4710_lociStitched	chr11	35159510	35169230	1	9721	23625.432	2015.928	466	1
2_MACS_peak_7979_lociStitched	chr13	114581582	114595135	2	10758	23606.6154	2000.4228	467	1
3_MACS_peak_17513_lociStitched	chr21	19151491	19169325	3	15135	25106.7052	3511.5146	468	1
1_MACS_peak_17134_lociStitched	chr20	42308258	42312442	1	4185	22655.1048	1066.5016	469	1
5_MACS_peak_10824_lociStitched	chr16	81841614	81871609	5	15020	24178.9695	2678.5535	470	1
3_MACS_peak_17623_lociStitched	chr21	34696114	34712688	3	9397	25527.2748	4029.1394	471	1
3_MACS_peak_13112_lociStitched	chr19	2254653	2271802	3	11849	25188.4512	3719.6181	472	1
1_MACS_peak_7982_lociStitched	chr13	114789313	114794512	1	5200	22519.9884	1073.0736	473	1
4_MACS_peak_4012_lociStitched	chr10	105244857	105268392	4	18579	25478.991	4036.2525	474	1
2_MACS_peak_24953_lociStitched	chr6	129992787	130011209	2	11809	24464.416	3028.5768	475	1
2_MACS_peak_5016_lociStitched	chr11	65237778	65246286	2	6532	22896.7296	1478.6904	476	1
2_MACS_peak_2074_lociStitched	chr1	179845997	179853897	2	5483	23587.82	2200.94	477	1
2_MACS_peak_14941_lociStitched	chr2	68989007	69004002	2	10460	24048.981	2688.6035	478	1
3_MACS_peak_13300_lociStitched	chr19	10329332	10348038	3	11419	23868.856	2525.31	479	1
3_MACS_peak_16267_lociStitched	chr2	207995879	208015652	3	12625	24249.6072	2906.631	480	1
3_MACS_peak_17172_lociStitched	chr20	43587218	43609443	3	13621	25674.32	4362.7675	481	1
3_MACS_peak_17757_lociStitched	chr21	43638921	43657922	3	11619	25681.7516	4404.4318	482	1
2_MACS_peak_3323_lociStitched	chr10	43890676	43906146	2	10762	23828.441	2566.473	483	1
1_MACS_peak_6642_lociStitched	chr12	62995163	62998356	1	3194	21824.155	585.2769	484	1
1_MACS_peak_24000_lociStitched	chr6	30683656	30691027	1	7372	22905.3825	1691.6445	485	1
2_MACS_peak_5809_lociStitched	chr11	132218213	132231691	2	10121	23318.2878	2126.8284	486	1
3_MACS_peak_17430_lociStitched	chr20	61272901	61291250	3	12184	23558.2811	2387.2049	487	1
2_MACS_peak_29370_lociStitched	chr9	132646090	132657779	2	8116	23138.3755	1975.441	488	1
3_MACS_peak_28875_lociStitched	chr9	94180851	94196060	3	14112	24399.7987	3269.935	489	1
2_MACS_peak_12189_lociStitched	chr17	73774299	73782422	2	6090	22525.8913	1466.2015	490	1
4_MACS_peak_11081_lociStitched	chr17	7136576	7156724	4	11105	23996.268	3014.1408	491	1
3_MACS_peak_8950_lociStitched	chr15	34619216	34635787	3	10203	23555.6765	2611.5896	492	1
3_MACS_peak_24473_lociStitched	chr6	74220307	74234461	3	9851	23693.796	2762.8608	493	1
4_MACS_peak_28197_lociStitched	chr8	145002089	145028017	4	15178	24291.9432	3362.8616	494	1
7_MACS_peak_10781_lociStitched	chr16	78768872	78805124	7	27138	24415.722	3498.318	495	1
1_MACS_peak_27242_lociStitched	chr8	26428121	26437576	1	9456	22869.754	1962.858	496	1
2_MACS_peak_2035_lociStitched	chr1	174957365	174970941	2	7193	23660.2528	2825.1656	497	1
3_MACS_peak_3347_lociStitched	chr10	45453943	45475357	3	13557	24148.5678	3321.3114	498	1
1_MACS_peak_856_lociStitched	chr1	53100596	53105204	1	4609	21701.376	974.592	499	1
4_MACS_peak_6966_lociStitched	chr12	96878260	96902073	4	14166	24151.1446	3429.072	500	1
1_MACS_peak_3818_lociStitched	chr10	91645514	91651556	1	6043	21824.9124	1109.3112	501	1
3_MACS_peak_12839_lociStitched	chr18	52929982	52948393	3	11629	23402.2221	2688.006	502	1
2_MACS_peak_9500_lociStitched	chr15	74665550	74679232	2	7087	22959.7642	2291.735	503	1
2_MACS_peak_7330_lociStitched	chr12	125398046	125412837	2	9881	21974.9887	1310.4826	504	1
3_MACS_peak_5129_lociStitched	chr11	67760370	67778776	3	10550	23322.2426	2672.5512	505	1
3_MACS_peak_18645_lociStitched	chr3	13455238	13470853	3	8147	22721.3865	2161.116	506	1
4_MACS_peak_30409_lociStitched	chrX	153233771	153252586	4	10435	22049.2985	1520.252	507	1
3_MACS_peak_17322_lociStitched	chr20	52336823	52358683	3	11173	23534.476	3023.238	508	1
2_MACS_peak_20837_lociStitched	chr4	40302433	40320076	2	12344	23650.4415	3147.5112	509	1
2_MACS_peak_19388_lociStitched	chr3	98448399	98464952	2	9618	23407.5973	2905.0515	510	1
2_MACS_peak_12249_lociStitched	chr17	75229203	75244301	2	8630	22589.6276	2092.5828	511	1
2_MACS_peak_20438_lociStitched	chr3	195631846	195642758	2	7381	22870.4608	2406.096	512	1
1_MACS_peak_5195_lociStitched	chr11	72523224	72527730	1	4507	21527.415	1078.2858	513	1
4_MACS_peak_19430_lociStitched	chr3	101487011	101513775	4	13713	24542.588	4110.9504	514	1
1_MACS_peak_16048_lociStitched	chr2	188730194	188736098	1	5905	21413.808	1005.4512	515	1
3_MACS_peak_22750_lociStitched	chr5	109187902	109202444	3	10298	22537.1916	2214.7466	516	1
5_MACS_peak_5980_lociStitched	chr12	9573401	9602081	5	14722	25006.092	4709.256	517	1
4_MACS_peak_27348_lociStitched	chr8	33410185	33428092	4	11441	23008.7043	2755.8873	518	1
2_MACS_peak_1583_lociStitched	chr1	150120754	150139383	2	11876	24120.8292	3869.2433	519	1
1_MACS_peak_6445_lociStitched	chr12	51311774	51323155	1	11382	22719.8903	2478.7818	520	1
3_MACS_peak_29217_lociStitched	chr9	126083302	126103754	3	9255	23577.0656	3337.7664	521	1
4_MACS_peak_13965_lociStitched	chr19	48823409	48837996	4	11951	23094.1384	2895.5195	522	1
1_MACS_peak_28113_lociStitched	chr8	134508065	134515646	1	7582	21645.2712	1459.3425	523	1
4_MACS_peak_8980_lociStitched	chr15	38360712	38380439	4	11030	23453.4303	3300.3271	524	1
1_MACS_peak_13796_lociStitched	chr19	41767587	41772206	1	4620	21179.0388	1027.2656	525	1
1_MACS_peak_12248_lociStitched	chr17	75203585	75210390	1	6806	21615.402	1495.0585	526	1
3_MACS_peak_5320_lociStitched	chr11	82704021	82719977	3	11294	22505.938	2399.7824	527	1
1_MACS_peak_9435_lociStitched	chr15	69108844	69114969	1	6126	21277.025	1209.6875	528	1
2_MACS_peak_6849_lociStitched	chr12	89737920	89749611	2	10548	22468.9329	2438.7426	529	1
1_MACS_peak_23994_lociStitched	chr6	30581825	30587033	1	5209	21279.3672	1273.8768	530	1
4_MACS_peak_16717_lociStitched	chr20	5570389	5592606	4	19505	23936.5958	3943.5175	531	1
1_MACS_peak_4212_lociStitched	chr10	125863194	125867887	1	4694	21066.877	1121.1577	532	1
3_MACS_peak_12387_lociStitched	chr17	80405959	80423972	3	8694	22563.0838	2649.7123	533	1
2_MACS_peak_9145_lociStitched	chr15	46994247	47008771	2	12904	22340.8168	2460.3656	534	1
3_MACS_peak_5772_lociStitched	chr11	129233422	129249607	3	10713	22607.208	2738.502	535	1
1_MACS_peak_18258_lociStitched	chr22	38782125	38797268	1	15144	22390.4398	2524.3381	536	1
2_MACS_peak_21827_lociStitched	chr4	185263503	185277165	2	8504	22121.5104	2297.9484	537	1
1_MACS_peak_16824_lociStitched	chr20	17945632	17952506	1	6875	21223.475	1433.9164	538	1
1_MACS_peak_1989_lociStitched	chr1	169861647	169865797	1	4151	20974.1	1192.295	539	1
3_MACS_peak_9768_lociStitched	chr15	90720995	90736572	3	8710	22206.5712	2426.8966	540	1
1_MACS_peak_12893_lociStitched	chr18	56806206	56812074	1	5869	21022.6968	1252.818	541	1
1_MACS_peak_8425_lociStitched	chr14	69257903	69264066	1	6164	20244.2224	509.6801	542	1
1_MACS_peak_15379_lociStitched	chr2	111431771	111437784	1	6014	20895.7763	1170.7311	543	1
2_MACS_peak_29751_lociStitched	chrX	39712444	39720998	2	6397	20653.633	931.5306	544	1
3_MACS_peak_23637_lociStitched	chr6	7134927	7148243	3	11590	22313.6212	2612.5992	545	1
2_MACS_peak_26607_lociStitched	chr7	122822820	122833043	2	7200	21938.558	2250.0823	546	1
2_MACS_peak_12891_lociStitched	chr18	56750895	56762802	2	8063	21517.1397	1837.2501	547	1
4_MACS_peak_3605_lociStitched	chr10	74006484	74024488	4	12613	22812.8684	3157.9016	548	1
1_MACS_peak_23884_lociStitched	chr6	26269644	26275584	1	5941	21132.738	1495.692	549	1
2_MACS_peak_5532_lociStitched	chr11	111279464	111294415	2	13535	22124.4898	2519.2435	550	1
1_MACS_peak_21083_lociStitched	chr4	77608500	77625064	1	16565	22704.2748	3160.4112	551	1
5_MACS_peak_16189_lociStitched	chr2	202081047	202102267	5	15933	23751.546	4210.048	552	1
2_MACS_peak_2064_lociStitched	chr1	179048877	179058636	2	6441	21917.7381	2388.0273	553	1
1_MACS_peak_14252_lociStitched	chr2	10259630	10265803	1	6174	20770.2931	1242.0076	554	1
2_MACS_peak_18361_lociStitched	chr22	42141150	42151296	2	9683	21133.1034	1615.2432	555	1
3_MACS_peak_20883_lociStitched	chr4	48191532	48206889	3	11744	22060.3305	2552.3334	556	1
1_MACS_peak_1965_lociStitched	chr1	167596258	167601985	1	5728	21075.9327	1580.0793	557	1
1_MACS_peak_1448_lociStitched	chr1	143461449	143469860	1	8412	23623.9757	4151.6696	558	1
3_MACS_peak_7067_lociStitched	chr12	106528492	106544069	3	11198	22413.7453	2989.2263	559	1
4_MACS_peak_346_lociStitched	chr1	25347290	25364650	4	9630	21877.072	2452.968	560	1
6_MACS_peak_12143_lociStitched	chr17	72733107	72756919	6	19224	23342.9036	3940.886	561	1
6_MACS_peak_4967_lociStitched	chr11	63992597	64019976	6	13638	23395.3555	4002.8098	562	1
2_MACS_peak_27658_lociStitched	chr8	72911076	72918672	2	6632	20655.0432	1266.2532	563	1
5_MACS_peak_21862_lociStitched	chr4	186252469	186284933	5	14592	24114.2592	4730.0048	564	1
4_MACS_peak_14394_lociStitched	chr2	25623861	25645606	4	12569	23023.606	3653.16	565	1
2_MACS_peak_16820_lociStitched	chr20	17826235	17840369	2	11100	21305.5916	1971.693	566	1
2_MACS_peak_17968_lociStitched	chr22	23087927	23101953	2	13170	21597.2348	2300.264	567	1
4_MACS_peak_22269_lociStitched	chr5	55272541	55292219	4	12329	22830.4156	3540.0722	568	1
1_MACS_peak_6924_lociStitched	chr12	94563129	94570101	1	6973	20613.4152	1371.3924	569	1
5_MACS_peak_11562_lociStitched	chr17	38251237	38280765	5	17072	23533.816	4305.1824	570	1
2_MACS_peak_2864_lociStitched	chr1	240074103	240082865	2	7635	21253.1072	2055.5652	571	1
2_MACS_peak_21156_lociStitched	chr4	84132408	84144349	2	9809	21676.4973	2481.3398	572	1
1_MACS_peak_17386_lociStitched	chr20	56252753	56259081	1	6329	20509.6808	1319.388	573	1
2_MACS_peak_11277_lociStitched	chr17	20204548	20221754	2	11861	21328.5576	2147.3088	574	1
2_MACS_peak_21874_lociStitched	chr4	186506355	186514971	2	8397	20690.4624	1525.8936	575	1
1_MACS_peak_18266_lociStitched	chr22	39146137	39153276	1	7140	20576.0258	1419.2332	576	1
2_MACS_peak_29184_lociStitched	chr9	123634350	123641772	2	7367	20440.9302	1289.9436	577	1
4_MACS_peak_21835_lociStitched	chr4	185366640	185381780	4	10882	21877.3	2738.826	578	1
2_MACS_peak_20506_lociStitched	chr4	1712438	1725131	2	7394	20792.4033	1675.476	579	1
2_MACS_peak_12274_lociStitched	chr17	76116383	76129575	2	9320	21185.0328	2073.7824	580	1
1_MACS_peak_28864_lociStitched	chr9	93731619	93738176	1	6558	20363.4192	1253.0427	581	1
4_MACS_peak_25152_lociStitched	chr6	143162900	143180026	4	12465	20746.4364	1666.3598	582	1
2_MACS_peak_12257_lociStitched	chr17	75435052	75442981	2	7160	20616.9858	1576.2852	583	1
2_MACS_peak_6351_lociStitched	chr12	46776085	46794003	2	11577	22112.6038	3080.1042	584	1
3_MACS_peak_1867_lociStitched	chr1	161122822	161137582	3	7041	22603.464	3598.488	585	1
1_MACS_peak_20803_lociStitched	chr4	38089349	38095511	1	6163	20212.5924	1208.9844	586	1
5_MACS_peak_10628_lociStitched	chr16	67183977	67209061	5	11958	22324.76	3336.172	587	1
2_MACS_peak_19473_lociStitched	chr3	108787161	108801435	2	7811	21205.4544	2283.84	588	1
3_MACS_peak_14441_lociStitched	chr2	27374667	27389984	3	12036	21509.6631	2591.6364	589	1
1_MACS_peak_23707_lociStitched	chr6	12007857	12014275	1	6419	19904.1434	993.5064	590	1
3_MACS_peak_13067_lociStitched	chr19	1258415	1277266	3	8698	22903.965	4037.8842	591	1
4_MACS_peak_13121_lociStitched	chr19	2455300	2480730	4	13129	23990.662	5134.317	592	1
1_MACS_peak_6719_lociStitched	chr12	69200268	69206082	1	5815	19828.0656	987.7986	593	1
4_MACS_peak_25029_lociStitched	chr6	135322839	135344037	4	12408	22463.5206	3652.4154	594	1
2_MACS_peak_23998_lociStitched	chr6	30649112	30659680	2	9570	20923.5832	2117.8272	595	1
2_MACS_peak_23204_lociStitched	chr5	150459359	150475980	2	12111	21806.752	3018.3736	596	1
4_MACS_peak_13102_lociStitched	chr19	2040954	2062820	4	10056	22718.774	3951.1862	597	1
1_MACS_peak_6164_lociStitched	chr12	26305720	26312454	1	6735	20348.8012	1587.2038	598	1
1_MACS_peak_17135_lociStitched	chr20	42377886	42382581	1	4696	19548.5715	820.686	599	1
2_MACS_peak_19728_lociStitched	chr3	129890376	129900645	2	9101	20534.9193	1826.8551	600	1
1_MACS_peak_8771_lociStitched	chr14	106207017	106212066	1	5050	19168.5285	468.0423	601	1
1_MACS_peak_29139_lociStitched	chr9	117126920	117136927	1	10008	20171.1099	1491.043	602	1
2_MACS_peak_14891_lociStitched	chr2	65204530	65221148	2	10501	21187.95	2514.3034	603	1
1_MACS_peak_2595_lociStitched	chr1	218335953	218340204	1	4252	19668.5268	997.2846	604	1
1_MACS_peak_5448_lociStitched	chr11	102185894	102193886	1	7993	20188.5912	1536.0624	605	1
1_MACS_peak_21768_lociStitched	chr4	174253189	174257412	1	4224	19506.037	868.2488	606	1
1_MACS_peak_28354_lociStitched	chr9	9604919	9615650	1	10732	20118.4788	1488.3897	607	1
2_MACS_peak_17988_lociStitched	chr22	23477849	23488778	2	9761	20674.3893	2063.3952	608	1
1_MACS_peak_221_lociStitched	chr1	16160061	16163561	1	3501	19106.15	497.7	609	1
2_MACS_peak_29761_lociStitched	chrX	40028117	40037350	2	6884	19314.5127	751.5662	610	1
1_MACS_peak_14893_lociStitched	chr2	65256258	65261245	1	4988	19712.6136	1159.4775	611	1
1_MACS_peak_18186_lociStitched	chr22	36725115	36730323	1	5209	19345.116	796.3032	612	1
2_MACS_peak_22785_lociStitched	chr5	112256262	112267270	2	8467	20320.768	1774.4896	613	1
3_MACS_peak_5752_lociStitched	chr11	128273944	128286795	3	9485	20690.11	2212.9422	614	1
1_MACS_peak_12301_lociStitched	chr17	76884149	76889181	1	5033	19510.0704	1077.8544	615	1
4_MACS_peak_6065_lociStitched	chr12	13241956	13256125	4	12334	21130.2297	2711.9466	616	1
4_MACS_peak_14106_lociStitched	chr19	56145555	56168044	4	11080	21438.7637	3092.2375	617	1
5_MACS_peak_23675_lociStitched	chr6	10403365	10431039	5	10801	21718.5552	3392.8324	618	1
3_MACS_peak_20075_lociStitched	chr3	169481148	169492408	3	6666	20783.708	2464.814	619	1
1_MACS_peak_22360_lociStitched	chr5	61984268	61991314	1	7047	19523.7614	1205.5706	620	1
5_MACS_peak_29573_lociStitched	chrX	10065248	10091263	5	13692	20603.88	2286.7185	621	1
1_MACS_peak_18644_lociStitched	chr3	13371209	13377263	1	6055	19420.0212	1133.9142	622	1
1_MACS_peak_3270_lociStitched	chr10	32634712	32637131	1	2420	18790.3082	517.666	623	1
3_MACS_peak_23863_lociStitched	chr6	26020203	26034967	3	10209	20964.88	2698.8592	624	1
2_MACS_peak_6184_lociStitched	chr12	27329556	27340879	2	10827	20434.6181	2174.016	625	1
5_MACS_peak_14749_lociStitched	chr2	54776836	54809301	5	15203	23251.433	5012.596	626	1
2_MACS_peak_1780_lociStitched	chr1	156627143	156635369	2	7632	20453.949	2217.7296	627	1
3_MACS_peak_2971_lociStitched	chr10	3798470	3808744	3	8811	19846.2858	1634.5934	628	1
1_MACS_peak_5422_lociStitched	chr11	96070390	96077467	1	7078	19847.4465	1636.2024	629	1
4_MACS_peak_13088_lociStitched	chr19	1847199	1865744	4	9375	21393.512	3189.74	630	1
2_MACS_peak_1816_lociStitched	chr1	159035988	159048474	2	7952	21429.7218	3258.846	631	1
3_MACS_peak_6893_lociStitched	chr12	92930783	92950953	3	14215	21009.072	2845.987	632	1
2_MACS_peak_10970_lociStitched	chr17	1618166	1628960	2	5663	20239.8294	2096.1948	633	1
6_MACS_peak_13385_lociStitched	chr19	12885564	12918381	6	14580	22811.0967	4676.4225	634	1
3_MACS_peak_20619_lociStitched	chr4	9598995	9610994	3	9464	20101.9247	1977.4352	635	1
1_MACS_peak_5800_lociStitched	chr11	130714939	130720194	1	5256	19131.8785	1019.47	636	1
3_MACS_peak_26329_lociStitched	chr7	100020281	100035034	3	7105	20295.7021	2217.3759	637	1
1_MACS_peak_20336_lociStitched	chr3	186499782	186504453	1	4672	19618.2	1562.4495	638	1
3_MACS_peak_22583_lociStitched	chr5	86408063	86420197	3	10967	20398.4674	2374.6238	639	1
2_MACS_peak_9879_lociStitched	chr15	101737897	101751905	2	8159	20165.9168	2158.6328	640	1
4_MACS_peak_29308_lociStitched	chr9	130828650	130845654	4	12631	20982.936	2987.6028	641	1
2_MACS_peak_2742_lociStitched	chr1	228665828	228676664	2	5604	19983.7512	1994.9076	642	1
2_MACS_peak_18022_lociStitched	chr22	24822326	24831948	2	7629	19818.4334	1837.802	643	1
1_MACS_peak_17488_lociStitched	chr21	11167908	11172544	1	4637	20555.0968	2575.298	644	1
2_MACS_peak_20822_lociStitched	chr4	38986025	38999679	2	7901	20049.5336	2117.7354	645	1
2_MACS_peak_7771_lociStitched	chr13	77898943	77914800	2	9886	20557.0148	2649.7047	646	1
1_MACS_peak_2514_lociStitched	chr1	211430658	211435106	1	4449	19036.9952	1138.2432	647	1
2_MACS_peak_11817_lociStitched	chr17	47816050	47827641	2	10279	20308.5911	2419.0417	648	1
1_MACS_peak_16763_lociStitched	chr20	9489713	9498885	1	9173	19653.7616	1773.8648	649	1
2_MACS_peak_23938_lociStitched	chr6	27857490	27871482	2	8231	20412.9288	2554.9392	650	1
1_MACS_peak_6577_lociStitched	chr12	57076473	57083921	1	7449	19233.7152	1385.328	651	1
4_MACS_peak_18314_lociStitched	chr22	39911047	39929756	4	10476	21320.7764	3479.874	652	1
1_MACS_peak_16033_lociStitched	chr2	187810432	187817592	1	7161	18969.704	1135.576	653	1
3_MACS_peak_20401_lociStitched	chr3	193787658	193804677	3	8993	21595.4091	3786.7275	654	1
1_MACS_peak_1451_lociStitched	chr1	143741880	143746258	1	4379	19353.8246	1548.9364	655	1
3_MACS_peak_4884_lociStitched	chr11	60672379	60684085	3	9723	20137.8318	2342.3706	656	1
1_MACS_peak_29142_lociStitched	chr9	117209055	117216291	1	7237	18912.0096	1160.6544	657	1
1_MACS_peak_13226_lociStitched	chr19	6799391	6804178	1	4788	19310.758	1559.6046	658	1
1_MACS_peak_9630_lociStitched	chr15	81290482	81295183	1	4702	18431.2107	698.5686	659	1
1_MACS_peak_14913_lociStitched	chr2	66659704	66668608	1	8905	18932.5752	1218.9576	660	1
3_MACS_peak_14612_lociStitched	chr2	42343390	42361146	3	13246	20802.9296	3103.7488	661	1
2_MACS_peak_13460_lociStitched	chr19	16221435	16231831	2	8227	19661.9548	1966.9232	662	1
1_MACS_peak_12604_lociStitched	chr18	22928717	22941556	1	12840	19476.763	1783.3371	663	1
2_MACS_peak_24009_lociStitched	chr6	31164506	31173076	2	6407	19326.207	1638.584	664	1
1_MACS_peak_26219_lociStitched	chr7	90558039	90564272	1	6234	18735.1514	1102.6177	665	1
1_MACS_peak_5919_lociStitched	chr12	6640757	6646340	1	5584	18709.1913	1093.1514	666	1
1_MACS_peak_21441_lociStitched	chr4	121668670	121673385	1	4716	18546.924	937.8135	667	1
3_MACS_peak_9926_lociStitched	chr16	1345907	1360843	3	6993	19497.4544	1898.3656	668	1
1_MACS_peak_27297_lociStitched	chr8	29385259	29390545	1	5287	18646.8936	1080.987	669	1
2_MACS_peak_4010_lociStitched	chr10	105229556	105237111	2	4713	18873.901	1311.548	670	1
2_MACS_peak_452_lociStitched	chr1	28831387	28846160	2	8109	20589.1301	3032.8969	671	1
1_MACS_peak_1611_lociStitched	chr1	151041849	151044671	1	2823	18291.6396	739.9284	672	1
1_MACS_peak_17425_lociStitched	chr20	60911083	60916990	1	5908	18600.5523	1053.2181	673	1
3_MACS_peak_24027_lociStitched	chr6	31618977	31634828	3	8016	20216.3654	2708.9359	674	1
1_MACS_peak_26243_lociStitched	chr7	92437055	92445875	1	8821	19010.628	1518.804	675	1
2_MACS_peak_12255_lociStitched	chr17	75361302	75369882	2	7085	19023.576	1534.104	676	1
3_MACS_peak_11324_lociStitched	chr17	27037411	27056615	3	9030	20306.3096	2828.7492	677	1
3_MACS_peak_26069_lociStitched	chr7	74057099	74076987	3	11671	20222.1184	2822.1072	678	1
4_MACS_peak_5639_lociStitched	chr11	118954856	118979806	4	12069	21404.605	4006.97	679	1
2_MACS_peak_5798_lociStitched	chr11	130696741	130705796	2	8959	18970.225	1582.814	680	1
4_MACS_peak_24094_lociStitched	chr6	33537582	33559223	4	10641	20784.0164	3421.4421	681	1
2_MACS_peak_5910_lociStitched	chr12	6468080	6477919	2	7381	18870.2181	1516.1899	682	1
2_MACS_peak_11057_lociStitched	chr17	5835638	5849091	2	7329	19115.3677	1765.0336	683	1
2_MACS_peak_28709_lociStitched	chr9	73026710	73036964	2	7360	19129.8624	1787.2722	684	1
1_MACS_peak_20809_lociStitched	chr4	38176309	38183290	1	6982	18693.7218	1363.3893	685	1
1_MACS_peak_28060_lociStitched	chr8	130763199	130767434	1	4236	18354.9135	1050.28	686	1
2_MACS_peak_25926_lociStitched	chr7	52774339	52788486	2	9213	19133.8175	1844.7688	687	1
1_MACS_peak_11957_lociStitched	chr17	57695185	57698841	1	3657	18183.8472	895.72	688	1
2_MACS_peak_17780_lociStitched	chr21	44771864	44783227	2	5313	19681.8523	2396.4567	689	1
3_MACS_peak_1996_lociStitched	chr1	171219562	171228023	3	7710	19159.0884	1880.8803	690	1
1_MACS_peak_15153_lociStitched	chr2	87753877	87757896	1	4020	17981.006	703.7269	691	1
1_MACS_peak_17479_lociStitched	chr21	9962347	9970636	1	8290	21659.9859	4388.1966	692	1
1_MACS_peak_26696_lociStitched	chr7	129587949	129593335	1	5387	18877.93	1633.5738	693	1
3_MACS_peak_19918_lociStitched	chr3	151985219	152001859	3	11862	20147.712	2908.672	694	1
2_MACS_peak_10392_lociStitched	chr16	30661067	30673238	2	7731	19208.2722	2000.9124	695	1
1_MACS_peak_23043_lociStitched	chr5	139046803	139052294	1	5492	18297.1102	1098.7491	696	1
2_MACS_peak_24824_lociStitched	chr6	113946210	113957227	2	9982	18898.5618	1703.2282	697	1
1_MACS_peak_14515_lociStitched	chr2	33717311	33724846	1	7536	18468.285	1282.457	698	1
2_MACS_peak_13739_lociStitched	chr19	39338774	39349161	2	8029	18934.4623	1762.6739	699	1
1_MACS_peak_22705_lociStitched	chr5	100235117	100241835	1	6719	18748.5944	1579.4018	700	1
2_MACS_peak_27292_lociStitched	chr8	29197221	29210466	2	8784	19177.4355	2011.9155	701	1
4_MACS_peak_18721_lociStitched	chr3	20080130	20098379	4	12574	19869.5112	2708.1516	702	1
1_MACS_peak_18468_lociStitched	chr22	48491688	48496818	1	5131	17926.785	777.708	703	1
3_MACS_peak_8932_lociStitched	chr15	33296513	33313566	3	9309	19650.1719	2517.0228	704	1
1_MACS_peak_30315_lociStitched	chrX	135110457	135116057	1	5601	17786.16	674.24	705	1
1_MACS_peak_4261_lociStitched	chr10	130852658	130858715	1	6058	18256.4037	1147.1958	706	1
6_MACS_peak_10643_lociStitched	chr16	67554669	67587536	6	12712	22027.4634	4926.7633	707	1
3_MACS_peak_15743_lociStitched	chr2	157188390	157207888	3	8510	19554.5442	2487.9448	708	1
4_MACS_peak_27266_lociStitched	chr8	27933752	27951606	4	13694	20510.6752	3449.3928	709	1
1_MACS_peak_6984_lociStitched	chr12	98907935	98913507	1	5573	18051.0512	1009.6464	710	1
2_MACS_peak_20545_lociStitched	chr4	4029601	4037344	2	7329	18234.765	1219.5225	711	1
1_MACS_peak_17636_lociStitched	chr21	34912982	34916729	1	3748	18306.3432	1293.8391	712	1
6_MACS_peak_1029_lociStitched	chr1	68201056	68232688	6	13105	21177.624	4175.424	713	1
5_MACS_peak_18506_lociStitched	chr22	50962590	50983493	5	11723	19997.9001	3056.0186	714	1
2_MACS_peak_6343_lociStitched	chr12	46119291	46132542	2	9950	19032.4113	2093.658	715	1
1_MACS_peak_4160_lociStitched	chr10	121063419	121067850	1	4432	17840.9784	946.9047	716	1
2_MACS_peak_21936_lociStitched	chr5	1335429	1346291	2	7795	18697.8468	1832.4194	717	1
1_MACS_peak_13944_lociStitched	chr19	47728568	47736512	1	7945	18176.6664	1333.0032	718	1
5_MACS_peak_1757_lociStitched	chr1	156065190	156100708	5	16169	24326.2782	7554.6786	719	1
3_MACS_peak_1673_lociStitched	chr1	153929365	153941449	3	8119	20053.398	3306.1824	720	1
1_MACS_peak_18072_lociStitched	chr22	29662627	29666224	1	3598	17516.3109	784.5057	721	1
2_MACS_peak_10424_lociStitched	chr16	31879649	31890527	2	8651	18417.5418	1690.4412	722	1
3_MACS_peak_5734_lociStitched	chr11	126172997	126189778	3	11227	19606.9204	2882.9758	723	1
1_MACS_peak_12017_lociStitched	chr17	62196616	62210611	1	13996	19450.251	2741.6205	724	1
1_MACS_peak_22553_lociStitched	chr5	81145660	81152087	1	6428	18059.2273	1366.3802	725	1
4_MACS_peak_662_lociStitched	chr1	40839066	40858577	4	13894	20102.1833	3410.5228	726	1
2_MACS_peak_2154_lociStitched	chr1	184711231	184725806	2	10074	20199.4925	3528.6075	727	1
2_MACS_peak_4627_lociStitched	chr11	26099103	26111042	2	6973	18325.1711	1665.4905	728	1
3_MACS_peak_23392_lociStitched	chr5	171601041	171616219	3	11056	19207.759	2548.3862	729	1
1_MACS_peak_2761_lociStitched	chr1	230238256	230248861	1	10606	19639.3995	2983.1865	730	1
2_MACS_peak_23542_lociStitched	chr6	381290	400882	2	13523	19766.3688	3130.8016	731	1
2_MACS_peak_25646_lociStitched	chr7	25979832	25992452	2	7615	19041.056	2407.896	732	1
1_MACS_peak_3891_lociStitched	chr10	98026803	98034607	1	7805	18216.0968	1656.0088	733	1
5_MACS_peak_8792_lociStitched	chr15	20969034	20996091	5	12089	19965.3603	3417.2991	734	1
1_MACS_peak_2678_lociStitched	chr1	225653851	225656935	1	3085	17541.4836	1007.2344	735	1
1_MACS_peak_5623_lociStitched	chr11	118659160	118664552	1	5393	17480.3248	957.08	736	1
1_MACS_peak_15917_lociStitched	chr2	174826525	174831775	1	5251	17286.15	792.75	737	1
