#04_0EWQ_0229Kronos_MM1S-KB-1hr-2_H3K18Ac_hs-dm_i06_peaks Enhancers
#Created from /data/projects/IRF4_mm_trn_data/p300_internal_ChIP/rose/04_0EWQ_0229Kronos_MM1S-KB-1hr-2_H3K18Ac_hs-dm_i06_ROSE/04_0EWQ_0229Kronos_MM1S-KB-1hr-2_H3K18Ac_hs-dm_i06_peaks_8KB_STITCHED_ENHANCER_REGION_MAP.txt
#Ranked by X04_0EWQ_0229Kronos_MM1S.KB.1hr.2_H3K18Ac_hs.dm_i06.bam
#Using cutoff of 13913.4996 for Super-Enhancers
#Created on Jul 18 2024 
REGION_ID	CHROM	START	STOP	NUM_LOCI	CONSTITUENT_SIZE	X04_0EWQ_0229Kronos_MM1S.KB.1hr.2_H3K18Ac_hs.dm_i06.bam	X38_0EXQ_0229Kronos_MM1S.KB.1hr.2_Input_hs_i81.bam	enhancerRank	isStretch
6_MACS_peak_14830_lociStitched	chr22	23221256	23298696	6	59625	245732.608	13033.152	1	1
6_MACS_peak_1169_lociStitched	chr1	118147752	118219052	6	59087	161494.5	8156.72	2	1
8_MACS_peak_6905_lociStitched	chr14	91815025	91885554	8	44921	77539.5826	7419.6508	3	1
5_MACS_peak_16380_lociStitched	chr3	141079289	141133158	5	40605	214975.0183	11554.9005	4	1
6_MACS_peak_12640_lociStitched	chr2	99060520	99107867	6	40390	102529.9285	9744.0126	5	1
9_MACS_peak_14000_lociStitched	chr20	32398532	32473757	9	39958	98319.075	13758.6525	6	1
5_MACS_peak_12091_lociStitched	chr2	37531976	37584199	5	39356	87436.9689	8872.6877	7	1
5_MACS_peak_19200_lociStitched	chr6	290004	337957	5	36199	109673.3063	14903.7924	8	1
6_MACS_peak_9432_lociStitched	chr17	34597394	34641990	6	36160	86850.71	9592.5996	9	1
6_MACS_peak_13953_lociStitched	chr20	30262457	30312225	6	36112	76443.648	9749.5512	10	1
6_MACS_peak_10538_lociStitched	chr18	46439428	46479863	6	32781	49359.0045	7039.7335	11	1
2_MACS_peak_19296_lociStitched	chr6	7888904	7921751	2	31370	154495.8645	7607.3652	12	1
5_MACS_peak_9427_lociStitched	chr17	34508277	34544344	5	31048	84126.2775	8767.8877	13	1
3_MACS_peak_7047_lociStitched	chr14	106024730	106057615	3	30877	117083.754	5310.9275	14	1
9_MACS_peak_4870_lociStitched	chr12	7013287	7081058	9	30778	61237.8756	11446.5219	15	1
6_MACS_peak_16699_lociStitched	chr3	183227751	183274385	6	29352	59033.9806	11994.2648	16	1
6_MACS_peak_9385_lociStitched	chr17	32688437	32726973	6	29104	51418.5848	7052.088	17	1
5_MACS_peak_8204_lociStitched	chr16	11796833	11837881	5	29042	50517.7736	7372.2208	18	1
6_MACS_peak_1417_lociStitched	chr1	154907933	154957604	6	28039	93927.861	13033.6704	19	1
7_MACS_peak_9176_lociStitched	chr17	16847846	16895580	7	27868	108757.1456	8195.9278	20	1
1_MACS_peak_13580_lociStitched	chr2	232687081	232714717	1	27637	32121.3228	3255.5208	21	1
7_MACS_peak_10831_lociStitched	chr19	2594351	2638065	7	27177	168587.4124	10167.8764	22	1
6_MACS_peak_7054_lociStitched	chr14	106145144	106175857	6	26126	79684.8785	3513.5672	23	1
8_MACS_peak_19860_lociStitched	chr6	52392551	52442954	8	25830	50861.6673	8790.2832	24	1
5_MACS_peak_1906_lociStitched	chr1	203241548	203277855	5	25613	81026.3319	9501.5419	25	1
5_MACS_peak_3447_lociStitched	chr10	125822163	125854573	5	25252	42483.028	5807.872	26	1
3_MACS_peak_17452_lociStitched	chr4	90205010	90240531	3	25153	56503.2547	5665.5995	27	1
1_MACS_peak_20136_lociStitched	chr6	106530926	106555972	1	25047	61713.344	4806.3274	28	1
4_MACS_peak_14904_lociStitched	chr22	29186020	29221401	4	24564	74494.6955	5643.2695	29	1
7_MACS_peak_8696_lociStitched	chr16	68269826	68320185	7	24488	36263.5159	8017.1528	30	1
8_MACS_peak_7179_lociStitched	chr15	31616837	31657705	8	24430	44709.592	7061.9904	31	1
11_MACS_peak_9696_lociStitched	chr17	46506659	46571187	11	24225	34328.896	10627.7616	32	1
6_MACS_peak_1964_lociStitched	chr1	206271668	206311356	6	23738	68406.2368	9036.9576	33	1
4_MACS_peak_4090_lociStitched	chr11	65238164	65278803	4	23611	73633.8041	7290.6366	34	1
4_MACS_peak_21839_lociStitched	chr7	150054177	150084837	4	23020	75763.926	7140.714	35	1
5_MACS_peak_13932_lociStitched	chr20	25261619	25301467	5	22752	80305.6744	6578.9048	36	1
5_MACS_peak_15360_lociStitched	chr3	5222680	5256326	5	22583	29732.9702	5834.2164	37	1
4_MACS_peak_9420_lociStitched	chr17	34408807	34432955	4	22233	43311.8528	4701.6156	38	1
8_MACS_peak_20175_lociStitched	chr6	109186644	109228383	8	22204	25222.8777	6018.7638	39	1
6_MACS_peak_11470_lociStitched	chr19	42027358	42062362	6	22121	32329.6944	6195.708	40	1
6_MACS_peak_3292_lociStitched	chr10	105229917	105268347	6	22016	37373.175	6121.899	41	1
6_MACS_peak_5313_lociStitched	chr12	53845743	53873572	6	21933	20081.4064	4856.1605	42	1
10_MACS_peak_20393_lociStitched	chr6	138246563	138297409	10	21872	27050.072	7759.0996	43	1
6_MACS_peak_5916_lociStitched	chr12	123355281	123387110	6	21279	28295.981	2711.8308	44	1
7_MACS_peak_22699_lociStitched	chr8	126285335	126322748	7	21004	30143.6541	5301.4221	45	1
5_MACS_peak_12762_lociStitched	chr2	112208473	112253636	5	20925	57478.9501	7519.6395	46	1
2_MACS_peak_11936_lociStitched	chr2	20404073	20426436	2	20641	47872.4741	4564.2883	47	1
2_MACS_peak_2488_lociStitched	chr10	11202849	11223676	2	20634	86911.071	4740.2252	48	1
2_MACS_peak_1469_lociStitched	chr1	156115287	156137032	2	20573	77805.7845	6121.2175	49	1
6_MACS_peak_2492_lociStitched	chr10	11278859	11312919	6	20266	40337.258	5756.14	50	1
6_MACS_peak_3351_lociStitched	chr10	112600148	112633051	6	20054	30152.3092	5675.7675	51	1
3_MACS_peak_8201_lociStitched	chr16	11762266	11786163	3	19946	46080.5851	4800.9073	52	1
3_MACS_peak_1481_lociStitched	chr1	156456494	156476550	3	19861	41473.8024	5738.0216	53	1
7_MACS_peak_1983_lociStitched	chr1	206938703	206978863	7	19774	27533.696	8774.96	54	1
6_MACS_peak_24258_lociStitched	chrX	58124736	58159908	6	19696	31352.3208	2321.352	55	1
4_MACS_peak_14687_lociStitched	chr21	45552486	45581117	4	19472	88260.7837	7212.1489	56	1
4_MACS_peak_21461_lociStitched	chr7	104576224	104605392	4	19465	54637.4976	5051.8976	57	1
2_MACS_peak_421_lociStitched	chr1	31213988	31233546	2	19386	47991.4204	4318.4064	58	1
5_MACS_peak_21435_lociStitched	chr7	102063762	102093103	5	19365	76427.4368	4747.3738	59	1
4_MACS_peak_11145_lociStitched	chr19	16244056	16272760	4	19303	44468.2368	4850.976	60	1
5_MACS_peak_15675_lociStitched	chr3	46318266	46347211	5	19238	23743.5835	4408.3235	61	1
4_MACS_peak_7116_lociStitched	chr15	23657721	23682915	4	19192	44202.873	3935.3028	62	1
8_MACS_peak_19092_lociStitched	chr5	173310330	173343163	8	18970	20970.4371	5210.5971	63	1
2_MACS_peak_4087_lociStitched	chr11	65183467	65209402	2	18933	87413.9175	6483.75	64	1
3_MACS_peak_16216_lociStitched	chr3	124487222	124512326	3	18901	39368.0928	3893.6304	65	1
3_MACS_peak_4265_lociStitched	chr11	72850524	72869839	3	18835	63237.31	3805.055	66	1
5_MACS_peak_21073_lociStitched	chr7	55616108	55642773	5	18814	33933.879	4693.04	67	1
3_MACS_peak_18700_lociStitched	chr5	131745241	131767571	3	18805	41368.558	4528.524	68	1
4_MACS_peak_16326_lociStitched	chr3	133181471	133212111	4	18722	45552.488	5665.336	69	1
5_MACS_peak_9885_lociStitched	chr17	62150128	62182876	5	18686	34676.8572	5341.1988	70	1
3_MACS_peak_11414_lociStitched	chr19	39880744	39904238	3	18532	65787.8988	4757.535	71	1
6_MACS_peak_4718_lociStitched	chr11	128586007	128609730	6	18459	24069.3558	4754.0892	72	1
2_MACS_peak_21930_lociStitched	chr8	2027405	2050911	2	18397	101842.0956	4247.5342	73	1
4_MACS_peak_4752_lociStitched	chr11	130670488	130705700	4	18321	32518.282	5535.3264	74	1
5_MACS_peak_22124_lociStitched	chr8	27208534	27239002	5	18320	24636.4248	5648.7672	75	1
3_MACS_peak_17291_lociStitched	chr4	71526803	71555202	3	18247	28887.4628	4373.446	76	1
4_MACS_peak_7601_lociStitched	chr15	68568814	68599406	4	18220	32788.5056	5558.5664	77	1
5_MACS_peak_7682_lociStitched	chr15	75065700	75092960	5	18186	24915.64	4895.896	78	1
5_MACS_peak_16591_lociStitched	chr3	171802188	171826998	5	18078	27544.062	5805.54	79	1
2_MACS_peak_3763_lociStitched	chr11	22685073	22703238	2	17984	34422.675	2633.925	80	1
6_MACS_peak_17894_lociStitched	chr4	185317513	185349878	6	17944	28769.2485	5262.549	81	1
1_MACS_peak_17165_lociStitched	chr4	40191338	40209204	1	17867	35794.531	4221.7358	82	1
5_MACS_peak_22645_lociStitched	chr8	120919466	120948019	5	17845	33221.4155	4885.4183	83	1
4_MACS_peak_7286_lociStitched	chr15	40833525	40862734	4	17820	38868.4163	5155.3885	84	1
5_MACS_peak_14277_lociStitched	chr20	52195152	52213706	5	17779	15512.9994	2781.2446	85	1
5_MACS_peak_20036_lociStitched	chr6	88613480	88640475	5	17629	28212.4745	4383.988	86	1
4_MACS_peak_2245_lociStitched	chr1	230239023	230270090	4	17627	48719.2694	7014.9286	87	1
3_MACS_peak_5745_lociStitched	chr12	109009386	109035885	3	17586	77406.2289	5456.1441	88	1
4_MACS_peak_10318_lociStitched	chr18	9054848	9084937	4	17468	52399.9935	4883.4447	89	1
2_MACS_peak_9523_lociStitched	chr17	38466242	38484135	2	17391	38251.6554	3607.2288	90	1
7_MACS_peak_8672_lociStitched	chr16	67554773	67601471	7	17336	28471.7706	7186.8222	91	1
4_MACS_peak_9817_lociStitched	chr17	56405374	56430893	4	17286	48299.8113	5262.0178	92	1
6_MACS_peak_7982_lociStitched	chr15	101661304	101692504	6	17272	31243.68	4733.04	93	1
6_MACS_peak_7665_lociStitched	chr15	74657960	74696719	6	17221	57390.4513	6185.9364	94	1
6_MACS_peak_10133_lociStitched	chr17	76743199	76779780	6	17109	27940.5678	5271.3221	95	1
5_MACS_peak_13477_lociStitched	chr2	219741201	219763461	5	16970	26996.928	3855.432	96	1
7_MACS_peak_13367_lociStitched	chr2	204537835	204583586	7	16929	32254.455	7013.6283	97	1
8_MACS_peak_3549_lociStitched	chr11	788935	843632	8	16853	34234.8523	7438.792	98	1
3_MACS_peak_10130_lociStitched	chr17	76711315	76733692	3	16818	22891.671	3992.0568	99	1
6_MACS_peak_15116_lociStitched	chr22	39631483	39663869	6	16799	26702.257	4287.9064	100	1
2_MACS_peak_14616_lociStitched	chr21	41324608	41344422	2	16772	43190.5572	5452.8128	101	1
4_MACS_peak_19443_lociStitched	chr6	25366085	25390438	4	16610	21006.8978	4247.1632	102	1
4_MACS_peak_3661_lociStitched	chr11	10314497	10341066	4	16609	27990.4415	4591.1232	103	1
5_MACS_peak_1558_lociStitched	chr1	161122921	161157737	5	16460	37789.2864	8662.2208	104	1
1_MACS_peak_10322_lociStitched	chr18	9101777	9118084	1	16308	28070.8698	3261.4	105	1
5_MACS_peak_9992_lociStitched	chr17	72733469	72756688	5	16060	20121.5854	4144.5915	106	1
6_MACS_peak_8427_lociStitched	chr16	30193749	30227311	6	16008	22046.8778	7125.2126	107	1
2_MACS_peak_1401_lociStitched	chr1	154374302	154394727	2	15974	38768.6925	5545.3875	108	1
1_MACS_peak_5300_lociStitched	chr12	53588036	53603898	1	15863	79631.9986	3886.19	109	1
3_MACS_peak_14853_lociStitched	chr22	24178839	24200891	3	15788	86686.412	4121.5188	110	1
6_MACS_peak_7087_lociStitched	chr15	21967147	22002602	6	15781	22116.829	4772.243	111	1
3_MACS_peak_14663_lociStitched	chr21	44724564	44747478	3	15768	49038.2514	4674.456	112	1
5_MACS_peak_12341_lociStitched	chr2	65157235	65179158	5	15738	37560.6759	4568.7532	113	1
5_MACS_peak_19179_lociStitched	chr5	180228402	180259848	5	15644	36335.853	5295.5064	114	1
2_MACS_peak_3340_lociStitched	chr10	112168995	112186142	2	15504	21505.7674	3143.0451	115	1
3_MACS_peak_3034_lociStitched	chr10	81001228	81020673	3	15490	29990.0235	3354.2625	116	1
3_MACS_peak_7273_lociStitched	chr15	40387407	40409099	3	15443	27236.4752	4195.2328	117	1
5_MACS_peak_23532_lociStitched	chr9	112904370	112924944	5	15380	16636.1364	3876.1416	118	1
6_MACS_peak_9647_lociStitched	chr17	43504920	43531401	6	15329	22429.407	4096.6107	119	1
4_MACS_peak_18242_lociStitched	chr5	55436906	55453690	4	15320	22394.8912	2910.3456	120	1
3_MACS_peak_15420_lociStitched	chr3	13035679	13061711	3	15304	48947.9696	5180.368	121	1
3_MACS_peak_295_lociStitched	chr1	24512240	24533858	3	15295	40140.3024	3726.9432	122	1
2_MACS_peak_1238_lociStitched	chr1	145434268	145457737	2	15137	25283.1537	5911.8411	123	1
4_MACS_peak_1304_lociStitched	chr1	149802959	149834029	4	15127	40912.976	7755.072	124	1
3_MACS_peak_18124_lociStitched	chr5	32570842	32589668	3	15116	32446.611	3388.68	125	1
6_MACS_peak_8835_lociStitched	chr16	81841875	81871528	6	15114	20525.8066	2837.7921	126	1
2_MACS_peak_10808_lociStitched	chr19	2081450	2098310	2	15002	67310.178	5226.6	127	1
1_MACS_peak_11899_lociStitched	chr2	11883353	11898353	1	15001	55822.5	3198	128	1
3_MACS_peak_15531_lociStitched	chr3	30682341	30703661	3	14977	15258.724	3532.724	129	1
4_MACS_peak_6861_lociStitched	chr14	81930633	81953068	4	14977	17034.8955	1913.7055	130	1
4_MACS_peak_11167_lociStitched	chr19	16694053	16716963	4	14916	49788.012	4648.439	131	1
4_MACS_peak_2472_lociStitched	chr10	7510832	7535652	4	14908	22434.798	3571.598	132	1
2_MACS_peak_13327_lociStitched	chr2	201979983	201994895	2	14868	39397.504	3118.0992	133	1
5_MACS_peak_12565_lociStitched	chr2	87783269	87821917	5	14838	26106.724	5271.5872	134	1
4_MACS_peak_20518_lociStitched	chr6	157976796	158000129	4	14823	30197.5686	1915.6393	135	1
2_MACS_peak_5743_lociStitched	chr12	108952797	108970322	2	14813	37925.8525	3766.1225	136	1
7_MACS_peak_6955_lociStitched	chr14	95946411	95985716	7	14794	16260.4785	3207.288	137	1
3_MACS_peak_18468_lociStitched	chr5	88113311	88130261	3	14745	15043.125	2973.03	138	1
5_MACS_peak_10821_lociStitched	chr19	2445654	2480671	5	14743	30065.5962	7038.417	139	1
3_MACS_peak_4273_lociStitched	chr11	72977879	73002068	3	14715	47408.0211	4027.4685	140	1
1_MACS_peak_2202_lociStitched	chr1	226837999	226852608	1	14610	48709.3278	4211.7747	141	1
5_MACS_peak_9514_lociStitched	chr17	38251394	38280334	5	14589	18753.12	4914.012	142	1
2_MACS_peak_5047_lociStitched	chr12	26265719	26280342	2	14510	29645.2079	2570.7234	143	1
5_MACS_peak_22846_lociStitched	chr8	145001842	145027991	5	14501	23761.5963	3592.8726	144	1
5_MACS_peak_23791_lociStitched	chr9	134126998	134153372	5	14429	19313.6802	4309.5116	145	1
3_MACS_peak_18027_lociStitched	chr5	6475885	6497939	3	14384	60302.2522	3905.7634	146	1
3_MACS_peak_21069_lociStitched	chr7	55569337	55585859	3	14324	26815.206	2790.5658	147	1
4_MACS_peak_7868_lociStitched	chr15	89646680	89675072	4	14297	33502.56	4608.0216	148	1
6_MACS_peak_10996_lociStitched	chr19	10513465	10539703	6	14280	16553.5542	3794.0148	149	1
2_MACS_peak_8593_lociStitched	chr16	56963262	56986023	2	14265	43095.6774	4891.3389	150	1
4_MACS_peak_20989_lociStitched	chr7	44661805	44680287	4	14252	29373.4426	3319.3672	151	1
5_MACS_peak_15921_lociStitched	chr3	69128703	69154884	5	14247	16048.953	4034.4921	152	1
5_MACS_peak_17350_lociStitched	chr4	77608550	77624397	5	14113	12618.9661	2410.3287	153	1
4_MACS_peak_5210_lociStitched	chr12	48200430	48218787	4	14057	23730.0939	3440.1018	154	1
6_MACS_peak_24494_lociStitched	chrX	128892928	128921273	6	14054	18095.448	3047.0875	155	1
2_MACS_peak_1328_lociStitched	chr1	150531948	150553231	2	13974	45181.6807	5850.6967	156	1
4_MACS_peak_12621_lociStitched	chr2	97190500	97212770	4	13956	59999.834	4200.122	157	1
4_MACS_peak_15667_lociStitched	chr3	46129772	46153200	4	13837	17374.2048	3689.91	158	1
6_MACS_peak_19508_lociStitched	chr6	27774772	27807802	6	13770	22675.095	5585.373	159	1
3_MACS_peak_12204_lociStitched	chr2	47526896	47550969	3	13666	43844.1549	4670.162	160	1
4_MACS_peak_15684_lociStitched	chr3	46421239	46439448	4	13646	12400.329	3148.3361	161	1
3_MACS_peak_10085_lociStitched	chr17	75130877	75145766	3	13636	41640.0663	2964.3999	162	1
6_MACS_peak_11069_lociStitched	chr19	12885562	12918175	6	13612	18758.9976	4944.1308	163	1
3_MACS_peak_23335_lociStitched	chr9	93670958	93690368	3	13590	25927.878	3245.352	164	1
4_MACS_peak_10757_lociStitched	chr19	1015194	1041407	4	13589	24302.0723	5706.5701	165	1
1_MACS_peak_4960_lociStitched	chr12	12866887	12880324	1	13438	46414.0854	2143.2015	166	1
3_MACS_peak_9972_lociStitched	chr17	70582791	70602008	3	13412	21703.6798	3434.0779	167	1
2_MACS_peak_19334_lociStitched	chr6	11827060	11848647	2	13390	50204.8859	3477.6657	168	1
2_MACS_peak_1814_lociStitched	chr1	192498542	192515841	2	13384	24722.0009	3681.2272	169	1
4_MACS_peak_24625_lociStitched	chrX	153596692	153628157	4	13370	19942.517	2318.9705	170	1
5_MACS_peak_8314_lociStitched	chr16	22185790	22219142	5	13295	26794.9968	5439.7112	171	1
7_MACS_peak_8658_lociStitched	chr16	67184198	67227240	7	13292	22446.403	6499.342	172	1
2_MACS_peak_7788_lociStitched	chr15	81576250	81595943	2	13285	20106.553	3940.5693	173	1
3_MACS_peak_14827_lociStitched	chr22	23189934	23210010	3	13285	20891.0856	2015.6304	174	1
4_MACS_peak_15128_lociStitched	chr22	39823366	39846017	4	13284	33971.9698	4074.9149	175	1
4_MACS_peak_14188_lociStitched	chr20	45172394	45191723	4	13228	17384.5026	3318.7893	176	1
3_MACS_peak_15037_lociStitched	chr22	37611215	37628371	3	13198	25924.4316	3455.2184	177	1
4_MACS_peak_393_lociStitched	chr1	28558578	28587338	4	13158	19737.988	4595.848	178	1
1_MACS_peak_21252_lociStitched	chr7	78115046	78128197	1	13152	19042.648	2304.0552	179	1
3_MACS_peak_10323_lociStitched	chr18	9134802	9150554	3	13151	17497.3216	2825.9088	180	1
3_MACS_peak_10081_lociStitched	chr17	75078880	75093069	3	13047	26302.1493	2982.5278	181	1
6_MACS_peak_7078_lociStitched	chr15	20960448	20995849	6	12953	22058.3631	4503.0072	182	1
4_MACS_peak_2945_lociStitched	chr10	74006958	74034948	4	12897	21904.974	4201.299	183	1
2_MACS_peak_19205_lociStitched	chr6	381450	400870	2	12895	16355.524	3334.414	184	1
4_MACS_peak_11975_lociStitched	chr2	25623783	25655695	4	12853	25724.2632	5208.0384	185	1
3_MACS_peak_23346_lociStitched	chr9	93909312	93938219	3	12842	17850.0725	4214.6406	186	1
2_MACS_peak_14123_lociStitched	chr20	40709878	40727455	2	12782	42378.147	2575.0305	187	1
7_MACS_peak_15778_lociStitched	chr3	50357822	50403559	7	12781	32185.1269	7857.6166	188	1
4_MACS_peak_23715_lociStitched	chr9	130672566	130700724	4	12752	22106.8458	4882.5972	189	1
4_MACS_peak_19136_lociStitched	chr5	176717348	176740665	4	12724	24189.0558	4201.7234	190	1
3_MACS_peak_16020_lociStitched	chr3	98479778	98495968	3	12699	23695.684	2786.299	191	1
1_MACS_peak_19447_lociStitched	chr6	25403104	25415723	1	12620	57451.7832	2525.0619	192	1
4_MACS_peak_9738_lociStitched	chr17	48225421	48249607	4	12617	12371.139	3775.4346	193	1
3_MACS_peak_14375_lociStitched	chr20	61272936	61291069	3	12590	35359.35	2915.7864	194	1
2_MACS_peak_16813_lociStitched	chr3	193847595	193860505	2	12570	28563.375	3013.194	195	1
2_MACS_peak_19475_lociStitched	chr6	26354644	26367270	2	12531	25423.7136	2106.0168	196	1
2_MACS_peak_3279_lociStitched	chr10	104531033	104543677	2	12521	42587.5208	2622.3656	197	1
2_MACS_peak_355_lociStitched	chr1	27018275	27031307	2	12483	21109.2336	2132.0352	198	1
3_MACS_peak_16769_lociStitched	chr3	186703189	186719908	3	12479	27618.1161	4097.8269	199	1
3_MACS_peak_12096_lociStitched	chr2	37601628	37622510	3	12443	30794.6854	3861.0818	200	1
2_MACS_peak_864_lociStitched	chr1	66736747	66750435	2	12440	31014.2704	2582.9256	201	1
3_MACS_peak_18613_lociStitched	chr5	118658033	118678629	3	12440	15873.3372	3828.7964	202	1
2_MACS_peak_13634_lociStitched	chr2	238599836	238613345	2	12434	11724.4611	1310.373	203	1
3_MACS_peak_17143_lociStitched	chr4	38307111	38322477	3	12406	19398.0384	2344.8516	204	1
4_MACS_peak_17947_lociStitched	chr4	187749029	187776132	4	12384	30030.124	3948.9071	205	1
3_MACS_peak_14643_lociStitched	chr21	43638575	43658036	3	12334	40031.277	4279.4739	206	1
4_MACS_peak_3051_lociStitched	chr10	81946414	81966293	4	12291	19459.5531	3510.6314	207	1
4_MACS_peak_3999_lociStitched	chr11	62308101	62325832	4	12269	16500.4686	3333.428	208	1
6_MACS_peak_17046_lociStitched	chr4	15755290	15788090	6	12254	14953.52	4952.8	209	1
4_MACS_peak_15092_lociStitched	chr22	39362178	39385759	4	12165	21331.3726	3164.5702	210	1
5_MACS_peak_10036_lociStitched	chr17	73850473	73875718	5	12141	31384.584	3804.4215	211	1
5_MACS_peak_12408_lociStitched	chr2	70334992	70371235	5	12130	38678.5296	5218.992	212	1
5_MACS_peak_23963_lociStitched	chrX	10065343	10091103	5	12100	17024.784	2251.424	213	1
4_MACS_peak_11592_lociStitched	chr19	47728490	47748472	4	12084	21286.8246	3460.8824	214	1
2_MACS_peak_3749_lociStitched	chr11	19450910	19465674	2	12082	22320.2152	2785.9668	215	1
2_MACS_peak_4518_lociStitched	chr11	111237826	111251524	2	12054	22278.4272	2503.9944	216	1
4_MACS_peak_17401_lociStitched	chr4	84132767	84162999	4	12054	17694.7896	4580.148	217	1
4_MACS_peak_20438_lociStitched	chr6	143162958	143179778	4	11991	16184.204	1354.01	218	1
3_MACS_peak_1465_lociStitched	chr1	156065250	156086231	3	11990	24579.2415	4554.9751	219	1
2_MACS_peak_12715_lociStitched	chr2	109828822	109843057	2	11982	20840.04	2579.382	220	1
5_MACS_peak_7267_lociStitched	chr15	40330151	40358629	5	11969	20210.8366	4590.6536	221	1
2_MACS_peak_8642_lociStitched	chr16	66549281	66561714	2	11959	40536.5532	2477.8969	222	1
5_MACS_peak_4905_lociStitched	chr12	9573465	9601755	5	11942	20309.391	4936.605	223	1
5_MACS_peak_4934_lociStitched	chr12	11901821	11920401	5	11939	16237.062	3288.66	224	1
5_MACS_peak_14894_lociStitched	chr22	27037718	27071126	5	11929	20559.2832	5572.4544	225	1
1_MACS_peak_6427_lociStitched	chr13	114556448	114568366	1	11919	54557.0286	3279.8336	226	1
3_MACS_peak_16568_lociStitched	chr3	169755002	169776683	3	11843	21561.7545	4858.7121	227	1
3_MACS_peak_15656_lociStitched	chr3	45593920	45617867	3	11807	14641.1958	3795.5995	228	1
3_MACS_peak_24102_lociStitched	chrX	39953209	39969471	3	11778	15611.52	1180.6212	229	1
1_MACS_peak_12151_lociStitched	chr2	43444298	43456073	1	11776	24983.0175	2143.05	230	1
4_MACS_peak_23486_lociStitched	chr9	108004658	108027198	4	11767	21816.466	3313.38	231	1
3_MACS_peak_14140_lociStitched	chr20	42569475	42585482	3	11762	17753.3637	2962.8957	232	1
3_MACS_peak_19105_lociStitched	chr5	173696452	173710022	3	11750	19972.326	2348.967	233	1
4_MACS_peak_1932_lociStitched	chr1	204474577	204492246	4	11750	30904.8479	4410.1824	234	1
4_MACS_peak_19329_lociStitched	chr6	11714049	11735591	4	11748	19366.258	3278.6924	235	1
3_MACS_peak_19595_lociStitched	chr6	31694438	31709479	3	11743	28337.244	2929.9868	236	1
3_MACS_peak_6296_lociStitched	chr13	78689103	78712596	3	11743	22515.6912	3317.2116	237	1
4_MACS_peak_18923_lociStitched	chr5	150520148	150538035	4	11721	15522.3386	3171.3651	238	1
6_MACS_peak_4046_lociStitched	chr11	63992814	64019947	6	11717	19701.2713	4628.8898	239	1
4_MACS_peak_19461_lociStitched	chr6	26183623	26207035	4	11707	16971.3588	4265.6664	240	1
2_MACS_peak_18705_lociStitched	chr5	131823042	131837816	2	11666	15738.7422	2770.125	241	1
4_MACS_peak_5752_lociStitched	chr12	109161793	109181012	4	11654	26003.307	3372.9345	242	1
2_MACS_peak_10417_lociStitched	chr18	22929433	22941103	2	11650	8591.454	1422.573	243	1
5_MACS_peak_7989_lociStitched	chr15	101790294	101818132	5	11608	21554.9634	4017.0234	244	1
5_MACS_peak_19601_lociStitched	chr6	31773851	31804728	5	11589	19619.2458	4934.1446	245	1
6_MACS_peak_10786_lociStitched	chr19	1647728	1672875	6	11574	32914.9083	4403.2397	246	1
2_MACS_peak_8214_lociStitched	chr16	12056085	12071700	2	11571	50717.52	3408.7545	247	1
4_MACS_peak_1759_lociStitched	chr1	183865321	183885659	4	11568	19056.706	4427.5826	248	1
3_MACS_peak_2293_lociStitched	chr1	234734079	234749915	3	11524	58247.9752	3963.7508	249	1
5_MACS_peak_10975_lociStitched	chr19	9917480	9946952	5	11487	14682.9504	4105.4496	250	1
1_MACS_peak_18471_lociStitched	chr5	88175222	88186705	1	11484	18150.0298	2076.1264	251	1
2_MACS_peak_14892_lociStitched	chr22	27003207	27015078	2	11483	23010.7464	2339.7741	252	1
6_MACS_peak_15905_lociStitched	chr3	66530607	66551682	6	11479	10170.795	3068.52	253	1
3_MACS_peak_9620_lociStitched	chr17	42275443	42299854	3	11472	18012.8769	3764.1762	254	1
3_MACS_peak_15102_lociStitched	chr22	39459073	39474362	3	11431	18525.6813	2363.6794	255	1
4_MACS_peak_20350_lociStitched	chr6	135322985	135343829	4	11428	20249.946	2755.5768	256	1
2_MACS_peak_7470_lociStitched	chr15	56648212	56666128	2	11416	24944.4468	2785.938	257	1
5_MACS_peak_9575_lociStitched	chr17	40705862	40739567	5	11407	25248.4155	5841.0765	258	1
4_MACS_peak_19806_lociStitched	chr6	44204737	44234449	4	11396	17221.0752	4887.624	259	1
2_MACS_peak_21428_lociStitched	chr7	101921972	101935830	2	11392	19575.8108	2368.3322	260	1
2_MACS_peak_13196_lociStitched	chr2	182168517	182179939	2	11381	19039.3318	1909.7584	261	1
3_MACS_peak_4100_lociStitched	chr11	65336334	65356974	3	11343	20326.272	3702.816	262	1
3_MACS_peak_12138_lociStitched	chr2	42344435	42361020	3	11334	15641.3135	2744.8175	263	1
4_MACS_peak_14324_lociStitched	chr20	55958121	55975626	4	11324	26432.55	2977.6005	264	1
4_MACS_peak_7887_lociStitched	chr15	90574096	90591839	4	11315	17421.8517	2932.9179	265	1
5_MACS_peak_589_lociStitched	chr1	40839324	40858441	5	11310	14240.2533	3274.7421	266	1
2_MACS_peak_1974_lociStitched	chr1	206727996	206739430	2	11296	19325.7468	3632.5818	267	1
3_MACS_peak_19824_lociStitched	chr6	45672529	45683903	3	11294	22575.1152	2223.617	268	1
4_MACS_peak_22224_lociStitched	chr8	37737442	37762574	4	11279	16931.4284	3920.592	269	1
2_MACS_peak_18703_lociStitched	chr5	131790581	131804218	2	11276	20910.9758	2994.6852	270	1
4_MACS_peak_6841_lociStitched	chr14	77487844	77507615	4	11274	17434.0678	1779.39	271	1
4_MACS_peak_14284_lociStitched	chr20	52258477	52278746	4	11267	12341.7941	2596.4589	272	1
4_MACS_peak_9905_lociStitched	chr17	62961024	62986541	4	11243	38334.1891	4212.8567	273	1
2_MACS_peak_23351_lociStitched	chr9	94181280	94192606	2	11238	17300.465	1845.0054	274	1
1_MACS_peak_12773_lociStitched	chr2	112455336	112466557	1	11222	62068.9615	2532.5797	275	1
4_MACS_peak_12579_lociStitched	chr2	88905334	88928422	4	11214	14180.6496	4144.296	276	1
6_MACS_peak_5130_lociStitched	chr12	33037908	33060579	6	11210	11909.0763	3260.0898	277	1
4_MACS_peak_9707_lociStitched	chr17	46580909	46596208	4	11202	11688.436	2502.9164	278	1
3_MACS_peak_11342_lociStitched	chr19	35694512	35708073	3	11201	35730.5228	2748.8147	279	1
2_MACS_peak_15077_lociStitched	chr22	38782560	38795649	2	11191	16047.114	1959.4233	280	1
1_MACS_peak_16283_lociStitched	chr3	129026473	129037632	1	11160	28124.0277	2113.5146	281	1
2_MACS_peak_14157_lociStitched	chr20	43270360	43282290	2	11151	23034.444	2479.054	282	1
5_MACS_peak_8228_lociStitched	chr16	14486560	14504481	5	11135	33793.6297	2899.6178	283	1
4_MACS_peak_1919_lociStitched	chr1	203706628	203735898	4	11128	27472.822	5921.321	284	1
3_MACS_peak_7701_lociStitched	chr15	75352851	75370971	3	11124	15668.364	3107.58	285	1
1_MACS_peak_12137_lociStitched	chr2	42323428	42334548	1	11121	35750.8	2317.408	286	1
4_MACS_peak_20160_lociStitched	chr6	108908193	108920534	4	11094	10351.6308	1662.3327	287	1
5_MACS_peak_8408_lociStitched	chr16	29815576	29833568	5	11094	21117.2104	3494.0464	288	1
4_MACS_peak_11618_lociStitched	chr19	48879849	48902448	4	11056	29360.6208	3132.2214	289	1
3_MACS_peak_14163_lociStitched	chr20	43587653	43608940	3	11042	11748.2953	3533.642	290	1
3_MACS_peak_4243_lociStitched	chr11	71413784	71427015	3	11028	36180.1695	2804.972	291	1
2_MACS_peak_14661_lociStitched	chr21	44580728	44598385	2	10992	32720.1867	4391.2959	292	1
1_MACS_peak_9066_lociStitched	chr17	6061945	6072914	1	10970	32902.6124	2127.986	293	1
5_MACS_peak_18927_lociStitched	chr5	150590483	150618752	5	10966	12172.6314	4458.0213	294	1
4_MACS_peak_13271_lociStitched	chr2	197033399	197048550	4	10963	18350.8912	2728.6951	295	1
3_MACS_peak_17168_lociStitched	chr4	40302597	40319753	3	10931	13735.0936	2961.1256	296	1
5_MACS_peak_21933_lociStitched	chr8	2098063	2124404	5	10870	14880.0309	3400.6231	297	1
3_MACS_peak_21183_lociStitched	chr7	74057169	74076765	3	10866	18751.4124	2688.5712	298	1
3_MACS_peak_20772_lociStitched	chr7	20476421	20490056	3	10845	19912.554	1992.0735	299	1
4_MACS_peak_10065_lociStitched	chr17	74476181	74498446	4	10842	24660.714	3671.4985	300	1
2_MACS_peak_7177_lociStitched	chr15	31546609	31561229	2	10816	46715.286	2752.946	301	1
3_MACS_peak_18121_lociStitched	chr5	32530719	32544093	3	10793	17886.3876	2666.7756	302	1
4_MACS_peak_10531_lociStitched	chr18	46308278	46333871	4	10791	13070.3451	3501.1224	303	1
3_MACS_peak_2950_lociStitched	chr10	74078099	74097222	3	10786	35224.566	3275.7699	304	1
5_MACS_peak_10803_lociStitched	chr19	2031641	2062720	5	10781	23629.3637	6340.116	305	1
4_MACS_peak_14297_lociStitched	chr20	52545819	52567038	4	10780	11717.1318	3558.4263	306	1
3_MACS_peak_8329_lociStitched	chr16	23344085	23363557	3	10745	49990.4656	3545.8512	307	1
4_MACS_peak_10793_lociStitched	chr19	1847158	1865641	4	10702	28844.5698	3618.9714	308	1
4_MACS_peak_4366_lociStitched	chr11	82764680	82790348	4	10701	24130.4868	4525.2684	309	1
4_MACS_peak_1733_lociStitched	chr1	181095459	181106492	4	10684	15238.7796	2736.184	310	1
2_MACS_peak_1816_lociStitched	chr1	192538521	192551566	2	10674	16053.177	3035.5715	311	1
1_MACS_peak_10658_lociStitched	chr18	60821029	60831697	1	10669	57085.5348	2033.3208	312	1
2_MACS_peak_18886_lociStitched	chr5	148204876	148215605	2	10669	12824.3737	2567.4497	313	1
4_MACS_peak_17922_lociStitched	chr4	186252486	186284811	4	10661	17164.575	4318.62	314	1
1_MACS_peak_3967_lociStitched	chr11	60602310	60612968	1	10659	16482.597	2216.864	315	1
3_MACS_peak_14678_lociStitched	chr21	45194990	45210529	3	10656	20739.9033	4211.069	316	1
3_MACS_peak_14447_lociStitched	chr21	19151720	19166771	3	10643	18008.5215	2289.2571	317	1
4_MACS_peak_5188_lociStitched	chr12	46764510	46785436	4	10640	18331.176	3113.7888	318	1
4_MACS_peak_1230_lociStitched	chr1	145138584	145161747	4	10634	18965.8644	7615.9944	319	1
4_MACS_peak_2752_lociStitched	chr10	45913653	45931582	4	10632	27555.0801	2723.4151	320	1
1_MACS_peak_20052_lociStitched	chr6	90059362	90069969	1	10608	23758.6193	2187.1634	321	1
3_MACS_peak_4164_lociStitched	chr11	67033112	67057901	3	10596	30698.6976	3842.295	322	1
2_MACS_peak_3436_lociStitched	chr10	125151241	125163834	2	10589	22881.481	1989.694	323	1
3_MACS_peak_4994_lociStitched	chr12	15101146	15115558	3	10584	9379.3296	2932.842	324	1
2_MACS_peak_9890_lociStitched	chr17	62197203	62209996	2	10576	12255.694	2577.7895	325	1
4_MACS_peak_13779_lociStitched	chr20	5573686	5592531	4	10540	11708.3985	3203.65	326	1
2_MACS_peak_16641_lociStitched	chr3	178230343	178241193	2	10532	19143.74	2713.585	327	1
5_MACS_peak_20934_lociStitched	chr7	38388102	38408263	5	10523	10024.0492	3461.6437	328	1
4_MACS_peak_4335_lociStitched	chr11	78127194	78139941	4	10503	13191.8703	2151.6936	329	1
2_MACS_peak_21043_lociStitched	chr7	50343611	50357362	2	10497	10038.23	2073.6508	330	1
1_MACS_peak_9643_lociStitched	chr17	43298033	43308509	1	10477	62333.2476	2384.3376	331	1
2_MACS_peak_13339_lociStitched	chr2	202116240	202128083	2	10475	24605.0168	2144.7673	332	1
4_MACS_peak_23724_lociStitched	chr9	130828821	130845558	4	10463	13274.1147	3164.9667	333	1
4_MACS_peak_9074_lociStitched	chr17	6915048	6940140	4	10457	32009.8644	3708.5976	334	1
4_MACS_peak_1139_lociStitched	chr1	115236678	115260075	4	10447	13921.215	1481.0301	335	1
2_MACS_peak_22793_lociStitched	chr8	137189365	137201300	2	10435	16623.068	2221.1035	336	1
4_MACS_peak_19282_lociStitched	chr6	7135369	7157401	4	10420	16438.0752	3216.672	337	1
1_MACS_peak_13557_lociStitched	chr2	231729289	231739706	1	10418	17937.0323	1050.0336	338	1
2_MACS_peak_14054_lociStitched	chr20	34677632	34690188	2	10408	14178.2352	1990.126	339	1
4_MACS_peak_18692_lociStitched	chr5	131418420	131441804	4	10381	30525.4736	3872.3904	340	1
2_MACS_peak_1948_lociStitched	chr1	205242459	205258909	2	10358	26762.505	4648.77	341	1
2_MACS_peak_13859_lociStitched	chr20	17826482	17840326	2	10339	15484.514	2221.962	342	1
4_MACS_peak_9348_lociStitched	chr17	29636576	29649046	4	10313	7187.708	1992.706	343	1
3_MACS_peak_19068_lociStitched	chr5	171601161	171616124	3	10313	16077.7435	2660.4214	344	1
2_MACS_peak_15696_lociStitched	chr3	46577806	46589620	2	10308	52689.2586	2147.7852	345	1
1_MACS_peak_2017_lociStitched	chr1	209274414	209284699	1	10286	33965.184	2666.9005	346	1
5_MACS_peak_11746_lociStitched	chr19	56145818	56167788	5	10284	19575.27	3299.894	347	1
4_MACS_peak_11939_lociStitched	chr2	20615036	20631057	4	10274	16248.4982	2633.8524	348	1
3_MACS_peak_19299_lociStitched	chr6	7959750	7978181	3	10274	21061.1037	2753.5914	349	1
5_MACS_peak_4848_lociStitched	chr12	6552073	6580881	5	10243	19606.7248	4701.4656	350	1
6_MACS_peak_5409_lociStitched	chr12	58135150	58167086	6	10217	15009.92	5317.344	351	1
2_MACS_peak_3336_lociStitched	chr10	112103978	112120037	2	10209	74586.0255	3420.567	352	1
4_MACS_peak_8553_lociStitched	chr16	50714347	50732744	4	10188	11003.2457	2950.8788	353	1
5_MACS_peak_22514_lociStitched	chr8	95953512	95976433	5	10178	10339.6631	2188.9555	354	1
4_MACS_peak_8397_lociStitched	chr16	29464335	29487898	4	10170	13716.0223	4931.7359	355	1
1_MACS_peak_20159_lociStitched	chr6	108878252	108888419	1	10168	12984.2757	1813.7928	356	1
3_MACS_peak_13977_lociStitched	chr20	31254694	31270353	3	10165	13906.7579	2594.6963	357	1
5_MACS_peak_18562_lociStitched	chr5	109252020	109281922	5	10164	13560.557	4742.4572	358	1
6_MACS_peak_4156_lociStitched	chr11	66861876	66889163	6	10161	10901.1565	3640.0858	359	1
4_MACS_peak_9259_lociStitched	chr17	20204821	20221701	4	10159	17045.424	2337.88	360	1
2_MACS_peak_14890_lociStitched	chr22	26974927	26992414	2	10152	18114.7833	2976.2874	361	1
1_MACS_peak_8592_lociStitched	chr16	56943207	56953337	1	10131	53119.694	1862.907	362	1
4_MACS_peak_14019_lociStitched	chr20	32990783	33005589	4	10128	13756.2546	2234.2254	363	1
3_MACS_peak_4520_lociStitched	chr11	111282454	111294266	3	10110	10031.9316	2036.3888	364	1
4_MACS_peak_19715_lociStitched	chr6	37015738	37040917	4	10104	14712.0897	3512.4705	365	1
2_MACS_peak_4556_lociStitched	chr11	115089635	115102503	2	10093	44899.0256	2250.6132	366	1
3_MACS_peak_2025_lociStitched	chr1	209924076	209944018	3	10092	16003.455	4825.964	367	1
2_MACS_peak_276_lociStitched	chr1	23850312	23867218	2	10065	28305.7158	3012.6492	368	1
3_MACS_peak_19705_lociStitched	chr6	36633965	36652015	3	10055	20141.995	2888	369	1
4_MACS_peak_11233_lociStitched	chr19	19050260	19061773	4	10052	19456.97	1852.4417	370	1
5_MACS_peak_18032_lociStitched	chr5	6711588	6738499	5	10045	15683.7308	3544.1787	371	1
2_MACS_peak_15672_lociStitched	chr3	46245838	46257303	2	10034	24286.3095	2654.1475	372	1
2_MACS_peak_965_lociStitched	chr1	87792936	87803237	2	10021	9617.0136	1724.3874	373	1
3_MACS_peak_2192_lociStitched	chr1	226297088	226316871	3	10007	34147.4363	4593.6126	374	1
4_MACS_peak_9240_lociStitched	chr17	19204458	19221496	4	9994	16595.012	2601.7026	375	1
3_MACS_peak_5475_lociStitched	chr12	68751982	68770291	3	9994	19427.6799	3185.766	376	1
4_MACS_peak_15487_lociStitched	chr3	20080504	20097595	4	9983	12093.5916	2662.7778	377	1
4_MACS_peak_5600_lociStitched	chr12	92931106	92950934	4	9973	13284.76	2853.2492	378	1
4_MACS_peak_12315_lociStitched	chr2	64430679	64456338	4	9973	18864.4968	3992.5404	379	1
1_MACS_peak_4826_lociStitched	chr12	4377360	4387331	1	9972	34951.3463	1811.7307	380	1
3_MACS_peak_8588_lociStitched	chr16	56893174	56905913	3	9968	9215.3926	2267.542	381	1
3_MACS_peak_11102_lociStitched	chr19	13949146	13962147	3	9957	31065.8895	1856.5428	382	1
2_MACS_peak_1458_lociStitched	chr1	155939639	155952093	2	9946	22667.5254	3560.5986	383	1
3_MACS_peak_11753_lociStitched	chr19	56329013	56351158	3	9924	22561.326	3171.164	384	1
1_MACS_peak_1911_lociStitched	chr1	203288213	203298125	1	9913	34751.472	3800.2608	385	1
3_MACS_peak_4689_lociStitched	chr11	126173106	126189657	3	9913	17158.4217	3010.6269	386	1
6_MACS_peak_3519_lociStitched	chr10	135186523	135215595	6	9913	14006.8896	3660.1648	387	1
3_MACS_peak_16563_lociStitched	chr3	169656776	169668117	3	9898	16988.818	2431.5104	388	1
4_MACS_peak_11613_lociStitched	chr19	48824199	48837982	4	9859	14487.3113	2487.8315	389	1
4_MACS_peak_9082_lociStitched	chr17	7136719	7156659	4	9859	19453.464	3060.79	390	1
2_MACS_peak_3343_lociStitched	chr10	112214971	112225906	2	9855	36390.5865	2311.659	391	1
3_MACS_peak_14257_lociStitched	chr20	50015694	50032796	3	9853	17556.9132	2437.035	392	1
2_MACS_peak_18778_lociStitched	chr5	138719864	138730546	2	9835	27257.2594	2529.4976	393	1
3_MACS_peak_21729_lociStitched	chr7	137424606	137440918	3	9824	11517.9032	3007.9328	394	1
3_MACS_peak_4199_lociStitched	chr11	67760492	67778652	3	9819	19427.568	3326.912	395	1
5_MACS_peak_8754_lociStitched	chr16	70827113	70850526	5	9809	12710.9177	3767.1517	396	1
2_MACS_peak_14329_lociStitched	chr20	56047418	56058001	2	9800	26488.1907	2070.0348	397	1
3_MACS_peak_10813_lociStitched	chr19	2254727	2271936	3	9796	22564.4408	3920.2102	398	1
1_MACS_peak_7623_lociStitched	chr15	70387110	70396876	1	9767	16066.0466	1611.39	399	1
1_MACS_peak_17989_lociStitched	chr5	1310880	1320645	1	9766	116800.1415	2365.083	400	1
2_MACS_peak_19113_lociStitched	chr5	175076672	175086476	2	9766	10553.0256	1611.7776	401	1
4_MACS_peak_8609_lociStitched	chr16	57634224	57658162	4	9750	13817.0136	3825.2924	402	1
3_MACS_peak_3272_lociStitched	chr10	104401258	104421929	3	9741	19374.9283	3266.018	403	1
3_MACS_peak_1774_lociStitched	chr1	184711165	184725659	3	9718	17346.4192	3514.795	404	1
2_MACS_peak_16855_lociStitched	chr3	196358102	196371056	2	9713	23002.4178	3242.3862	405	1
4_MACS_peak_22138_lociStitched	chr8	27934604	27951478	4	9698	10411.258	3066.0058	406	1
2_MACS_peak_9501_lociStitched	chr17	37925048	37935523	2	9684	11276.3375	2060.4325	407	1
3_MACS_peak_10987_lociStitched	chr19	10329576	10347981	3	9684	18570.645	3025.782	408	1
4_MACS_peak_4971_lociStitched	chr12	13242416	13255861	4	9668	13423.488	2429.5115	409	1
3_MACS_peak_561_lociStitched	chr1	40030507	40048067	3	9660	12550.132	3037.88	410	1
2_MACS_peak_21549_lociStitched	chr7	114561342	114573953	2	9645	29952.3861	2596.6049	411	1
4_MACS_peak_18919_lociStitched	chr5	150459419	150475540	4	9640	17475.164	2659.965	412	1
4_MACS_peak_12537_lociStitched	chr2	86290394	86308646	4	9614	11562.642	2757.8772	413	1
2_MACS_peak_1410_lociStitched	chr1	154755459	154765930	2	9611	23485.4059	3019.8364	414	1
4_MACS_peak_6938_lociStitched	chr14	94424567	94445906	4	9610	11399.2938	1982.3931	415	1
1_MACS_peak_12534_lociStitched	chr2	86219525	86229126	1	9602	27250.5183	2091.0978	416	1
3_MACS_peak_19721_lociStitched	chr6	37121702	37140496	3	9601	18156.8834	2625.5218	417	1
4_MACS_peak_19562_lociStitched	chr6	30639923	30659402	4	9599	12306.8322	3198.4518	418	1
4_MACS_peak_22049_lociStitched	chr8	19519563	19540308	4	9597	12214.656	3277.71	419	1
2_MACS_peak_20836_lociStitched	chr7	26001699	26011710	2	9578	32283.4728	2392.629	420	1
4_MACS_peak_46_lociStitched	chr1	1821031	1851692	4	9572	11246.4548	3820.3606	421	1
2_MACS_peak_14147_lociStitched	chr20	42694951	42710741	2	9549	61250.989	2933.782	422	1
2_MACS_peak_18557_lociStitched	chr5	109024087	109034256	2	9526	10532.0333	1926.0086	423	1
4_MACS_peak_5842_lociStitched	chr12	117535748	117558125	4	9514	14086.3215	1926.6597	424	1
4_MACS_peak_10771_lociStitched	chr19	1258577	1277309	4	9513	23396.268	4169.7432	425	1
3_MACS_peak_11906_lociStitched	chr2	13681490	13701462	3	9510	10543.2188	2582.3796	426	1
3_MACS_peak_12190_lociStitched	chr2	46788742	46803124	3	9493	11643.6672	2521.1646	427	1
4_MACS_peak_5215_lociStitched	chr12	48276244	48299237	4	9477	11825.2999	3570.8129	428	1
2_MACS_peak_7550_lociStitched	chr15	65173776	65189347	2	9465	27965.516	2626.8277	429	1
3_MACS_peak_6428_lociStitched	chr13	114581687	114594855	3	9443	20785.688	2446.6144	430	1
3_MACS_peak_1455_lociStitched	chr1	155902997	155917732	3	9439	16367.638	3419.9935	431	1
3_MACS_peak_16672_lociStitched	chr3	181636532	181661798	3	9438	13739.6508	5020.3542	432	1
4_MACS_peak_18464_lociStitched	chr5	87954687	87976874	4	9434	23400.6289	3470.0468	433	1
4_MACS_peak_4063_lociStitched	chr11	64611160	64634273	4	9426	18081.2999	3698.08	434	1
3_MACS_peak_1316_lociStitched	chr1	150121182	150139254	3	9423	16982.2584	4037.2848	435	1
2_MACS_peak_16613_lociStitched	chr3	175052421	175068674	2	9403	11663.1528	2806.8931	436	1
5_MACS_peak_13378_lociStitched	chr2	204716883	204739755	5	9389	9613.1016	2957.3496	437	1
4_MACS_peak_12885_lociStitched	chr2	129127799	129147116	4	9384	15078.8502	2520.8685	438	1
2_MACS_peak_17513_lociStitched	chr4	105407654	105417167	2	9370	12395.439	1351.7973	439	1
2_MACS_peak_5954_lociStitched	chr12	125398251	125412580	2	9369	17009.9559	1541.8004	440	1
4_MACS_peak_14630_lociStitched	chr21	43283593	43306464	4	9363	18207.6031	4398.0933	441	1
2_MACS_peak_9025_lociStitched	chr17	4268258	4281180	2	9357	18689.0886	2121.7924	442	1
3_MACS_peak_14839_lociStitched	chr22	23477837	23488756	3	9353	19813.6174	2344.3093	443	1
5_MACS_peak_9563_lociStitched	chr17	40329910	40347045	5	9352	11535.282	2714.184	444	1
3_MACS_peak_14670_lociStitched	chr21	44844366	44860693	3	9349	14784.0985	3090.7011	445	1
1_MACS_peak_7894_lociStitched	chr15	90637292	90646631	1	9340	24107.6946	1959.3222	446	1
4_MACS_peak_4607_lociStitched	chr11	118954875	118979802	4	9337	17927.4984	4626.4512	447	1
4_MACS_peak_19653_lociStitched	chr6	33537809	33559071	4	9335	19061.383	3497.599	448	1
3_MACS_peak_12328_lociStitched	chr2	64862835	64882305	3	9318	16892.172	3017.85	449	1
2_MACS_peak_525_lociStitched	chr1	37933273	37946075	2	9306	10158.387	2404.2156	450	1
4_MACS_peak_1389_lociStitched	chr1	153929434	153951081	4	9305	17408.5174	5251.5622	451	1
4_MACS_peak_13335_lociStitched	chr2	202083924	202099734	4	9298	10347.645	2619.717	452	1
3_MACS_peak_7385_lociStitched	chr15	46994754	47008822	3	9284	13909.0316	2017.3512	453	1
4_MACS_peak_8952_lociStitched	chr17	1000689	1025051	4	9275	15189.707	3498.3832	454	1
2_MACS_peak_3839_lociStitched	chr11	35183472	35196248	2	9251	9433.7984	2246.0208	455	1
2_MACS_peak_14614_lociStitched	chr21	41295790	41309690	2	9251	33397.53	3668.21	456	1
2_MACS_peak_12584_lociStitched	chr2	89049534	89066032	2	9251	26373.7028	2893.7492	457	1
2_MACS_peak_16634_lociStitched	chr3	177068667	177080333	2	9248	18382.1162	3199.9838	458	1
3_MACS_peak_16231_lociStitched	chr3	125548617	125560883	3	9244	20502.619	2665.4018	459	1
3_MACS_peak_8606_lociStitched	chr16	57569134	57579453	3	9239	9611.1166	1883.2175	460	1
1_MACS_peak_2847_lociStitched	chr10	63802950	63812185	1	9236	17038.575	1928.268	461	1
3_MACS_peak_23710_lociStitched	chr9	130532354	130549623	3	9230	14678.65	2562.7196	462	1
2_MACS_peak_1491_lociStitched	chr1	156709763	156722691	2	9219	17161.92	3500.9024	463	1
4_MACS_peak_11159_lociStitched	chr19	16544729	16561491	4	9217	17476.0612	2608.1672	464	1
2_MACS_peak_22812_lociStitched	chr8	142126374	142140717	2	9193	19097.7045	2336.4747	465	1
2_MACS_peak_1366_lociStitched	chr1	152006491	152021827	2	9172	22395.1608	4031.8344	466	1
2_MACS_peak_15015_lociStitched	chr22	36772439	36785153	2	9156	15289.8564	2390.232	467	1
3_MACS_peak_23595_lociStitched	chr9	117660042	117673171	3	9142	7701.4714	2260.8138	468	1
3_MACS_peak_23214_lociStitched	chr9	71251199	71269305	3	9139	9270.272	2835.3996	469	1
5_MACS_peak_12779_lociStitched	chr2	112687574	112711923	5	9120	10061.0068	3421.0345	470	1
5_MACS_peak_4277_lociStitched	chr11	73069961	73089145	5	9106	10988.5952	3134.6656	471	1
5_MACS_peak_2936_lociStitched	chr10	73609979	73634464	5	9088	10129.4445	3574.81	472	1
4_MACS_peak_15692_lociStitched	chr3	46529585	46547815	4	9084	12301.604	2628.766	473	1
2_MACS_peak_1868_lociStitched	chr1	200986594	200997123	2	9083	12924.3475	2747.0161	474	1
4_MACS_peak_13330_lociStitched	chr2	202040211	202059992	4	9083	8594.8445	3430.0254	475	1
2_MACS_peak_7675_lociStitched	chr15	74832051	74845950	2	9078	15586.3386	2576.8746	476	1
2_MACS_peak_5067_lociStitched	chr12	27330019	27340318	2	9075	12442.2219	1751.8599	477	1
3_MACS_peak_21891_lociStitched	chr7	155532850	155547443	3	9074	15189.8537	3051.3963	478	1
2_MACS_peak_9944_lociStitched	chr17	66230117	66245388	2	9070	32686.0484	2692.2773	479	1
2_MACS_peak_22117_lociStitched	chr8	26428318	26437451	2	9052	23500.1223	1769.9754	480	1
3_MACS_peak_20997_lociStitched	chr7	45025167	45042121	3	9050	14287.1358	2902.5248	481	1
4_MACS_peak_9120_lociStitched	chr17	8076351	8094400	4	9047	14807.3996	3169.4044	482	1
2_MACS_peak_4558_lociStitched	chr11	115125572	115137344	2	9037	23038.9812	1810.5336	483	1
2_MACS_peak_20137_lociStitched	chr6	106585373	106595808	2	9028	20778.172	2171.5235	484	1
4_MACS_peak_13439_lociStitched	chr2	216764644	216784753	4	9012	9803.1375	3012.3282	485	1
2_MACS_peak_6447_lociStitched	chr13	115039365	115048765	2	9003	31067	1514.34	486	1
3_MACS_peak_7935_lociStitched	chr15	93346275	93364509	3	8996	21541.6476	2986.7292	487	1
1_MACS_peak_16812_lociStitched	chr3	193814302	193823294	1	8993	50917.2	2691.3056	488	1
1_MACS_peak_19819_lociStitched	chr6	45386606	45395592	1	8987	25547.198	1346.1028	489	1
5_MACS_peak_10201_lociStitched	chr17	79868421	79896030	5	8980	11352.8208	3500.8212	490	1
2_MACS_peak_14843_lociStitched	chr22	23517272	23526263	2	8973	13161.0258	2040.957	491	1
3_MACS_peak_12319_lociStitched	chr2	64486787	64511617	3	8971	16693.209	3945.487	492	1
3_MACS_peak_219_lociStitched	chr1	17221233	17241655	3	8952	79635.589	5552.7418	493	1
2_MACS_peak_1501_lociStitched	chr1	157142191	157152975	2	8937	13685.9744	2677.6672	494	1
3_MACS_peak_10114_lociStitched	chr17	76139310	76152500	3	8934	21647.428	2254.171	495	1
3_MACS_peak_15304_lociStitched	chr22	50623437	50640728	3	8912	16569.9653	2249.5591	496	1
3_MACS_peak_22012_lociStitched	chr8	12441615	12459521	3	8911	16604.2338	4628.701	497	1
3_MACS_peak_4822_lociStitched	chr12	4251044	4263469	3	8892	10774.96	2124.675	498	1
1_MACS_peak_3345_lociStitched	chr10	112255883	112264770	1	8888	17135.9134	1930.2564	499	1
2_MACS_peak_5573_lociStitched	chr12	89738207	89749477	2	8879	14295.995	2380.224	500	1
4_MACS_peak_11360_lociStitched	chr19	36230828	36249878	4	8874	10807.065	3074.67	501	1
1_MACS_peak_3838_lociStitched	chr11	35159708	35168580	1	8873	14762.1208	2089.356	502	1
4_MACS_peak_15135_lociStitched	chr22	39910944	39929242	4	8873	21225.68	3707.1748	503	1
4_MACS_peak_4900_lociStitched	chr12	9435833	9462655	4	8872	10361.3386	3253.5086	504	1
2_MACS_peak_8909_lociStitched	chr16	89033345	89046106	2	8863	21124.5594	1134.4529	505	1
4_MACS_peak_15320_lociStitched	chr22	50962528	50983193	4	8863	19689.612	3093.5505	506	1
3_MACS_peak_14289_lociStitched	chr20	52337028	52358166	3	8860	10258.2714	2936.0682	507	1
2_MACS_peak_4820_lociStitched	chr12	4216304	4231528	2	8853	57554.332	3303.608	508	1
4_MACS_peak_14863_lociStitched	chr22	24536568	24553965	4	8849	7599.0096	2943.5724	509	1
1_MACS_peak_3579_lociStitched	chr11	2792720	2801563	1	8844	17120.048	1585.5499	510	1
3_MACS_peak_2051_lociStitched	chr1	211688197	211702860	3	8838	13929.85	2863.6839	511	1
2_MACS_peak_17139_lociStitched	chr4	38124208	38136218	2	8835	19984.64	2331.141	512	1
3_MACS_peak_14399_lociStitched	chr20	62358109	62370966	3	8825	13917.7025	2279.5461	513	1
3_MACS_peak_4630_lociStitched	chr11	120368070	120383029	3	8824	15935.8227	1756.1866	514	1
4_MACS_peak_9797_lociStitched	chr17	55553568	55565787	4	8820	8154.9606	1904.9421	515	1
3_MACS_peak_5279_lociStitched	chr12	51712185	51721967	3	8819	13334.8224	1909.4464	516	1
3_MACS_peak_5725_lociStitched	chr12	106529813	106543839	3	8808	11241.839	2468.576	517	1
2_MACS_peak_22202_lociStitched	chr8	33409809	33425399	2	8802	27340.183	2658.095	518	1
3_MACS_peak_3969_lociStitched	chr11	60672643	60683997	3	8794	17990.413	2461.5472	519	1
4_MACS_peak_22763_lociStitched	chr8	133958686	133973046	4	8794	8196.688	2031.94	520	1
2_MACS_peak_22166_lociStitched	chr8	29465194	29474910	2	8784	14411.7428	1446.7124	521	1
4_MACS_peak_12004_lociStitched	chr2	27293375	27310739	4	8784	13582.1208	3125.52	522	1
3_MACS_peak_13021_lociStitched	chr2	157188112	157207822	3	8772	29117.583	2400.678	523	1
3_MACS_peak_9300_lociStitched	chr17	27037508	27056533	3	8753	20257.82	3333.18	524	1
3_MACS_peak_12229_lociStitched	chr2	54777593	54798710	3	8747	10387.4523	3233.0127	525	1
2_MACS_peak_17886_lociStitched	chr4	185201025	185210873	2	8740	34006.1288	1846.5	526	1
3_MACS_peak_13463_lociStitched	chr2	219148545	219160904	3	8739	12833.5856	2335.851	527	1
2_MACS_peak_17990_lociStitched	chr5	1335287	1346358	2	8737	31798.1262	2231.9136	528	1
5_MACS_peak_1436_lociStitched	chr1	155210203	155233025	5	8724	12488.1984	5356.3234	529	1
1_MACS_peak_3167_lociStitched	chr10	97049443	97058155	1	8713	13192.5816	1384.3368	530	1
3_MACS_peak_15976_lociStitched	chr3	75670060	75693150	3	8698	14618.279	5389.206	531	1
2_MACS_peak_21022_lociStitched	chr7	47513524	47522801	2	8689	12289.2419	1944.4592	532	1
3_MACS_peak_18080_lociStitched	chr5	15431885	15448511	3	8675	8090.2116	2349.2538	533	1
2_MACS_peak_17204_lociStitched	chr4	48194877	48206561	2	8674	15426.3852	2023.6688	534	1
4_MACS_peak_22354_lociStitched	chr8	61812059	61830013	4	8671	8036.2104	2386.0866	535	1
2_MACS_peak_20240_lociStitched	chr6	117859136	117871661	2	8666	10872.9525	1881.255	536	1
1_MACS_peak_1839_lociStitched	chr1	197740014	197748677	1	8664	14467.21	2141.4936	537	1
4_MACS_peak_18114_lociStitched	chr5	32276117	32292412	4	8663	9032.3185	2794.5925	538	1
2_MACS_peak_17284_lociStitched	chr4	69434660	69443415	2	8658	12080.149	1517.2415	539	1
4_MACS_peak_9199_lociStitched	chr17	17725465	17744790	4	8648	17494.9225	2894.885	540	1
4_MACS_peak_16103_lociStitched	chr3	111791421	111811040	4	8644	10337.2511	3188.0875	541	1
4_MACS_peak_11714_lociStitched	chr19	54880572	54901066	4	8633	8617.727	2424.4402	542	1
2_MACS_peak_3338_lociStitched	chr10	112146847	112157057	2	8631	14350.155	1482.492	543	1
4_MACS_peak_7897_lociStitched	chr15	90721299	90745445	4	8606	12278.241	3489.097	544	1
2_MACS_peak_2728_lociStitched	chr10	43890527	43906028	2	8587	26734.5747	2483.2602	545	1
2_MACS_peak_8808_lociStitched	chr16	79631980	79640596	2	8573	7929.3048	686.6952	546	1
3_MACS_peak_19275_lociStitched	chr6	6798998	6812601	3	8569	13412.558	2451.2606	547	1
3_MACS_peak_3151_lociStitched	chr10	94868832	94886005	3	8561	13540.9105	2582.8192	548	1
2_MACS_peak_10112_lociStitched	chr17	76116338	76129188	2	8558	14808.34	2075.275	549	1
2_MACS_peak_13029_lociStitched	chr2	158295254	158310822	2	8549	18239.4688	2437.9488	550	1
4_MACS_peak_12384_lociStitched	chr2	68941380	68963129	4	8538	13471.3306	3845.2232	551	1
4_MACS_peak_12010_lociStitched	chr2	27374985	27389600	4	8537	8684.233	2192.25	552	1
3_MACS_peak_16484_lociStitched	chr3	156381729	156404557	3	8535	15664.5736	5407.9532	553	1
3_MACS_peak_11491_lociStitched	chr19	42771758	42789573	3	8532	12069.6625	2852.1815	554	1
2_MACS_peak_20663_lociStitched	chr7	5461064	5477258	2	8528	9821.661	1797.534	555	1
2_MACS_peak_4684_lociStitched	chr11	126056691	126068999	2	8525	41662.58	2408.6756	556	1
3_MACS_peak_19496_lociStitched	chr6	27098697	27115772	3	8503	12324.735	3198.1475	557	1
5_MACS_peak_12899_lociStitched	chr2	131128752	131151771	5	8502	12704.1861	3351.5664	558	1
3_MACS_peak_1865_lociStitched	chr1	200850717	200863738	3	8500	28044.6298	3173.2177	559	1
4_MACS_peak_12702_lociStitched	chr2	109221112	109238527	4	8500	10126.8225	2667.978	560	1
5_MACS_peak_11441_lociStitched	chr19	40926482	40950976	5	8490	7742.5534	3314.0382	561	1
1_MACS_peak_9507_lociStitched	chr17	38016649	38025126	1	8478	19603.9102	1788.647	562	1
4_MACS_peak_12467_lociStitched	chr2	74684045	74710898	4	8470	14699.3322	3770.1612	563	1
4_MACS_peak_10923_lociStitched	chr19	6765472	6789427	4	8460	13354.9125	5191.0485	564	1
4_MACS_peak_1793_lociStitched	chr1	186730026	186749926	4	8449	9104.25	3788.96	565	1
4_MACS_peak_7704_lociStitched	chr15	75396690	75407315	4	8434	6334.625	1582.0625	566	1
3_MACS_peak_8851_lociStitched	chr16	84132624	84151795	3	8427	15821.8263	1320.8819	567	1
3_MACS_peak_23616_lociStitched	chr9	123652911	123667745	3	8413	15198.9164	2814.0098	568	1
3_MACS_peak_1944_lociStitched	chr1	205197202	205217297	3	8410	9362.2605	4250.0925	569	1
3_MACS_peak_21710_lociStitched	chr7	134670574	134682869	3	8407	12678.604	3043.0125	570	1
3_MACS_peak_509_lociStitched	chr1	36614146	36627395	3	8401	17459.5322	2186.085	571	1
3_MACS_peak_14870_lociStitched	chr22	24819695	24831776	3	8374	20534.0757	2051.3538	572	1
5_MACS_peak_620_lociStitched	chr1	42339533	42364284	5	8369	8776.7046	3254.7565	573	1
3_MACS_peak_6788_lociStitched	chr14	72980637	72990280	3	8358	13151.1234	804.2262	574	1
2_MACS_peak_12732_lociStitched	chr2	110744781	110760380	2	8354	19980.7591	2165.1412	575	1
3_MACS_peak_2451_lociStitched	chr10	5930419	5948395	3	8350	12047.5152	2942.6712	576	1
3_MACS_peak_4192_lociStitched	chr11	67644799	67654505	3	8345	22410.1834	1730.5798	577	1
2_MACS_peak_21724_lociStitched	chr7	136036150	136047426	2	8345	14181.8252	2383.7464	578	1
3_MACS_peak_23366_lociStitched	chr9	95514358	95529010	3	8341	11264.4576	2411.7192	579	1
4_MACS_peak_22879_lociStitched	chr8	145732865	145754828	4	8339	17153.103	3033.0903	580	1
3_MACS_peak_2388_lociStitched	chr1	249111787	249121955	3	8337	14442.6272	2932.4512	581	1
1_MACS_peak_13450_lociStitched	chr2	217080536	217088869	1	8334	18788.4151	1757.4297	582	1
5_MACS_peak_21416_lociStitched	chr7	101376548	101398357	5	8330	7417.2409	2822.0846	583	1
3_MACS_peak_12356_lociStitched	chr2	65609404	65622895	3	8313	9797.1642	2279.979	584	1
3_MACS_peak_20786_lociStitched	chr7	22474432	22488562	3	8313	10453.374	2428.947	585	1
2_MACS_peak_13152_lociStitched	chr2	175457668	175474332	2	8310	15782.4744	2456.2736	586	1
1_MACS_peak_1099_lociStitched	chr1	111172967	111181275	1	8309	17200.8832	1099.9792	587	1
3_MACS_peak_19454_lociStitched	chr6	26043049	26067295	3	8305	11921.7582	3699.9396	588	1
3_MACS_peak_17001_lociStitched	chr4	9599510	9610882	3	8300	13727.1412	1778.5808	589	1
3_MACS_peak_17919_lociStitched	chr4	186225454	186240341	3	8287	12746.2494	2478.6855	590	1
3_MACS_peak_6436_lociStitched	chr13	114863417	114877638	3	8269	20475.3958	2010.8494	591	1
3_MACS_peak_4619_lociStitched	chr11	119543339	119565904	3	8259	11492.3545	3321.568	592	1
4_MACS_peak_1188_lociStitched	chr1	120658917	120685898	4	8259	8903.73	4754.0522	593	1
3_MACS_peak_17309_lociStitched	chr4	74454240	74473984	3	8255	13307.456	2535.1296	594	1
3_MACS_peak_12049_lociStitched	chr2	31430253	31443260	3	8247	8769.3194	1733.8331	595	1
2_MACS_peak_18852_lociStitched	chr5	142774753	142785741	2	8221	18881.7792	1450.416	596	1
2_MACS_peak_14521_lociStitched	chr21	34600733	34612969	2	8218	13176.9484	2854.6588	597	1
1_MACS_peak_14899_lociStitched	chr22	27100291	27108498	1	8208	8722.3996	1297.5267	598	1
1_MACS_peak_8951_lociStitched	chr17	977250	985456	1	8207	15675.9218	1402.4054	599	1
2_MACS_peak_10025_lociStitched	chr17	73628883	73643778	2	8207	19758.2175	2152.3275	600	1
2_MACS_peak_21527_lociStitched	chr7	110720529	110734174	2	8204	6392.6825	2524.325	601	1
4_MACS_peak_23112_lociStitched	chr9	36135765	36152911	4	8204	10570.509	3014.2668	602	1
2_MACS_peak_11022_lociStitched	chr19	11199369	11207927	2	8200	13521.64	1744.9762	603	1
1_MACS_peak_5686_lociStitched	chr12	102870885	102879083	1	8199	15601.6138	1687.1484	604	1
2_MACS_peak_12406_lociStitched	chr2	70310284	70323393	2	8192	54315.8306	2524.7934	605	1
4_MACS_peak_6442_lociStitched	chr13	114987137	115002044	4	8190	14820.5394	2109.3405	606	1
2_MACS_peak_18532_lociStitched	chr5	100224351	100240988	2	8188	8531.4536	2287.5875	607	1
2_MACS_peak_23338_lociStitched	chr9	93698909	93708644	2	8187	22188.012	1795.134	608	1
4_MACS_peak_12505_lociStitched	chr2	85152349	85171007	4	8184	10282.4238	2895.7216	609	1
3_MACS_peak_24614_lociStitched	chrX	153235599	153252404	3	8178	19873.593	1341.039	610	1
2_MACS_peak_10091_lociStitched	chr17	75229238	75244083	2	8169	17757.589	2505.836	611	1
3_MACS_peak_18856_lociStitched	chr5	142952564	142974490	3	8167	13181.9112	3345.9076	612	1
2_MACS_peak_16841_lociStitched	chr3	195621242	195637443	2	8164	27729.6316	4097.2329	613	1
2_MACS_peak_12956_lociStitched	chr2	137132867	137142820	2	8162	26084.8224	2058.2804	614	1
2_MACS_peak_21503_lociStitched	chr7	106504151	106513561	2	8160	11229.894	2264.046	615	1
3_MACS_peak_6284_lociStitched	chr13	77899221	77914716	3	8159	14053.965	2767.407	616	1
4_MACS_peak_10422_lociStitched	chr18	23746977	23771588	4	8159	11901.8796	3029.6141	617	1
4_MACS_peak_10233_lociStitched	chr17	80451192	80465867	4	8150	9929.105	2434.5825	618	1
3_MACS_peak_21424_lociStitched	chr7	101624308	101639833	3	8142	6958.305	2265.0975	619	1
2_MACS_peak_24183_lociStitched	chrX	48768277	48778345	2	8139	8385.6372	1259.5068	620	1
4_MACS_peak_16826_lociStitched	chr3	194867562	194882631	4	8134	11224.8981	3260.9316	621	1
2_MACS_peak_16773_lociStitched	chr3	186780474	186792458	2	8130	30039.0944	3594.0016	622	1
2_MACS_peak_10172_lociStitched	chr17	78873568	78887096	2	8128	28602.2504	2206.4168	623	1
1_MACS_peak_6089_lociStitched	chr13	30943676	30951800	1	8125	9838.9764	1042.3092	624	1
3_MACS_peak_22242_lociStitched	chr8	38613888	38628961	3	8114	9973.8041	2233.8186	625	1
1_MACS_peak_1541_lociStitched	chr1	160676770	160684876	1	8107	9924.1758	2597.1624	626	1
3_MACS_peak_15822_lociStitched	chr3	52730799	52745485	3	8105	13581.6128	2503.963	627	1
2_MACS_peak_23777_lociStitched	chr9	132646226	132657745	2	8103	26816.232	2029.6478	628	1
2_MACS_peak_9106_lociStitched	chr17	7737537	7749032	2	8090	12136.421	2284.0565	629	1
2_MACS_peak_1993_lociStitched	chr1	207092525	207105328	2	8086	20262.0278	3605.3248	630	1
3_MACS_peak_15460_lociStitched	chr3	15835622	15851680	3	8085	11226.1478	2533.9524	631	1
3_MACS_peak_5357_lociStitched	chr12	56509198	56523951	3	8060	11491.1117	3407.943	632	1
2_MACS_peak_11460_lociStitched	chr19	41801678	41817081	2	8057	18013.8085	2982.0208	633	1
2_MACS_peak_21714_lociStitched	chr7	134842887	134857318	2	8056	17592.8321	3203.682	634	1
3_MACS_peak_19766_lociStitched	chr6	42737863	42752332	3	8047	28337.5365	1947.5274	635	1
3_MACS_peak_17836_lociStitched	chr4	173896472	173909159	3	8039	9451.815	1922.0805	636	1
4_MACS_peak_8745_lociStitched	chr16	70461262	70473930	4	8032	7628.6696	1779.854	637	1
3_MACS_peak_10230_lociStitched	chr17	80405894	80424007	3	8032	23157.4705	3579.1288	638	1
4_MACS_peak_18022_lociStitched	chr5	6392807	6409768	4	8029	11150.1614	2489.8748	639	1
2_MACS_peak_21698_lociStitched	chr7	133728193	133737328	2	8017	8147.5065	1995.084	640	1
3_MACS_peak_18947_lociStitched	chr5	153651846	153665677	3	8013	7103.6016	2071.8838	641	1
3_MACS_peak_23521_lociStitched	chr9	112669119	112683285	3	8012	20632.779	2432.3022	642	1
3_MACS_peak_4362_lociStitched	chr11	82704571	82719608	3	8005	13400.9744	2311.1869	643	1
3_MACS_peak_15426_lociStitched	chr3	13455177	13470739	3	8000	22457.5222	2424.5596	644	1
3_MACS_peak_15220_lociStitched	chr22	43656664	43669725	3	7983	11757.5122	2023.1489	645	1
1_MACS_peak_19144_lociStitched	chr5	176852182	176860161	1	7980	13527.5966	1790.4876	646	1
2_MACS_peak_10656_lociStitched	chr18	60798246	60811208	2	7968	12996.9974	2215.2058	647	1
4_MACS_peak_15834_lociStitched	chr3	53194332	53215558	4	7962	8157.1518	2905.8394	648	1
3_MACS_peak_14527_lociStitched	chr21	34696150	34712591	3	7947	18527.3629	3875.1437	649	1
2_MACS_peak_14530_lociStitched	chr21	34745740	34757310	2	7945	17376.983	2653.001	650	1
3_MACS_peak_15069_lociStitched	chr22	38638304	38658287	3	7942	14355.7872	2877.552	651	1
1_MACS_peak_13816_lociStitched	chr20	9489892	9497831	1	7940	10489.8007	1519.5246	652	1
4_MACS_peak_3834_lociStitched	chr11	35127523	35149132	4	7934	8300.0169	3161.3967	653	1
2_MACS_peak_22718_lociStitched	chr8	126779497	126788965	2	7917	10996.1352	1082.1924	654	1
4_MACS_peak_16965_lociStitched	chr4	6168594	6186702	4	7910	6915.4452	2678.1732	655	1
1_MACS_peak_22630_lociStitched	chr8	118449721	118457622	1	7902	23620.8296	1386.6255	656	1
3_MACS_peak_19451_lociStitched	chr6	26020350	26034207	3	7902	10729.4751	2420.8179	657	1
3_MACS_peak_2152_lociStitched	chr1	223899453	223915594	3	7901	14941.7237	3977.1424	658	1
4_MACS_peak_23452_lociStitched	chr9	101997111	102022671	4	7899	14699.556	3573.288	659	1
2_MACS_peak_2220_lociStitched	chr1	228268945	228279346	2	7897	17635.9356	2662.656	660	1
2_MACS_peak_7615_lociStitched	chr15	70045948	70054244	2	7889	9556.1624	1847.5192	661	1
3_MACS_peak_280_lociStitched	chr1	23937205	23954652	3	7882	8508.9019	2887.4785	662	1
3_MACS_peak_19683_lociStitched	chr6	35264731	35280043	3	7870	13388.8128	2321.2992	663	1
2_MACS_peak_6619_lociStitched	chr14	50465373	50476583	2	7866	21832.596	1153.509	664	1
1_MACS_peak_20766_lociStitched	chr7	20254542	20262405	1	7864	19875.3051	1744.0134	665	1
2_MACS_peak_8197_lociStitched	chr16	11668591	11682055	2	7864	11168.388	2115.1944	666	1
5_MACS_peak_10051_lociStitched	chr17	74169161	74190613	5	7864	8076.678	2953.9404	667	1
2_MACS_peak_15441_lociStitched	chr3	14727987	14741663	2	7856	8149.5284	2475.356	668	1
2_MACS_peak_18477_lociStitched	chr5	88635179	88650656	2	7854	14532.903	2216.3064	669	1
4_MACS_peak_4940_lociStitched	chr12	11965222	11990934	4	7854	10130.528	3877.3696	670	1
4_MACS_peak_19310_lociStitched	chr6	10403520	10427599	4	7853	11572.3674	3084.5199	671	1
4_MACS_peak_3465_lociStitched	chr10	126410977	126433825	4	7847	12038.6112	3269.5488	672	1
2_MACS_peak_16626_lociStitched	chr3	176912498	176920618	2	7846	15698.396	2181.032	673	1
1_MACS_peak_22710_lociStitched	chr8	126441238	126449081	1	7844	14973.0713	1696.4409	674	1
4_MACS_peak_4563_lociStitched	chr11	115795047	115811260	4	7840	8808.5229	2446.5417	675	1
1_MACS_peak_3936_lociStitched	chr11	58340120	58347956	1	7837	33793.5336	1481.7876	676	1
2_MACS_peak_12774_lociStitched	chr2	112482416	112494752	2	7828	15764.1744	1789.9536	677	1
3_MACS_peak_19948_lociStitched	chr6	74159552	74182479	3	7826	14544.8888	3189.1457	678	1
5_MACS_peak_22962_lociStitched	chr9	6629959	6656191	5	7825	9422.5344	3546.5664	679	1
3_MACS_peak_9584_lociStitched	chr17	40826873	40835146	3	7815	11517.6706	1511.4771	680	1
3_MACS_peak_1293_lociStitched	chr1	149203734	149225536	3	7813	37534.3232	6165.6056	681	1
1_MACS_peak_19709_lociStitched	chr6	36719364	36727175	1	7812	15529.8302	1895.7297	682	1
3_MACS_peak_21534_lociStitched	chr7	111711508	111726245	3	7810	10251.0572	3116.8755	683	1
2_MACS_peak_14282_lociStitched	chr20	52225403	52241112	2	7802	9887.2446	2161.5584	684	1
2_MACS_peak_2535_lociStitched	chr10	14776123	14786189	2	7800	8859.0866	1722.2926	685	1
3_MACS_peak_22706_lociStitched	chr8	126342081	126355763	3	7779	7702.966	1870.3294	686	1
3_MACS_peak_23912_lociStitched	chrX	949926	971037	3	7761	11921.3817	916.2174	687	1
3_MACS_peak_7790_lociStitched	chr15	81608695	81624519	3	7755	9472.2464	2761.288	688	1
4_MACS_peak_4625_lociStitched	chr11	120195739	120216563	4	7751	9841.4224	3392.2296	689	1
3_MACS_peak_15588_lociStitched	chr3	39248170	39263326	3	7746	14755.8816	2723.5332	690	1
3_MACS_peak_2179_lociStitched	chr1	226034911	226045064	3	7745	9541.7894	2738.2641	691	1
2_MACS_peak_23410_lociStitched	chr9	98267485	98279559	2	7744	7932.618	1329.3474	692	1
2_MACS_peak_18475_lociStitched	chr5	88595747	88611578	2	7741	16788.7755	2741.9292	693	1
3_MACS_peak_24472_lociStitched	chrX	119435291	119445544	3	7740	8245.4626	954.5543	694	1
1_MACS_peak_12365_lociStitched	chr2	66659694	66667429	1	7736	8602.0935	1024.114	695	1
1_MACS_peak_868_lociStitched	chr1	66795801	66803529	1	7729	18085.0656	1768.9392	696	1
3_MACS_peak_13664_lociStitched	chr2	241499337	241509449	3	7723	12888.7552	969.7408	697	1
2_MACS_peak_7044_lociStitched	chr14	105947024	105958448	2	7723	13324.9536	1386.8736	698	1
3_MACS_peak_20164_lociStitched	chr6	108929045	108943684	3	7721	9099.6024	1804.9887	699	1
2_MACS_peak_15074_lociStitched	chr22	38701381	38714608	2	7707	13720.3671	2491.9668	700	1
3_MACS_peak_23662_lociStitched	chr9	127622924	127635908	3	7703	16689.6336	2195.5944	701	1
3_MACS_peak_5378_lociStitched	chr12	57022259	57040687	3	7700	11845.5184	3414.7084	702	1
2_MACS_peak_8769_lociStitched	chr16	71876837	71888757	2	7694	11500.416	1978.72	703	1
4_MACS_peak_7525_lociStitched	chr15	63765722	63780106	4	7691	8411.7632	2006.568	704	1
2_MACS_peak_17147_lociStitched	chr4	38664332	38673668	2	7672	12157.3392	1204.344	705	1
2_MACS_peak_18683_lociStitched	chr5	130709198	130718885	2	7671	9749.9655	1758.1905	706	1
2_MACS_peak_15404_lociStitched	chr3	10430482	10439951	2	7659	9734.132	1784.9065	707	1
4_MACS_peak_18829_lociStitched	chr5	141388766	141405093	4	7659	9370.0653	2693.955	708	1
2_MACS_peak_18182_lociStitched	chr5	43007173	43021093	2	7654	9954.192	2348.304	709	1
1_MACS_peak_2671_lociStitched	chr10	30989336	30996986	1	7651	28588.05	1608.795	710	1
1_MACS_peak_1818_lociStitched	chr1	192571872	192579520	1	7649	9024.64	1738.3904	711	1
2_MACS_peak_15185_lociStitched	chr22	42141640	42150682	2	7649	13362.2676	1902.4368	712	1
2_MACS_peak_15371_lociStitched	chr3	8698014	8708816	2	7649	13169.7984	2053.4602	713	1
4_MACS_peak_15810_lociStitched	chr3	52272350	52297635	4	7646	10551.4305	4063.2995	714	1
3_MACS_peak_2919_lociStitched	chr10	72252233	72269854	3	7643	11663.3399	2912.7513	715	1
1_MACS_peak_22235_lociStitched	chr8	38237438	38245065	1	7628	17207.2747	1345.4028	716	1
1_MACS_peak_14100_lociStitched	chr20	37498408	37506035	1	7628	48342.2141	1882.3436	717	1
2_MACS_peak_325_lociStitched	chr1	25869584	25879094	2	7628	19971	1708.947	718	1
2_MACS_peak_7479_lociStitched	chr15	58583756	58591799	2	7616	10332.8421	1528.9743	719	1
5_MACS_peak_4095_lociStitched	chr11	65306901	65326747	5	7616	8317.4586	2986.823	720	1
3_MACS_peak_11672_lociStitched	chr19	50369468	50381995	3	7610	20749.7228	2547.9918	721	1
3_MACS_peak_17381_lociStitched	chr4	82424875	82441986	3	7607	8998.6749	2407.5177	722	1
2_MACS_peak_5250_lociStitched	chr12	50054334	50065893	2	7599	14167.8663	2072.5287	723	1
2_MACS_peak_15400_lociStitched	chr3	10254349	10267075	2	7598	11571.7518	2006.8902	724	1
2_MACS_peak_11141_lociStitched	chr19	16180424	16191690	2	7593	21308.5124	1750.7364	725	1
2_MACS_peak_21487_lociStitched	chr7	105816610	105829810	2	7593	15116.64	2995.08	726	1
4_MACS_peak_9279_lociStitched	chr17	25658743	25681830	4	7593	14620.9971	2811.9966	727	1
3_MACS_peak_9267_lociStitched	chr17	20936780	20955669	3	7591	13318.6339	2580.2374	728	1
2_MACS_peak_24185_lociStitched	chrX	48793558	48804591	2	7589	21044.3442	1298.5841	729	1
2_MACS_peak_9043_lociStitched	chr17	4842244	4854556	2	7581	24186.924	2261.7144	730	1
2_MACS_peak_22142_lociStitched	chr8	28195121	28207121	2	7576	12664.8	2028	731	1
3_MACS_peak_15356_lociStitched	chr3	5018378	5029543	3	7574	13898.192	1918.147	732	1
1_MACS_peak_20305_lociStitched	chr6	130003212	130010784	1	7573	18203.088	1437.9228	733	1
2_MACS_peak_2553_lociStitched	chr10	15826039	15834600	2	7573	23286.7761	1344.9331	734	1
3_MACS_peak_3489_lociStitched	chr10	130825373	130836725	3	7571	12182.9664	1401.972	735	1
4_MACS_peak_10492_lociStitched	chr18	42288953	42306582	4	7563	7130.9305	2691.9483	736	1
2_MACS_peak_23059_lociStitched	chr9	33445167	33457190	2	7557	10149.8166	2241.0872	737	1
3_MACS_peak_16385_lociStitched	chr3	141205434	141219030	3	7552	11072.5824	2146.8084	738	1
4_MACS_peak_7581_lociStitched	chr15	67372732	67395456	4	7545	9587.2556	3656.2916	739	1
3_MACS_peak_8880_lociStitched	chr16	87799035	87815191	3	7542	10716.2748	1202.0064	740	1
2_MACS_peak_21928_lociStitched	chr8	1990820	2000106	2	7541	33886.4712	1746.6966	741	1
3_MACS_peak_19625_lociStitched	chr6	32805254	32823190	3	7537	12793.7488	2824.92	742	1
3_MACS_peak_9211_lociStitched	chr17	18217109	18236105	3	7537	20055.9768	3278.7096	743	1
1_MACS_peak_21072_lociStitched	chr7	55597669	55605196	1	7528	47159.6658	1621.3158	744	1
3_MACS_peak_21686_lociStitched	chr7	130902724	130917471	3	7524	9119.5448	3273.834	745	1
4_MACS_peak_6159_lociStitched	chr13	42061715	42078168	4	7522	6349.2127	1312.9494	746	1
2_MACS_peak_14584_lociStitched	chr21	37906294	37916973	2	7519	23001.4981	2573.639	747	1
3_MACS_peak_10094_lociStitched	chr17	75314957	75329706	3	7517	14181.1635	2467.5077	748	1
4_MACS_peak_15155_lociStitched	chr22	41031635	41049118	4	7515	11953.1271	2778.0487	749	1
2_MACS_peak_9730_lociStitched	chr17	47816357	47827468	2	7509	10037.6774	2153.3118	750	1
2_MACS_peak_9017_lociStitched	chr17	3813351	3821194	2	7506	16665.5907	1544.2867	751	1
2_MACS_peak_12753_lociStitched	chr2	111806344	111821356	2	7506	14704.254	1906.524	752	1
2_MACS_peak_19515_lociStitched	chr6	27857661	27871382	2	7501	9032.5343	2222.802	753	1
2_MACS_peak_14639_lociStitched	chr21	43527181	43541160	2	7491	19467.1554	3321.4104	754	1
3_MACS_peak_6711_lociStitched	chr14	63936600	63951913	3	7486	7115.9511	1068.8474	755	1
2_MACS_peak_21843_lociStitched	chr7	150100720	150113895	2	7481	31680.605	3301.655	756	1
4_MACS_peak_18390_lociStitched	chr5	75585906	75601031	4	7474	6943.8875	2047.925	757	1
2_MACS_peak_20348_lociStitched	chr6	135190465	135204186	2	7470	22612.208	2538.385	758	1
2_MACS_peak_20550_lociStitched	chr6	160389165	160403976	2	7469	9569.3871	1181.9178	759	1
2_MACS_peak_16437_lociStitched	chr3	150315540	150323191	2	7466	9257.71	1322.8579	760	1
1_MACS_peak_8805_lociStitched	chr16	78797484	78804943	1	7460	6472.1743	761.5639	761	1
1_MACS_peak_2843_lociStitched	chr10	63656554	63664012	1	7459	8517.7818	1210.4334	762	1
3_MACS_peak_13903_lociStitched	chr20	23329940	23344206	3	7449	16825.3204	2426.6466	763	1
2_MACS_peak_15084_lociStitched	chr22	39095390	39103869	2	7448	27581.3391	1588.9646	764	1
2_MACS_peak_11665_lociStitched	chr19	50166491	50182136	2	7445	16676.0055	2970.9855	765	1
3_MACS_peak_20130_lociStitched	chr6	106227327	106241672	3	7443	6654.6455	2174.702	766	1
2_MACS_peak_11405_lociStitched	chr19	39338761	39348828	2	7442	18552.4743	2033.534	767	1
1_MACS_peak_14199_lociStitched	chr20	45979904	45987342	1	7439	18851.611	1556.7734	768	1
3_MACS_peak_22456_lociStitched	chr8	81049942	81061002	3	7439	7830.48	2081.492	769	1
2_MACS_peak_4759_lociStitched	chr11	132218792	132231516	2	7430	14509.1772	2009.1196	770	1
3_MACS_peak_13775_lociStitched	chr20	5092737	5109093	3	7427	14648.4336	2262.0348	771	1
2_MACS_peak_11731_lociStitched	chr19	55764303	55772005	2	7420	10521.7022	1659.0108	772	1
2_MACS_peak_21845_lociStitched	chr7	150124955	150133880	2	7420	15757.98	2298.1875	773	1
2_MACS_peak_14501_lociStitched	chr21	32924489	32932787	2	7415	12563.172	2188.1826	774	1
2_MACS_peak_18582_lociStitched	chr5	112256449	112266971	2	7410	13665.9736	2008.6498	775	1
3_MACS_peak_7619_lociStitched	chr15	70306190	70316753	3	7408	9867.9546	2146.4016	776	1
2_MACS_peak_141_lociStitched	chr1	11623233	11631918	2	7407	8816.1435	1360.9395	777	1
4_MACS_peak_11075_lociStitched	chr19	12991287	13011978	4	7399	9652.3515	3405.7386	778	1
2_MACS_peak_18813_lociStitched	chr5	140886650	140894585	2	7387	6252.78	1329.1125	779	1
1_MACS_peak_16529_lociStitched	chr3	160116156	160123537	1	7382	19182.4809	1468.0809	780	1
4_MACS_peak_2251_lociStitched	chr1	230630855	230652300	4	7381	9718.874	3857.9555	781	1
2_MACS_peak_399_lociStitched	chr1	28831485	28846134	2	7379	16817.052	2469.8214	782	1
3_MACS_peak_16323_lociStitched	chr3	133159890	133169110	3	7368	7870.192	1592.294	783	1
2_MACS_peak_23720_lociStitched	chr9	130731681	130744339	2	7368	15769.3364	2032.8748	784	1
2_MACS_peak_402_lociStitched	chr1	28905197	28914456	2	7366	9595.1017	1480.5141	785	1
3_MACS_peak_5394_lociStitched	chr12	57622692	57637937	3	7363	12956.7255	2519.9985	786	1
4_MACS_peak_11175_lociStitched	chr19	16984341	17008670	4	7357	9347.2018	2586.1727	787	1
2_MACS_peak_6399_lociStitched	chr13	111357484	111369258	2	7354	9216.6872	2071.0466	788	1
3_MACS_peak_4359_lociStitched	chr11	82666447	82683631	3	7341	12686.9472	2324.9952	789	1
2_MACS_peak_13317_lociStitched	chr2	201312501	201321953	2	7336	7754.4208	1618.1824	790	1
3_MACS_peak_21491_lociStitched	chr7	106182779	106194985	3	7334	9874.654	2663.3492	791	1
3_MACS_peak_19590_lociStitched	chr6	31619125	31634823	3	7331	15916.2022	2516.3894	792	1
1_MACS_peak_7700_lociStitched	chr15	75334548	75341877	1	7330	27952.806	1836.6474	793	1
2_MACS_peak_8454_lociStitched	chr16	30661127	30673162	2	7330	15822.4145	2327.569	794	1
3_MACS_peak_15097_lociStitched	chr22	39409239	39422090	3	7328	9896.5551	2180.8147	795	1
4_MACS_peak_23104_lociStitched	chr9	35828394	35849401	4	7328	8463.7203	3468.2557	796	1
1_MACS_peak_20139_lociStitched	chr6	106610172	106617495	1	7324	28349.5299	1762.6461	797	1
4_MACS_peak_23858_lociStitched	chr9	139432278	139445800	4	7321	10858.166	1692.9544	798	1
2_MACS_peak_10099_lociStitched	chr17	75434847	75443006	2	7317	21591.9776	1383.7664	799	1
2_MACS_peak_12760_lociStitched	chr2	112186267	112195273	2	7316	5405.4012	1508.505	800	1
1_MACS_peak_1208_lociStitched	chr1	143461391	143468705	1	7315	19851.6588	3607.2648	801	1
1_MACS_peak_15433_lociStitched	chr3	14161152	14168460	1	7309	20288.4696	1666.224	802	1
2_MACS_peak_8994_lociStitched	chr17	2294583	2306218	2	7307	20468.292	1993.0755	803	1
4_MACS_peak_15232_lociStitched	chr22	45629938	45646507	4	7306	12039.0354	2354.4549	804	1
2_MACS_peak_21994_lociStitched	chr8	11386775	11396723	2	7303	10205.6532	1529.0076	805	1
3_MACS_peak_16298_lociStitched	chr3	130557935	130574031	3	7291	8250.8096	2575.36	806	1
3_MACS_peak_17499_lociStitched	chr4	103532998	103542564	3	7287	11440.936	1707.531	807	1
3_MACS_peak_22168_lociStitched	chr8	29490702	29506197	3	7273	9168.3915	2301.0075	808	1
2_MACS_peak_21732_lociStitched	chr7	137664501	137673536	2	7271	8070.062	2418.6695	809	1
2_MACS_peak_12722_lociStitched	chr2	110086032	110093727	2	7270	9778.806	1375.866	810	1
4_MACS_peak_7359_lociStitched	chr15	45016238	45029329	4	7269	8643.9873	2170.4878	811	1
2_MACS_peak_2002_lociStitched	chr1	207994967	208006081	2	7268	11151.7876	3118.5884	812	1
5_MACS_peak_7745_lociStitched	chr15	78348159	78377223	5	7261	7699.0536	3938.172	813	1
3_MACS_peak_300_lociStitched	chr1	24710104	24720297	3	7260	7452.1023	2398.4129	814	1
3_MACS_peak_23804_lociStitched	chr9	134594912	134615330	3	7258	12138.501	3093.327	815	1
3_MACS_peak_15617_lociStitched	chr3	42622478	42643377	3	7255	13197.7185	2973.9277	816	1
2_MACS_peak_21653_lociStitched	chr7	128572287	128582224	2	7251	18035.655	2800.2466	817	1
3_MACS_peak_14206_lociStitched	chr20	46114737	46132120	3	7249	9757.0779	2379.7327	818	1
2_MACS_peak_317_lociStitched	chr1	25346966	25359227	2	7236	20073.7092	1666.2699	819	1
3_MACS_peak_4208_lociStitched	chr11	68032987	68050526	3	7233	11454.7209	2713.2833	820	1
3_MACS_peak_8548_lociStitched	chr16	50299087	50317008	3	7227	11523.203	2689.9421	821	1
1_MACS_peak_5381_lociStitched	chr12	57076642	57083864	1	7223	17339.2998	1266.7388	822	1
2_MACS_peak_12739_lociStitched	chr2	111126567	111141873	2	7222	18947.2974	2194.8804	823	1
6_MACS_peak_3536_lociStitched	chr11	554210	577832	6	7221	14133.0426	2955.1122	824	1
2_MACS_peak_4730_lociStitched	chr11	129238369	129248189	2	7215	9108.05	1524.064	825	1
3_MACS_peak_19465_lociStitched	chr6	26215732	26236125	3	7215	9792.7186	2885.6095	826	1
2_MACS_peak_7632_lociStitched	chr15	70783067	70798507	2	7214	14166.2	2194.024	827	1
2_MACS_peak_59_lociStitched	chr1	2476842	2489142	2	7200	12886.71	2052.87	828	1
4_MACS_peak_24194_lociStitched	chrX	49011936	49029541	4	7190	13638.5935	1524.593	829	1
1_MACS_peak_328_lociStitched	chr1	25941903	25949090	1	7188	11511.4179	1310.9088	830	1
3_MACS_peak_11081_lociStitched	chr19	13043475	13057680	3	7181	13560.093	2556.9	831	1
1_MACS_peak_9500_lociStitched	chr17	37909279	37916458	1	7180	37231.7298	1651.17	832	1
3_MACS_peak_1383_lociStitched	chr1	153747260	153765063	3	7180	13263.235	3813.4026	833	1
1_MACS_peak_21684_lociStitched	chr7	130789961	130797133	1	7173	21226.2512	1742.796	834	1
3_MACS_peak_22732_lociStitched	chr8	129278469	129287366	3	7167	6828.4475	1632.5995	835	1
2_MACS_peak_7204_lociStitched	chr15	33296545	33309755	2	7162	11540.256	2100.39	836	1
3_MACS_peak_15315_lociStitched	chr22	50906836	50921096	3	7160	11368.072	2042.032	837	1
3_MACS_peak_22851_lociStitched	chr8	145049843	145065537	3	7159	7489.1768	2427.8618	838	1
2_MACS_peak_23674_lociStitched	chr9	128392148	128399536	2	7157	10961.5756	1291.4224	839	1
1_MACS_peak_21443_lociStitched	chr7	102151996	102159150	1	7155	7194.7778	2918.832	840	1
1_MACS_peak_12068_lociStitched	chr2	33717489	33724643	1	7155	13378.6954	1382.1528	841	1
1_MACS_peak_12196_lociStitched	chr2	47166733	47173886	1	7154	9699.468	1438.4683	842	1
3_MACS_peak_21584_lociStitched	chr7	120627755	120639158	3	7146	4986.5319	2557.6929	843	1
3_MACS_peak_15772_lociStitched	chr3	50263439	50284716	3	7146	7683.1247	3729.8581	844	1
3_MACS_peak_16729_lociStitched	chr3	184659884	184671833	3	7144	8989.2327	2549.9166	845	1
5_MACS_peak_13642_lociStitched	chr2	239167330	239176574	5	7141	5207.1452	846.7504	846	1
3_MACS_peak_19643_lociStitched	chr6	33279922	33292503	3	7141	9737.694	2423.1006	847	1
2_MACS_peak_20834_lociStitched	chr7	25979919	25992244	2	7139	17856.46	1867.2375	848	1
1_MACS_peak_15425_lociStitched	chr3	13369907	13377036	1	7130	13139.4599	1167.0173	849	1
2_MACS_peak_2182_lociStitched	chr1	226062832	226071685	2	7127	12066.639	2420.4102	850	1
2_MACS_peak_86_lociStitched	chr1	6660189	6674992	2	7127	12772.0284	2254.4969	851	1
2_MACS_peak_5546_lociStitched	chr12	80684761	80695000	2	7125	6588.7965	1324.9266	852	1
3_MACS_peak_16371_lociStitched	chr3	140470808	140485132	3	7113	8133.1672	2161.4916	853	1
3_MACS_peak_4602_lociStitched	chr11	118888234	118901919	3	7112	11771.837	2159.493	854	1
4_MACS_peak_4116_lociStitched	chr11	65655126	65668634	4	7105	6894.4832	2324.7268	855	1
2_MACS_peak_14556_lociStitched	chr21	36235622	36248083	2	7102	14874.6957	2895.9364	856	1
3_MACS_peak_14110_lociStitched	chr20	39631280	39642118	3	7100	8082.9804	1623.5324	857	1
3_MACS_peak_20419_lociStitched	chr6	139633968	139648757	3	7098	8536.2108	1935.8801	858	1
4_MACS_peak_22585_lociStitched	chr8	103817863	103828769	4	7094	11227.727	945.5502	859	1
1_MACS_peak_9645_lociStitched	chr17	43388452	43395544	1	7093	7308.306	1872.288	860	1
3_MACS_peak_13403_lociStitched	chr2	207996923	208015065	3	7091	9147.1964	2697.7154	861	1
1_MACS_peak_9475_lociStitched	chr17	36856431	36863516	1	7086	21732.529	1344.0245	862	1
3_MACS_peak_15110_lociStitched	chr22	39539727	39549726	3	7086	9681.0318	1717.8282	863	1
3_MACS_peak_8565_lociStitched	chr16	53123927	53134723	3	7083	13813.482	1791.0564	864	1
3_MACS_peak_11801_lociStitched	chr19	59054683	59071913	3	7080	15544.906	2515.58	865	1
2_MACS_peak_6802_lociStitched	chr14	74224863	74239352	2	7078	9067.2162	1380.8017	866	1
2_MACS_peak_18937_lociStitched	chr5	151127629	151138891	2	7077	8107.5138	1734.348	867	1
3_MACS_peak_11511_lociStitched	chr19	44257838	44271621	3	7070	15155.7868	2489.2098	868	1
4_MACS_peak_8561_lociStitched	chr16	53086150	53103495	4	7065	8252.751	2513.2905	869	1
5_MACS_peak_22874_lociStitched	chr8	145687060	145704919	5	7064	6461.3862	2698.4949	870	1
1_MACS_peak_12940_lociStitched	chr2	135163197	135170259	1	7063	8495.586	1396.1574	871	1
3_MACS_peak_5620_lociStitched	chr12	94541136	94552840	3	7056	10098.2112	2228.4416	872	1
2_MACS_peak_9950_lociStitched	chr17	66452356	66459519	2	7050	9405.019	1401.0828	873	1
2_MACS_peak_9274_lociStitched	chr17	21178457	21192654	2	7039	10441.8935	2752.7983	874	1
2_MACS_peak_16295_lociStitched	chr3	129892873	129900527	2	7037	17620.2734	1531.5654	875	1
3_MACS_peak_10938_lociStitched	chr19	7400304	7410962	3	7035	14431.9978	2438.5504	876	1
2_MACS_peak_1414_lociStitched	chr1	154821450	154835734	2	7028	22231.6176	3065.3464	877	1
2_MACS_peak_22459_lociStitched	chr8	81073653	81084550	2	7027	7367.4617	1911.3338	878	1
2_MACS_peak_13459_lociStitched	chr2	219081082	219095632	2	7027	8360.43	2278.53	879	1
4_MACS_peak_23879_lociStitched	chr9	139964417	139991151	4	7026	10292.59	3119.8578	880	1
1_MACS_peak_5530_lociStitched	chr12	77453425	77460445	1	7021	9126	1440.504	881	1
3_MACS_peak_17751_lociStitched	chr4	153580394	153587988	3	7019	5970.4028	1364.6418	882	1
4_MACS_peak_664_lociStitched	chr1	45178368	45206592	4	7018	15901.4016	4143.2832	883	1
3_MACS_peak_2392_lociStitched	chr1	249151361	249169050	3	7009	11400.5605	3790.7527	884	1
1_MACS_peak_22778_lociStitched	chr8	134508347	134515349	1	7003	19350.7272	1564.2468	885	1
3_MACS_peak_22251_lociStitched	chr8	38812458	38823480	3	7003	11404.4634	1874.8422	886	1
2_MACS_peak_20065_lociStitched	chr6	90992715	91006775	2	7003	13919.4	2288.968	887	1
3_MACS_peak_5286_lociStitched	chr12	52416572	52432496	3	7001	12570.4056	2449.1112	888	1
1_MACS_peak_16334_lociStitched	chr3	133290430	133297425	1	6996	13822.12	1500.4275	889	1
3_MACS_peak_24617_lociStitched	chrX	153267112	153286360	3	6994	9760.6608	1726.5456	890	1
3_MACS_peak_10075_lociStitched	chr17	74778213	74788822	3	6991	8407.6325	1288.9935	891	1
2_MACS_peak_19801_lociStitched	chr6	44076752	44085747	2	6990	7476.644	1584.919	892	1
2_MACS_peak_20632_lociStitched	chr7	2438692	2447530	2	6986	14146.1028	1446.7806	893	1
2_MACS_peak_13031_lociStitched	chr2	158323869	158337750	2	6983	16303.2345	2416.6821	894	1
3_MACS_peak_10219_lociStitched	chr17	80249775	80259980	3	6979	21977.488	2052.2255	895	1
3_MACS_peak_11724_lociStitched	chr19	55468989	55485589	3	6977	9704.36	1754.62	896	1
3_MACS_peak_8487_lociStitched	chr16	31879962	31890345	3	6969	8414.3832	1828.4463	897	1
3_MACS_peak_1241_lociStitched	chr1	145500905	145517296	3	6968	15850.097	4030.5469	898	1
3_MACS_peak_2425_lociStitched	chr10	3798766	3808314	3	6958	11729.718	1370.138	899	1
3_MACS_peak_3427_lociStitched	chr10	124340933	124355976	3	6957	6463.9771	2045.848	900	1
3_MACS_peak_7597_lociStitched	chr15	68516558	68531465	3	6955	12269.9517	2113.8126	901	1
2_MACS_peak_10117_lociStitched	chr17	76163761	76171390	2	6954	13909.1928	1231.3206	902	1
2_MACS_peak_8199_lociStitched	chr16	11712507	11719962	2	6952	7580.9895	1305.3705	903	1
1_MACS_peak_4584_lociStitched	chr11	117877675	117884621	1	6947	18402.0378	1442.6842	904	1
2_MACS_peak_2054_lociStitched	chr1	211743215	211754252	2	6946	10109.892	2486.6361	905	1
3_MACS_peak_740_lociStitched	chr1	52327943	52345673	3	6939	13063.464	2748.15	906	1
3_MACS_peak_17900_lociStitched	chr4	185369099	185381027	3	6936	11634.5712	2223.3792	907	1
4_MACS_peak_9226_lociStitched	chr17	18934856	18951063	4	6936	5628.6911	2304.6354	908	1
3_MACS_peak_14309_lociStitched	chr20	53318524	53329918	3	6935	8750.592	1398.0438	909	1
2_MACS_peak_20341_lociStitched	chr6	134556673	134571891	2	6933	8403.3796	1769.8534	910	1
2_MACS_peak_16248_lociStitched	chr3	126628575	126636977	2	6932	12166.9362	1320.7944	911	1
4_MACS_peak_21295_lociStitched	chr7	90352433	90367674	4	6930	5729.0919	2176.4148	912	1
2_MACS_peak_12860_lociStitched	chr2	127413201	127422956	2	6928	9865.2315	1684.6885	913	1
1_MACS_peak_17698_lociStitched	chr4	144274708	144281633	1	6926	15589.56	1294.2825	914	1
3_MACS_peak_10222_lociStitched	chr17	80287227	80294498	3	6921	8540.5166	920.5086	915	1
2_MACS_peak_19187_lociStitched	chr5	180610684	180619999	2	6920	5538.699	1760.535	916	1
2_MACS_peak_10499_lociStitched	chr18	42488115	42500993	2	6916	7846.5654	2032.1484	917	1
1_MACS_peak_23459_lociStitched	chr9	102580710	102587620	1	6911	15456.979	1320.501	918	1
2_MACS_peak_23234_lociStitched	chr9	73026478	73036517	2	6911	16333.453	1689.5637	919	1
2_MACS_peak_7678_lociStitched	chr15	74906327	74921308	2	6908	12751.8272	3033.6525	920	1
2_MACS_peak_254_lociStitched	chr1	21615534	21622626	2	6907	21661.8048	1350.3168	921	1
1_MACS_peak_19631_lociStitched	chr6	32934883	32941784	1	6902	38611.095	1627.2558	922	1
2_MACS_peak_11143_lociStitched	chr19	16221423	16231839	2	6902	21831.936	2041.536	923	1
3_MACS_peak_22885_lociStitched	chr8	146010429	146025005	3	6902	9356.3344	2330.7024	924	1
3_MACS_peak_12528_lociStitched	chr2	86080382	86090714	3	6899	7361.55	1450.6128	925	1
3_MACS_peak_13919_lociStitched	chr20	24753552	24767239	3	6898	7620.9216	1968.1906	926	1
2_MACS_peak_1564_lociStitched	chr1	161185947	161198247	2	6896	10530.03	3151.26	927	1
1_MACS_peak_20135_lociStitched	chr6	106439268	106446159	1	6892	14364.9786	1138.3932	928	1
2_MACS_peak_20909_lociStitched	chr7	35764107	35771329	2	6892	10565.0638	1234.2398	929	1
2_MACS_peak_18161_lociStitched	chr5	37797899	37812815	2	6885	14056.8384	2135.9712	930	1
5_MACS_peak_13572_lociStitched	chr2	232526193	232546109	5	6885	7452.5672	1525.5656	931	1
2_MACS_peak_16161_lociStitched	chr3	119354554	119362801	2	6877	18705.0207	1552.9101	932	1
4_MACS_peak_13610_lociStitched	chr2	235391391	235405941	4	6876	5814.18	1341.51	933	1
3_MACS_peak_20357_lociStitched	chr6	135544295	135556438	3	6868	8019.2372	1882.165	934	1
3_MACS_peak_23374_lociStitched	chr9	95820577	95835539	3	6866	6879.5276	2108.1458	935	1
4_MACS_peak_3952_lociStitched	chr11	59317098	59334322	4	6865	7687.0712	2990.0864	936	1
3_MACS_peak_21316_lociStitched	chr7	92437463	92445237	3	6858	6859.0002	1389.2138	937	1
2_MACS_peak_19951_lociStitched	chr6	74220291	74234410	2	6857	15409.4766	2614.8388	938	1
3_MACS_peak_14353_lociStitched	chr20	58675265	58692499	3	6854	8725.5742	1921.591	939	1
2_MACS_peak_16940_lociStitched	chr4	4029594	4037237	2	6850	18343.2	1485.0349	940	1
3_MACS_peak_19340_lociStitched	chr6	12044309	12062204	3	6841	10520.4705	2861.4105	941	1
2_MACS_peak_10515_lociStitched	chr18	43912988	43927724	2	6840	10789.6992	1912.7328	942	1
2_MACS_peak_11294_lociStitched	chr19	28954795	28961670	2	6835	6844.0625	1115.8125	943	1
1_MACS_peak_22779_lociStitched	chr8	134579263	134586090	1	6828	16408.6945	1637.7973	944	1
2_MACS_peak_13016_lociStitched	chr2	153914754	153927169	2	6824	8316.8085	1780.311	945	1
3_MACS_peak_9117_lociStitched	chr17	8053766	8067315	3	6821	10211.8813	2456.4337	946	1
1_MACS_peak_1758_lociStitched	chr1	183808944	183815760	1	6817	19707.1008	1806.9216	947	1
2_MACS_peak_11880_lociStitched	chr2	10540069	10553139	2	6806	10722.628	2118.647	948	1
2_MACS_peak_7217_lociStitched	chr15	34625129	34635744	2	6805	7696.9365	1634.71	949	1
4_MACS_peak_9038_lociStitched	chr17	4692611	4711200	4	6804	8327.872	2169.3363	950	1
1_MACS_peak_21735_lociStitched	chr7	137707684	137714485	1	6802	6920.0175	1549.9479	951	1
2_MACS_peak_11238_lociStitched	chr19	19173410	19180845	2	6802	5892.2375	1269.898	952	1
3_MACS_peak_22712_lociStitched	chr8	126647877	126661142	3	6802	11638.711	2383.7205	953	1
3_MACS_peak_11417_lociStitched	chr19	39920734	39937269	3	6802	13361.9335	2595.995	954	1
2_MACS_peak_17963_lociStitched	chr5	217453	224775	2	6799	8852.298	1301.8516	955	1
2_MACS_peak_23583_lociStitched	chr9	117146523	117161254	2	6795	15178.8224	2675.1496	956	1
3_MACS_peak_7459_lociStitched	chr15	55568963	55583163	3	6792	10395.82	2051.9	957	1
3_MACS_peak_4591_lociStitched	chr11	118560188	118568354	3	6784	8444.4606	1594.0032	958	1
2_MACS_peak_11489_lociStitched	chr19	42745686	42760099	2	6778	8708.3346	1911.1638	959	1
1_MACS_peak_23986_lociStitched	chrX	12905122	12911896	1	6775	8143.7028	884.007	960	1
2_MACS_peak_21601_lociStitched	chr7	121944766	121951818	2	6775	14429.0972	1259.4872	961	1
3_MACS_peak_13289_lociStitched	chr2	198169136	198176008	3	6774	4813.836	1145.5624	962	1
4_MACS_peak_2563_lociStitched	chr10	17060388	17072417	4	6768	7064.6317	1526.4801	963	1
