#04_0EWQ_0229Kronos_MM1S-KB-1hr-2_H3K18Ac_hs-dm_i06_peaks Enhancers
#Created from /data/projects/IRF4_mm_trn_data/p300_internal_ChIP/rose/04_0EWQ_0229Kronos_MM1S-KB-1hr-2_H3K18Ac_hs-dm_i06_ROSE/04_0EWQ_0229Kronos_MM1S-KB-1hr-2_H3K18Ac_hs-dm_i06_peaks_8KB_STITCHED_ENHANCER_REGION_MAP.txt
#Ranked by X04_0EWQ_0229Kronos_MM1S.KB.1hr.2_H3K18Ac_hs.dm_i06.bam
#Using cutoff of 13913.4996 for Super-Enhancers
#Created on Jul 18 2024 
REGION_ID	CHROM	START	STOP	NUM_LOCI	CONSTITUENT_SIZE	X04_0EWQ_0229Kronos_MM1S.KB.1hr.2_H3K18Ac_hs.dm_i06.bam	X38_0EXQ_0229Kronos_MM1S.KB.1hr.2_Input_hs_i81.bam	enhancerRank	isSuperStretch
6_MACS_peak_14830_lociStitched	chr22	23221256	23298696	6	59625	245732.608	13033.152	1	1
6_MACS_peak_1169_lociStitched	chr1	118147752	118219052	6	59087	161494.5	8156.72	2	1
5_MACS_peak_16380_lociStitched	chr3	141079289	141133158	5	40605	214975.0183	11554.9005	3	1
2_MACS_peak_19296_lociStitched	chr6	7888904	7921751	2	31370	154495.8645	7607.3652	4	1
7_MACS_peak_10831_lociStitched	chr19	2594351	2638065	7	27177	168587.4124	10167.8764	5	1
8_MACS_peak_6905_lociStitched	chr14	91815025	91885554	8	44921	77539.5826	7419.6508	6	1
6_MACS_peak_12640_lociStitched	chr2	99060520	99107867	6	40390	102529.9285	9744.0126	7	1
9_MACS_peak_14000_lociStitched	chr20	32398532	32473757	9	39958	98319.075	13758.6525	8	1
5_MACS_peak_12091_lociStitched	chr2	37531976	37584199	5	39356	87436.9689	8872.6877	9	1
5_MACS_peak_19200_lociStitched	chr6	290004	337957	5	36199	109673.3063	14903.7924	10	1
3_MACS_peak_7047_lociStitched	chr14	106024730	106057615	3	30877	117083.754	5310.9275	11	1
6_MACS_peak_9432_lociStitched	chr17	34597394	34641990	6	36160	86850.71	9592.5996	12	1
6_MACS_peak_13953_lociStitched	chr20	30262457	30312225	6	36112	76443.648	9749.5512	13	1
7_MACS_peak_9176_lociStitched	chr17	16847846	16895580	7	27868	108757.1456	8195.9278	14	1
5_MACS_peak_9427_lociStitched	chr17	34508277	34544344	5	31048	84126.2775	8767.8877	15	1
6_MACS_peak_1417_lociStitched	chr1	154907933	154957604	6	28039	93927.861	13033.6704	16	1
6_MACS_peak_10538_lociStitched	chr18	46439428	46479863	6	32781	49359.0045	7039.7335	17	1
9_MACS_peak_4870_lociStitched	chr12	7013287	7081058	9	30778	61237.8756	11446.5219	18	1
6_MACS_peak_7054_lociStitched	chr14	106145144	106175857	6	26126	79684.8785	3513.5672	19	1
6_MACS_peak_16699_lociStitched	chr3	183227751	183274385	6	29352	59033.9806	11994.2648	20	1
5_MACS_peak_1906_lociStitched	chr1	203241548	203277855	5	25613	81026.3319	9501.5419	21	1
6_MACS_peak_9385_lociStitched	chr17	32688437	32726973	6	29104	51418.5848	7052.088	22	1
5_MACS_peak_8204_lociStitched	chr16	11796833	11837881	5	29042	50517.7736	7372.2208	23	1
2_MACS_peak_21930_lociStitched	chr8	2027405	2050911	2	18397	101842.0956	4247.5342	24	1
1_MACS_peak_17989_lociStitched	chr5	1310880	1320645	1	9766	116800.1415	2365.083	25	1
4_MACS_peak_14904_lociStitched	chr22	29186020	29221401	4	24564	74494.6955	5643.2695	26	1
5_MACS_peak_13932_lociStitched	chr20	25261619	25301467	5	22752	80305.6744	6578.9048	27	1
2_MACS_peak_2488_lociStitched	chr10	11202849	11223676	2	20634	86911.071	4740.2252	28	1
4_MACS_peak_4090_lociStitched	chr11	65238164	65278803	4	23611	73633.8041	7290.6366	29	1
1_MACS_peak_20136_lociStitched	chr6	106530926	106555972	1	25047	61713.344	4806.3274	30	1
4_MACS_peak_21839_lociStitched	chr7	150054177	150084837	4	23020	75763.926	7140.714	31	1
1_MACS_peak_13580_lociStitched	chr2	232687081	232714717	1	27637	32121.3228	3255.5208	32	1
4_MACS_peak_14687_lociStitched	chr21	45552486	45581117	4	19472	88260.7837	7212.1489	33	1
3_MACS_peak_17452_lociStitched	chr4	90205010	90240531	3	25153	56503.2547	5665.5995	34	1
6_MACS_peak_1964_lociStitched	chr1	206271668	206311356	6	23738	68406.2368	9036.9576	35	1
2_MACS_peak_4087_lociStitched	chr11	65183467	65209402	2	18933	87413.9175	6483.75	36	1
8_MACS_peak_19860_lociStitched	chr6	52392551	52442954	8	25830	50861.6673	8790.2832	37	1
2_MACS_peak_1469_lociStitched	chr1	156115287	156137032	2	20573	77805.7845	6121.2175	38	1
5_MACS_peak_3447_lociStitched	chr10	125822163	125854573	5	25252	42483.028	5807.872	40	1
5_MACS_peak_21435_lociStitched	chr7	102063762	102093103	5	19365	76427.4368	4747.3738	41	1
3_MACS_peak_14853_lociStitched	chr22	24178839	24200891	3	15788	86686.412	4121.5188	42	1
8_MACS_peak_7179_lociStitched	chr15	31616837	31657705	8	24430	44709.592	7061.9904	43	1
7_MACS_peak_8696_lociStitched	chr16	68269826	68320185	7	24488	36263.5159	8017.1528	44	1
3_MACS_peak_5745_lociStitched	chr12	109009386	109035885	3	17586	77406.2289	5456.1441	45	1
1_MACS_peak_5300_lociStitched	chr12	53588036	53603898	1	15863	79631.9986	3886.19	46	1
11_MACS_peak_9696_lociStitched	chr17	46506659	46571187	11	24225	34328.896	10627.7616	47	1
5_MACS_peak_12762_lociStitched	chr2	112208473	112253636	5	20925	57478.9501	7519.6395	48	1
4_MACS_peak_9420_lociStitched	chr17	34408807	34432955	4	22233	43311.8528	4701.6156	49	1
3_MACS_peak_11414_lociStitched	chr19	39880744	39904238	3	18532	65787.8988	4757.535	50	1
3_MACS_peak_4265_lociStitched	chr11	72850524	72869839	3	18835	63237.31	3805.055	51	1
2_MACS_peak_11936_lociStitched	chr2	20404073	20426436	2	20641	47872.4741	4564.2883	52	1
6_MACS_peak_3292_lociStitched	chr10	105229917	105268347	6	22016	37373.175	6121.899	53	1
5_MACS_peak_15360_lociStitched	chr3	5222680	5256326	5	22583	29732.9702	5834.2164	54	1
4_MACS_peak_21461_lociStitched	chr7	104576224	104605392	4	19465	54637.4976	5051.8976	55	1
6_MACS_peak_11470_lociStitched	chr19	42027358	42062362	6	22121	32329.6944	6195.708	56	1
8_MACS_peak_20175_lociStitched	chr6	109186644	109228383	8	22204	25222.8777	6018.7638	57	1
3_MACS_peak_8201_lociStitched	chr16	11762266	11786163	3	19946	46080.5851	4800.9073	58	1
10_MACS_peak_20393_lociStitched	chr6	138246563	138297409	10	21872	27050.072	7759.0996	59	1
2_MACS_peak_421_lociStitched	chr1	31213988	31233546	2	19386	47991.4204	4318.4064	60	1
6_MACS_peak_5313_lociStitched	chr12	53845743	53873572	6	21933	20081.4064	4856.1605	61	1
6_MACS_peak_5916_lociStitched	chr12	123355281	123387110	6	21279	28295.981	2711.8308	62	1
6_MACS_peak_2492_lociStitched	chr10	11278859	11312919	6	20266	40337.258	5756.14	64	1
7_MACS_peak_22699_lociStitched	chr8	126285335	126322748	7	21004	30143.6541	5301.4221	65	1
3_MACS_peak_1481_lociStitched	chr1	156456494	156476550	3	19861	41473.8024	5738.0216	66	1
2_MACS_peak_10808_lociStitched	chr19	2081450	2098310	2	15002	67310.178	5226.6	67	1
4_MACS_peak_11145_lociStitched	chr19	16244056	16272760	4	19303	44468.2368	4850.976	68	1
4_MACS_peak_7116_lociStitched	chr15	23657721	23682915	4	19192	44202.873	3935.3028	69	1
6_MACS_peak_7665_lociStitched	chr15	74657960	74696719	6	17221	57390.4513	6185.9364	70	1
4_MACS_peak_16326_lociStitched	chr3	133181471	133212111	4	18722	45552.488	5665.336	71	1
4_MACS_peak_10318_lociStitched	chr18	9054848	9084937	4	17468	52399.9935	4883.4447	72	1
6_MACS_peak_24258_lociStitched	chrX	58124736	58159908	6	19696	31352.3208	2321.352	73	1
3_MACS_peak_18700_lociStitched	chr5	131745241	131767571	3	18805	41368.558	4528.524	74	1
6_MACS_peak_3351_lociStitched	chr10	112600148	112633051	6	20054	30152.3092	5675.7675	75	1
3_MACS_peak_219_lociStitched	chr1	17221233	17241655	3	8952	79635.589	5552.7418	76	1
3_MACS_peak_16216_lociStitched	chr3	124487222	124512326	3	18901	39368.0928	3893.6304	77	1
2_MACS_peak_3336_lociStitched	chr10	112103978	112120037	2	10209	74586.0255	3420.567	78	1
4_MACS_peak_2245_lociStitched	chr1	230239023	230270090	4	17627	48719.2694	7014.9286	79	1
4_MACS_peak_9817_lociStitched	chr17	56405374	56430893	4	17286	48299.8113	5262.0178	80	1
3_MACS_peak_18027_lociStitched	chr5	6475885	6497939	3	14384	60302.2522	3905.7634	81	1
7_MACS_peak_1983_lociStitched	chr1	206938703	206978863	7	19774	27533.696	8774.96	82	1
5_MACS_peak_21073_lociStitched	chr7	55616108	55642773	5	18814	33933.879	4693.04	83	1
1_MACS_peak_11899_lociStitched	chr2	11883353	11898353	1	15001	55822.5	3198	84	1
5_MACS_peak_9885_lociStitched	chr17	62150128	62182876	5	18686	34676.8572	5341.1988	85	1
4_MACS_peak_12621_lociStitched	chr2	97190500	97212770	4	13956	59999.834	4200.122	86	1
5_MACS_peak_15675_lociStitched	chr3	46318266	46347211	5	19238	23743.5835	4408.3235	87	1
4_MACS_peak_7286_lociStitched	chr15	40833525	40862734	4	17820	38868.4163	5155.3885	88	1
2_MACS_peak_3763_lociStitched	chr11	22685073	22703238	2	17984	34422.675	2633.925	89	1
1_MACS_peak_17165_lociStitched	chr4	40191338	40209204	1	17867	35794.531	4221.7358	90	1
4_MACS_peak_4752_lociStitched	chr11	130670488	130705700	4	18321	32518.282	5535.3264	91	1
2_MACS_peak_9523_lociStitched	chr17	38466242	38484135	2	17391	38251.6554	3607.2288	92	1
4_MACS_peak_7601_lociStitched	chr15	68568814	68599406	4	18220	32788.5056	5558.5664	93	1
3_MACS_peak_14663_lociStitched	chr21	44724564	44747478	3	15768	49038.2514	4674.456	94	1
8_MACS_peak_19092_lociStitched	chr5	173310330	173343163	8	18970	20970.4371	5210.5971	95	1
2_MACS_peak_14616_lociStitched	chr21	41324608	41344422	2	16772	43190.5572	5452.8128	96	1
3_MACS_peak_17291_lociStitched	chr4	71526803	71555202	3	18247	28887.4628	4373.446	97	1
5_MACS_peak_22645_lociStitched	chr8	120919466	120948019	5	17845	33221.4155	4885.4183	98	1
6_MACS_peak_4718_lociStitched	chr11	128586007	128609730	6	18459	24069.3558	4754.0892	99	1
3_MACS_peak_15420_lociStitched	chr3	13035679	13061711	3	15304	48947.9696	5180.368	100	1
5_MACS_peak_22124_lociStitched	chr8	27208534	27239002	5	18320	24636.4248	5648.7672	101	1
1_MACS_peak_12773_lociStitched	chr2	112455336	112466557	1	11222	62068.9615	2532.5797	102	1
6_MACS_peak_17894_lociStitched	chr4	185317513	185349878	6	17944	28769.2485	5262.549	103	1
5_MACS_peak_16591_lociStitched	chr3	171802188	171826998	5	18078	27544.062	5805.54	104	1
1_MACS_peak_19447_lociStitched	chr6	25403104	25415723	1	12620	57451.7832	2525.0619	105	1
5_MACS_peak_7682_lociStitched	chr15	75065700	75092960	5	18186	24915.64	4895.896	106	1
4_MACS_peak_11167_lociStitched	chr19	16694053	16716963	4	14916	49788.012	4648.439	107	1
5_MACS_peak_20036_lociStitched	chr6	88613480	88640475	5	17629	28212.4745	4383.988	108	1
1_MACS_peak_9643_lociStitched	chr17	43298033	43308509	1	10477	62333.2476	2384.3376	109	1
6_MACS_peak_7982_lociStitched	chr15	101661304	101692504	6	17272	31243.68	4733.04	110	1
1_MACS_peak_2202_lociStitched	chr1	226837999	226852608	1	14610	48709.3278	4211.7747	111	1
3_MACS_peak_4273_lociStitched	chr11	72977879	73002068	3	14715	47408.0211	4027.4685	112	1
8_MACS_peak_3549_lociStitched	chr11	788935	843632	8	16853	34234.8523	7438.792	113	1
7_MACS_peak_8672_lociStitched	chr16	67554773	67601471	7	17336	28471.7706	7186.8222	114	1
7_MACS_peak_13367_lociStitched	chr2	204537835	204583586	7	16929	32254.455	7013.6283	115	1
2_MACS_peak_1401_lociStitched	chr1	154374302	154394727	2	15974	38768.6925	5545.3875	116	1
5_MACS_peak_1558_lociStitched	chr1	161122921	161157737	5	16460	37789.2864	8662.2208	118	1
6_MACS_peak_10133_lociStitched	chr17	76743199	76779780	6	17109	27940.5678	5271.3221	119	1
3_MACS_peak_2293_lociStitched	chr1	234734079	234749915	3	11524	58247.9752	3963.7508	120	1
5_MACS_peak_13477_lociStitched	chr2	219741201	219763461	5	16970	26996.928	3855.432	121	1
2_MACS_peak_19334_lociStitched	chr6	11827060	11848647	2	13390	50204.8859	3477.6657	122	1
3_MACS_peak_295_lociStitched	chr1	24512240	24533858	3	15295	40140.3024	3726.9432	123	1
5_MACS_peak_12341_lociStitched	chr2	65157235	65179158	5	15738	37560.6759	4568.7532	124	1
6_MACS_peak_15116_lociStitched	chr22	39631483	39663869	6	16799	26702.257	4287.9064	125	1
1_MACS_peak_6427_lociStitched	chr13	114556448	114568366	1	11919	54557.0286	3279.8336	126	1
2_MACS_peak_14147_lociStitched	chr20	42694951	42710741	2	9549	61250.989	2933.782	127	1
1_MACS_peak_10658_lociStitched	chr18	60821029	60831697	1	10669	57085.5348	2033.3208	128	1
4_MACS_peak_3661_lociStitched	chr11	10314497	10341066	4	16609	27990.4415	4591.1232	129	1
1_MACS_peak_4960_lociStitched	chr12	12866887	12880324	1	13438	46414.0854	2143.2015	130	1
5_MACS_peak_19179_lociStitched	chr5	180228402	180259848	5	15644	36335.853	5295.5064	131	1
2_MACS_peak_13327_lociStitched	chr2	201979983	201994895	2	14868	39397.504	3118.0992	132	1
1_MACS_peak_10322_lociStitched	chr18	9101777	9118084	1	16308	28070.8698	3261.4	133	1
3_MACS_peak_10130_lociStitched	chr17	76711315	76733692	3	16818	22891.671	3992.0568	134	1
4_MACS_peak_1304_lociStitched	chr1	149802959	149834029	4	15127	40912.976	7755.072	135	1
2_MACS_peak_8593_lociStitched	chr16	56963262	56986023	2	14265	43095.6774	4891.3389	136	1
2_MACS_peak_1328_lociStitched	chr1	150531948	150553231	2	13974	45181.6807	5850.6967	137	1
2_MACS_peak_5743_lociStitched	chr12	108952797	108970322	2	14813	37925.8525	3766.1225	138	1
4_MACS_peak_19443_lociStitched	chr6	25366085	25390438	4	16610	21006.8978	4247.1632	139	1
3_MACS_peak_12204_lociStitched	chr2	47526896	47550969	3	13666	43844.1549	4670.162	140	1
3_MACS_peak_3034_lociStitched	chr10	81001228	81020673	3	15490	29990.0235	3354.2625	141	1
3_MACS_peak_10085_lociStitched	chr17	75130877	75145766	3	13636	41640.0663	2964.3999	142	1
3_MACS_peak_18124_lociStitched	chr5	32570842	32589668	3	15116	32446.611	3388.68	143	1
2_MACS_peak_8214_lociStitched	chr16	12056085	12071700	2	11571	50717.52	3408.7545	144	1
1_MACS_peak_8592_lociStitched	chr16	56943207	56953337	1	10131	53119.694	1862.907	145	1
5_MACS_peak_9992_lociStitched	chr17	72733469	72756688	5	16060	20121.5854	4144.5915	146	1
2_MACS_peak_15696_lociStitched	chr3	46577806	46589620	2	10308	52689.2586	2147.7852	147	1
3_MACS_peak_7273_lociStitched	chr15	40387407	40409099	3	15443	27236.4752	4195.2328	148	1
4_MACS_peak_20518_lociStitched	chr6	157976796	158000129	4	14823	30197.5686	1915.6393	149	1
2_MACS_peak_4820_lociStitched	chr12	4216304	4231528	2	8853	57554.332	3303.608	150	1
6_MACS_peak_8427_lociStitched	chr16	30193749	30227311	6	16008	22046.8778	7125.2126	151	1
6_MACS_peak_7087_lociStitched	chr15	21967147	22002602	6	15781	22116.829	4772.243	152	1
2_MACS_peak_14123_lociStitched	chr20	40709878	40727455	2	12782	42378.147	2575.0305	153	1
2_MACS_peak_3340_lociStitched	chr10	112168995	112186142	2	15504	21505.7674	3143.0451	154	1
2_MACS_peak_3279_lociStitched	chr10	104531033	104543677	2	12521	42587.5208	2622.3656	155	1
4_MACS_peak_18242_lociStitched	chr5	55436906	55453690	4	15320	22394.8912	2910.3456	156	1
4_MACS_peak_7868_lociStitched	chr15	89646680	89675072	4	14297	33502.56	4608.0216	157	1
2_MACS_peak_5047_lociStitched	chr12	26265719	26280342	2	14510	29645.2079	2570.7234	158	1
3_MACS_peak_8329_lociStitched	chr16	23344085	23363557	3	10745	49990.4656	3545.8512	159	1
6_MACS_peak_9647_lociStitched	chr17	43504920	43531401	6	15329	22429.407	4096.6107	160	1
2_MACS_peak_1238_lociStitched	chr1	145434268	145457737	2	15137	25283.1537	5911.8411	161	1
5_MACS_peak_10821_lociStitched	chr19	2445654	2480671	5	14743	30065.5962	7038.417	162	1
6_MACS_peak_8835_lociStitched	chr16	81841875	81871528	6	15114	20525.8066	2837.7921	163	1
5_MACS_peak_12565_lociStitched	chr2	87783269	87821917	5	14838	26106.724	5271.5872	164	1
4_MACS_peak_20989_lociStitched	chr7	44661805	44680287	4	14252	29373.4426	3319.3672	165	1
4_MACS_peak_2472_lociStitched	chr10	7510832	7535652	4	14908	22434.798	3571.598	167	1
2_MACS_peak_7177_lociStitched	chr15	31546609	31561229	2	10816	46715.286	2752.946	168	1
2_MACS_peak_12406_lociStitched	chr2	70310284	70323393	2	8192	54315.8306	2524.7934	169	1
3_MACS_peak_21069_lociStitched	chr7	55569337	55585859	3	14324	26815.206	2790.5658	170	1
4_MACS_peak_6861_lociStitched	chr14	81930633	81953068	4	14977	17034.8955	1913.7055	171	1
2_MACS_peak_8642_lociStitched	chr16	66549281	66561714	2	11959	40536.5532	2477.8969	172	1
5_MACS_peak_22846_lociStitched	chr8	145001842	145027991	5	14501	23761.5963	3592.8726	173	1
3_MACS_peak_14643_lociStitched	chr21	43638575	43658036	3	12334	40031.277	4279.4739	174	1
4_MACS_peak_15128_lociStitched	chr22	39823366	39846017	4	13284	33971.9698	4074.9149	175	1
1_MACS_peak_16812_lociStitched	chr3	193814302	193823294	1	8993	50917.2	2691.3056	176	1
3_MACS_peak_14375_lociStitched	chr20	61272936	61291069	3	12590	35359.35	2915.7864	179	1
4_MACS_peak_5210_lociStitched	chr12	48200430	48218787	4	14057	23730.0939	3440.1018	182	1
5_MACS_peak_23791_lociStitched	chr9	134126998	134153372	5	14429	19313.6802	4309.5116	183	1
2_MACS_peak_4556_lociStitched	chr11	115089635	115102503	2	10093	44899.0256	2250.6132	184	1
5_MACS_peak_12408_lociStitched	chr2	70334992	70371235	5	12130	38678.5296	5218.992	185	1
3_MACS_peak_23335_lociStitched	chr9	93670958	93690368	3	13590	25927.878	3245.352	186	1
6_MACS_peak_24494_lociStitched	chrX	128892928	128921273	6	14054	18095.448	3047.0875	189	1
6_MACS_peak_19508_lociStitched	chr6	27774772	27807802	6	13770	22675.095	5585.373	190	1
2_MACS_peak_1814_lociStitched	chr1	192498542	192515841	2	13384	24722.0009	3681.2272	191	1
2_MACS_peak_864_lociStitched	chr1	66736747	66750435	2	12440	31014.2704	2582.9256	192	1
4_MACS_peak_10757_lociStitched	chr19	1015194	1041407	4	13589	24302.0723	5706.5701	193	1
3_MACS_peak_15037_lociStitched	chr22	37611215	37628371	3	13198	25924.4316	3455.2184	194	1
5_MACS_peak_8314_lociStitched	chr16	22185790	22219142	5	13295	26794.9968	5439.7112	195	1
3_MACS_peak_10081_lociStitched	chr17	75078880	75093069	3	13047	26302.1493	2982.5278	197	1
4_MACS_peak_9905_lociStitched	chr17	62961024	62986541	4	11243	38334.1891	4212.8567	199	1
3_MACS_peak_12096_lociStitched	chr2	37601628	37622510	3	12443	30794.6854	3861.0818	200	1
7_MACS_peak_15778_lociStitched	chr3	50357822	50403559	7	12781	32185.1269	7857.6166	201	1
3_MACS_peak_9972_lociStitched	chr17	70582791	70602008	3	13412	21703.6798	3434.0779	202	1
2_MACS_peak_16813_lociStitched	chr3	193847595	193860505	2	12570	28563.375	3013.194	204	1
1_MACS_peak_14100_lociStitched	chr20	37498408	37506035	1	7628	48342.2141	1882.3436	205	1
3_MACS_peak_14827_lociStitched	chr22	23189934	23210010	3	13285	20891.0856	2015.6304	206	1
4_MACS_peak_24625_lociStitched	chrX	153596692	153628157	4	13370	19942.517	2318.9705	207	1
4_MACS_peak_17947_lociStitched	chr4	187749029	187776132	4	12384	30030.124	3948.9071	208	1
5_MACS_peak_10036_lociStitched	chr17	73850473	73875718	5	12141	31384.584	3804.4215	210	1
1_MACS_peak_12137_lociStitched	chr2	42323428	42334548	1	11121	35750.8	2317.408	211	1
3_MACS_peak_11342_lociStitched	chr19	35694512	35708073	3	11201	35730.5228	2748.8147	212	1
3_MACS_peak_4243_lociStitched	chr11	71413784	71427015	3	11028	36180.1695	2804.972	213	1
2_MACS_peak_7788_lociStitched	chr15	81576250	81595943	2	13285	20106.553	3940.5693	214	1
7_MACS_peak_8658_lociStitched	chr16	67184198	67227240	7	13292	22446.403	6499.342	215	1
4_MACS_peak_11975_lociStitched	chr2	25623783	25655695	4	12853	25724.2632	5208.0384	216	1
1_MACS_peak_21072_lociStitched	chr7	55597669	55605196	1	7528	47159.6658	1621.3158	217	1
2_MACS_peak_19475_lociStitched	chr6	26354644	26367270	2	12531	25423.7136	2106.0168	218	1
3_MACS_peak_16769_lociStitched	chr3	186703189	186719908	3	12479	27618.1161	4097.8269	219	1
1_MACS_peak_21252_lociStitched	chr7	78115046	78128197	1	13152	19042.648	2304.0552	221	1
3_MACS_peak_16020_lociStitched	chr3	98479778	98495968	3	12699	23695.684	2786.299	222	1
4_MACS_peak_393_lociStitched	chr1	28558578	28587338	4	13158	19737.988	4595.848	224	1
4_MACS_peak_19136_lociStitched	chr5	176717348	176740665	4	12724	24189.0558	4201.7234	225	1
6_MACS_peak_7078_lociStitched	chr15	20960448	20995849	6	12953	22058.3631	4503.0072	226	1
4_MACS_peak_14188_lociStitched	chr20	45172394	45191723	4	13228	17384.5026	3318.7893	227	1
6_MACS_peak_10786_lociStitched	chr19	1647728	1672875	6	11574	32914.9083	4403.2397	228	1
3_MACS_peak_10323_lociStitched	chr18	9134802	9150554	3	13151	17497.3216	2825.9088	229	1
4_MACS_peak_2945_lociStitched	chr10	74006958	74034948	4	12897	21904.974	4201.299	230	1
5_MACS_peak_8228_lociStitched	chr16	14486560	14504481	5	11135	33793.6297	2899.6178	231	1
4_MACS_peak_1932_lociStitched	chr1	204474577	204492246	4	11750	30904.8479	4410.1824	232	1
3_MACS_peak_2950_lociStitched	chr10	74078099	74097222	3	10786	35224.566	3275.7699	233	1
1_MACS_peak_9066_lociStitched	chr17	6061945	6072914	1	10970	32902.6124	2127.986	234	1
4_MACS_peak_23715_lociStitched	chr9	130672566	130700724	4	12752	22106.8458	4882.5972	235	1
3_MACS_peak_19595_lociStitched	chr6	31694438	31709479	3	11743	28337.244	2929.9868	236	1
2_MACS_peak_355_lociStitched	chr1	27018275	27031307	2	12483	21109.2336	2132.0352	237	1
2_MACS_peak_4684_lociStitched	chr11	126056691	126068999	2	8525	41662.58	2408.6756	240	1
2_MACS_peak_14661_lociStitched	chr21	44580728	44598385	2	10992	32720.1867	4391.2959	241	1
2_MACS_peak_3343_lociStitched	chr10	112214971	112225906	2	9855	36390.5865	2311.659	242	1
3_MACS_peak_17143_lociStitched	chr4	38307111	38322477	3	12406	19398.0384	2344.8516	243	1
1_MACS_peak_12151_lociStitched	chr2	43444298	43456073	1	11776	24983.0175	2143.05	244	1
1_MACS_peak_4826_lociStitched	chr12	4377360	4387331	1	9972	34951.3463	1811.7307	245	1
2_MACS_peak_3749_lociStitched	chr11	19450910	19465674	2	12082	22320.2152	2785.9668	246	1
2_MACS_peak_4518_lociStitched	chr11	111237826	111251524	2	12054	22278.4272	2503.9944	247	1
1_MACS_peak_2017_lociStitched	chr1	209274414	209284699	1	10286	33965.184	2666.9005	248	1
3_MACS_peak_1465_lociStitched	chr1	156065250	156086231	3	11990	24579.2415	4554.9751	249	1
4_MACS_peak_15092_lociStitched	chr22	39362178	39385759	4	12165	21331.3726	3164.5702	250	1
4_MACS_peak_5752_lociStitched	chr12	109161793	109181012	4	11654	26003.307	3372.9345	251	1
1_MACS_peak_16283_lociStitched	chr3	129026473	129037632	1	11160	28124.0277	2113.5146	252	1
4_MACS_peak_3051_lociStitched	chr10	81946414	81966293	4	12291	19459.5531	3510.6314	253	1
4_MACS_peak_11618_lociStitched	chr19	48879849	48902448	4	11056	29360.6208	3132.2214	254	1
4_MACS_peak_11592_lociStitched	chr19	47728490	47748472	4	12084	21286.8246	3460.8824	255	1
2_MACS_peak_12715_lociStitched	chr2	109828822	109843057	2	11982	20840.04	2579.382	256	1
4_MACS_peak_14324_lociStitched	chr20	55958121	55975626	4	11324	26432.55	2977.6005	257	1
2_MACS_peak_7470_lociStitched	chr15	56648212	56666128	2	11416	24944.4468	2785.938	260	1
3_MACS_peak_6296_lociStitched	chr13	78689103	78712596	3	11743	22515.6912	3317.2116	261	1
4_MACS_peak_9074_lociStitched	chr17	6915048	6940140	4	10457	32009.8644	3708.5976	262	1
1_MACS_peak_1911_lociStitched	chr1	203288213	203298125	1	9913	34751.472	3800.2608	265	1
4_MACS_peak_23486_lociStitched	chr9	108004658	108027198	4	11767	21816.466	3313.38	266	1
5_MACS_peak_23963_lociStitched	chrX	10065343	10091103	5	12100	17024.784	2251.424	267	1
2_MACS_peak_14892_lociStitched	chr22	27003207	27015078	2	11483	23010.7464	2339.7741	268	1
3_MACS_peak_4164_lociStitched	chr11	67033112	67057901	3	10596	30698.6976	3842.295	269	1
5_MACS_peak_7267_lociStitched	chr15	40330151	40358629	5	11969	20210.8366	4590.6536	270	1
3_MACS_peak_16568_lociStitched	chr3	169755002	169776683	3	11843	21561.7545	4858.7121	271	1
3_MACS_peak_19105_lociStitched	chr5	173696452	173710022	3	11750	19972.326	2348.967	272	1
4_MACS_peak_20438_lociStitched	chr6	143162958	143179778	4	11991	16184.204	1354.01	273	1
5_MACS_peak_4905_lociStitched	chr12	9573465	9601755	5	11942	20309.391	4936.605	274	1
3_MACS_peak_2192_lociStitched	chr1	226297088	226316871	3	10007	34147.4363	4593.6126	275	1
5_MACS_peak_14894_lociStitched	chr22	27037718	27071126	5	11929	20559.2832	5572.4544	276	1
4_MACS_peak_10793_lociStitched	chr19	1847158	1865641	4	10702	28844.5698	3618.9714	279	1
3_MACS_peak_11102_lociStitched	chr19	13949146	13962147	3	9957	31065.8895	1856.5428	280	1
4_MACS_peak_19329_lociStitched	chr6	11714049	11735591	4	11748	19366.258	3278.6924	281	1
5_MACS_peak_7989_lociStitched	chr15	101790294	101818132	5	11608	21554.9634	4017.0234	282	1
5_MACS_peak_9575_lociStitched	chr17	40705862	40739567	5	11407	25248.4155	5841.0765	283	1
3_MACS_peak_19824_lociStitched	chr6	45672529	45683903	3	11294	22575.1152	2223.617	284	1
4_MACS_peak_18692_lociStitched	chr5	131418420	131441804	4	10381	30525.4736	3872.3904	285	1
4_MACS_peak_1919_lociStitched	chr1	203706628	203735898	4	11128	27472.822	5921.321	286	1
4_MACS_peak_2752_lociStitched	chr10	45913653	45931582	4	10632	27555.0801	2723.4151	288	1
3_MACS_peak_14140_lociStitched	chr20	42569475	42585482	3	11762	17753.3637	2962.8957	289	1
3_MACS_peak_24102_lociStitched	chrX	39953209	39969471	3	11778	15611.52	1180.6212	290	1
6_MACS_peak_4046_lociStitched	chr11	63992814	64019947	6	11717	19701.2713	4628.8898	291	1
2_MACS_peak_14157_lociStitched	chr20	43270360	43282290	2	11151	23034.444	2479.054	292	1
4_MACS_peak_20350_lociStitched	chr6	135322985	135343829	4	11428	20249.946	2755.5768	294	1
2_MACS_peak_20836_lociStitched	chr7	26001699	26011710	2	9578	32283.4728	2392.629	295	1
2_MACS_peak_21428_lociStitched	chr7	101921972	101935830	2	11392	19575.8108	2368.3322	296	1
1_MACS_peak_18471_lociStitched	chr5	88175222	88186705	1	11484	18150.0298	2076.1264	297	1
2_MACS_peak_13196_lociStitched	chr2	182168517	182179939	2	11381	19039.3318	1909.7584	298	1
5_MACS_peak_19601_lociStitched	chr6	31773851	31804728	5	11589	19619.2458	4934.1446	299	1
2_MACS_peak_18703_lociStitched	chr5	131790581	131804218	2	11276	20910.9758	2994.6852	300	1
4_MACS_peak_1759_lociStitched	chr1	183865321	183885659	4	11568	19056.706	4427.5826	301	1
3_MACS_peak_15102_lociStitched	chr22	39459073	39474362	3	11431	18525.6813	2363.6794	302	1
3_MACS_peak_4100_lociStitched	chr11	65336334	65356974	3	11343	20326.272	3702.816	307	1
4_MACS_peak_10065_lociStitched	chr17	74476181	74498446	4	10842	24660.714	3671.4985	308	1
3_MACS_peak_9620_lociStitched	chr17	42275443	42299854	3	11472	18012.8769	3764.1762	309	1
2_MACS_peak_17886_lociStitched	chr4	185201025	185210873	2	8740	34006.1288	1846.5	310	1
2_MACS_peak_1974_lociStitched	chr1	206727996	206739430	2	11296	19325.7468	3632.5818	311	1
2_MACS_peak_14614_lociStitched	chr21	41295790	41309690	2	9251	33397.53	3668.21	312	1
5_MACS_peak_8408_lociStitched	chr16	29815576	29833568	5	11094	21117.2104	3494.0464	313	1
2_MACS_peak_276_lociStitched	chr1	23850312	23867218	2	10065	28305.7158	3012.6492	314	1
4_MACS_peak_6841_lociStitched	chr14	77487844	77507615	4	11274	17434.0678	1779.39	315	1
1_MACS_peak_20052_lociStitched	chr6	90059362	90069969	1	10608	23758.6193	2187.1634	316	1
2_MACS_peak_13339_lociStitched	chr2	202116240	202128083	2	10475	24605.0168	2144.7673	317	1
2_MACS_peak_21549_lociStitched	chr7	114561342	114573953	2	9645	29952.3861	2596.6049	318	1
2_MACS_peak_23351_lociStitched	chr9	94181280	94192606	2	11238	17300.465	1845.0054	319	1
4_MACS_peak_7887_lociStitched	chr15	90574096	90591839	4	11315	17421.8517	2932.9179	320	1
2_MACS_peak_9944_lociStitched	chr17	66230117	66245388	2	9070	32686.0484	2692.2773	321	1
2_MACS_peak_3436_lociStitched	chr10	125151241	125163834	2	10589	22881.481	1989.694	322	1
4_MACS_peak_4366_lociStitched	chr11	82764680	82790348	4	10701	24130.4868	4525.2684	324	1
2_MACS_peak_1948_lociStitched	chr1	205242459	205258909	2	10358	26762.505	4648.77	325	1
3_MACS_peak_20772_lociStitched	chr7	20476421	20490056	3	10845	19912.554	1992.0735	329	1
2_MACS_peak_6447_lociStitched	chr13	115039365	115048765	2	9003	31067	1514.34	330	1
2_MACS_peak_15077_lociStitched	chr22	38782560	38795649	2	11191	16047.114	1959.4233	332	1
1_MACS_peak_19631_lociStitched	chr6	32934883	32941784	1	6902	38611.095	1627.2558	333	1
2_MACS_peak_18778_lociStitched	chr5	138719864	138730546	2	9835	27257.2594	2529.4976	334	1
4_MACS_peak_13271_lociStitched	chr2	197033399	197048550	4	10963	18350.8912	2728.6951	335	1
5_MACS_peak_10803_lociStitched	chr19	2031641	2062720	5	10781	23629.3637	6340.116	336	1
2_MACS_peak_14329_lociStitched	chr20	56047418	56058001	2	9800	26488.1907	2070.0348	338	1
3_MACS_peak_21183_lociStitched	chr7	74057169	74076765	3	10866	18751.4124	2688.5712	340	1
1_MACS_peak_9500_lociStitched	chr17	37909279	37916458	1	7180	37231.7298	1651.17	341	1
1_MACS_peak_12534_lociStitched	chr2	86219525	86229126	1	9602	27250.5183	2091.0978	343	1
2_MACS_peak_17990_lociStitched	chr5	1335287	1346358	2	8737	31798.1262	2231.9136	344	1
2_MACS_peak_7550_lociStitched	chr15	65173776	65189347	2	9465	27965.516	2626.8277	347	1
3_MACS_peak_18121_lociStitched	chr5	32530719	32544093	3	10793	17886.3876	2666.7756	348	1
3_MACS_peak_14678_lociStitched	chr21	45194990	45210529	3	10656	20739.9033	4211.069	349	1
2_MACS_peak_15672_lociStitched	chr3	46245838	46257303	2	10034	24286.3095	2654.1475	350	1
1_MACS_peak_3936_lociStitched	chr11	58340120	58347956	1	7837	33793.5336	1481.7876	353	1
3_MACS_peak_14447_lociStitched	chr21	19151720	19166771	3	10643	18008.5215	2289.2571	354	1
2_MACS_peak_16641_lociStitched	chr3	178230343	178241193	2	10532	19143.74	2713.585	355	1
4_MACS_peak_5188_lociStitched	chr12	46764510	46785436	4	10640	18331.176	3113.7888	356	1
3_MACS_peak_19299_lociStitched	chr6	7959750	7978181	3	10274	21061.1037	2753.5914	358	1
1_MACS_peak_13557_lociStitched	chr2	231729289	231739706	1	10418	17937.0323	1050.0336	359	1
1_MACS_peak_3967_lociStitched	chr11	60602310	60612968	1	10659	16482.597	2216.864	361	1
3_MACS_peak_1293_lociStitched	chr1	149203734	149225536	3	7813	37534.3232	6165.6056	364	1
2_MACS_peak_21928_lociStitched	chr8	1990820	2000106	2	7541	33886.4712	1746.6966	366	1
3_MACS_peak_13021_lociStitched	chr2	157188112	157207822	3	8772	29117.583	2400.678	370	1
3_MACS_peak_11753_lociStitched	chr19	56329013	56351158	3	9924	22561.326	3171.164	371	1
5_MACS_peak_11746_lociStitched	chr19	56145818	56167788	5	10284	19575.27	3299.894	372	1
2_MACS_peak_1458_lociStitched	chr1	155939639	155952093	2	9946	22667.5254	3560.5986	373	1
2_MACS_peak_22793_lociStitched	chr8	137189365	137201300	2	10435	16623.068	2221.1035	374	1
2_MACS_peak_12584_lociStitched	chr2	89049534	89066032	2	9251	26373.7028	2893.7492	376	1
4_MACS_peak_11233_lociStitched	chr19	19050260	19061773	4	10052	19456.97	1852.4417	378	1
3_MACS_peak_19705_lociStitched	chr6	36633965	36652015	3	10055	20141.995	2888	380	1
2_MACS_peak_16855_lociStitched	chr3	196358102	196371056	2	9713	23002.4178	3242.3862	383	1
2_MACS_peak_1410_lociStitched	chr1	154755459	154765930	2	9611	23485.4059	3019.8364	384	1
5_MACS_peak_4848_lociStitched	chr12	6552073	6580881	5	10243	19606.7248	4701.4656	385	1
1_MACS_peak_7894_lociStitched	chr15	90637292	90646631	1	9340	24107.6946	1959.3222	386	1
1_MACS_peak_19819_lociStitched	chr6	45386606	45395592	1	8987	25547.198	1346.1028	388	1
3_MACS_peak_10813_lociStitched	chr19	2254727	2271936	3	9796	22564.4408	3920.2102	389	1
2_MACS_peak_14890_lociStitched	chr22	26974927	26992414	2	10152	18114.7833	2976.2874	393	1
2_MACS_peak_22202_lociStitched	chr8	33409809	33425399	2	8802	27340.183	2658.095	398	1
4_MACS_peak_9259_lociStitched	chr17	20204821	20221701	4	10159	17045.424	2337.88	399	1
3_MACS_peak_5475_lociStitched	chr12	68751982	68770291	3	9994	19427.6799	3185.766	400	1
4_MACS_peak_18464_lociStitched	chr5	87954687	87976874	4	9434	23400.6289	3470.0468	403	1
4_MACS_peak_9082_lociStitched	chr17	7136719	7156659	4	9859	19453.464	3060.79	404	1
4_MACS_peak_10771_lociStitched	chr19	1258577	1277309	4	9513	23396.268	4169.7432	405	1
4_MACS_peak_12315_lociStitched	chr2	64430679	64456338	4	9973	18864.4968	3992.5404	408	1
3_MACS_peak_4199_lociStitched	chr11	67760492	67778652	3	9819	19427.568	3326.912	411	1
2_MACS_peak_22117_lociStitched	chr8	26428318	26437451	2	9052	23500.1223	1769.9754	413	1
3_MACS_peak_1865_lociStitched	chr1	200850717	200863738	3	8500	28044.6298	3173.2177	414	1
4_MACS_peak_9240_lociStitched	chr17	19204458	19221496	4	9994	16595.012	2601.7026	415	1
2_MACS_peak_2728_lociStitched	chr10	43890527	43906028	2	8587	26734.5747	2483.2602	416	1
3_MACS_peak_14257_lociStitched	chr20	50015694	50032796	3	9853	17556.9132	2437.035	417	1
2_MACS_peak_16773_lociStitched	chr3	186780474	186792458	2	8130	30039.0944	3594.0016	418	1
3_MACS_peak_3272_lociStitched	chr10	104401258	104421929	3	9741	19374.9283	3266.018	419	1
3_MACS_peak_16563_lociStitched	chr3	169656776	169668117	3	9898	16988.818	2431.5104	420	1
2_MACS_peak_10172_lociStitched	chr17	78873568	78887096	2	8128	28602.2504	2206.4168	421	1
3_MACS_peak_4689_lociStitched	chr11	126173106	126189657	3	9913	17158.4217	3010.6269	424	1
2_MACS_peak_4558_lociStitched	chr11	115125572	115137344	2	9037	23038.9812	1810.5336	426	1
3_MACS_peak_6428_lociStitched	chr13	114581687	114594855	3	9443	20785.688	2446.6144	427	1
3_MACS_peak_19766_lociStitched	chr6	42737863	42752332	3	8047	28337.5365	1947.5274	430	1
3_MACS_peak_10987_lociStitched	chr19	10329576	10347981	3	9684	18570.645	3025.782	433	1
1_MACS_peak_7623_lociStitched	chr15	70387110	70396876	1	9767	16066.0466	1611.39	434	1
2_MACS_peak_21843_lociStitched	chr7	150100720	150113895	2	7481	31680.605	3301.655	435	1
3_MACS_peak_19721_lociStitched	chr6	37121702	37140496	3	9601	18156.8834	2625.5218	441	1
3_MACS_peak_14839_lociStitched	chr22	23477837	23488756	3	9353	19813.6174	2344.3093	443	1
4_MACS_peak_18919_lociStitched	chr5	150459419	150475540	4	9640	17475.164	2659.965	444	1
3_MACS_peak_16231_lociStitched	chr3	125548617	125560883	3	9244	20502.619	2665.4018	450	1
1_MACS_peak_2671_lociStitched	chr10	30989336	30996986	1	7651	28588.05	1608.795	451	1
2_MACS_peak_1366_lociStitched	chr1	152006491	152021827	2	9172	22395.1608	4031.8344	452	1
2_MACS_peak_23777_lociStitched	chr9	132646226	132657745	2	8103	26816.232	2029.6478	453	1
2_MACS_peak_9025_lociStitched	chr17	4268258	4281180	2	9357	18689.0886	2121.7924	454	1
2_MACS_peak_8909_lociStitched	chr16	89033345	89046106	2	8863	21124.5594	1134.4529	457	1
2_MACS_peak_12956_lociStitched	chr2	137132867	137142820	2	8162	26084.8224	2058.2804	458	1
3_MACS_peak_10114_lociStitched	chr17	76139310	76152500	3	8934	21647.428	2254.171	460	1
2_MACS_peak_20137_lociStitched	chr6	106585373	106595808	2	9028	20778.172	2171.5235	461	1
3_MACS_peak_7935_lociStitched	chr15	93346275	93364509	3	8996	21541.6476	2986.7292	463	1
2_MACS_peak_5954_lociStitched	chr12	125398251	125412580	2	9369	17009.9559	1541.8004	464	1
2_MACS_peak_16841_lociStitched	chr3	195621242	195637443	2	8164	27729.6316	4097.2329	465	1
4_MACS_peak_19653_lociStitched	chr6	33537809	33559071	4	9335	19061.383	3497.599	467	1
2_MACS_peak_22812_lociStitched	chr8	142126374	142140717	2	9193	19097.7045	2336.4747	468	1
4_MACS_peak_4063_lociStitched	chr11	64611160	64634273	4	9426	18081.2999	3698.08	470	1
2_MACS_peak_16634_lociStitched	chr3	177068667	177080333	2	9248	18382.1162	3199.9838	475	1
1_MACS_peak_2847_lociStitched	chr10	63802950	63812185	1	9236	17038.575	1928.268	477	1
1_MACS_peak_20139_lociStitched	chr6	106610172	106617495	1	7324	28349.5299	1762.6461	481	1
2_MACS_peak_15084_lociStitched	chr22	39095390	39103869	2	7448	27581.3391	1588.9646	482	1
4_MACS_peak_11159_lociStitched	chr19	16544729	16561491	4	9217	17476.0612	2608.1672	484	1
4_MACS_peak_15135_lociStitched	chr22	39910944	39929242	4	8873	21225.68	3707.1748	488	1
2_MACS_peak_17139_lociStitched	chr4	38124208	38136218	2	8835	19984.64	2331.141	490	1
1_MACS_peak_7700_lociStitched	chr15	75334548	75341877	1	7330	27952.806	1836.6474	491	1
3_MACS_peak_4192_lociStitched	chr11	67644799	67654505	3	8345	22410.1834	1730.5798	494	1
4_MACS_peak_15320_lociStitched	chr22	50962528	50983193	4	8863	19689.612	3093.5505	500	1
3_MACS_peak_9300_lociStitched	chr17	27037508	27056533	3	8753	20257.82	3333.18	507	1
1_MACS_peak_22630_lociStitched	chr8	118449721	118457622	1	7902	23620.8296	1386.6255	510	1
2_MACS_peak_23338_lociStitched	chr9	93698909	93708644	2	8187	22188.012	1795.134	514	1
1_MACS_peak_3345_lociStitched	chr10	112255883	112264770	1	8888	17135.9134	1930.2564	516	1
1_MACS_peak_3579_lociStitched	chr11	2792720	2801563	1	8844	17120.048	1585.5499	518	1
3_MACS_peak_3969_lociStitched	chr11	60672643	60683997	3	8794	17990.413	2461.5472	521	1
3_MACS_peak_15304_lociStitched	chr22	50623437	50640728	3	8912	16569.9653	2249.5591	523	1
1_MACS_peak_9507_lociStitched	chr17	38016649	38025126	1	8478	19603.9102	1788.647	524	1
3_MACS_peak_14870_lociStitched	chr22	24819695	24831776	3	8374	20534.0757	2051.3538	526	1
3_MACS_peak_4630_lociStitched	chr11	120368070	120383029	3	8824	15935.8227	1756.1866	530	1
3_MACS_peak_6436_lociStitched	chr13	114863417	114877638	3	8269	20475.3958	2010.8494	532	1
2_MACS_peak_12732_lociStitched	chr2	110744781	110760380	2	8354	19980.7591	2165.1412	534	1
3_MACS_peak_15426_lociStitched	chr3	13455177	13470739	3	8000	22457.5222	2424.5596	539	1
2_MACS_peak_6619_lociStitched	chr14	50465373	50476583	2	7866	21832.596	1153.509	540	1
3_MACS_peak_10230_lociStitched	chr17	80405894	80424007	3	8032	23157.4705	3579.1288	542	1
2_MACS_peak_13029_lociStitched	chr2	158295254	158310822	2	8549	18239.4688	2437.9488	543	1
3_MACS_peak_24614_lociStitched	chrX	153235599	153252404	3	8178	19873.593	1341.039	544	1
2_MACS_peak_9043_lociStitched	chr17	4842244	4854556	2	7581	24186.924	2261.7144	548	1
2_MACS_peak_2553_lociStitched	chr10	15826039	15834600	2	7573	23286.7761	1344.9331	550	1
4_MACS_peak_9199_lociStitched	chr17	17725465	17744790	4	8648	17494.9225	2894.885	552	1
1_MACS_peak_13450_lociStitched	chr2	217080536	217088869	1	8334	18788.4151	1757.4297	555	1
2_MACS_peak_10025_lociStitched	chr17	73628883	73643778	2	8207	19758.2175	2152.3275	559	1
2_MACS_peak_18852_lociStitched	chr5	142774753	142785741	2	8221	18881.7792	1450.416	560	1
1_MACS_peak_1099_lociStitched	chr1	111172967	111181275	1	8309	17200.8832	1099.9792	568	1
3_MACS_peak_23521_lociStitched	chr9	112669119	112683285	3	8012	20632.779	2432.3022	569	1
3_MACS_peak_509_lociStitched	chr1	36614146	36627395	3	8401	17459.5322	2186.085	570	1
3_MACS_peak_8851_lociStitched	chr16	84132624	84151795	3	8427	15821.8263	1320.8819	576	1
2_MACS_peak_14584_lociStitched	chr21	37906294	37916973	2	7519	23001.4981	2573.639	582	1
2_MACS_peak_1993_lociStitched	chr1	207092525	207105328	2	8086	20262.0278	3605.3248	585	1
1_MACS_peak_20766_lociStitched	chr7	20254542	20262405	1	7864	19875.3051	1744.0134	586	1
2_MACS_peak_24185_lociStitched	chrX	48793558	48804591	2	7589	21044.3442	1298.5841	587	1
2_MACS_peak_11141_lociStitched	chr19	16180424	16191690	2	7593	21308.5124	1750.7364	588	1
4_MACS_peak_22879_lociStitched	chr8	145732865	145754828	4	8339	17153.103	3033.0903	591	1
2_MACS_peak_20348_lociStitched	chr6	135190465	135204186	2	7470	22612.208	2538.385	594	1
2_MACS_peak_10091_lociStitched	chr17	75229238	75244083	2	8169	17757.589	2505.836	597	1
1_MACS_peak_8951_lociStitched	chr17	977250	985456	1	8207	15675.9218	1402.4054	602	1
2_MACS_peak_10099_lociStitched	chr17	75434847	75443006	2	7317	21591.9776	1383.7664	606	1
2_MACS_peak_325_lociStitched	chr1	25869584	25879094	2	7628	19971	1708.947	608	1
1_MACS_peak_5686_lociStitched	chr12	102870885	102879083	1	8199	15601.6138	1687.1484	609	1
2_MACS_peak_11460_lociStitched	chr19	41801678	41817081	2	8057	18013.8085	2982.0208	615	1
3_MACS_peak_11672_lociStitched	chr19	50369468	50381995	3	7610	20749.7228	2547.9918	617	1
2_MACS_peak_21714_lociStitched	chr7	134842887	134857318	2	8056	17592.8321	3203.682	625	1
1_MACS_peak_9475_lociStitched	chr17	36856431	36863516	1	7086	21732.529	1344.0245	635	1
2_MACS_peak_14530_lociStitched	chr21	34745740	34757310	2	7945	17376.983	2653.001	637	1
3_MACS_peak_14527_lociStitched	chr21	34696150	34712591	3	7947	18527.3629	3875.1437	639	1
1_MACS_peak_868_lociStitched	chr1	66795801	66803529	1	7729	18085.0656	1768.9392	640	1
2_MACS_peak_2220_lociStitched	chr1	228268945	228279346	2	7897	17635.9356	2662.656	641	1
1_MACS_peak_21684_lociStitched	chr7	130789961	130797133	1	7173	21226.2512	1742.796	646	1
1_MACS_peak_15433_lociStitched	chr3	14161152	14168460	1	7309	20288.4696	1666.224	648	1
1_MACS_peak_20305_lociStitched	chr6	130003212	130010784	1	7573	18203.088	1437.9228	651	1
2_MACS_peak_8994_lociStitched	chr17	2294583	2306218	2	7307	20468.292	1993.0755	652	1
3_MACS_peak_9211_lociStitched	chr17	18217109	18236105	3	7537	20055.9768	3278.7096	656	1
1_MACS_peak_16529_lociStitched	chr3	160116156	160123537	1	7382	19182.4809	1468.0809	658	1
1_MACS_peak_14199_lociStitched	chr20	45979904	45987342	1	7439	18851.611	1556.7734	660	1
2_MACS_peak_254_lociStitched	chr1	21615534	21622626	2	6907	21661.8048	1350.3168	662	1
3_MACS_peak_10219_lociStitched	chr17	80249775	80259980	3	6979	21977.488	2052.2255	663	1
1_MACS_peak_22235_lociStitched	chr8	38237438	38245065	1	7628	17207.2747	1345.4028	665	1
2_MACS_peak_317_lociStitched	chr1	25346966	25359227	2	7236	20073.7092	1666.2699	666	1
2_MACS_peak_12774_lociStitched	chr2	112482416	112494752	2	7828	15764.1744	1789.9536	668	1
2_MACS_peak_1414_lociStitched	chr1	154821450	154835734	2	7028	22231.6176	3065.3464	671	1
2_MACS_peak_11143_lociStitched	chr19	16221423	16231839	2	6902	21831.936	2041.536	674	1
2_MACS_peak_11405_lociStitched	chr19	39338761	39348828	2	7442	18552.4743	2033.534	676	1
2_MACS_peak_14639_lociStitched	chr21	43527181	43541160	2	7491	19467.1554	3321.4104	679	1
3_MACS_peak_23662_lociStitched	chr9	127622924	127635908	3	7703	16689.6336	2195.5944	680	1
2_MACS_peak_18475_lociStitched	chr5	88595747	88611578	2	7741	16788.7755	2741.9292	684	1
2_MACS_peak_9017_lociStitched	chr17	3813351	3821194	2	7506	16665.5907	1544.2867	700	1
1_MACS_peak_1208_lociStitched	chr1	143461391	143468705	1	7315	19851.6588	3607.2648	706	1
2_MACS_peak_12739_lociStitched	chr2	111126567	111141873	2	7222	18947.2974	2194.8804	708	1
1_MACS_peak_22778_lociStitched	chr8	134508347	134515349	1	7003	19350.7272	1564.2468	717	1
1_MACS_peak_5381_lociStitched	chr12	57076642	57083864	1	7223	17339.2998	1266.7388	728	1
3_MACS_peak_13903_lociStitched	chr20	23329940	23344206	3	7449	16825.3204	2426.6466	730	1
2_MACS_peak_399_lociStitched	chr1	28831485	28846134	2	7379	16817.052	2469.8214	739	1
2_MACS_peak_21653_lociStitched	chr7	128572287	128582224	2	7251	18035.655	2800.2466	740	1
2_MACS_peak_20834_lociStitched	chr7	25979919	25992244	2	7139	17856.46	1867.2375	742	1
1_MACS_peak_1758_lociStitched	chr1	183808944	183815760	1	6817	19707.1008	1806.9216	746	1
1_MACS_peak_4584_lociStitched	chr11	117877675	117884621	1	6947	18402.0378	1442.6842	750	1
2_MACS_peak_16161_lociStitched	chr3	119354554	119362801	2	6877	18705.0207	1552.9101	764	1
2_MACS_peak_16295_lociStitched	chr3	129892873	129900527	2	7037	17620.2734	1531.5654	765	1
2_MACS_peak_16940_lociStitched	chr4	4029594	4037237	2	6850	18343.2	1485.0349	772	1
2_MACS_peak_23234_lociStitched	chr9	73026478	73036517	2	6911	16333.453	1689.5637	823	1
1_MACS_peak_17698_lociStitched	chr4	144274708	144281633	1	6926	15589.56	1294.2825	827	1
1_MACS_peak_22779_lociStitched	chr8	134579263	134586090	1	6828	16408.6945	1637.7973	834	1
1_MACS_peak_23459_lociStitched	chr9	102580710	102587620	1	6911	15456.979	1320.501	836	1
