#KMS28BM_H3K27ac_peaks Enhancers
#Created from /data/projects/IRF4_mm_trn_data/myeloma_public_data/rose/KMS28BM_H3K27ac_ROSE/KMS28BM_H3K27ac_peaks_6KB_STITCHED_ENHANCER_REGION_MAP.txt
#Ranked by KMS28BM_jia.bam
#Using cutoff of 17368.6331 for Super-Enhancers
#Created on Jul 16 2024 
REGION_ID	CHROM	START	STOP	NUM_LOCI	CONSTITUENT_SIZE	KMS28BM_jia.bam	enhancerRank	isSuperStretch
6_MACS_peak_12903_lociStitched	chr17	62133815	62210728	6	71293	186506.3337	1	1
7_MACS_peak_20996_lociStitched	chr3	151982113	152055269	7	66559	162764.7844	2	1
3_MACS_peak_24961_lociStitched	chr6	290139	338430	3	45112	211026.8409	3	1
3_MACS_peak_5292_lociStitched	chr11	65183008	65223433	3	35518	162310.4175	4	1
3_MACS_peak_16480_lociStitched	chr2	99054574	99108304	3	45079	136630.017	5	1
3_MACS_peak_27839_lociStitched	chr7	90329699	90368260	3	32491	163864.9695	6	1
3_MACS_peak_1727_lociStitched	chr1	149800313	149836551	3	33024	162070.8312	7	1
11_MACS_peak_9138_lociStitched	chr14	91781492	91867125	11	53566	100190.61	8	1
5_MACS_peak_5295_lociStitched	chr11	65236054	65278901	5	36207	142701.9335	9	1
4_MACS_peak_9384_lociStitched	chr14	106143610	106178975	4	34147	141290.248	10	1
2_MACS_peak_23931_lociStitched	chr5	88162739	88202491	2	39405	128247.9024	11	1
5_MACS_peak_9379_lociStitched	chr14	106023633	106057774	5	33659	139564.9939	12	1
3_MACS_peak_29824_lociStitched	chr8	120912539	120950308	3	35967	126832.0789	13	1
4_MACS_peak_20888_lociStitched	chr3	141088404	141131859	4	38598	117637.0305	14	1
1_MACS_peak_24848_lociStitched	chr5	173309922	173356904	1	46983	85775.0374	15	1
3_MACS_peak_17191_lociStitched	chr2	197014830	197049391	3	32801	120676.6437	16	1
2_MACS_peak_15786_lociStitched	chr2	37533544	37578605	2	41150	93411.453	17	1
4_MACS_peak_16409_lociStitched	chr2	89130729	89171199	4	36542	101668.734	18	1
3_MACS_peak_22146_lociStitched	chr4	71515753	71556342	3	33723	109736.4204	19	1
5_MACS_peak_9528_lociStitched	chr15	31615442	31660747	5	35230	100305.27	20	1
4_MACS_peak_29906_lociStitched	chr8	126285028	126322779	4	31172	107556.3741	21	1
1_MACS_peak_1752_lociStitched	chr1	150531748	150553405	1	21658	123488.214	22	1
1_MACS_peak_22349_lociStitched	chr4	90205256	90230235	1	24980	116661.9216	23	1
2_MACS_peak_973_lociStitched	chr1	51423416	51451758	2	27229	112157.7966	24	1
9_MACS_peak_2563_lociStitched	chr1	206845748	206900639	9	37563	80289.0657	25	1
3_MACS_peak_23942_lociStitched	chr5	88727978	88754946	3	26313	110452.8376	26	1
1_MACS_peak_12853_lociStitched	chr17	57901482	57928249	1	26768	105858.1316	27	1
5_MACS_peak_25380_lociStitched	chr6	27772631	27808606	5	28704	100676.0375	28	1
4_MACS_peak_27215_lociStitched	chr7	29694639	29735930	4	35787	76157.1204	29	1
2_MACS_peak_23922_lociStitched	chr5	87948599	87977071	2	26669	101963.9264	30	1
2_MACS_peak_5306_lociStitched	chr11	65335366	65359585	2	22720	109733.8671	31	1
1_MACS_peak_26281_lociStitched	chr6	106530229	106556289	1	26061	101628.788	32	1
4_MACS_peak_814_lociStitched	chr1	40838869	40871121	4	30973	87231.9844	33	1
4_MACS_peak_27872_lociStitched	chr7	92392959	92429804	4	30898	87234.222	34	1
3_MACS_peak_28479_lociStitched	chr7	137661653	137694244	3	27135	97528.5675	35	1
13_MACS_peak_2857_lociStitched	chr1	228744033	228784394	13	39045	42395.1944	36	1
5_MACS_peak_5259_lociStitched	chr11	64614599	64648780	5	27821	90466.8527	37	1
6_MACS_peak_2022_lociStitched	chr1	161122667	161158663	6	22829	101411.5308	38	1
1_MACS_peak_21185_lociStitched	chr3	171800094	171828019	1	27926	89516.38	39	1
4_MACS_peak_25064_lociStitched	chr6	7887739	7920180	4	30719	80512.0738	40	1
3_MACS_peak_9042_lociStitched	chr14	81930553	81959364	3	26499	89319.8622	41	1
6_MACS_peak_26154_lociStitched	chr6	90048587	90086586	6	27139	87048.1092	42	1
3_MACS_peak_24325_lociStitched	chr5	131744631	131774004	3	21253	100153.1181	43	1
1_MACS_peak_18668_lociStitched	chr21	19151603	19173399	1	21797	98923.3256	44	1
2_MACS_peak_21747_lociStitched	chr4	15002111	15031777	2	24549	92554.9534	45	1
7_MACS_peak_25347_lociStitched	chr6	27088407	27130298	7	27444	84594.6854	46	1
1_MACS_peak_15589_lociStitched	chr2	20404135	20425773	1	21639	97816.7428	47	1
2_MACS_peak_27128_lociStitched	chr7	23028266	23055073	2	26786	85251.6214	48	1
2_MACS_peak_29558_lociStitched	chr8	95953724	95977811	2	21213	97930.5159	49	1
9_MACS_peak_10467_lociStitched	chr15	93423358	93470180	9	29861	75055.666	50	1
8_MACS_peak_10459_lociStitched	chr15	93340528	93389664	8	25353	87393.2896	51	1
4_MACS_peak_13671_lociStitched	chr18	46448217	46480230	4	26982	82904.0661	52	1
7_MACS_peak_7800_lociStitched	chr13	41547782	41595224	7	34846	50298.0084	53	1
4_MACS_peak_28040_lociStitched	chr7	101921088	101955398	4	26076	83905.105	54	1
4_MACS_peak_6269_lociStitched	chr12	9869495	9903599	4	29521	70636.2048	55	1
7_MACS_peak_25301_lociStitched	chr6	26169206	26207992	7	25889	81000.6824	56	1
2_MACS_peak_18467_lociStitched	chr20	52191492	52215889	2	24101	84596.5975	57	1
3_MACS_peak_26049_lociStitched	chr6	79764626	79794933	3	25312	79631.6425	58	1
4_MACS_peak_11675_lociStitched	chr16	87880416	87905796	4	23917	82979.91	59	1
8_MACS_peak_2484_lociStitched	chr1	203236364	203279085	8	25664	76709.8276	60	1
3_MACS_peak_3833_lociStitched	chr10	74075184	74097518	3	20785	87053.4652	61	1
9_MACS_peak_13158_lociStitched	chr17	76108186	76144658	9	26969	70562.3784	62	1
3_MACS_peak_9202_lociStitched	chr14	94420188	94447234	3	26013	71769.2656	63	1
3_MACS_peak_1931_lociStitched	chr1	156456908	156479650	3	20340	85111.935	64	1
3_MACS_peak_23936_lociStitched	chr5	88595584	88621231	3	22297	79244.1006	65	1
3_MACS_peak_9521_lociStitched	chr15	31506221	31531964	3	25242	70710.8724	66	1
4_MACS_peak_7490_lociStitched	chr12	123355189	123387275	4	27320	62817.9708	67	1
2_MACS_peak_10829_lociStitched	chr16	11817823	11838157	2	20274	82486.9044	68	1
4_MACS_peak_12411_lociStitched	chr17	37908976	37937851	4	23457	72915.15	69	1
2_MACS_peak_22211_lociStitched	chr4	77110605	77138778	2	23405	72751.1379	70	1
2_MACS_peak_9524_lociStitched	chr15	31545317	31562239	2	16883	86906.3154	71	1
4_MACS_peak_6592_lociStitched	chr12	48193455	48220981	4	21847	76569.0742	72	1
4_MACS_peak_29344_lociStitched	chr8	71500075	71530793	4	25371	66098.9924	73	1
3_MACS_peak_29227_lociStitched	chr8	61806469	61830786	3	20331	79664.9237	74	1
7_MACS_peak_3823_lociStitched	chr10	74004200	74038374	7	22657	72667.5936	75	1
1_MACS_peak_17267_lociStitched	chr2	201979330	201997923	1	18594	82119.7031	76	1
1_MACS_peak_2945_lociStitched	chr1	234733414	234750837	1	17424	83736.6803	77	1
4_MACS_peak_3204_lociStitched	chr10	11203457	11229119	4	21866	73069.9788	78	1
3_MACS_peak_5881_lociStitched	chr11	115088106	115111207	3	17881	80876.601	79	1
1_MACS_peak_29910_lociStitched	chr8	126338438	126357134	1	18697	78493.2864	80	1
2_MACS_peak_8371_lociStitched	chr14	23018241	23040678	2	20550	73990.4949	81	1
3_MACS_peak_23432_lociStitched	chr5	32567452	32593576	3	26003	56289.3828	82	1
5_MACS_peak_13825_lociStitched	chr18	60842317	60865381	5	21175	71809.764	83	1
3_MACS_peak_27876_lociStitched	chr7	92436937	92466909	3	21604	70257.3652	84	1
6_MACS_peak_8928_lociStitched	chr14	74206864	74243219	6	27248	49980.854	85	1
2_MACS_peak_12061_lociStitched	chr17	17720763	17744766	2	23985	62847.0549	86	1
4_MACS_peak_29586_lociStitched	chr8	98639114	98666418	4	23257	64543.9256	87	1
2_MACS_peak_9003_lociStitched	chr14	77487225	77511096	2	22525	66444.9285	88	1
4_MACS_peak_4728_lociStitched	chr11	10314678	10344848	4	21046	69638.394	89	1
4_MACS_peak_7457_lociStitched	chr12	122227267	122251504	4	18892	74664.5022	90	1
3_MACS_peak_22638_lociStitched	chr4	124317234	124344090	3	22469	63702.432	91	1
2_MACS_peak_29433_lociStitched	chr8	81044920	81062806	2	17660	74779.5774	92	1
2_MACS_peak_4320_lociStitched	chr10	111639870	111665279	2	21795	63956.9939	93	1
2_MACS_peak_2300_lociStitched	chr1	184704079	184725752	2	20742	66735.5016	94	1
3_MACS_peak_3175_lociStitched	chr10	7510650	7535865	3	21408	64245.2985	95	1
9_MACS_peak_4340_lociStitched	chr10	112146300	112184382	9	22855	59685.9186	96	1
1_MACS_peak_21946_lociStitched	chr4	40190702	40211432	1	20731	65581.428	97	1
3_MACS_peak_122_lociStitched	chr1	6656566	6675977	3	16379	75491.3201	98	1
3_MACS_peak_30053_lociStitched	chr8	141582066	141610509	3	23991	54400.0818	99	1
7_MACS_peak_18814_lociStitched	chr21	36575186	36609096	7	24880	50756.488	100	1
4_MACS_peak_9169_lociStitched	chr14	93029359	93056235	4	19089	68649.3668	101	1
5_MACS_peak_16378_lociStitched	chr2	87754258	87787949	5	25232	47915.3402	102	1
3_MACS_peak_28567_lociStitched	chr7	148394473	148424035	3	24605	50276.0934	103	1
2_MACS_peak_12590_lociStitched	chr17	43296510	43313764	2	13459	78954.304	104	1
6_MACS_peak_16400_lociStitched	chr2	88898940	88928721	6	27265	36026.0757	105	1
3_MACS_peak_21572_lociStitched	chr4	1856554	1879893	3	22004	58268.1474	106	1
1_MACS_peak_4009_lociStitched	chr10	89619621	89640543	1	20923	60270.0054	107	1
2_MACS_peak_12669_lociStitched	chr17	46123386	46142801	2	19309	64671.365	108	1
7_MACS_peak_14349_lociStitched	chr19	12885720	12918088	7	20283	61340.5968	109	1
3_MACS_peak_329_lociStitched	chr1	17215373	17233396	3	13441	76051.6531	110	1
4_MACS_peak_28050_lociStitched	chr7	102062480	102086812	4	19821	62623.2684	111	1
2_MACS_peak_1911_lociStitched	chr1	155938845	155953915	2	15025	73356.239	112	1
2_MACS_peak_32212_lociStitched	chrX	81333241	81359695	2	22216	53934.4152	113	1
4_MACS_peak_12817_lociStitched	chr17	56405957	56430717	4	17298	67324.916	114	1
1_MACS_peak_24200_lociStitched	chr5	118667373	118682570	1	15198	71608.264	115	1
1_MACS_peak_23388_lociStitched	chr5	26869397	26891217	1	21821	53581.192	116	1
2_MACS_peak_341_lociStitched	chr1	17754073	17770716	2	11786	76133.4035	117	1
1_MACS_peak_27137_lociStitched	chr7	23502502	23519517	1	17016	66823.0095	118	1
5_MACS_peak_11100_lociStitched	chr16	29815074	29837767	5	19429	60744.6224	119	1
6_MACS_peak_10769_lociStitched	chr16	9141381	9176170	6	19154	61159.062	120	1
1_MACS_peak_23601_lociStitched	chr5	53813348	53830853	1	17506	64808.7615	121	1
3_MACS_peak_22525_lociStitched	chr4	113191607	113220355	3	19175	60347.8016	122	1
2_MACS_peak_3365_lociStitched	chr10	24735140	24756660	2	19311	58848.592	123	1
2_MACS_peak_29676_lociStitched	chr8	103809623	103828874	2	14373	68712.5943	124	1
6_MACS_peak_16890_lociStitched	chr2	161195321	161227922	6	24236	37132.539	125	1
4_MACS_peak_24329_lociStitched	chr5	131810834	131837471	4	22232	46601.4315	126	1
3_MACS_peak_2394_lociStitched	chr1	197730280	197749086	3	14307	68201.8396	127	1
5_MACS_peak_7200_lociStitched	chr12	104849808	104877195	5	21806	47437.0227	128	1
3_MACS_peak_13719_lociStitched	chr18	49915634	49937321	3	17317	60352.7523	129	1
4_MACS_peak_1907_lociStitched	chr1	155899901	155932381	4	22474	42366.912	130	1
7_MACS_peak_27503_lociStitched	chr7	55574498	55606592	7	21773	45172.305	131	1
3_MACS_peak_9628_lociStitched	chr15	40387148	40408973	3	19270	54217.665	132	1
3_MACS_peak_17277_lociStitched	chr2	202109907	202133103	3	18461	56213.1864	133	1
2_MACS_peak_8332_lociStitched	chr14	20952093	20969808	2	15673	62748.3015	134	1
2_MACS_peak_14569_lociStitched	chr19	19045939	19062715	2	14740	64597.6656	135	1
3_MACS_peak_129_lociStitched	chr1	6878399	6902855	3	16686	59423.1888	136	1
2_MACS_peak_28105_lociStitched	chr7	104935697	104952401	2	15858	61081.5168	137	1
5_MACS_peak_26322_lociStitched	chr6	108897107	108932862	5	22885	35919.473	138	1
2_MACS_peak_1840_lociStitched	chr1	154373676	154394607	2	15388	61175.0337	139	1
1_MACS_peak_20993_lociStitched	chr3	151909589	151924462	1	14874	62184.013	140	1
4_MACS_peak_12046_lociStitched	chr17	17375209	17400975	4	21227	42434.0254	141	1
3_MACS_peak_30067_lociStitched	chr8	142411354	142434425	3	13656	64098.1593	142	1
2_MACS_peak_28091_lociStitched	chr7	104649802	104665734	2	13797	63600.544	143	1
4_MACS_peak_5375_lociStitched	chr11	67029870	67058381	4	14984	60477.5332	144	1
1_MACS_peak_2410_lociStitched	chr1	198887743	198907568	1	19826	46650.2075	145	1
1_MACS_peak_380_lociStitched	chr1	21614906	21624193	1	9288	69694.2915	146	1
2_MACS_peak_13823_lociStitched	chr18	60817233	60832982	2	14957	60241.4999	147	1
4_MACS_peak_13119_lociStitched	chr17	74706150	74735666	4	17310	54368.472	148	1
2_MACS_peak_9449_lociStitched	chr15	23658996	23685289	2	20355	44103.8782	149	1
4_MACS_peak_5492_lociStitched	chr11	72850115	72869402	4	15383	59087.6532	150	1
2_MACS_peak_5830_lociStitched	chr11	111230710	111251274	2	14632	60357.3964	151	1
2_MACS_peak_3692_lociStitched	chr10	63796010	63815553	2	17956	51843.6704	152	1
3_MACS_peak_14802_lociStitched	chr19	39880643	39904247	3	17460	52931.97	153	1
3_MACS_peak_23021_lociStitched	chr4	170904126	170931293	3	17648	52274.7414	154	1
3_MACS_peak_787_lociStitched	chr1	40238311	40256466	3	14706	58894.82	155	1
1_MACS_peak_12260_lociStitched	chr17	29634295	29649690	1	15396	57229.373	156	1
5_MACS_peak_1858_lociStitched	chr1	154927087	154957122	5	16756	53426.258	157	1
1_MACS_peak_31105_lociStitched	chr9	112903468	112920922	1	17455	51007.5696	158	1
2_MACS_peak_8791_lociStitched	chr14	63934104	63953926	2	18582	47136.716	159	1
1_MACS_peak_11305_lociStitched	chr16	56964593	56982021	1	17429	49748.226	160	1
1_MACS_peak_24111_lociStitched	chr5	109023929	109041434	1	17506	49420.116	161	1
3_MACS_peak_10547_lociStitched	chr15	101660314	101681513	3	15830	54142.246	162	1
1_MACS_peak_28414_lociStitched	chr7	130629707	130649535	1	19829	40998.3556	163	1
1_MACS_peak_29435_lociStitched	chr8	81071476	81085178	1	13703	58677.4448	164	1
5_MACS_peak_19318_lociStitched	chr22	37605292	37628911	5	20977	34568.7684	165	1
2_MACS_peak_14951_lociStitched	chr19	45244492	45261312	2	13640	58338.488	166	1
3_MACS_peak_5967_lociStitched	chr11	120195098	120216840	3	16764	49806.5736	167	1
2_MACS_peak_24964_lociStitched	chr6	380944	403821	2	17989	45847.7957	168	1
1_MACS_peak_24544_lociStitched	chr5	142770564	142786965	1	16402	50556.0825	169	1
3_MACS_peak_21596_lociStitched	chr4	2786570	2803976	3	17271	47535.786	170	1
4_MACS_peak_5385_lociStitched	chr11	67187547	67213014	4	13811	56304.9903	171	1
3_MACS_peak_31269_lociStitched	chr9	127614689	127638392	3	14253	55047.8472	172	1
1_MACS_peak_1863_lociStitched	chr1	154969968	154979264	1	9297	63591.1472	173	1
4_MACS_peak_167_lociStitched	chr1	8917101	8941071	4	17027	47009.964	174	1
6_MACS_peak_20503_lociStitched	chr3	111827544	111856621	6	20350	33389.1191	175	1
4_MACS_peak_13167_lociStitched	chr17	76163809	76185299	4	18091	43255.072	176	1
4_MACS_peak_8603_lociStitched	chr14	50085890	50109677	4	16621	47897.5032	177	1
1_MACS_peak_18370_lociStitched	chr20	45978229	45991375	1	13147	55624.6698	178	1
3_MACS_peak_22469_lociStitched	chr4	108909779	108928324	3	16634	46657.3655	179	1
7_MACS_peak_6226_lociStitched	chr12	7046035	7081192	7	19652	34879.2597	180	1
2_MACS_peak_498_lociStitched	chr1	26436679	26454504	2	17225	44566.065	181	1
7_MACS_peak_833_lociStitched	chr1	41818596	41846615	7	18911	38049.802	182	1
3_MACS_peak_28452_lociStitched	chr7	134830618	134856719	3	15625	49320.4496	183	1
2_MACS_peak_6834_lociStitched	chr12	57620294	57639166	2	14501	52184.8544	184	1
3_MACS_peak_2443_lociStitched	chr1	200979543	200995694	3	14654	51789.7966	185	1
4_MACS_peak_8643_lociStitched	chr14	52075929	52100392	4	17115	44444.3784	186	1
3_MACS_peak_1564_lociStitched	chr1	118186466	118210286	3	18116	40691.706	187	1
3_MACS_peak_6515_lociStitched	chr12	40006331	40025393	3	15516	49200.9282	188	1
4_MACS_peak_19637_lociStitched	chr3	5223034	5244995	4	19680	33442.2108	189	1
2_MACS_peak_4325_lociStitched	chr10	111826361	111844095	2	15660	48534.4112	190	1
2_MACS_peak_21449_lociStitched	chr3	192598105	192620287	2	17677	41844.1248	191	1
1_MACS_peak_23431_lociStitched	chr5	32529777	32544971	1	15195	49492.9356	192	1
2_MACS_peak_25175_lociStitched	chr6	16469853	16490097	2	17606	41795.7624	193	1
6_MACS_peak_25523_lociStitched	chr6	31773531	31806116	6	18003	40076.2915	195	1
2_MACS_peak_5954_lociStitched	chr11	119229452	119242479	2	12881	54675.6217	196	1
1_MACS_peak_17938_lociStitched	chr20	15956522	15974944	1	18423	38015.6392	197	1
4_MACS_peak_13111_lociStitched	chr17	74475193	74498557	4	16572	44728.0416	198	1
6_MACS_peak_4327_lociStitched	chr10	111960164	111987182	6	16864	43471.962	199	1
3_MACS_peak_13097_lociStitched	chr17	74168634	74190475	3	18298	38027.3651	200	1
3_MACS_peak_31509_lociStitched	chr9	139080466	139104862	3	15272	48318.7176	201	1
2_MACS_peak_29621_lociStitched	chr8	101309425	101326650	2	15566	47444.54	202	1
1_MACS_peak_24328_lociStitched	chr5	131791234	131804331	1	13098	53300.8609	203	1
4_MACS_peak_31652_lociStitched	chrX	10064789	10092008	4	18024	37711.9245	204	1
2_MACS_peak_9933_lociStitched	chr15	60865392	60885762	2	15985	44860.851	205	1
1_MACS_peak_6841_lociStitched	chr12	57844891	57857117	1	12227	54111.0534	206	1
3_MACS_peak_19115_lociStitched	chr22	23268460	23285700	3	15530	45923.912	207	1
2_MACS_peak_7104_lociStitched	chr12	94581359	94604480	2	17194	40385.4507	208	1
2_MACS_peak_8348_lociStitched	chr14	21565789	21580663	2	13972	50030.1864	209	1
3_MACS_peak_10836_lociStitched	chr16	12051674	12071721	3	15768	44736.8852	210	1
2_MACS_peak_25292_lociStitched	chr6	26020168	26035943	2	14007	49080.7575	211	1
5_MACS_peak_30699_lociStitched	chr9	73013732	73037170	5	14663	47279.1336	212	1
7_MACS_peak_9935_lociStitched	chr15	60939464	60974534	7	16527	41207.25	213	1
2_MACS_peak_31855_lociStitched	chrX	39953059	39969749	2	15099	45311.681	214	1
2_MACS_peak_4867_lociStitched	chr11	22677002	22698011	2	16852	39410.7831	215	1
3_MACS_peak_3529_lociStitched	chr10	43889188	43906176	3	16171	41832.95	216	1
5_MACS_peak_14376_lociStitched	chr19	13260259	13283862	5	14995	45367.3263	217	1
4_MACS_peak_14264_lociStitched	chr19	10512708	10542942	4	17196	37804.5936	218	1
3_MACS_peak_21688_lociStitched	chr4	10094418	10120040	3	17497	36326.8716	219	1
4_MACS_peak_19625_lociStitched	chr3	4869746	4894534	4	18956	29066.4088	220	1
4_MACS_peak_7476_lociStitched	chr12	122883400	122908015	4	17501	36033.8985	221	1
3_MACS_peak_28126_lociStitched	chr7	105910290	105927429	3	17007	37942.3182	222	1
4_MACS_peak_5940_lociStitched	chr11	118954908	118979803	4	13674	48236.552	223	1
2_MACS_peak_22450_lociStitched	chr4	106545185	106560847	2	13807	47836.4466	224	1
4_MACS_peak_23282_lociStitched	chr5	6711330	6738852	4	17219	36298.7658	225	1
5_MACS_peak_10071_lociStitched	chr15	68476252	68503512	5	16764	38117.658	226	1
1_MACS_peak_2492_lociStitched	chr1	203288432	203299190	1	10759	53643.6912	227	1
6_MACS_peak_13039_lociStitched	chr17	72733295	72757836	6	17356	35378.3056	228	1
4_MACS_peak_26812_lociStitched	chr6	160389271	160414527	4	17660	33921.3336	229	1
4_MACS_peak_31336_lociStitched	chr9	130828520	130846455	4	16955	36305.8205	230	1
6_MACS_peak_10762_lociStitched	chr16	9033656	9058699	6	18916	25821.8373	231	1
1_MACS_peak_29327_lociStitched	chr8	71059643	71074897	1	15255	41524.4388	232	1
3_MACS_peak_29570_lociStitched	chr8	97272034	97296255	3	15670	40114.8202	233	1
2_MACS_peak_26345_lociStitched	chr6	109400329	109417904	2	17057	34258.9475	235	1
2_MACS_peak_24056_lociStitched	chr5	100224114	100241920	2	13407	46327.6508	236	1
4_MACS_peak_2065_lociStitched	chr1	162530099	162558934	4	17478	32176.9765	237	1
1_MACS_peak_23116_lociStitched	chr4	185200548	185211346	1	10799	51798.006	238	1
2_MACS_peak_1943_lociStitched	chr1	156709024	156723274	2	10914	50958	239	1
3_MACS_peak_27511_lociStitched	chr7	55623012	55642745	3	16225	36253.4676	240	1
2_MACS_peak_27041_lociStitched	chr7	14015706	14032023	2	16304	35734.23	241	1
6_MACS_peak_5237_lociStitched	chr11	63992666	64020110	6	15465	38665.8516	242	1
2_MACS_peak_66_lociStitched	chr1	2219927	2234766	2	9593	52596.8355	243	1
4_MACS_peak_5326_lociStitched	chr11	65812214	65839391	4	15788	37156.3944	244	1
6_MACS_peak_23411_lociStitched	chr5	32153628	32176073	6	16515	34257.8035	245	1
1_MACS_peak_23233_lociStitched	chr5	1310842	1320496	1	9655	52336.2648	246	1
6_MACS_peak_15308_lociStitched	chr19	56143176	56171227	6	15597	37498.5768	247	1
1_MACS_peak_15873_lociStitched	chr2	43444431	43456894	1	12464	46561.768	248	1
2_MACS_peak_9102_lociStitched	chr14	89881551	89899324	2	12313	46840.7415	249	1
2_MACS_peak_6005_lociStitched	chr11	122927409	122942657	2	15227	38572.8656	250	1
2_MACS_peak_5916_lociStitched	chr11	118305009	118321270	2	15441	37567.7883	251	1
3_MACS_peak_13179_lociStitched	chr17	76335950	76357553	3	15235	38291.3175	252	1
1_MACS_peak_21186_lociStitched	chr3	171843912	171861316	1	17405	28944.5924	253	1
2_MACS_peak_30002_lociStitched	chr8	134508432	134521087	2	12531	45701.0015	254	1
3_MACS_peak_9749_lociStitched	chr15	45002127	45023349	3	14712	39551.4414	255	1
2_MACS_peak_24005_lociStitched	chr5	95257952	95271499	2	13235	43720.2331	256	1
1_MACS_peak_22798_lociStitched	chr4	144272541	144284263	1	11723	47284.2036	257	1
2_MACS_peak_519_lociStitched	chr1	27018382	27034176	2	13905	41713.5334	258	1
3_MACS_peak_22940_lociStitched	chr4	159729498	159749560	3	16274	33347.0564	259	1
3_MACS_peak_4655_lociStitched	chr11	3874368	3893351	3	14368	40029.4521	260	1
3_MACS_peak_16383_lociStitched	chr2	87794580	87818824	3	17254	28280.626	261	1
1_MACS_peak_29808_lociStitched	chr8	119572476	119582254	1	9779	50622.6616	262	1
2_MACS_peak_9282_lociStitched	chr14	102275185	102294568	2	14370	39870.831	263	1
2_MACS_peak_19201_lociStitched	chr22	29183306	29199347	2	15999	33953.9847	264	1
1_MACS_peak_25561_lociStitched	chr6	32934328	32943739	1	9412	51073.497	265	1
3_MACS_peak_442_lociStitched	chr1	24511892	24531851	3	13282	42766.1493	266	1
1_MACS_peak_18310_lociStitched	chr20	43269485	43282441	1	12957	43124.046	267	1
3_MACS_peak_20374_lociStitched	chr3	98448615	98465244	3	14830	37283.8809	268	1
4_MACS_peak_27868_lociStitched	chr7	92346949	92369427	4	15432	34989.2548	269	1
1_MACS_peak_20377_lociStitched	chr3	98479923	98496102	1	16180	31845.1257	270	1
3_MACS_peak_11093_lociStitched	chr16	29604167	29625680	3	17668	23492.196	271	1
4_MACS_peak_24628_lociStitched	chr5	150431447	150451525	4	16357	30217.39	273	1
3_MACS_peak_80_lociStitched	chr1	2470845	2489574	3	12324	43827.7329	274	1
5_MACS_peak_18726_lociStitched	chr21	30428756	30453821	5	16611	28559.061	275	1
3_MACS_peak_1827_lociStitched	chr1	153928215	153941367	3	11158	45817.6224	276	1
1_MACS_peak_6823_lociStitched	chr12	57105824	57120377	1	14554	36522.2088	277	1
5_MACS_peak_11430_lociStitched	chr16	68270819	68300125	5	15506	32740.6632	278	1
2_MACS_peak_26279_lociStitched	chr6	106439485	106452167	2	11711	44398.4138	279	1
1_MACS_peak_6565_lociStitched	chr12	46116905	46128842	1	11938	43682.2578	281	1
2_MACS_peak_21723_lociStitched	chr4	13471868	13487543	2	15674	31619.61	282	1
5_MACS_peak_6259_lociStitched	chr12	9645513	9669155	5	15585	31975.805	283	1
2_MACS_peak_31427_lociStitched	chr9	134542919	134556089	2	13057	40639.986	284	1
2_MACS_peak_13156_lociStitched	chr17	76014478	76032333	2	12554	41923.54	285	1
1_MACS_peak_55_lociStitched	chr1	1706188	1714260	1	8073	50668.7512	286	1
3_MACS_peak_1851_lociStitched	chr1	154821809	154844103	3	12995	40541.639	287	1
3_MACS_peak_30139_lociStitched	chr8	145731920	145749898	3	11187	44795.7826	288	1
1_MACS_peak_29912_lociStitched	chr8	126440862	126450173	1	9312	48396.7158	289	1
1_MACS_peak_21230_lociStitched	chr3	176910964	176921124	1	10161	46748.192	290	1
2_MACS_peak_15918_lociStitched	chr2	46788618	46804707	2	15715	30411.4278	291	1
3_MACS_peak_25740_lociStitched	chr6	42737687	42752777	3	12852	40456.29	292	1
2_MACS_peak_17440_lociStitched	chr2	219080932	219096782	2	15226	32364.115	293	1
3_MACS_peak_13773_lociStitched	chr18	56291714	56307404	3	13056	39701.976	294	1
4_MACS_peak_18360_lociStitched	chr20	45172289	45198317	4	15044	32761.4436	295	1
4_MACS_peak_10181_lociStitched	chr15	75063594	75083917	4	13798	37221.5745	296	1
3_MACS_peak_15511_lociStitched	chr2	11883503	11896013	3	12011	42228.756	297	1
1_MACS_peak_31623_lociStitched	chrX	7024624	7040953	1	16330	26652.1938	298	1
3_MACS_peak_28608_lociStitched	chr7	150098187	150113083	3	9542	47296.2896	299	1
3_MACS_peak_17855_lociStitched	chr20	5572271	5592553	3	15299	31295.126	300	1
2_MACS_peak_25387_lociStitched	chr6	27856530	27871786	2	11764	42539.8304	301	1
6_MACS_peak_31236_lociStitched	chr9	126079296	126103884	6	14282	35025.606	302	1
1_MACS_peak_12135_lociStitched	chr17	20934660	20948114	1	13455	37715.5982	303	1
5_MACS_peak_24637_lociStitched	chr5	150512430	150538161	5	15674	29253.5739	304	1
4_MACS_peak_257_lociStitched	chr1	12206581	12228668	4	13710	36854.3682	305	1
3_MACS_peak_18811_lociStitched	chr21	36413959	36430660	3	13353	37824.4248	306	1
1_MACS_peak_27169_lociStitched	chr7	26000551	26011989	1	11439	42901.6504	307	1
5_MACS_peak_16591_lociStitched	chr2	112219924	112243169	5	17262	19046.953	308	1
3_MACS_peak_28277_lociStitched	chr7	121006453	121026879	3	14139	34881.4802	309	1
5_MACS_peak_10966_lociStitched	chr16	21511208	21532428	5	16453	24354.194	310	1
3_MACS_peak_11670_lociStitched	chr16	87798389	87814734	3	12684	39244.345	311	1
1_MACS_peak_29155_lociStitched	chr8	54923214	54935701	1	12488	39551.3238	312	1
1_MACS_peak_12377_lociStitched	chr17	36855327	36863627	1	8301	48088.54	313	1
3_MACS_peak_6816_lociStitched	chr12	57021907	57040854	3	13784	35296.3663	314	1
4_MACS_peak_25554_lociStitched	chr6	32804675	32823721	4	12015	40164.2048	316	1
1_MACS_peak_6274_lociStitched	chr12	10010499	10025459	1	14961	30277.544	317	1
1_MACS_peak_21232_lociStitched	chr3	177067866	177079808	1	11943	40316.192	318	1
1_MACS_peak_31976_lociStitched	chrX	48789538	48804267	1	14730	31178.3472	319	1
3_MACS_peak_12981_lociStitched	chr17	66449903	66462587	3	10567	43372.938	320	1
1_MACS_peak_22435_lociStitched	chr4	105405568	105417504	1	11937	40125.2512	321	1
3_MACS_peak_24632_lociStitched	chr5	150458287	150476193	3	13718	34748.3836	322	1
1_MACS_peak_27471_lociStitched	chr7	50343001	50353277	1	10277	43817.8916	323	1
3_MACS_peak_567_lociStitched	chr1	28558651	28578106	3	12891	37192.1235	324	1
3_MACS_peak_5629_lociStitched	chr11	82771260	82785114	3	12374	38533.5156	325	1
4_MACS_peak_27176_lociStitched	chr7	26225277	26245383	4	13843	33548.8716	326	1
4_MACS_peak_18017_lociStitched	chr20	25254452	25282191	4	13907	33314.539	327	1
3_MACS_peak_28605_lociStitched	chr7	150063872	150083942	3	10191	43455.564	328	1
1_MACS_peak_29088_lociStitched	chr8	42741583	42754522	1	12940	36423.285	329	1
3_MACS_peak_9023_lociStitched	chr14	81079237	81095805	3	13050	35960.844	330	1
2_MACS_peak_17752_lociStitched	chr20	351454	370500	2	14640	30090.7754	331	1
2_MACS_peak_1321_lociStitched	chr1	93408578	93428722	2	15993	23191.7872	332	1
4_MACS_peak_11964_lociStitched	chr17	9913613	9930554	4	13482	34366.5126	333	1
3_MACS_peak_31386_lociStitched	chr9	132244453	132261063	3	12464	37402.398	334	1
4_MACS_peak_1530_lociStitched	chr1	115233385	115260212	4	15987	22800.2673	335	1
4_MACS_peak_578_lociStitched	chr1	28827039	28847417	4	13884	32486.6076	336	1
3_MACS_peak_21161_lociStitched	chr3	169884294	169900171	3	14266	30817.257	337	1
3_MACS_peak_8374_lociStitched	chr14	23065988	23084586	3	12502	36898.432	338	1
2_MACS_peak_878_lociStitched	chr1	44294894	44305231	2	9664	43568.3876	339	1
2_MACS_peak_27481_lociStitched	chr7	50723267	50736510	2	12884	35243.5959	340	1
1_MACS_peak_26321_lociStitched	chr6	108878264	108889170	1	10907	40592.132	341	1
7_MACS_peak_1126_lociStitched	chr1	65406984	65433663	7	15684	23037.3165	342	1
1_MACS_peak_21246_lociStitched	chr3	178229422	178239476	1	10055	42380.6262	343	1
1_MACS_peak_9871_lociStitched	chr15	55691089	55701895	1	10807	40619.754	344	1
1_MACS_peak_23544_lociStitched	chr5	42987521	42997258	1	9738	42857.4055	345	1
3_MACS_peak_10421_lociStitched	chr15	90721272	90736861	3	13063	33879.5737	346	1
1_MACS_peak_18472_lociStitched	chr20	52267100	52279555	1	12456	35825.562	347	1
6_MACS_peak_27259_lociStitched	chr7	32766343	32789655	6	15966	19659.0096	348	1
1_MACS_peak_14474_lociStitched	chr19	16474242	16485284	1	11043	39359.209	349	1
2_MACS_peak_9045_lociStitched	chr14	81989637	82001128	2	11308	38668.3641	350	1
4_MACS_peak_28094_lociStitched	chr7	104738430	104755537	4	14430	28052.0586	351	1
1_MACS_peak_19355_lociStitched	chr22	38782566	38797669	1	15104	24741.7346	352	1
5_MACS_peak_2037_lociStitched	chr1	161409399	161442022	5	13586	31308.2931	353	1
2_MACS_peak_1977_lociStitched	chr1	159035657	159048947	2	11902	36732.231	354	1
3_MACS_peak_18574_lociStitched	chr20	61272783	61286621	3	13750	30407.6212	355	1
1_MACS_peak_5429_lociStitched	chr11	68815721	68826146	1	10426	40339.5375	356	1
2_MACS_peak_14781_lociStitched	chr19	39169797	39185593	2	12234	35607.3432	357	1
1_MACS_peak_30361_lociStitched	chr9	21985386	21996837	1	11452	37744.7862	359	1
5_MACS_peak_6862_lociStitched	chr12	58224900	58241331	5	13746	30292.1916	360	1
2_MACS_peak_1919_lociStitched	chr1	156083617	156100495	2	14211	28279.089	361	1
2_MACS_peak_19203_lociStitched	chr22	29206711	29225550	2	15510	21095.9122	362	1
2_MACS_peak_12851_lociStitched	chr17	57856385	57868432	2	9880	41146.5285	363	1
3_MACS_peak_11918_lociStitched	chr17	7737063	7761654	3	14971	23831.1381	364	1
2_MACS_peak_2854_lociStitched	chr1	228666440	228680195	2	7877	44585.457	365	1
3_MACS_peak_12615_lociStitched	chr17	44216539	44234927	3	15603	19774.4552	366	1
1_MACS_peak_22411_lociStitched	chr4	102709585	102719555	1	9971	40559.954	367	1
1_MACS_peak_2799_lociStitched	chr1	226308214	226318114	1	9901	40475.16	369	1
2_MACS_peak_29331_lociStitched	chr8	71124381	71139634	2	11342	36958.019	370	1
1_MACS_peak_410_lociStitched	chr1	23848521	23859028	1	10508	38888.5084	371	1
2_MACS_peak_23632_lociStitched	chr5	55437610	55453511	2	14078	27251.1338	372	1
2_MACS_peak_13693_lociStitched	chr18	47832550	47848470	2	12725	32556.4	373	1
3_MACS_peak_24429_lociStitched	chr5	138719420	138740918	3	13862	28162.38	374	1
1_MACS_peak_13995_lociStitched	chr19	1645561	1653947	1	8387	43120.812	375	1
2_MACS_peak_18039_lociStitched	chr20	30146901	30162831	2	14196	26474.067	376	1
1_MACS_peak_5291_lociStitched	chr11	65147622	65159000	1	11379	36480.1436	377	1
1_MACS_peak_6382_lociStitched	chr12	25203090	25217504	1	14415	25158.1956	378	1
2_MACS_peak_32214_lociStitched	chrX	81369596	81384036	2	14147	26290.908	380	1
3_MACS_peak_13131_lociStitched	chr17	75131048	75144346	3	10954	37229.0808	381	1
2_MACS_peak_29672_lociStitched	chr8	103658827	103675541	2	12706	31870.2552	382	1
2_MACS_peak_18131_lociStitched	chr20	32987608	33006405	2	13317	29460.5381	383	1
2_MACS_peak_13617_lociStitched	chr18	41587765	41600477	2	12503	32278.3104	384	1
1_MACS_peak_18771_lociStitched	chr21	34599837	34613036	1	13200	29646.2739	385	1
2_MACS_peak_15757_lociStitched	chr2	33712835	33725219	2	12371	32607.072	386	1
1_MACS_peak_23495_lociStitched	chr5	39071022	39081304	1	10283	38353.9164	387	1
2_MACS_peak_20395_lociStitched	chr3	99820941	99829691	2	8446	42063.875	388	1
3_MACS_peak_38_lociStitched	chr1	1332238	1348644	3	12017	33302.5394	389	1
2_MACS_peak_5029_lociStitched	chr11	46135487	46149561	2	11191	35716.9972	390	1
3_MACS_peak_24682_lociStitched	chr5	156339259	156362104	3	13331	28512.8445	391	1
1_MACS_peak_12721_lociStitched	chr17	47815490	47828034	1	12545	31464.1152	392	1
4_MACS_peak_31429_lociStitched	chr9	134595471	134616092	4	14001	25466.935	393	1
3_MACS_peak_15155_lociStitched	chr19	50165594	50184572	3	12056	32784.495	394	1
2_MACS_peak_2003_lociStitched	chr1	160675494	160684726	2	9096	40008.7184	395	1
1_MACS_peak_6071_lociStitched	chr11	128585034	128598169	1	13136	28489.815	396	1
3_MACS_peak_26335_lociStitched	chr6	109186208	109206423	3	13457	27075.971	397	1
3_MACS_peak_30225_lociStitched	chr9	5910209	5926060	3	11808	33131.7602	398	1
3_MACS_peak_31323_lociStitched	chr9	130533053	130549997	3	9852	38320.5504	399	1
2_MACS_peak_13063_lociStitched	chr17	73283134	73295254	2	11034	35164.968	400	1
2_MACS_peak_16131_lociStitched	chr2	65656286	65666336	2	9923	37943.775	401	1
2_MACS_peak_20518_lociStitched	chr3	112174125	112187067	2	11809	32765.2614	402	1
2_MACS_peak_25767_lociStitched	chr6	43591064	43605160	2	11066	34938.3456	403	1
4_MACS_peak_18267_lociStitched	chr20	42305551	42318751	4	12621	29907.24	404	1
3_MACS_peak_29954_lociStitched	chr8	131041420	131059482	3	12088	31713.2596	405	1
5_MACS_peak_16084_lociStitched	chr2	64430405	64456279	5	13739	25115.8918	406	1
2_MACS_peak_2185_lociStitched	chr1	174926337	174942064	2	11696	32921.3291	407	1
2_MACS_peak_10004_lociStitched	chr15	65175884	65190377	2	8561	40244.1624	408	1
2_MACS_peak_30562_lociStitched	chr9	37184282	37199504	2	13360	26366.0262	409	1
2_MACS_peak_29730_lociStitched	chr8	107668983	107683464	2	12815	28565.2206	410	1
2_MACS_peak_25221_lociStitched	chr6	20200200	20214428	2	12837	28403.3564	411	1
3_MACS_peak_31686_lociStitched	chrX	13670268	13688953	3	13924	23388.0145	412	1
3_MACS_peak_30844_lociStitched	chr9	91920499	91935995	3	12616	29120.0832	413	1
3_MACS_peak_15087_lociStitched	chr19	48823549	48838182	3	10943	34529.4901	414	1
6_MACS_peak_11194_lociStitched	chr16	46644705	46667270	6	14146	22061.8005	415	1
5_MACS_peak_25314_lociStitched	chr6	26295372	26323668	5	14038	22580.208	416	1
2_MACS_peak_12507_lociStitched	chr17	40824789	40834074	2	9126	38784.3735	417	1
5_MACS_peak_4070_lociStitched	chr10	93847693	93871769	5	14201	21451.716	418	1
4_MACS_peak_18325_lociStitched	chr20	43656901	43684414	4	14295	20868.6105	419	1
4_MACS_peak_19583_lociStitched	chr22	50962573	50985152	4	13705	24064.6982	420	1
4_MACS_peak_3744_lociStitched	chr10	70382223	70403081	4	12188	30285.816	421	1
2_MACS_peak_16348_lociStitched	chr2	86216453	86228591	2	10541	35160.1446	422	1
4_MACS_peak_10851_lociStitched	chr16	14486852	14503136	4	11311	32854.5984	423	1
2_MACS_peak_27748_lociStitched	chr7	80399515	80411396	2	11168	33095.7136	425	1
1_MACS_peak_30005_lociStitched	chr8	134578496	134586561	1	8066	40106.4385	426	1
3_MACS_peak_29286_lociStitched	chr8	67415832	67427039	3	9701	36604.3034	427	1
2_MACS_peak_30081_lociStitched	chr8	144098987	144110285	2	10319	34972.959	428	1
2_MACS_peak_25516_lociStitched	chr6	31696883	31709495	2	10038	35667.9972	429	1
2_MACS_peak_13103_lociStitched	chr17	74257721	74269534	2	11729	30775.2276	430	1
1_MACS_peak_12421_lociStitched	chr17	38016020	38025471	1	9452	36900.4844	431	1
1_MACS_peak_28087_lociStitched	chr7	104577934	104587134	1	9201	37435.72	432	1
1_MACS_peak_21964_lociStitched	chr4	40622202	40633957	1	11756	30490.119	433	1
2_MACS_peak_29561_lociStitched	chr8	96099199	96115121	2	12431	27939.9256	434	1
3_MACS_peak_23276_lociStitched	chr5	6476776	6488535	3	11542	30910.8833	435	1
2_MACS_peak_31399_lociStitched	chr9	132646011	132655900	2	9224	36937.3928	436	1
4_MACS_peak_20981_lociStitched	chr3	150315462	150328887	4	12401	27509.1675	437	1
1_MACS_peak_2555_lociStitched	chr1	206728297	206739125	1	10829	32579.2864	438	1
5_MACS_peak_14021_lociStitched	chr19	2253830	2272224	5	11432	30622.3312	439	1
1_MACS_peak_24527_lociStitched	chr5	142429985	142439295	1	9311	36342.516	440	1
5_MACS_peak_24051_lociStitched	chr5	100163673	100193637	5	13443	22092.4572	441	1
1_MACS_peak_22240_lociStitched	chr4	78733835	78744648	1	10814	32234.6343	442	1
2_MACS_peak_18669_lociStitched	chr21	19182830	19194877	2	11324	30643.9539	443	1
2_MACS_peak_15986_lociStitched	chr2	54784248	54800427	2	11581	29775.8316	444	1
2_MACS_peak_21088_lociStitched	chr3	160115842	160129539	2	11236	30875.7774	445	1
1_MACS_peak_13246_lociStitched	chr17	79477853	79487420	1	9568	35440.9515	446	1
3_MACS_peak_32608_lociStitched	chrX	153232885	153252865	3	12635	25660.314	447	1
2_MACS_peak_19110_lociStitched	chr22	23143124	23154813	2	11327	30542.1881	448	1
3_MACS_peak_4562_lociStitched	chr10	135201155	135215951	3	10272	33526.2564	449	1
3_MACS_peak_2800_lociStitched	chr1	226334555	226350986	3	13803	19395.1524	450	1
2_MACS_peak_10100_lociStitched	chr15	70386935	70396550	2	9569	35183.208	451	1
2_MACS_peak_486_lociStitched	chr1	25869569	25883517	2	11182	30674.4416	452	1
3_MACS_peak_18321_lociStitched	chr20	43587078	43608957	3	12378	26261.3637	453	1
2_MACS_peak_27982_lociStitched	chr7	100025441	100035086	2	7782	38689.953	454	1
2_MACS_peak_31704_lociStitched	chrX	15863902	15876017	2	12055	27381.1115	455	1
3_MACS_peak_20624_lociStitched	chr3	121526057	121543558	3	12806	24188.1321	456	1
1_MACS_peak_16038_lociStitched	chr2	60775430	60785148	1	9719	34479.464	457	1
3_MACS_peak_20120_lociStitched	chr3	52728781	52745407	3	13485	20551.3986	458	1
3_MACS_peak_11378_lociStitched	chr16	66549123	66561368	3	11214	30057.8015	459	1
4_MACS_peak_10903_lociStitched	chr16	17365326	17379814	4	13002	22876.552	460	1
1_MACS_peak_17081_lociStitched	chr2	182168325	182180328	1	12004	27161.5887	461	1
4_MACS_peak_8610_lociStitched	chr14	50317814	50335892	4	12026	27039.2646	462	1
1_MACS_peak_26005_lociStitched	chr6	74224025	74234557	1	10533	32000.4288	463	1
4_MACS_peak_29872_lociStitched	chr8	124541644	124561114	4	12349	25680.93	464	1
3_MACS_peak_23602_lociStitched	chr5	53932618	53948698	3	11217	29772.12	465	1
2_MACS_peak_17615_lociStitched	chr2	232570144	232579358	2	8838	36052.5392	467	1
4_MACS_peak_20231_lociStitched	chr3	69128184	69145495	4	13405	20184.626	468	1
2_MACS_peak_24938_lociStitched	chr5	180227983	180239223	2	10904	30650.356	469	1
4_MACS_peak_30851_lociStitched	chr9	92038942	92059444	4	12568	24243.615	470	1
3_MACS_peak_14778_lociStitched	chr19	39137449	39151153	3	13369	19954.3944	471	1
1_MACS_peak_17199_lociStitched	chr2	197148415	197160907	1	12493	24243.2244	472	1
2_MACS_peak_28450_lociStitched	chr7	134670449	134682742	2	11222	29173.7476	473	1
2_MACS_peak_7525_lociStitched	chr12	125397232	125413008	2	11584	27904.5888	474	1
1_MACS_peak_7102_lociStitched	chr12	94541415	94554271	1	12857	22312.8736	476	1
4_MACS_peak_10551_lociStitched	chr15	101735504	101751567	4	11213	28964.8016	477	1
3_MACS_peak_25512_lociStitched	chr6	31619000	31634971	3	10316	31699.2408	478	1
5_MACS_peak_20941_lociStitched	chr3	146257139	146280579	5	13279	19682.568	479	1
3_MACS_peak_9304_lociStitched	chr14	103240369	103257334	3	12603	23026.5945	480	1
3_MACS_peak_27066_lociStitched	chr7	18533772	18549688	3	12797	21995.912	481	1
1_MACS_peak_6688_lociStitched	chr12	51712056	51722704	1	10649	30294.6248	482	1
2_MACS_peak_21252_lociStitched	chr3	178422302	178435435	2	10799	29670.0736	483	1
3_MACS_peak_2016_lociStitched	chr1	161028481	161041347	3	10452	30563.183	484	1
1_MACS_peak_16256_lociStitched	chr2	74424808	74435923	1	11116	28325.466	485	1
3_MACS_peak_13124_lociStitched	chr17	74775964	74788934	3	12013	24832.362	486	1
1_MACS_peak_7054_lociStitched	chr12	89737919	89749206	1	11288	27544.7948	487	1
1_MACS_peak_32216_lociStitched	chrX	81473495	81486137	1	12643	21659.5386	488	1
3_MACS_peak_13257_lociStitched	chr17	79815984	79831223	3	10291	30574.0057	489	1
1_MACS_peak_7246_lociStitched	chr12	109020390	109031869	1	11480	26511.8984	490	1
4_MACS_peak_2208_lociStitched	chr1	179048417	179062092	4	11770	25175.675	491	1
5_MACS_peak_5368_lociStitched	chr11	66867126	66890208	5	11049	27799.9608	492	1
4_MACS_peak_5121_lociStitched	chr11	59315396	59334476	4	11363	26635.68	493	1
2_MACS_peak_1835_lociStitched	chr1	154179674	154195217	2	9550	32248.6164	494	1
2_MACS_peak_17954_lociStitched	chr20	17943751	17954821	2	10919	28124.442	495	1
1_MACS_peak_24369_lociStitched	chr5	133976874	133987406	1	10533	29373.748	496	1
3_MACS_peak_8426_lociStitched	chr14	24604524	24618026	3	10498	29435.7102	498	1
1_MACS_peak_20623_lociStitched	chr3	121509724	121519092	1	9369	32600.64	499	1
2_MACS_peak_734_lociStitched	chr1	37933281	37946594	2	11020	27709.6782	500	1
2_MACS_peak_25308_lociStitched	chr6	26214643	26225449	2	10419	29667.873	501	1
5_MACS_peak_18374_lociStitched	chr20	46114476	46136310	5	12115	23270.6772	502	1
1_MACS_peak_16297_lociStitched	chr2	80751380	80760699	1	9320	32593.2025	503	1
2_MACS_peak_12196_lociStitched	chr17	27045881	27056707	2	10630	28836.1336	504	1
4_MACS_peak_8982_lociStitched	chr14	76326674	76345429	4	12383	21761.4265	505	1
4_MACS_peak_17273_lociStitched	chr2	202084691	202102312	4	12013	23506.414	506	1
4_MACS_peak_11119_lociStitched	chr16	30344000	30367913	4	12396	21528.8739	507	1
3_MACS_peak_11279_lociStitched	chr16	54956588	54971460	3	10608	28537.8808	508	1
4_MACS_peak_11661_lociStitched	chr16	87409017	87428235	4	12046	22969.3536	509	1
1_MACS_peak_31975_lociStitched	chrX	48768112	48779742	1	11631	24739.336	510	1
1_MACS_peak_12149_lociStitched	chr17	21246976	21254925	1	7950	35165.5811	511	1
5_MACS_peak_13187_lociStitched	chr17	76731899	76756316	5	12842	18307.8666	513	1
3_MACS_peak_18087_lociStitched	chr20	31254628	31270460	3	11603	24169.1312	514	1
5_MACS_peak_10041_lociStitched	chr15	67357277	67380337	5	12827	17933.762	515	1
3_MACS_peak_20185_lociStitched	chr3	61545509	61563112	3	12226	21278.5064	516	1
3_MACS_peak_18534_lociStitched	chr20	57461158	57473258	3	10721	27422.23	517	1
4_MACS_peak_11023_lociStitched	chr16	24982679	25001209	4	12387	20342.234	518	1
1_MACS_peak_9448_lociStitched	chr15	23609035	23619322	1	10288	28800.5139	519	1
3_MACS_peak_28941_lociStitched	chr8	27223588	27241084	3	12421	19892.952	520	1
1_MACS_peak_13776_lociStitched	chr18	56316081	56327539	1	11459	24186.6922	521	1
2_MACS_peak_18774_lociStitched	chr21	34696177	34712244	2	10889	26234.1976	522	1
1_MACS_peak_30037_lociStitched	chr8	138346862	138354645	1	7784	34565.8596	523	1
2_MACS_peak_26378_lociStitched	chr6	112152743	112168959	2	10657	27027.2072	524	1
1_MACS_peak_14899_lociStitched	chr19	42782147	42790544	1	8398	33216.8526	525	1
2_MACS_peak_29917_lociStitched	chr8	126647454	126661575	2	11079	25400.8548	526	1
2_MACS_peak_12054_lociStitched	chr17	17584101	17599281	2	9963	29124.348	527	1
4_MACS_peak_5271_lociStitched	chr11	64835528	64853131	4	12088	20878.9183	528	1
3_MACS_peak_6820_lociStitched	chr12	57071488	57089979	3	9835	29452.4648	529	1
4_MACS_peak_5135_lociStitched	chr11	60666302	60684883	4	11573	23211.3852	530	1
2_MACS_peak_18066_lociStitched	chr20	30787630	30797097	2	8880	31913.257	531	1
2_MACS_peak_8698_lociStitched	chr14	55563816	55575283	2	9551	30102.0217	532	1
4_MACS_peak_24816_lociStitched	chr5	171600789	171616284	4	10886	25786.779	533	1
2_MACS_peak_24843_lociStitched	chr5	173163369	173174415	2	9655	29749.0872	534	1
2_MACS_peak_4832_lociStitched	chr11	18403904	18418730	2	9390	30474.843	535	1
2_MACS_peak_25190_lociStitched	chr6	16756530	16766884	2	10226	27999.2868	536	1
2_MACS_peak_18602_lociStitched	chr20	62357946	62373018	2	11485	23332.9632	537	1
4_MACS_peak_29900_lociStitched	chr8	126219793	126239711	4	12451	18454.027	538	1
2_MACS_peak_25792_lociStitched	chr6	44223687	44234045	2	10347	27431.0914	540	1
1_MACS_peak_31358_lociStitched	chr9	131445353	131453926	1	8574	32330.4976	541	1
4_MACS_peak_24411_lociStitched	chr5	137898936	137912364	4	11952	20867.112	542	1
2_MACS_peak_3169_lociStitched	chr10	6961691	6973063	2	8525	32341.968	543	1
2_MACS_peak_23486_lociStitched	chr5	37797643	37812628	2	9489	29850.12	544	1
2_MACS_peak_17720_lociStitched	chr2	241498398	241509872	2	10886	25320.8232	545	1
4_MACS_peak_19747_lociStitched	chr3	15834542	15851433	4	12003	20392.5043	546	1
2_MACS_peak_9149_lociStitched	chr14	91876284	91886143	2	9396	29892.488	548	1
2_MACS_peak_25534_lociStitched	chr6	31937586	31952892	2	10434	26705.9088	549	1
1_MACS_peak_24887_lociStitched	chr5	176851972	176860649	1	8678	31713.5673	550	1
5_MACS_peak_26264_lociStitched	chr6	105927791	105944752	5	12275	18529.8925	551	1
2_MACS_peak_1561_lociStitched	chr1	118147772	118160305	2	12262	18555.1065	552	1
2_MACS_peak_12594_lociStitched	chr17	43384882	43396075	2	9058	30663.2235	553	1
2_MACS_peak_11599_lociStitched	chr16	82683351	82694465	2	8440	32159.4704	554	1
1_MACS_peak_18804_lociStitched	chr21	36254034	36263239	1	9206	30247.63	555	1
1_MACS_peak_1563_lociStitched	chr1	118166802	118178132	1	11331	23038.422	556	1
4_MACS_peak_12730_lociStitched	chr17	48223997	48241866	4	11009	24264.3151	557	1
2_MACS_peak_10816_lociStitched	chr16	11668278	11682164	2	10852	24757.3494	558	1
1_MACS_peak_15172_lociStitched	chr19	50424508	50434455	1	9948	27759.0929	559	1
2_MACS_peak_14044_lociStitched	chr19	2607356	2622711	2	10972	24096.6015	561	1
1_MACS_peak_4232_lociStitched	chr10	103872154	103881179	1	9026	30357.3925	562	1
2_MACS_peak_16862_lociStitched	chr2	158323684	158338226	2	10735	24842.0986	563	1
3_MACS_peak_13295_lociStitched	chr17	80405427	80417916	3	8833	30633.0192	564	1
1_MACS_peak_12955_lociStitched	chr17	65641817	65649835	1	8019	32413.5668	565	1
1_MACS_peak_30476_lociStitched	chr9	33815942	33825631	1	9690	28119.4158	566	1
1_MACS_peak_23421_lociStitched	chr5	32274613	32285066	1	10454	25597.3064	567	1
2_MACS_peak_25106_lociStitched	chr6	11824596	11836818	2	10719	24585.7752	568	1
6_MACS_peak_14965_lociStitched	chr19	45502263	45522600	6	11423	21549.0852	569	1
2_MACS_peak_1817_lociStitched	chr1	153754331	153766237	2	7613	33083.2022	570	1
3_MACS_peak_25636_lociStitched	chr6	36091718	36109995	3	9223	29188.369	571	1
2_MACS_peak_11698_lociStitched	chr16	89032884	89046220	2	9668	27828.2312	573	1
3_MACS_peak_21042_lociStitched	chr3	156529842	156545492	3	10758	24041.53	574	1
2_MACS_peak_30883_lociStitched	chr9	94179388	94192419	2	9066	29440.9383	576	1
2_MACS_peak_20464_lociStitched	chr3	108009721	108022155	2	10415	25226.0992	577	1
2_MACS_peak_22313_lociStitched	chr4	87854694	87869458	2	9576	27961.5396	578	1
2_MACS_peak_29859_lociStitched	chr8	124045425	124056028	2	10333	25398.4262	579	1
2_MACS_peak_25920_lociStitched	chr6	56697359	56709625	2	10051	26337.5552	580	1
1_MACS_peak_26284_lociStitched	chr6	106610083	106617741	1	7659	32544.2026	581	1
2_MACS_peak_21135_lociStitched	chr3	167802223	167815055	2	10911	22852.5088	582	1
2_MACS_peak_20501_lociStitched	chr3	111804509	111817897	2	10138	25739.7688	584	1
3_MACS_peak_6844_lociStitched	chr12	57910654	57920804	3	8669	30007.46	585	1
2_MACS_peak_20827_lociStitched	chr3	135906666	135917733	2	9090	28868.2695	586	1
1_MACS_peak_2271_lociStitched	chr1	183808997	183817292	1	8296	30836.6625	587	1
4_MACS_peak_5501_lociStitched	chr11	73082905	73099929	4	11915	17533.0176	588	1
3_MACS_peak_9850_lociStitched	chr15	52965777	52976831	3	10354	24732.2196	589	1
1_MACS_peak_23131_lociStitched	chr4	185452972	185460631	1	7660	32167.0341	591	1
2_MACS_peak_25247_lociStitched	chr6	21586459	21598419	2	8171	30940.52	593	1
1_MACS_peak_22746_lociStitched	chr4	140127316	140137401	1	10086	25427.3105	594	1
1_MACS_peak_12805_lociStitched	chr17	55430599	55438440	1	7842	31541.2066	595	1
2_MACS_peak_4252_lociStitched	chr10	104401117	104409630	2	7883	31426.5908	596	1
5_MACS_peak_6733_lociStitched	chr12	53763570	53784199	5	11163	20967.3156	597	1
3_MACS_peak_29576_lociStitched	chr8	97623687	97635518	3	8627	29617.7254	598	1
1_MACS_peak_20919_lociStitched	chr3	143141516	143151073	1	9558	26855.17	599	1
3_MACS_peak_23_lociStitched	chr1	1135469	1151769	3	10156	24831.42	600	1
3_MACS_peak_12387_lociStitched	chr17	37022819	37038722	3	9084	28234.1862	601	1
4_MACS_peak_475_lociStitched	chr1	25557932	25575169	4	10382	23959.43	603	1
2_MACS_peak_8672_lociStitched	chr14	53610830	53621153	2	9714	26184.2895	604	1
2_MACS_peak_31056_lociStitched	chr9	108016879	108027674	2	10792	22154.5785	605	1
2_MACS_peak_1938_lociStitched	chr1	156627289	156638430	2	10068	24847.7723	607	1
3_MACS_peak_31676_lociStitched	chrX	12991779	13006272	3	11234	19881.4974	608	1
2_MACS_peak_18364_lociStitched	chr20	45315216	45327390	2	9196	27451.1526	609	1
1_MACS_peak_5634_lociStitched	chr11	82866278	82874442	1	8165	30103.1172	610	1
5_MACS_peak_17998_lociStitched	chr20	23329669	23347618	5	10249	23848.8363	611	1
3_MACS_peak_6653_lociStitched	chr12	50134494	50151849	3	11212	19588.5885	612	1
1_MACS_peak_6975_lociStitched	chr12	72078912	72090043	1	11132	19981.2581	613	1
2_MACS_peak_1273_lociStitched	chr1	87791851	87803260	2	10921	20969.742	614	1
2_MACS_peak_22215_lociStitched	chr4	77221023	77230269	2	9198	27222.9978	615	1
3_MACS_peak_26557_lociStitched	chr6	134555974	134572210	3	11520	17854.7292	616	1
3_MACS_peak_27635_lociStitched	chr7	73623294	73636536	3	10422	23018.5686	617	1
2_MACS_peak_9867_lociStitched	chr15	55568234	55583349	2	10870	21085.425	618	1
1_MACS_peak_5693_lociStitched	chr11	93465142	93476292	1	11151	19739.96	619	1
2_MACS_peak_21370_lociStitched	chr3	185646466	185661607	2	11158	19684.8141	620	1
3_MACS_peak_15139_lociStitched	chr19	49953628	49964720	3	9201	26961.3244	621	1
2_MACS_peak_23274_lociStitched	chr5	6445636	6456071	2	9505	25932.0185	623	1
3_MACS_peak_32390_lociStitched	chrX	118815502	118827741	3	11192	19021.8538	624	1
1_MACS_peak_10901_lociStitched	chr16	17316089	17323776	1	7688	30678.817	625	1
3_MACS_peak_1855_lociStitched	chr1	154907765	154920998	3	9500	25849.3422	626	1
2_MACS_peak_13831_lociStitched	chr18	60980088	60990459	2	9879	24444.447	628	1
3_MACS_peak_1753_lociStitched	chr1	150583587	150603453	3	11028	19643.5008	629	1
2_MACS_peak_4021_lociStitched	chr10	90143498	90152683	2	9036	27071.869	630	1
2_MACS_peak_5200_lociStitched	chr11	62597334	62610759	2	8781	27780.3525	631	1
5_MACS_peak_16260_lociStitched	chr2	74681363	74700872	5	10316	22620.6855	632	1
1_MACS_peak_16361_lociStitched	chr2	86842762	86851810	1	9049	26951.2776	633	1
4_MACS_peak_25225_lociStitched	chr6	20400865	20417279	4	10143	23270.1278	634	1
2_MACS_peak_16690_lociStitched	chr2	127413025	127424990	2	11149	18793.4255	635	1
5_MACS_peak_2752_lociStitched	chr1	223899646	223928045	5	11225	18271.9166	636	1
2_MACS_peak_30333_lociStitched	chr9	20351168	20362809	2	9136	26563.5979	637	1
1_MACS_peak_3550_lociStitched	chr10	45468242	45476930	1	8689	27666.936	638	1
1_MACS_peak_10418_lociStitched	chr15	90637972	90646690	1	8719	27500.931	639	1
3_MACS_peak_25482_lociStitched	chr6	30683927	30698919	3	9301	25733.768	640	1
2_MACS_peak_4350_lociStitched	chr10	112215822	112226746	2	10814	19888.2344	641	1
4_MACS_peak_14281_lociStitched	chr19	10978236	10991272	4	9671	24472.4828	642	1
2_MACS_peak_23545_lociStitched	chr5	43007200	43022026	2	9247	25860.9918	643	1
2_MACS_peak_12911_lociStitched	chr17	62490740	62504937	2	9979	23199.3177	645	1
2_MACS_peak_29496_lociStitched	chr8	89287427	89298681	2	10209	22102.856	647	1
1_MACS_peak_30219_lociStitched	chr9	5625106	5633580	1	8475	27711.6748	648	1
2_MACS_peak_27865_lociStitched	chr7	92259570	92272392	2	9152	25706.8278	649	1
1_MACS_peak_31859_lociStitched	chrX	40029023	40037104	1	8082	28556.6378	650	1
2_MACS_peak_29704_lociStitched	chr8	105627367	105637485	2	9074	25769.5342	651	1
2_MACS_peak_29153_lociStitched	chr8	54809510	54820098	2	10514	20411.5464	652	1
1_MACS_peak_28098_lociStitched	chr7	104765018	104773319	1	8302	27909.6222	653	1
2_MACS_peak_32317_lociStitched	chrX	106915715	106931132	2	10922	18361.647	654	1
3_MACS_peak_11801_lociStitched	chr17	2156820	2172271	3	10530	20140.3785	657	1
2_MACS_peak_14465_lociStitched	chr19	16221350	16232247	2	10832	18551.0528	658	1
2_MACS_peak_11853_lociStitched	chr17	4841943	4855110	2	10109	21820.3524	659	1
1_MACS_peak_3685_lociStitched	chr10	63656394	63665538	1	9145	25252.9848	660	1
3_MACS_peak_5482_lociStitched	chr11	72522629	72540342	3	9390	24435.0835	661	1
2_MACS_peak_5414_lociStitched	chr11	68032296	68040945	2	7875	28720.7343	662	1
3_MACS_peak_15667_lociStitched	chr2	26979214	26996285	3	10754	18691.0379	663	1
1_MACS_peak_31104_lociStitched	chr9	112863006	112873580	1	10575	19524.891	664	1
3_MACS_peak_4606_lociStitched	chr11	795148	811773	3	9036	25407.9875	665	1
1_MACS_peak_14481_lociStitched	chr19	16693151	16701443	1	8293	27415.0104	666	1
2_MACS_peak_31195_lociStitched	chr9	123630181	123641498	2	8741	26084.5533	668	1
2_MACS_peak_29626_lociStitched	chr8	101440450	101452296	2	10258	20505.426	670	1
2_MACS_peak_32451_lociStitched	chrX	129298570	129310950	2	9818	22238.194	671	1
3_MACS_peak_24833_lociStitched	chr5	172454609	172465628	3	9733	22556.9949	672	1
3_MACS_peak_6948_lociStitched	chr12	68752073	68770724	3	10633	18649.1349	673	1
5_MACS_peak_10111_lociStitched	chr15	70770492	70787528	5	10123	20763.4768	674	1
2_MACS_peak_22671_lociStitched	chr4	128695301	128706152	2	9537	22978.0776	675	1
5_MACS_peak_9622_lociStitched	chr15	40329650	40351730	5	10260	20006.688	676	1
2_MACS_peak_14924_lociStitched	chr19	44256911	44271970	2	10519	18751.4668	677	1
2_MACS_peak_20800_lociStitched	chr3	133186559	133198185	2	8624	25860.8744	678	1
1_MACS_peak_30040_lociStitched	chr8	138485178	138492776	1	7599	28457.5492	680	1
2_MACS_peak_25182_lociStitched	chr6	16666317	16675578	2	8487	26166.0294	681	1
2_MACS_peak_29430_lociStitched	chr8	81003683	81018672	2	9424	23098.049	683	1
4_MACS_peak_15164_lociStitched	chr19	50369593	50382528	4	8262	26693.9595	684	1
2_MACS_peak_15467_lociStitched	chr2	8817287	8826587	2	9265	23449.02	685	1
4_MACS_peak_3786_lociStitched	chr10	72334314	72348988	4	8883	24659.657	686	1
1_MACS_peak_2606_lociStitched	chr1	209275331	209284059	1	8729	25056.3424	688	1
2_MACS_peak_5107_lociStitched	chr11	58340699	58349606	2	7802	27598.3395	689	1
2_MACS_peak_25163_lociStitched	chr6	16128542	16138501	2	9922	20792.4002	690	1
1_MACS_peak_11389_lociStitched	chr16	66906419	66916140	1	9722	21526.1824	691	1
4_MACS_peak_23306_lociStitched	chr5	10595600	10609930	4	9372	22618.472	695	1
1_MACS_peak_1648_lociStitched	chr1	145434429	145443032	1	8604	25102.6937	696	1
1_MACS_peak_9030_lociStitched	chr14	81420793	81428376	1	7584	27806.1027	697	1
1_MACS_peak_5256_lociStitched	chr11	64538713	64547803	1	9091	23466.744	698	1
2_MACS_peak_27236_lociStitched	chr7	30359863	30372638	2	9411	22132.6875	700	1
4_MACS_peak_19555_lociStitched	chr22	50324825	50339897	4	8922	23819.7888	701	1
2_MACS_peak_13223_lociStitched	chr17	78227553	78238441	2	9351	22310.6008	702	1
1_MACS_peak_3691_lociStitched	chr10	63744173	63753672	1	9500	21735.6118	703	1
3_MACS_peak_412_lociStitched	chr1	23877962	23889852	3	9582	21302.124	705	1
2_MACS_peak_5874_lociStitched	chr11	114309287	114320066	2	9755	20555.553	706	1
2_MACS_peak_19630_lociStitched	chr3	5018427	5029475	2	10084	19111.9352	707	1
1_MACS_peak_14573_lociStitched	chr19	19173011	19181014	1	8004	26311.4631	708	1
1_MACS_peak_13830_lociStitched	chr18	60877864	60886033	1	8170	25850.8005	710	1
3_MACS_peak_7823_lociStitched	chr13	42613640	42632987	3	10318	17872.7586	711	1
2_MACS_peak_350_lociStitched	chr1	19274584	19284166	2	9436	21712.812	712	1
2_MACS_peak_4718_lociStitched	chr11	9586659	9600279	2	8525	24793.848	713	1
3_MACS_peak_15330_lociStitched	chr19	57384137	57397008	3	9925	19691.3429	714	1
1_MACS_peak_1613_lociStitched	chr1	143911260	143920006	1	8747	23937.802	716	1
1_MACS_peak_23965_lociStitched	chr5	90672881	90680890	1	8010	26018.0374	718	1
1_MACS_peak_4352_lociStitched	chr10	112255828	112265080	1	9253	22087.2996	719	1
2_MACS_peak_30059_lociStitched	chr8	142126172	142140843	2	9863	19622.4625	720	1
2_MACS_peak_21564_lociStitched	chr4	1711735	1725310	2	8786	23528.19	722	1
1_MACS_peak_19716_lociStitched	chr3	13370430	13380588	1	10159	17940.0438	724	1
2_MACS_peak_27174_lociStitched	chr7	26191137	26202488	2	9906	19011.7899	727	1
5_MACS_peak_14879_lociStitched	chr19	42438689	42464385	5	8864	23031.3248	728	1
3_MACS_peak_940_lociStitched	chr1	46790357	46807972	3	9559	20362.94	730	1
2_MACS_peak_26759_lociStitched	chr6	157096014	157105771	2	9222	21642.9774	731	1
3_MACS_peak_30484_lociStitched	chr9	34320940	34330706	3	9684	19759.5478	733	1
1_MACS_peak_15436_lociStitched	chr2	5834068	5842573	1	8506	24024.924	734	1
2_MACS_peak_2549_lociStitched	chr1	206131665	206140268	2	8567	23826.8688	735	1
3_MACS_peak_25564_lociStitched	chr6	33166714	33177181	3	8987	22428.6876	736	1
1_MACS_peak_22316_lociStitched	chr4	87923570	87931533	1	7964	25520.6187	740	1
3_MACS_peak_8329_lociStitched	chr14	20921962	20940752	3	9694	19582.938	741	1
2_MACS_peak_5624_lociStitched	chr11	82679153	82690449	2	8055	25194.5984	744	1
3_MACS_peak_13192_lociStitched	chr17	76770414	76782183	3	9802	18913.9599	745	1
2_MACS_peak_18483_lociStitched	chr20	52480627	52490575	2	9163	21487.68	746	1
4_MACS_peak_30144_lociStitched	chr8	146010518	146030847	4	9399	20509.9281	748	1
3_MACS_peak_10593_lociStitched	chr16	685108	700285	3	8737	22921.8231	749	1
1_MACS_peak_437_lociStitched	chr1	24284219	24293315	1	9097	21633.0168	750	1
2_MACS_peak_29127_lociStitched	chr8	52807685	52816799	2	8314	24229.569	751	1
3_MACS_peak_26115_lociStitched	chr6	86378937	86396205	3	9879	18324.8016	753	1
3_MACS_peak_14364_lociStitched	chr19	13043063	13058450	3	9510	19933.8585	755	1
3_MACS_peak_10775_lociStitched	chr16	9184145	9194371	3	9343	20575.7346	756	1
4_MACS_peak_8272_lociStitched	chr13	111351151	111369578	4	8481	23616.0432	757	1
2_MACS_peak_12203_lociStitched	chr17	27219360	27230144	2	8903	22157.8848	758	1
2_MACS_peak_14871_lociStitched	chr19	42036749	42047116	2	8813	22373.0227	759	1
2_MACS_peak_23167_lociStitched	chr4	186391662	186404739	2	8376	23700.7548	761	1
4_MACS_peak_12143_lociStitched	chr17	21178345	21193331	4	9025	21500.4142	762	1
3_MACS_peak_12429_lociStitched	chr17	38218303	38232403	3	8564	23043.63	764	1
4_MACS_peak_14506_lociStitched	chr19	17514385	17531541	4	8153	24246.5748	766	1
2_MACS_peak_253_lociStitched	chr1	12106457	12115661	2	8733	22348.2324	767	1
4_MACS_peak_13281_lociStitched	chr17	80245240	80259416	4	8562	22782.2496	770	1
2_MACS_peak_11692_lociStitched	chr16	88845883	88857697	2	7710	25280.7786	771	1
1_MACS_peak_9888_lociStitched	chr15	57208877	57216869	1	7993	24417.1584	772	1
4_MACS_peak_21909_lociStitched	chr4	38307248	38322234	4	9783	17777.8918	773	1
2_MACS_peak_5522_lociStitched	chr11	74617696	74629466	2	8185	23793.055	775	1
1_MACS_peak_28079_lociStitched	chr7	103362315	103370934	1	8620	22267.1865	777	1
2_MACS_peak_27829_lociStitched	chr7	89801207	89811603	2	8110	23879.612	778	1
3_MACS_peak_13263_lociStitched	chr17	79883729	79896194	3	9012	20842.7265	779	1
4_MACS_peak_25167_lociStitched	chr6	16316604	16333023	4	9769	17573.2557	780	1
3_MACS_peak_11883_lociStitched	chr17	6914824	6926088	3	9765	17445.6832	783	1
2_MACS_peak_4266_lociStitched	chr10	104550501	104563857	2	9676	17838.2736	786	1
5_MACS_peak_1881_lociStitched	chr1	155210384	155233089	5	9122	20189.286	787	1
2_MACS_peak_30670_lociStitched	chr9	70486882	70498412	2	8400	22559.598	789	1
3_MACS_peak_12649_lociStitched	chr17	45725728	45741494	3	8616	21809.1078	790	1
2_MACS_peak_10910_lociStitched	chr16	17434568	17443356	2	8777	21109.6548	791	1
2_MACS_peak_22475_lociStitched	chr4	109030776	109042968	2	8964	20359.4208	792	1
2_MACS_peak_24868_lociStitched	chr5	175960424	175971650	2	8560	21815.4858	794	1
4_MACS_peak_27253_lociStitched	chr7	32528895	32547199	4	9507	17895.8208	797	1
1_MACS_peak_8351_lociStitched	chr14	21729701	21738833	1	9133	19510.518	798	1
2_MACS_peak_28207_lociStitched	chr7	114561796	114573391	2	8175	22784.175	802	1
4_MACS_peak_17848_lociStitched	chr20	5092449	5109057	4	9526	17592.8544	803	1
3_MACS_peak_18108_lociStitched	chr20	32250508	32263144	3	8349	22155.9624	807	1
2_MACS_peak_16081_lociStitched	chr2	64360056	64372175	2	7768	23853.8277	810	1
3_MACS_peak_5276_lociStitched	chr11	64877799	64891114	3	9049	19497.1545	811	1
1_MACS_peak_25299_lociStitched	chr6	26121255	26129067	1	7813	23678.9532	813	1
5_MACS_peak_2254_lociStitched	chr1	182580482	182595437	5	9442	17678.3055	814	1
4_MACS_peak_25717_lociStitched	chr6	41671984	41688542	4	8948	19766.9404	815	1
2_MACS_peak_5784_lociStitched	chr11	107726989	107736677	2	7925	23174.6648	817	1
5_MACS_peak_31199_lociStitched	chr9	123682026	123699587	5	9392	17529.3902	822	1
3_MACS_peak_26350_lociStitched	chr6	109774778	109785692	3	9166	18530.8806	823	1
3_MACS_peak_660_lociStitched	chr1	33084890	33096616	3	9393	17468.2222	824	1
3_MACS_peak_715_lociStitched	chr1	36614037	36624288	3	7838	23125.2309	827	1
2_MACS_peak_23133_lociStitched	chr4	185564107	185572081	2	7913	22881.393	830	1
3_MACS_peak_14711_lociStitched	chr19	35695340	35707903	3	8681	20293.0139	831	1
2_MACS_peak_7973_lociStitched	chr13	60962451	60976600	2	9034	18842.2233	834	1
3_MACS_peak_31166_lociStitched	chr9	117372091	117380511	3	8214	21796.854	836	1
3_MACS_peak_24434_lociStitched	chr5	138853815	138868652	3	8030	22341.5546	839	1
1_MACS_peak_8618_lociStitched	chr14	50527130	50534723	1	7594	23563.3569	841	1
1_MACS_peak_21628_lociStitched	chr4	6180181	6188139	1	7959	22398.5868	845	1
2_MACS_peak_4705_lociStitched	chr11	8703045	8711480	2	8431	20764.4395	846	1
3_MACS_peak_28620_lociStitched	chr7	150776369	150785819	3	8047	21878.64	852	1
1_MACS_peak_7881_lociStitched	chr13	49549077	49557836	1	8760	19306.5878	853	1
2_MACS_peak_4133_lociStitched	chr10	98589820	98601435	2	8402	20557.3885	861	1
2_MACS_peak_11717_lociStitched	chr16	89551075	89558657	2	7580	23096.2884	863	1
2_MACS_peak_1591_lociStitched	chr1	120832417	120840602	2	7968	21873.594	865	1
1_MACS_peak_4242_lociStitched	chr10	104152402	104160365	1	7964	21885.5092	866	1
2_MACS_peak_31514_lociStitched	chr9	139129452	139138442	2	8881	18512.208	867	1
1_MACS_peak_6455_lociStitched	chr12	31736271	31744889	1	8619	19441.3462	869	1
3_MACS_peak_29652_lociStitched	chr8	102913831	102925567	3	7997	21542.6016	870	1
2_MACS_peak_22278_lociStitched	chr4	83810290	83823301	2	8534	19651.8144	871	1
2_MACS_peak_24007_lociStitched	chr5	95285236	95298603	2	8738	18839.4498	873	1
2_MACS_peak_7405_lociStitched	chr12	120631320	120640454	2	8396	20037.2558	876	1
2_MACS_peak_16904_lociStitched	chr2	161549855	161563432	2	8965	17553.7033	879	1
2_MACS_peak_25630_lociStitched	chr6	35694260	35706077	2	7654	22324.6764	880	1
3_MACS_peak_10441_lociStitched	chr15	91465858	91479433	3	8628	18736.215	891	1
4_MACS_peak_18299_lociStitched	chr20	43172696	43189757	4	8620	18741.5085	892	1
2_MACS_peak_30940_lociStitched	chr9	98267510	98279479	2	8536	19053.4511	893	1
2_MACS_peak_30159_lociStitched	chr9	175699	187297	2	8338	19773.4302	894	1
2_MACS_peak_5217_lociStitched	chr11	63448060	63458752	2	8265	20003.6628	895	1
3_MACS_peak_13709_lociStitched	chr18	48714442	48725534	3	7780	21599.4516	899	1
2_MACS_peak_23721_lociStitched	chr5	65261237	65270222	2	8278	19910.76	900	1
2_MACS_peak_20708_lociStitched	chr3	126721586	126735438	2	8837	17659.9148	901	1
4_MACS_peak_11618_lociStitched	chr16	84165517	84179258	4	8578	18689.1341	902	1
1_MACS_peak_17426_lociStitched	chr2	216973113	216980784	1	7672	21847.008	903	1
2_MACS_peak_31113_lociStitched	chr9	114236210	114248088	2	8467	19021.4292	907	1
4_MACS_peak_25597_lociStitched	chr6	34203939	34217620	4	8169	20053.6098	912	1
1_MACS_peak_23115_lociStitched	chr4	185184279	185192013	1	7735	21472.6776	913	1
2_MACS_peak_24768_lociStitched	chr5	164166318	164174356	2	7918	20808.7744	915	1
2_MACS_peak_21155_lociStitched	chr3	169843201	169852094	2	8696	17839.358	916	1
3_MACS_peak_13972_lociStitched	chr19	1239859	1251483	3	8536	18455.4248	918	1
3_MACS_peak_20987_lociStitched	chr3	150473499	150485029	3	8299	19375.012	919	1
1_MACS_peak_31536_lociStitched	chr9	139791567	139799998	1	8432	18859.3039	920	1
1_MACS_peak_3758_lociStitched	chr10	70845620	70853776	1	8157	19826.4204	922	1
1_MACS_peak_28075_lociStitched	chr7	102983094	102991273	1	8180	19661.4981	925	1
1_MACS_peak_11183_lociStitched	chr16	31884103	31892322	1	8220	19501.2213	926	1
1_MACS_peak_19794_lociStitched	chr3	23846851	23855438	1	8588	18024.9717	928	1
2_MACS_peak_30673_lociStitched	chr9	70848628	70860131	2	8379	18823.5092	929	1
2_MACS_peak_29728_lociStitched	chr8	107618705	107631314	2	7636	21381.0813	930	1
3_MACS_peak_28928_lociStitched	chr8	26428288	26437374	3	8613	17712.2484	933	1
1_MACS_peak_26062_lociStitched	chr6	80335882	80343862	1	7981	19977.93	936	1
2_MACS_peak_10319_lociStitched	chr15	83472396	83481035	2	8000	19838.5996	942	1
3_MACS_peak_25571_lociStitched	chr6	33279694	33292245	3	7889	20188.2835	944	1
1_MACS_peak_13474_lociStitched	chr18	20508420	20516615	1	8196	18993.5515	947	1
1_MACS_peak_21375_lociStitched	chr3	185820550	185828658	1	8109	19251.6352	950	1
6_MACS_peak_13975_lociStitched	chr19	1260392	1277186	6	8512	17569.8828	953	1
2_MACS_peak_12503_lociStitched	chr17	40759132	40772159	2	7687	20613.9248	955	1
3_MACS_peak_5202_lociStitched	chr11	62620559	62630799	3	8251	18493.44	956	1
1_MACS_peak_22315_lociStitched	chr4	87877296	87885171	1	7876	19871.775	957	1
1_MACS_peak_464_lociStitched	chr1	25069115	25076888	1	7774	20154.6117	959	1
4_MACS_peak_5302_lociStitched	chr11	65307199	65326825	4	8059	19141.2378	960	1
2_MACS_peak_24194_lociStitched	chr5	118405236	118415491	2	7808	20025.964	961	1
1_MACS_peak_6264_lociStitched	chr12	9797423	9805250	1	7828	19899.3648	964	1
2_MACS_peak_20510_lociStitched	chr3	112011939	112022918	2	8127	18770.7963	966	1
3_MACS_peak_15118_lociStitched	chr19	49457370	49474526	3	8145	18561.0764	970	1
3_MACS_peak_21145_lociStitched	chr3	169481409	169493759	3	7878	19514.235	971	1
1_MACS_peak_17223_lociStitched	chr2	198359989	198367729	1	7741	19952.172	973	1
1_MACS_peak_10452_lociStitched	chr15	92394466	92402102	1	7637	20294.1972	975	1
2_MACS_peak_22567_lociStitched	chr4	116250513	116261146	2	7903	19332.9206	978	1
3_MACS_peak_24826_lociStitched	chr5	172191670	172205788	3	8072	18686.5848	979	1
3_MACS_peak_17754_lociStitched	chr20	379852	390791	3	8186	18199.2143	981	1
1_MACS_peak_17421_lociStitched	chr2	216876327	216883950	1	7624	20145.3021	984	1
1_MACS_peak_29933_lociStitched	chr8	128745874	128754095	1	8222	17841.2142	987	1
2_MACS_peak_30653_lociStitched	chr9	69259330	69270552	2	8196	17826.147	991	1
2_MACS_peak_29689_lociStitched	chr8	104417487	104429257	2	7787	19298.092	995	1
2_MACS_peak_25361_lociStitched	chr6	27437674	27448164	2	7722	19329.923	1000	1
2_MACS_peak_24888_lociStitched	chr5	176870611	176883630	2	7621	19412.6309	1013	1
1_MACS_peak_4875_lociStitched	chr11	23588546	23596397	1	7852	18584.8872	1014	1
2_MACS_peak_31033_lociStitched	chr9	106291193	106300339	2	7816	18709.9722	1015	1
2_MACS_peak_31197_lociStitched	chr9	123651458	123660475	2	7662	19163.8301	1020	1
2_MACS_peak_11207_lociStitched	chr16	46916297	46924894	2	7880	18248.8519	1026	1
1_MACS_peak_26627_lociStitched	chr6	139690077	139698091	1	8015	17680.4868	1027	1
3_MACS_peak_1653_lociStitched	chr1	145500510	145517527	3	7716	18785.0663	1028	1
4_MACS_peak_14724_lociStitched	chr19	36230815	36240482	4	7632	18916.3856	1039	1
1_MACS_peak_5308_lociStitched	chr11	65378080	65385716	1	7637	18840.3028	1044	1
1_MACS_peak_20977_lociStitched	chr3	150124820	150132535	1	7716	18462.7665	1047	1
1_MACS_peak_19526_lociStitched	chr22	46447405	46455285	1	7881	17744.972	1054	1
3_MACS_peak_5446_lociStitched	chr11	70501304	70513101	3	7809	17832.3452	1064	1
3_MACS_peak_17451_lociStitched	chr2	219259889	219272412	3	7777	17916.6561	1066	1
1_MACS_peak_3127_lociStitched	chr10	4172414	4180100	1	7687	18223.506	1067	1
2_MACS_peak_4694_lociStitched	chr11	6981266	6991863	2	7659	18056.2283	1084	1
2_MACS_peak_27475_lociStitched	chr7	50510502	50518798	2	7607	17492.9456	1124	1
