#10_0EWW_0229Kronos_MM1S-KB-24hr-2_H3K18Ac_hs-dm_i19_peaks Enhancers
#Created from /data/projects/IRF4_mm_trn_data/p300_internal_ChIP/rose/10_0EWW_0229Kronos_MM1S-KB-24hr-2_H3K18Ac_hs-dm_i19_ROSE/10_0EWW_0229Kronos_MM1S-KB-24hr-2_H3K18Ac_hs-dm_i19_peaks_6KB_STITCHED_ENHANCER_REGION_MAP.txt
#Ranked by X10_0EWW_0229Kronos_MM1S.KB.24hr.2_H3K18Ac_hs.dm_i19.bam
#Using cutoff of 22673.2851 for Super-Enhancers
#Created on Jul 18 2024 
REGION_ID	CHROM	START	STOP	NUM_LOCI	CONSTITUENT_SIZE	X10_0EWW_0229Kronos_MM1S.KB.24hr.2_H3K18Ac_hs.dm_i19.bam	X44_0EXW_0229Kronos_MM1S.KB.24hr.2_Input_hs_i90.bam	enhancerRank	isStretch
8_MACS_peak_13795_lociStitched	chr2	37525621	37625069	8	82223	382039.4368	21540.4368	1	1
7_MACS_peak_23335_lociStitched	chr6	108878187	108959062	7	74809	155603.5	14088.425	2	1
11_MACS_peak_9592_lociStitched	chr16	11754576	11843345	11	69657	252112.8369	17798.1845	3	1
8_MACS_peak_18688_lociStitched	chr3	141078676	141160679	8	67908	424611.534	19246.1041	4	1
5_MACS_peak_1354_lociStitched	chr1	118141760	118219457	5	67011	245219.5017	10193.8464	5	1
8_MACS_peak_8167_lociStitched	chr14	91812950	91886136	8	61930	195201.6992	8775.0014	6	1
5_MACS_peak_2252_lociStitched	chr1	203236298	203308648	5	59832	464146.955	21676.06	7	1
7_MACS_peak_15351_lociStitched	chr2	204513797	204587796	7	54592	137201.5459	13305.0202	8	1
5_MACS_peak_16960_lociStitched	chr22	23188726	23249117	5	53796	243031.5013	9414.9569	9	1
7_MACS_peak_11212_lociStitched	chr17	46506224	46571645	7	52551	156199.1796	11069.2332	10	1
9_MACS_peak_16033_lociStitched	chr20	32398793	32474510	9	52084	198151.389	14499.8055	11	1
3_MACS_peak_14474_lociStitched	chr2	99054655	99108655	3	49835	216091.8	12506.4	12	1
5_MACS_peak_23662_lociStitched	chr6	138244144	138299666	5	48964	134740.7896	10005.0644	13	1
3_MACS_peak_10925_lociStitched	chr17	34596839	34645474	3	46419	237158.8505	12572.1475	14	1
7_MACS_peak_10661_lociStitched	chr17	16846732	16895754	7	42635	192509.394	9789.6934	15	1
5_MACS_peak_14605_lociStitched	chr2	112186226	112242293	5	42404	95835.3231	9178.1679	16	1
1_MACS_peak_10877_lociStitched	chr17	32688272	32729903	1	41632	286200.6357	9633.4134	17	1
4_MACS_peak_12112_lociStitched	chr18	46439099	46483178	4	40750	90031.3575	8480.7996	18	1
7_MACS_peak_22961_lociStitched	chr6	52392472	52443046	7	40346	99150.327	9872.0448	19	1
4_MACS_peak_18626_lociStitched	chr3	133177773	133227080	4	40233	186498.7968	9328.8844	20	1
6_MACS_peak_21658_lociStitched	chr5	131789292	131842653	6	40179	151507.8873	11024.3826	21	1
3_MACS_peak_15984_lociStitched	chr20	30271601	30312241	3	40109	148067.776	9339.072	22	1
5_MACS_peak_17895_lociStitched	chr3	46317415	46365252	5	39769	117382.4306	8505.4186	23	1
4_MACS_peak_22192_lociStitched	chr6	289904	338121	4	38432	163320.6224	16080.3695	24	1
7_MACS_peak_10147_lociStitched	chr16	68269565	68321032	7	37747	113340.6274	9475.0747	25	1
5_MACS_peak_8462_lociStitched	chr15	31616454	31660697	5	37378	102157.087	7937.1942	26	1
3_MACS_peak_11427_lociStitched	chr17	62149798	62187405	3	37018	99790.1745	7874.9058	27	1
1_MACS_peak_26312_lociStitched	chr8	120915106	120951105	1	36000	149997.0333	7426.5937	28	1
6_MACS_peak_17901_lociStitched	chr3	46388477	46439610	6	35775	92734.8088	9101.674	29	1
4_MACS_peak_19118_lociStitched	chr3	183220039	183261513	4	35643	148518.394	11554.6564	30	1
4_MACS_peak_20020_lociStitched	chr4	90204439	90253354	4	35241	195787.179	10546.074	31	1
2_MACS_peak_10921_lociStitched	chr17	34508407	34544047	2	34911	216195.804	9886.536	32	1
1_MACS_peak_22315_lociStitched	chr6	7887588	7921791	1	34204	164324.8932	8916.7221	33	1
1_MACS_peak_8327_lociStitched	chr14	106023124	106056535	1	33412	258530.9769	6057.4143	34	1
7_MACS_peak_13132_lociStitched	chr19	42022229	42070730	7	32785	114404.1588	9069.687	35	1
5_MACS_peak_3886_lociStitched	chr10	112146345	112186579	5	32776	86680.1296	6099.4744	36	1
5_MACS_peak_23354_lociStitched	chr6	109186260	109232635	5	32578	132414.5375	8732.4125	37	1
3_MACS_peak_4004_lociStitched	chr10	125821669	125855029	3	32364	123765.6	7115.688	38	1
7_MACS_peak_2127_lociStitched	chr1	192475695	192521245	7	32099	104496.255	10918.335	39	1
4_MACS_peak_25651_lociStitched	chr8	27208517	27253616	4	31471	85909.0851	9073.9188	40	1
4_MACS_peak_8332_lociStitched	chr14	106143777	106175999	4	31218	179785.8712	3792.5294	41	1
3_MACS_peak_24459_lociStitched	chr7	55568606	55606328	3	30992	151238.8146	7008.7476	42	1
3_MACS_peak_14382_lociStitched	chr2	87782386	87821835	3	30619	66372.9425	6619.5422	43	1
2_MACS_peak_8942_lociStitched	chr15	68568475	68599552	2	30402	74631.4155	6756.1398	44	1
9_MACS_peak_28036_lociStitched	chrX	37634647	37685574	9	30285	59548.9411	4140.3651	45	1
3_MACS_peak_19797_lociStitched	chr4	71523614	71555458	3	30163	134480.3964	6798.694	46	1
6_MACS_peak_15246_lociStitched	chr2	197065073	197115396	6	30016	75887.084	8242.9074	47	1
5_MACS_peak_27482_lociStitched	chr9	123630341	123668201	5	29379	95062.674	6614.142	48	1
4_MACS_peak_3906_lociStitched	chr10	112596716	112633415	4	28976	189271.4226	7886.6151	49	1
3_MACS_peak_22082_lociStitched	chr5	173309919	173344077	3	28636	49932.1644	6732.5418	50	1
2_MACS_peak_23183_lociStitched	chr6	88611485	88640577	2	28583	108888.4468	5949.314	51	1
4_MACS_peak_6529_lociStitched	chr12	92929335	92964767	4	28363	102529.5784	6849.0056	52	1
1_MACS_peak_24462_lociStitched	chr7	55615820	55643863	1	28044	63144.4231	5524.471	53	1
5_MACS_peak_26070_lociStitched	chr8	81046239	81084510	5	28019	82278.8229	7730.742	54	1
4_MACS_peak_6154_lociStitched	chr12	53845723	53874632	4	27991	35876.069	6096.9081	55	1
4_MACS_peak_11870_lociStitched	chr18	9053773	9085567	4	27968	145594.2642	6520.9494	56	1
4_MACS_peak_2320_lociStitched	chr1	206271511	206311220	4	27929	161083.5294	11158.229	57	1
2_MACS_peak_23826_lociStitched	chr6	157975471	158007580	2	27559	103875.8259	3554.4663	58	1
4_MACS_peak_16345_lociStitched	chr20	52336307	52372852	4	27395	112850.96	6015.307	59	1
2_MACS_peak_25327_lociStitched	chr7	150052910	150084976	2	27371	120343.698	8866.249	60	1
1_MACS_peak_18957_lociStitched	chr3	171801747	171828813	1	27067	127670.322	8320.0884	61	1
3_MACS_peak_21655_lociStitched	chr5	131744670	131775215	3	26859	138176.4165	6756.554	62	1
3_MACS_peak_17497_lociStitched	chr3	5221770	5256417	3	26316	70860.0444	7019.4822	63	1
1_MACS_peak_23301_lociStitched	chr6	106530283	106556567	1	26285	102920.2588	6836.4684	64	1
3_MACS_peak_15243_lociStitched	chr2	197023159	197053672	3	26155	84557.6256	6059.8818	65	1
2_MACS_peak_21335_lociStitched	chr5	88594049	88621288	2	25916	114855.9674	5695.6749	66	1
4_MACS_peak_6901_lociStitched	chr12	123354777	123387459	4	25836	52588.6062	3385.8552	67	1
4_MACS_peak_17885_lociStitched	chr3	46127073	46154239	4	25636	87482.6698	5286.5036	68	1
2_MACS_peak_2915_lociStitched	chr10	11282104	11313468	2	25604	68348.4288	6671.1228	69	1
1_MACS_peak_5445_lociStitched	chr11	128585190	128610652	1	25463	99780.4856	5779.874	70	1
4_MACS_peak_17177_lociStitched	chr22	37609340	37642346	4	25394	104850.1602	7208.5104	71	1
4_MACS_peak_9362_lociStitched	chr15	101660638	101692646	4	25377	79344.6312	5399.7496	72	1
3_MACS_peak_24856_lociStitched	chr7	102063365	102093384	3	25281	132005.5506	6126.8779	73	1
3_MACS_peak_13623_lociStitched	chr2	20391273	20426627	3	24985	106040.7876	6445.0342	74	1
5_MACS_peak_8368_lociStitched	chr15	21975886	22004848	5	24926	38024.2098	4680.2592	75	1
2_MACS_peak_4363_lociStitched	chr11	22676317	22704716	2	24810	117631.4979	5228.2559	76	1
4_MACS_peak_20620_lociStitched	chr4	185317572	185350150	4	24780	92319.5364	6082.3126	77	1
2_MACS_peak_2894_lociStitched	chr10	7510727	7537616	2	24717	107383.9104	5251.4217	78	1
5_MACS_peak_23205_lociStitched	chr6	90053749	90086268	5	24664	77196.8541	6890.7761	79	1
3_MACS_peak_11874_lociStitched	chr18	9094917	9126518	3	24572	72337.8491	6851.0968	80	1
4_MACS_peak_16357_lociStitched	chr20	52530311	52567041	4	24539	73382.867	6269.811	81	1
7_MACS_peak_10259_lociStitched	chr16	78768985	78805255	7	24470	28348.632	4461.21	82	1
2_MACS_peak_9024_lociStitched	chr15	75063283	75093124	2	24354	81104.8539	6099.5004	83	1
4_MACS_peak_6039_lociStitched	chr12	48195986	48220916	4	24273	97254.423	5055.804	84	1
3_MACS_peak_19951_lociStitched	chr4	84130532	84164362	3	24124	109758.052	6617.148	85	1
5_MACS_peak_21477_lociStitched	chr5	109247507	109282915	5	23819	57134.3488	5775.0448	86	1
4_MACS_peak_18987_lociStitched	chr3	175049666	175074652	4	23633	69568.5198	6411.4076	87	1
2_MACS_peak_11020_lociStitched	chr17	38459045	38484806	2	23625	151946.1063	5829.7143	88	1
4_MACS_peak_12785_lociStitched	chr19	16243849	16272849	4	23562	65241.3	5043.1	89	1
3_MACS_peak_1657_lociStitched	chr1	154907889	154936001	3	23385	133683.8048	9040.8192	90	1
3_MACS_peak_1443_lociStitched	chr1	145426791	145457959	3	23214	122780.1024	9447.0208	91	1
4_MACS_peak_2027_lociStitched	chr1	181095185	181129712	4	23107	93326.481	7993.0005	92	1
6_MACS_peak_5608_lociStitched	chr12	7045695	7080825	6	23067	68341.902	7036.539	93	1
1_MACS_peak_2911_lociStitched	chr10	11201828	11224736	1	22909	142274.7156	7090.026	94	1
4_MACS_peak_24700_lociStitched	chr7	90329825	90368180	4	22902	78574.053	7759.2165	95	1
2_MACS_peak_452_lociStitched	chr1	31213470	31236577	2	22874	109894.5813	5376.9989	96	1
4_MACS_peak_11977_lociStitched	chr18	23739164	23772097	4	22786	98858.2794	5401.012	97	1
4_MACS_peak_8559_lociStitched	chr15	40330037	40358849	4	22589	73917.186	5223.6156	98	1
3_MACS_peak_6711_lociStitched	chr12	109008375	109036234	3	22537	132374.8244	6571.9381	99	1
3_MACS_peak_11546_lociStitched	chr17	72732825	72757130	3	22507	49832.5415	4564.479	100	1
1_MACS_peak_16337_lociStitched	chr20	52194051	52216503	1	22453	72998.1876	4162.6008	101	1
1_MACS_peak_16732_lociStitched	chr21	41323397	41345752	1	22356	114587.259	7495.6315	102	1
4_MACS_peak_2062_lociStitched	chr1	183856233	183885903	4	22293	90870.309	7438.269	103	1
2_MACS_peak_16209_lociStitched	chr20	43672276	43694811	2	22275	67152.0465	3826.443	104	1
2_MACS_peak_16965_lociStitched	chr22	23262040	23286791	2	22267	221405.1203	5363.5417	105	1
4_MACS_peak_12454_lociStitched	chr19	2594343	2629039	4	22253	121047.4048	8774.6184	106	1
2_MACS_peak_308_lociStitched	chr1	24511736	24534778	2	22154	137496.2224	4700.568	107	1
1_MACS_peak_11877_lociStitched	chr18	9132797	9154919	1	22123	53048.556	4904.4474	108	1
4_MACS_peak_14525_lociStitched	chr2	106324948	106353231	4	22100	46797.0518	4307.5009	109	1
4_MACS_peak_8074_lociStitched	chr14	77487892	77511096	4	22058	52257.7284	2438.7404	110	1
3_MACS_peak_26372_lociStitched	chr8	126285286	126316046	3	22047	37702.532	5542.952	111	1
6_MACS_peak_8228_lociStitched	chr14	95945632	95986337	6	22030	39023.8835	3508.771	112	1
5_MACS_peak_16180_lociStitched	chr20	42564695	42593837	5	22019	55457.226	4671.4626	113	1
2_MACS_peak_27392_lociStitched	chr9	112903522	112925612	2	21962	49108.279	5365.661	114	1
6_MACS_peak_10124_lociStitched	chr16	67562376	67601716	6	21931	63368.872	6101.634	115	1
4_MACS_peak_8535_lociStitched	chr15	38455120	38486734	4	21844	54543.6342	4934.9454	116	1
2_MACS_peak_1725_lociStitched	chr1	156450479	156476395	2	21774	58938.1672	7466.3996	117	1
1_MACS_peak_4237_lociStitched	chr11	10323486	10345098	1	21613	111332.0568	5351.1312	118	1
4_MACS_peak_13952_lociStitched	chr2	47522210	47550883	4	21411	85715.0662	5043.5807	119	1
5_MACS_peak_8359_lociStitched	chr15	20969445	20996830	5	21338	37933.702	4354.215	120	1
2_MACS_peak_9744_lociStitched	chr16	23341874	23366300	2	21295	115339.572	4636.0548	121	1
3_MACS_peak_10915_lociStitched	chr17	34408725	34432963	3	21294	72161.3736	5429.312	122	1
3_MACS_peak_3201_lociStitched	chr10	45913213	45935791	3	21198	113472.5124	4504.311	123	1
4_MACS_peak_14448_lociStitched	chr2	97189606	97220698	4	21151	75317.2608	5780.0028	124	1
1_MACS_peak_4914_lociStitched	chr11	72850745	72871854	1	21110	148085.9677	4772.7449	125	1
4_MACS_peak_10311_lociStitched	chr16	81841341	81871662	4	21049	50105.4525	2877.4629	126	1
2_MACS_peak_19826_lociStitched	chr4	74453697	74476575	2	21016	65369.3094	4106.601	127	1
5_MACS_peak_8107_lociStitched	chr14	81930593	81956211	5	20959	57753.2192	3222.7444	128	1
4_MACS_peak_24181_lociStitched	chr7	25979851	26012371	4	20827	123634.536	6224.328	129	1
4_MACS_peak_14091_lociStitched	chr2	64429702	64456494	4	20824	54623.5296	5138.7056	130	1
5_MACS_peak_14396_lociStitched	chr2	88898877	88928608	5	20773	33257.0966	6195.9404	131	1
6_MACS_peak_14106_lociStitched	chr2	64862651	64896354	6	20759	54319.1251	5938.4686	132	1
4_MACS_peak_14121_lociStitched	chr2	65156240	65178655	4	20673	115098.7835	5171.1405	133	1
4_MACS_peak_18503_lociStitched	chr3	124487278	124513313	4	20655	54168.421	4402.5185	134	1
5_MACS_peak_9236_lociStitched	chr15	89646595	89675502	5	20626	66804.077	5252.4019	135	1
4_MACS_peak_25329_lociStitched	chr7	150100700	150134446	4	20479	92302.0592	8358.8842	136	1
5_MACS_peak_14402_lociStitched	chr2	89039364	89066916	5	20432	74966.2368	4339.44	137	1
1_MACS_peak_6139_lociStitched	chr12	53585024	53605406	1	20383	98983.1448	5028.2394	138	1
4_MACS_peak_602_lociStitched	chr1	40029959	40065685	4	20383	33893.2562	5780.4668	139	1
3_MACS_peak_2277_lociStitched	chr1	204474536	204501237	3	20349	114189.4966	7187.9092	140	1
3_MACS_peak_22487_lociStitched	chr6	25365851	25390466	3	20261	64451.916	5060.844	141	1
3_MACS_peak_17258_lociStitched	chr22	39822828	39847376	3	20248	99812.168	4693.5776	142	1
3_MACS_peak_20877_lociStitched	chr5	32570498	32593038	3	20239	73823.008	4708.606	143	1
4_MACS_peak_16804_lociStitched	chr21	45552521	45581437	4	20090	108900.5476	6986.1056	144	1
1_MACS_peak_21328_lociStitched	chr5	88110666	88130720	1	20055	41784.5144	4237.4102	145	1
2_MACS_peak_15478_lociStitched	chr2	219741108	219763541	2	20034	76521.2063	4405.8412	146	1
3_MACS_peak_7575_lociStitched	chr13	115023341	115048589	3	20020	57176.6208	4559.7888	147	1
5_MACS_peak_11683_lociStitched	chr17	76753779	76779898	5	19942	56336.0711	5087.9812	148	1
4_MACS_peak_21895_lociStitched	chr5	150512594	150538195	4	19926	43393.695	5148.3611	149	1
5_MACS_peak_17584_lociStitched	chr3	14712756	14742596	5	19868	77786.912	5051.912	150	1
2_MACS_peak_18291_lociStitched	chr3	98472926	98497279	2	19838	75262.9465	4931.4825	151	1
3_MACS_peak_20814_lociStitched	chr5	15426502	15451487	3	19822	62270.1155	3837.696	152	1
6_MACS_peak_23400_lociStitched	chr6	113946299	113974158	6	19525	60880.2727	4944.9725	153	1
2_MACS_peak_4347_lociStitched	chr11	19449641	19472344	2	19440	122246.5738	4778.9815	154	1
1_MACS_peak_19638_lociStitched	chr4	40190537	40209962	1	19426	100547.685	5359.3575	155	1
2_MACS_peak_17712_lociStitched	chr3	30682351	30703713	2	19370	43965.1322	4058.78	156	1
2_MACS_peak_8529_lociStitched	chr15	38360569	38382087	2	19369	95576.5006	4290.6892	157	1
5_MACS_peak_2294_lociStitched	chr1	205242255	205271173	5	19358	100758.9874	6648.2482	158	1
3_MACS_peak_1700_lociStitched	chr1	155938358	155962339	3	19317	75501.7804	6213.4771	159	1
4_MACS_peak_27672_lociStitched	chr9	134126728	134153509	4	19297	55591.9998	4949.1288	160	1
2_MACS_peak_1638_lociStitched	chr1	154374405	154394798	2	19273	87439.0661	6232.1008	161	1
4_MACS_peak_17559_lociStitched	chr3	13035383	13062117	4	19172	93296.3132	5528.5912	162	1
5_MACS_peak_18837_lociStitched	chr3	156795279	156824992	5	19171	67513.8786	8001.7109	163	1
2_MACS_peak_18927_lociStitched	chr3	169647360	169668630	2	19148	89897.655	5772.678	164	1
3_MACS_peak_11347_lociStitched	chr17	56404856	56430953	3	19148	119247.6318	5939.6772	165	1
2_MACS_peak_13707_lociStitched	chr2	27374169	27393675	2	18971	60185.763	3596.9064	166	1
2_MACS_peak_17615_lociStitched	chr3	15834585	15854086	2	18965	51511.8915	4032.8068	167	1
2_MACS_peak_8564_lociStitched	chr15	40386097	40409338	2	18950	107498.9214	5133.9369	168	1
2_MACS_peak_27383_lociStitched	chr9	112665368	112684664	2	18879	74856.9024	4322.304	169	1
3_MACS_peak_6708_lociStitched	chr12	108953743	108973076	3	18770	47290.4513	4127.5955	170	1
3_MACS_peak_16341_lociStitched	chr20	52257542	52280650	3	18714	94969.2584	4251.872	171	1
2_MACS_peak_28591_lociStitched	chrX	128901818	128921820	2	18657	45454.545	2642.2642	172	1
3_MACS_peak_11633_lociStitched	chr17	75128687	75147623	3	18646	85456.2744	4124.2608	173	1
2_MACS_peak_15791_lociStitched	chr20	5570215	5592502	2	18640	36552.9087	4798.3911	174	1
2_MACS_peak_9140_lociStitched	chr15	81575311	81597362	2	18611	83945.9519	5331.9318	175	1
3_MACS_peak_1138_lociStitched	chr1	93408468	93428888	3	18520	28340.918	2317.67	176	1
4_MACS_peak_8394_lociStitched	chr15	23659485	23682864	4	18489	34823.0205	3490.4847	177	1
2_MACS_peak_11680_lociStitched	chr17	76711094	76733817	2	18486	42851.0334	4910.4403	178	1
2_MACS_peak_2135_lociStitched	chr1	192560779	192579520	2	18476	34702.7097	4934.5053	179	1
2_MACS_peak_3541_lociStitched	chr10	81001113	81020668	2	18395	46771.649	3613.764	180	1
2_MACS_peak_13858_lociStitched	chr2	42342979	42361418	2	18297	74087.902	4028.9215	181	1
3_MACS_peak_19089_lociStitched	chr3	181635645	181662346	3	18293	61145.29	6448.2915	182	1
6_MACS_peak_22665_lociStitched	chr6	31773551	31804675	6	18275	33775.7648	5845.0872	183	1
3_MACS_peak_17035_lociStitched	chr22	29206692	29225761	3	18192	60469.7059	3651.7135	184	1
2_MACS_peak_1553_lociStitched	chr1	150532196	150553376	2	18183	116750.514	7273.212	185	1
5_MACS_peak_11616_lociStitched	chr17	74475080	74503231	5	18179	54328.6149	4501.3449	186	1
4_MACS_peak_2640_lociStitched	chr1	230256346	230287763	4	18141	80304.9937	7235.3351	187	1
2_MACS_peak_23689_lociStitched	chr6	139631600	139649940	2	18128	70629.174	3370.892	188	1
2_MACS_peak_16986_lociStitched	chr22	24176999	24201037	2	18113	167453.5156	4757.1202	189	1
1_MACS_peak_21038_lociStitched	chr5	55436161	55454260	1	18100	62300.3778	3884.0454	190	1
4_MACS_peak_21549_lociStitched	chr5	118657680	118680561	4	18088	53413.4064	4599.081	191	1
2_MACS_peak_1713_lociStitched	chr1	156115317	156133458	2	18075	89723.5719	6062.7222	192	1
2_MACS_peak_13070_lociStitched	chr19	39880767	39904003	2	18052	75437.9976	5044.5356	193	1
3_MACS_peak_18142_lociStitched	chr3	66530454	66552495	3	17992	28144.1529	3905.6652	194	1
5_MACS_peak_4847_lociStitched	chr11	67760439	67789241	5	17801	40751.9498	4769.6112	195	1
3_MACS_peak_27862_lociStitched	chrX	10064783	10091448	3	17788	46605.087	2935.8165	196	1
2_MACS_peak_17892_lociStitched	chr3	46244847	46265384	2	17754	120340.6589	4744.047	197	1
1_MACS_peak_18157_lociStitched	chr3	69128362	69145995	1	17634	45540.7491	3685.297	198	1
4_MACS_peak_5691_lociStitched	chr12	11901229	11920606	4	17625	43199.0838	3623.499	199	1
3_MACS_peak_25422_lociStitched	chr8	2027473	2051002	3	17590	72728.139	4204.6323	200	1
4_MACS_peak_1529_lociStitched	chr1	149802911	149834068	4	17578	71888.5461	9079.1498	201	1
5_MACS_peak_9727_lociStitched	chr16	22194935	22219059	5	17504	36695.0164	5015.3796	202	1
3_MACS_peak_17913_lociStitched	chr3	46577145	46601156	3	17500	87313.6004	4482.8537	203	1
4_MACS_peak_14095_lociStitched	chr2	64486066	64516195	4	17478	52225.6086	4754.3562	204	1
6_MACS_peak_14202_lociStitched	chr2	70330797	70361118	6	17451	55084.1607	5509.3257	205	1
2_MACS_peak_6519_lociStitched	chr12	92753302	92771129	2	17421	84680.0327	3738.3219	206	1
4_MACS_peak_16673_lociStitched	chr21	36235938	36263151	4	17410	67488.24	6928.4298	207	1
3_MACS_peak_11528_lociStitched	chr17	70581698	70602182	3	17305	46685.0844	3977.9928	208	1
4_MACS_peak_5219_lociStitched	chr11	111231784	111251784	4	17227	48634	4018	209	1
6_MACS_peak_14171_lociStitched	chr2	68936332	68965896	6	17168	35722.1812	5203.264	210	1
3_MACS_peak_19883_lociStitched	chr4	77602338	77624663	3	17115	31266.1625	3944.8275	211	1
2_MACS_peak_9747_lociStitched	chr16	23402446	23420503	2	17076	74300.9436	3132.8895	212	1
3_MACS_peak_6358_lociStitched	chr12	68751348	68771035	3	17058	65293.9042	4012.2106	213	1
3_MACS_peak_9612_lociStitched	chr16	12051755	12072379	3	17024	110686.9456	4405.2864	214	1
3_MACS_peak_21950_lociStitched	chr5	156339080	156362354	3	17013	46147.6872	3926.3238	215	1
3_MACS_peak_27169_lociStitched	chr9	93670825	93690416	3	16967	61680.3044	3612.5804	216	1
2_MACS_peak_980_lociStitched	chr1	75595724	75612770	2	16933	38774.5362	2872.251	217	1
2_MACS_peak_15362_lociStitched	chr2	204661302	204683976	2	16726	38752.1334	4065.4482	218	1
4_MACS_peak_16137_lociStitched	chr20	37486570	37510861	4	16706	130309.0695	4275.216	219	1
4_MACS_peak_3440_lociStitched	chr10	74005560	74025889	4	16687	49133.1601	3579.9369	220	1
3_MACS_peak_13094_lociStitched	chr19	40645338	40672035	3	16565	43713.6678	4506.4536	221	1
2_MACS_peak_21337_lociStitched	chr5	88633739	88653161	2	16533	88921.6848	4235.9382	222	1
2_MACS_peak_23722_lociStitched	chr6	143162657	143180334	2	16524	37082.8106	2177.8064	223	1
4_MACS_peak_25944_lociStitched	chr8	61811617	61840902	4	16513	40017.9525	5039.9485	224	1
4_MACS_peak_3882_lociStitched	chr10	112101331	112128981	4	16449	115701.425	5256.265	225	1
1_MACS_peak_21329_lociStitched	chr5	88170793	88187196	1	16404	79487.2977	4028.5768	226	1
2_MACS_peak_25194_lociStitched	chr7	136031538	136048117	2	16357	78572.8547	4748.2256	227	1
3_MACS_peak_19023_lociStitched	chr3	177056369	177081249	3	16345	75428.696	5884.12	228	1
3_MACS_peak_8791_lociStitched	chr15	56644744	56667431	3	16332	74159.2656	4802.8379	229	1
4_MACS_peak_15319_lociStitched	chr2	202081255	202102127	4	16307	35780.8696	4084.6504	230	1
4_MACS_peak_25203_lociStitched	chr7	137684173	137716711	4	16211	37324.3398	7106.2992	231	1
1_MACS_peak_4736_lociStitched	chr11	65183101	65199286	1	16186	129996.3015	4832.841	232	1
1_MACS_peak_5752_lociStitched	chr12	15100767	15116940	1	16174	35766.5895	3402.7992	233	1
2_MACS_peak_16528_lociStitched	chr21	19151489	19169169	2	16094	62896.6	3861.312	234	1
1_MACS_peak_10849_lociStitched	chr17	29634726	29650813	1	16088	59222.6818	3959.0107	235	1
3_MACS_peak_13665_lociStitched	chr2	25622768	25646566	3	16074	63159.892	4152.751	236	1
1_MACS_peak_5716_lociStitched	chr12	12865820	12881849	1	16030	110244.2562	3859.7832	237	1
2_MACS_peak_15311_lociStitched	chr2	201979844	201998136	2	16020	97168.9332	4722.9944	238	1
1_MACS_peak_19613_lociStitched	chr4	38306726	38322742	1	16017	75315.24	3478.6752	239	1
5_MACS_peak_9142_lociStitched	chr15	81607842	81626424	5	15960	28439.751	3593.7588	240	1
3_MACS_peak_1970_lociStitched	chr1	174922304	174942620	3	15954	41196.7848	4993.6728	241	1
2_MACS_peak_21307_lociStitched	chr5	86364864	86380844	2	15868	32723.844	3140.07	242	1
3_MACS_peak_5480_lociStitched	chr11	130696141	130720432	3	15866	46237.9185	4270.3578	243	1
2_MACS_peak_6525_lociStitched	chr12	92851139	92867499	2	15825	86634.38	3731.716	244	1
3_MACS_peak_5914_lociStitched	chr12	32608344	32625783	3	15777	45524.5095	3390.1416	245	1
2_MACS_peak_16238_lociStitched	chr20	45172089	45191653	2	15754	37032.6956	2848.5184	246	1
2_MACS_peak_27604_lociStitched	chr9	130828568	130846494	2	15732	39575.2302	3536.7998	247	1
4_MACS_peak_287_lociStitched	chr1	23936721	23963118	4	15719	42712.9857	4234.0788	248	1
4_MACS_peak_1652_lociStitched	chr1	154821601	154851763	4	15713	59111.4876	6110.8212	249	1
3_MACS_peak_16778_lociStitched	chr21	44724956	44747610	3	15702	47534.8882	4270.279	250	1
3_MACS_peak_9227_lociStitched	chr15	89163776	89185636	3	15675	28483.58	3958.846	251	1
3_MACS_peak_18615_lociStitched	chr3	132266607	132290013	3	15596	31197.8574	3506.2188	252	1
2_MACS_peak_8460_lociStitched	chr15	31546203	31562988	2	15559	91056.9465	3101.868	253	1
3_MACS_peak_19195_lociStitched	chr3	186702615	186720677	3	15559	75490.129	5337.321	254	1
4_MACS_peak_22350_lociStitched	chr6	11713462	11736117	4	15557	43271.05	3740.3405	255	1
6_MACS_peak_22945_lociStitched	chr6	52148512	52173848	6	15554	34223.8688	4646.6224	256	1
4_MACS_peak_22509_lociStitched	chr6	26183533	26207333	4	15546	42549.64	5338.34	257	1
1_MACS_peak_11668_lociStitched	chr17	76137273	76152811	1	15539	39076.5162	2810.8242	258	1
3_MACS_peak_17865_lociStitched	chr3	45592798	45618129	3	15529	33966.3379	4427.8588	259	1
1_MACS_peak_4742_lociStitched	chr11	65263169	65278687	1	15519	50958.0084	3825.187	260	1
6_MACS_peak_22286_lociStitched	chr6	6798404	6828138	6	15480	24726.7944	4037.8772	261	1
3_MACS_peak_13586_lociStitched	chr2	13680221	13702548	3	15465	36718.9842	3831.3132	262	1
2_MACS_peak_12430_lociStitched	chr19	2081476	2098468	2	15448	111482.8128	6061.0464	263	1
4_MACS_peak_12063_lociStitched	chr18	42288746	42307816	4	15447	19920.522	3129.387	264	1
1_MACS_peak_11430_lociStitched	chr17	62195572	62210969	1	15398	38047.5267	3459.7059	265	1
1_MACS_peak_17213_lociStitched	chr22	38782033	38797426	1	15394	33612.1548	2935.4451	266	1
2_MACS_peak_9039_lociStitched	chr15	75351816	75371080	2	15385	63642.4768	3619.7056	267	1
1_MACS_peak_10024_lociStitched	chr16	56961094	56976439	1	15346	55142.2575	3363.624	268	1
4_MACS_peak_8185_lociStitched	chr14	93029364	93054426	4	15305	30490.4292	2390.9148	269	1
4_MACS_peak_26534_lociStitched	chr8	145002177	145027937	4	15293	34420.512	3366.832	270	1
4_MACS_peak_15258_lociStitched	chr2	198062327	198084079	4	15281	44219.6408	3974.0904	271	1
1_MACS_peak_24651_lociStitched	chr7	78113449	78128722	1	15274	81527.274	3972.5073	272	1
3_MACS_peak_22170_lociStitched	chr5	180228548	180249681	3	15269	55884.1052	4055.4227	273	1
1_MACS_peak_21079_lociStitched	chr5	58851358	58866590	1	15233	47720.3328	2636.6592	274	1
3_MACS_peak_1820_lociStitched	chr1	161144659	161163948	3	15208	61028.4671	5221.5323	275	1
6_MACS_peak_22546_lociStitched	chr6	27088241	27123680	6	15163	33092.9382	6669.6198	276	1
3_MACS_peak_3191_lociStitched	chr10	45453794	45475533	3	15147	39428.0243	4121.7144	277	1
3_MACS_peak_8576_lociStitched	chr15	40833548	40858278	3	15143	26814.739	4223.884	278	1
4_MACS_peak_1795_lociStitched	chr1	160633638	160655593	4	15125	94979.5255	6922.4115	279	1
1_MACS_peak_5829_lociStitched	chr12	26265394	26280476	1	15083	41573.533	3379.8762	280	1
3_MACS_peak_8971_lociStitched	chr15	70766773	70787683	3	15018	39741.546	3307.962	281	1
4_MACS_peak_16203_lociStitched	chr20	43583263	43609370	4	14986	34200.17	4785.4131	282	1
4_MACS_peak_14149_lociStitched	chr2	67686027	67706442	4	14978	47852.76	3399.0975	283	1
4_MACS_peak_17784_lociStitched	chr3	39247051	39264649	4	14971	37320.0786	3109.5666	284	1
3_MACS_peak_21947_lociStitched	chr5	156305153	156322040	3	14955	29123.3202	2683.3443	285	1
3_MACS_peak_9981_lociStitched	chr16	50713887	50733158	3	14935	42371.1477	3752.0637	286	1
2_MACS_peak_24368_lociStitched	chr7	44661751	44680440	2	14908	35400.7038	3780.7847	287	1
5_MACS_peak_11154_lociStitched	chr17	43504947	43531593	5	14903	24623.5686	4279.3476	288	1
2_MACS_peak_632_lociStitched	chr1	40839012	40858668	2	14885	41281.5312	4110.0696	289	1
3_MACS_peak_25565_lociStitched	chr8	19518489	19540886	3	14852	50823.2724	3697.7447	290	1
2_MACS_peak_27186_lociStitched	chr9	94181006	94195951	2	14790	48033.23	3579.3275	291	1
2_MACS_peak_13575_lociStitched	chr2	11883400	11898195	2	14767	64910.1035	3462.03	292	1
1_MACS_peak_22093_lociStitched	chr5	173696332	173711094	1	14763	71189.745	3166.449	293	1
4_MACS_peak_6009_lociStitched	chr12	46776097	46798977	4	14756	38642.032	3987.984	294	1
4_MACS_peak_3321_lociStitched	chr10	63798119	63814932	4	14741	43836.5349	3700.5413	295	1
1_MACS_peak_20876_lociStitched	chr5	32529699	32544408	1	14710	56341.3536	3243.3345	296	1
3_MACS_peak_23548_lociStitched	chr6	130832812	130851689	3	14689	45806.9282	3403.5231	297	1
6_MACS_peak_24302_lociStitched	chr7	38383811	38408359	6	14680	24422.8052	5132.9868	298	1
1_MACS_peak_12997_lociStitched	chr19	35693648	35708254	1	14607	85192.4162	3046.8116	299	1
5_MACS_peak_22476_lociStitched	chr6	25162818	25187688	5	14575	28560.708	4280.127	300	1
1_MACS_peak_5224_lociStitched	chr11	111279808	111294292	1	14485	30824.8488	2699.8176	301	1
1_MACS_peak_22490_lociStitched	chr6	25401483	25415964	1	14482	122258.7387	3898.2852	302	1
4_MACS_peak_19848_lociStitched	chr4	76022195	76044187	4	14471	62567.24	3842.0024	303	1
5_MACS_peak_2345_lociStitched	chr1	206987383	207008189	5	14452	20077.79	4385.9048	304	1
3_MACS_peak_15958_lociStitched	chr20	25261408	25282750	3	14427	52885.476	3502.2222	305	1
4_MACS_peak_25663_lociStitched	chr8	27930196	27951569	4	14403	35205.6056	4911.5154	306	1
1_MACS_peak_10994_lociStitched	chr17	37924623	37938975	1	14353	43360.2624	3303.8304	307	1
1_MACS_peak_11631_lociStitched	chr17	75078786	75093130	1	14345	38048.8944	3154.2456	308	1
1_MACS_peak_28190_lociStitched	chrX	48790292	48804619	1	14328	61359.6756	1904.0583	309	1
5_MACS_peak_4021_lociStitched	chr10	126406883	126433850	5	14301	22967.7939	4128.6477	310	1
4_MACS_peak_7383_lociStitched	chr13	78593263	78608509	4	14294	19720.701	2289.9492	311	1
3_MACS_peak_1800_lociStitched	chr1	160694247	160714837	3	14286	43683.744	6020.516	312	1
3_MACS_peak_11219_lociStitched	chr17	46580334	46596204	3	14277	23017.848	2743.923	313	1
1_MACS_peak_2586_lociStitched	chr1	226838325	226852599	1	14275	57695.508	4587.6636	314	1
3_MACS_peak_8531_lociStitched	chr15	38401706	38424951	3	14175	36385.3985	3509.995	315	1
2_MACS_peak_24427_lociStitched	chr7	50343324	50357906	2	14146	36542.492	3356.7764	316	1
2_MACS_peak_16053_lociStitched	chr20	32988826	33006312	2	14136	42679.8288	3460.4794	317	1
2_MACS_peak_4997_lociStitched	chr11	78127124	78141838	2	14120	24896.088	2639.6916	318	1
1_MACS_peak_13857_lociStitched	chr2	42322841	42336943	1	14103	92447.0712	3106.6706	319	1
2_MACS_peak_16730_lociStitched	chr21	41295602	41312143	2	14082	60291.945	4479.3028	320	1
2_MACS_peak_5728_lociStitched	chr12	13241957	13256114	2	14072	35514.2502	2790.3447	321	1
3_MACS_peak_15831_lociStitched	chr20	9479080	9499861	3	14021	42418.1772	3952.5462	322	1
1_MACS_peak_17034_lociStitched	chr22	29185930	29199947	1	14018	45664.5826	3303.8069	323	1
2_MACS_peak_1296_lociStitched	chr1	112134277	112149157	2	14013	34752.24	1815.36	324	1
3_MACS_peak_13628_lociStitched	chr2	20615140	20631296	3	14006	29294.0592	2901.6176	325	1
6_MACS_peak_4979_lociStitched	chr11	77146893	77171554	6	13980	18951.9785	3736.1415	326	1
2_MACS_peak_19642_lociStitched	chr4	40301325	40319958	2	13978	58416.3183	3942.7428	327	1
5_MACS_peak_11587_lociStitched	chr17	73850494	73875796	5	13911	43160.1516	4268.4474	328	1
3_MACS_peak_4497_lociStitched	chr11	45089023	45105646	3	13903	37355.2056	2416.9842	329	1
2_MACS_peak_3688_lociStitched	chr10	94868720	94886573	2	13898	32151.4677	2649.3852	330	1
1_MACS_peak_26476_lociStitched	chr8	137188203	137202095	1	13893	56432.0824	3306.296	331	1
5_MACS_peak_15597_lociStitched	chr2	232687411	232714022	5	13888	12358.1484	3422.1746	332	1
2_MACS_peak_8690_lociStitched	chr15	46994376	47009613	2	13868	33876.4221	2803.608	333	1
3_MACS_peak_24981_lociStitched	chr7	114556318	114574606	3	13864	59205.5712	5378.5008	334	1
6_MACS_peak_4688_lociStitched	chr11	63992478	64020087	6	13846	24801.1647	4798.4442	335	1
2_MACS_peak_25698_lociStitched	chr8	29464453	29478313	2	13833	35586.936	2336.796	336	1
4_MACS_peak_27527_lociStitched	chr9	126962255	126982682	4	13830	38888.9226	3268.32	337	1
3_MACS_peak_16338_lociStitched	chr20	52224560	52244825	3	13797	64108.3275	3293.0625	338	1
1_MACS_peak_19610_lociStitched	chr4	38123428	38137200	1	13773	53820.976	2837.032	339	1
2_MACS_peak_19687_lociStitched	chr4	48191047	48206888	2	13763	49400.1585	3146.0226	340	1
3_MACS_peak_18579_lociStitched	chr3	129026624	129048502	3	13742	26290.7926	3824.2744	341	1
2_MACS_peak_27487_lociStitched	chr9	123688105	123707726	2	13703	41302.205	3423.8645	342	1
3_MACS_peak_17019_lociStitched	chr22	26974522	26993677	3	13701	50168.8605	3664.3515	343	1
2_MACS_peak_16956_lociStitched	chr22	23088029	23102012	2	13686	40093.4559	2233.0851	344	1
4_MACS_peak_6045_lociStitched	chr12	48276267	48299219	4	13602	23463.8296	3559.8552	345	1
4_MACS_peak_16086_lociStitched	chr20	34673168	34690707	4	13595	20717.0668	3081.6023	346	1
2_MACS_peak_18391_lociStitched	chr3	111837934	111855085	2	13589	21858.9495	3226.1031	347	1
1_MACS_peak_15126_lociStitched	chr2	182167403	182180980	1	13578	122603.0254	3739.1058	348	1
4_MACS_peak_3409_lociStitched	chr10	72249341	72270795	4	13577	35933.3046	3962.5538	349	1
1_MACS_peak_13874_lociStitched	chr2	43443573	43457137	1	13565	74846.152	3408.6332	350	1
2_MACS_peak_21474_lociStitched	chr5	109187849	109202467	2	13556	42512.0676	2439.7442	351	1
5_MACS_peak_5674_lociStitched	chr12	10280478	10306687	5	13548	27902.1014	4093.8458	352	1
4_MACS_peak_14347_lociStitched	chr2	86290225	86308547	4	13523	25463.9156	3206.35	353	1
2_MACS_peak_4380_lociStitched	chr11	26097988	26113605	2	13517	63620.5346	2993.7789	354	1
2_MACS_peak_17237_lociStitched	chr22	39458897	39474665	2	13516	35020.728	3021.1488	355	1
4_MACS_peak_25399_lociStitched	chr7	157795347	157818651	4	13506	33499.5	4094.5128	356	1
4_MACS_peak_3558_lociStitched	chr10	81946404	81966333	4	13502	25776.1686	4003.7361	357	1
3_MACS_peak_8164_lociStitched	chr14	91781617	91801960	3	13499	19289.2326	2024.1285	358	1
1_MACS_peak_21310_lociStitched	chr5	86407872	86421337	1	13466	64241.515	2967.686	359	1
4_MACS_peak_1424_lociStitched	chr1	144962480	144985337	4	13452	41028.315	7204.5264	360	1
4_MACS_peak_13941_lociStitched	chr2	47193811	47215380	4	13446	36969.266	3863.0079	361	1
4_MACS_peak_20682_lociStitched	chr4	187747676	187775325	4	13444	40364.7751	4490.1976	362	1
1_MACS_peak_14622_lociStitched	chr2	112455236	112468656	1	13421	106957.4	3003.396	363	1
1_MACS_peak_10093_lociStitched	chr16	66548823	66562236	1	13414	128268.519	3460.554	364	1
3_MACS_peak_15664_lociStitched	chr2	238599666	238613574	3	13389	25131.756	1674.5232	365	1
4_MACS_peak_5929_lociStitched	chr12	33037691	33060635	4	13381	18763.6032	3810.9984	366	1
4_MACS_peak_13404_lociStitched	chr19	55460124	55486599	4	13316	34258.65	3108.165	367	1
1_MACS_peak_19042_lociStitched	chr3	178228487	178241795	1	13309	97941.5568	4218.636	368	1
1_MACS_peak_15323_lociStitched	chr2	202115752	202129044	1	13293	72046.6276	3420.0316	369	1
4_MACS_peak_4640_lociStitched	chr11	62307939	62326018	4	13284	25914.4386	3261.4516	370	1
3_MACS_peak_1436_lociStitched	chr1	145182740	145199124	3	13280	24092.672	7143.424	371	1
4_MACS_peak_12425_lociStitched	chr19	2040895	2063016	4	13280	37453.0651	4340.1402	372	1
6_MACS_peak_28030_lociStitched	chrX	37604467	37625612	6	13253	24739.65	2235.0265	373	1
6_MACS_peak_8913_lociStitched	chr15	67366189	67396239	6	13250	21155.2	4732.875	374	1
3_MACS_peak_5034_lociStitched	chr11	82764457	82784622	3	13231	43066.3905	4196.3365	375	1
7_MACS_peak_12626_lociStitched	chr19	10513142	10543359	7	13230	21233.4859	4689.6784	376	1
3_MACS_peak_24439_lociStitched	chr7	52773199	52789222	3	13226	46365.7551	2352.1764	377	1
3_MACS_peak_23441_lociStitched	chr6	117858779	117877561	3	13200	30982.7872	3196.6964	378	1
2_MACS_peak_17210_lociStitched	chr22	38700512	38714901	2	13174	27556.3739	2759.8102	379	1
3_MACS_peak_2956_lociStitched	chr10	14686505	14704018	3	13164	33197.6428	2858.1216	380	1
5_MACS_peak_6231_lociStitched	chr12	57093369	57120110	5	13158	20906.1138	4791.9872	381	1
5_MACS_peak_15211_lociStitched	chr2	192481525	192503725	5	13152	17509.14	3676.32	382	1
2_MACS_peak_14887_lociStitched	chr2	153913463	153929204	2	13106	37598.9526	3382.7409	383	1
2_MACS_peak_21858_lociStitched	chr5	148204604	148222805	2	13106	43791.606	4260.8541	384	1
3_MACS_peak_18776_lociStitched	chr3	151985182	152002045	3	13084	22390.6914	3502.4451	385	1
4_MACS_peak_12445_lociStitched	chr19	2455095	2480370	4	13084	36080.0625	5151.045	386	1
3_MACS_peak_16391_lociStitched	chr20	55957936	55976067	3	13068	28480.1748	3160.2333	387	1
3_MACS_peak_1431_lociStitched	chr1	145126654	145146575	3	13037	26070.6127	7157.6153	388	1
2_MACS_peak_5260_lociStitched	chr11	115089250	115102807	2	13020	65958.8721	2724.957	389	1
6_MACS_peak_8653_lociStitched	chr15	44954393	44976850	6	13011	23683.1522	3516.7662	390	1
2_MACS_peak_4889_lociStitched	chr11	71413957	71427678	2	12998	63665.44	3312.2494	391	1
3_MACS_peak_28743_lociStitched	chrX	153232517	153252633	3	12978	27959.2284	1772.2196	392	1
4_MACS_peak_13267_lociStitched	chr19	47728648	47748366	4	12961	34421.7126	3283.047	393	1
4_MACS_peak_21818_lociStitched	chr5	142952537	142975667	4	12936	33346.521	4059.315	394	1
5_MACS_peak_13932_lociStitched	chr2	46785736	46803468	5	12922	21209.2452	3596.0496	395	1
2_MACS_peak_4450_lociStitched	chr11	35183417	35197350	2	12902	37676.2253	2850.6918	396	1
3_MACS_peak_6719_lociStitched	chr12	109161513	109181249	3	12902	32106.5248	3426.1696	397	1
1_MACS_peak_17022_lociStitched	chr22	27003306	27016202	1	12897	68615.7472	2791.984	398	1
1_MACS_peak_16200_lociStitched	chr20	43269396	43282277	1	12882	47193.4078	3007.7135	399	1
1_MACS_peak_3892_lociStitched	chr10	112213896	112226764	1	12869	99177.5364	2689.412	400	1
1_MACS_peak_1848_lociStitched	chr1	161767878	161780739	1	12862	26767.5993	3255.1191	401	1
3_MACS_peak_22442_lociStitched	chr6	20197361	20214275	3	12862	25179.8718	3325.2924	402	1
4_MACS_peak_11009_lociStitched	chr17	38251336	38270480	4	12832	22775.6168	3805.8272	403	1
5_MACS_peak_9831_lociStitched	chr16	29815634	29833773	5	12827	30740.1633	3270.4617	404	1
1_MACS_peak_2381_lociStitched	chr1	209273116	209285919	1	12804	90902.5803	3662.9383	405	1
3_MACS_peak_12879_lociStitched	chr19	19049929	19062976	3	12795	37587.1023	2486.7582	406	1
4_MACS_peak_11669_lociStitched	chr17	76163243	76183979	4	12794	27135.1296	3564.5184	407	1
3_MACS_peak_15216_lociStitched	chr2	192530473	192546598	3	12790	45553.125	3160.5	408	1
3_MACS_peak_915_lociStitched	chr1	66736669	66750658	3	12755	24486.3456	2699.877	409	1
2_MACS_peak_2420_lociStitched	chr1	211743209	211756550	2	12750	22805.1054	4210.4196	410	1
2_MACS_peak_16795_lociStitched	chr21	45194741	45210550	2	12739	38404.8037	3909.5657	411	1
2_MACS_peak_6527_lociStitched	chr12	92884531	92900406	2	12733	21388.3875	2651.125	412	1
1_MACS_peak_7554_lociStitched	chr13	114555686	114568391	1	12706	83772.9585	3100.02	413	1
4_MACS_peak_8487_lociStitched	chr15	33295962	33315412	4	12674	38695.775	3423.2	414	1
2_MACS_peak_21471_lociStitched	chr5	109023710	109037219	2	12672	33853.554	3321.8631	415	1
1_MACS_peak_14344_lociStitched	chr2	86218252	86230897	1	12646	97314.6555	2775.5775	416	1
2_MACS_peak_14623_lociStitched	chr2	112482014	112494731	2	12616	21473.9262	2016.9162	417	1
3_MACS_peak_28073_lociStitched	chrX	39953319	39969514	3	12565	23019.573	1132.0305	418	1
2_MACS_peak_696_lociStitched	chr1	44289300	44306117	2	12540	45696.8341	3250.7261	419	1
3_MACS_peak_12178_lociStitched	chr18	52929422	52947983	3	12497	33857.1201	3316.8507	420	1
3_MACS_peak_21224_lociStitched	chr5	75585623	75601365	3	12484	16196.9438	2647.8044	421	1
2_MACS_peak_21435_lociStitched	chr5	100223657	100241850	2	12461	37435.7361	4126.1724	422	1
3_MACS_peak_24268_lociStitched	chr7	34773592	34796561	3	12458	22415.4471	3877.1672	423	1
3_MACS_peak_19605_lociStitched	chr4	38063305	38078424	3	12452	13726.5401	2031.9936	424	1
4_MACS_peak_28009_lociStitched	chrX	30578791	30597604	4	12416	23256.6306	1849.3179	425	1
2_MACS_peak_16439_lociStitched	chr20	61272949	61285369	2	12412	36655.146	2071.656	426	1
2_MACS_peak_16994_lociStitched	chr22	24535708	24553975	2	12411	28154.9271	3162.0177	427	1
2_MACS_peak_1542_lociStitched	chr1	150120989	150139349	2	12409	45134.388	4362.336	428	1
4_MACS_peak_14618_lociStitched	chr2	112416239	112436868	4	12409	16177.2618	2673.5184	429	1
4_MACS_peak_15314_lociStitched	chr2	202039910	202060493	4	12371	24425.8461	3842.8461	430	1
2_MACS_peak_19095_lociStitched	chr3	182098109	182113636	2	12357	23537.3793	3468.7318	431	1
1_MACS_peak_2329_lociStitched	chr1	206727309	206739652	1	12344	49838.5654	4389.1708	432	1
1_MACS_peak_10023_lociStitched	chr16	56942577	56954913	1	12337	75802.2528	2705.2848	433	1
2_MACS_peak_24398_lociStitched	chr7	47512769	47525106	2	12327	52848.0069	3068.2119	434	1
5_MACS_peak_1417_lociStitched	chr1	144685033	144709814	5	12295	24310.161	4953.7219	435	1
1_MACS_peak_13872_lociStitched	chr2	43394948	43407236	1	12289	34096.7424	1940.2752	436	1
2_MACS_peak_2695_lociStitched	chr1	234734120	234750564	2	12284	64980.1104	4594.4536	437	1
2_MACS_peak_2418_lociStitched	chr1	211686924	211703507	2	12278	28269.0401	4067.8099	438	1
2_MACS_peak_23646_lociStitched	chr6	137973211	137988271	2	12254	26654.694	2445.744	439	1
2_MACS_peak_22524_lociStitched	chr6	26355019	26367506	2	12236	32877.0223	3000.6261	440	1
4_MACS_peak_12734_lociStitched	chr19	13943786	13962115	4	12225	50318.6037	2895.982	441	1
2_MACS_peak_14905_lociStitched	chr2	158294203	158311443	2	12212	53538.82	3960.028	442	1
5_MACS_peak_14549_lociStitched	chr2	109221060	109239088	5	12207	16446.9444	3385.6584	443	1
3_MACS_peak_25700_lociStitched	chr8	29490809	29505968	3	12191	25802.1339	2701.3338	444	1
1_MACS_peak_7220_lociStitched	chr13	46269223	46281385	1	12163	35298.9888	1515.3852	445	1
4_MACS_peak_28334_lociStitched	chrX	70837218	70857632	4	12157	18809.4596	1865.8396	446	1
3_MACS_peak_16252_lociStitched	chr20	46113592	46132506	3	12149	26716.025	3391.2802	447	1
2_MACS_peak_370_lociStitched	chr1	27018262	27030823	2	12148	29425.3986	2938.0179	448	1
1_MACS_peak_24883_lociStitched	chr7	104575348	104587491	1	12144	56021.7305	2461.3861	449	1
1_MACS_peak_11973_lociStitched	chr18	22928975	22941103	1	12129	17093.2032	1811.9232	450	1
3_MACS_peak_22059_lociStitched	chr5	171601011	171616166	3	12099	35999.187	3259.8405	451	1
3_MACS_peak_5666_lociStitched	chr12	10186193	10206614	3	12096	24368.3793	3173.4234	452	1
3_MACS_peak_20088_lociStitched	chr4	103532616	103547051	3	12076	28919.079	2823.486	453	1
1_MACS_peak_26681_lociStitched	chr9	9604065	9616129	1	12065	37779.6224	2058.1184	454	1
1_MACS_peak_1434_lociStitched	chr1	145152616	145164647	1	12032	22993.6472	4168.7415	455	1
2_MACS_peak_7375_lociStitched	chr13	77898718	77915458	2	12029	48689.964	3379.806	456	1
2_MACS_peak_27457_lociStitched	chr9	117659602	117673815	2	11991	24355.3968	2515.701	457	1
2_MACS_peak_22659_lociStitched	chr6	31694463	31709357	2	11990	45163.0762	3707.1166	458	1
4_MACS_peak_20868_lociStitched	chr5	32275801	32295888	4	11941	14822.1973	3288.2419	459	1
3_MACS_peak_7628_lociStitched	chr14	23023279	23039455	3	11910	25645.4304	1570.6896	460	1
5_MACS_peak_21322_lociStitched	chr5	87954444	87976772	5	11873	44137.9904	4407.5472	461	1
1_MACS_peak_25696_lociStitched	chr8	29408678	29420544	1	11867	60177.2324	2542.8838	462	1
1_MACS_peak_24026_lociStitched	chr7	8163861	8175699	1	11839	32263.2852	1886.9772	463	1
4_MACS_peak_2231_lociStitched	chr1	202433194	202455323	4	11823	34457.0659	4870.5929	464	1
3_MACS_peak_2888_lociStitched	chr10	6953954	6973769	3	11822	85723.653	3984.7965	465	1
1_MACS_peak_22355_lociStitched	chr6	11826569	11838370	1	11802	89773.7473	2505.3523	466	1
3_MACS_peak_21332_lociStitched	chr5	88563458	88580714	3	11802	53748.9888	3363.1944	467	1
4_MACS_peak_22123_lociStitched	chr5	176717448	176740459	4	11799	24315.7237	4052.2371	468	1
2_MACS_peak_20758_lociStitched	chr5	6475600	6488412	2	11797	63894.7252	2799.422	469	1
2_MACS_peak_11245_lociStitched	chr17	47815854	47827729	2	11783	44854.25	2819.125	470	1
4_MACS_peak_27514_lociStitched	chr9	126082981	126104089	4	11781	39326.3148	3649.5732	471	1
1_MACS_peak_16395_lociStitched	chr20	56047044	56058819	1	11776	54008.3925	2586.9675	472	1
2_MACS_peak_22906_lociStitched	chr6	45386609	45402272	2	11775	32063.7273	2961.8733	473	1
4_MACS_peak_6600_lociStitched	chr12	96882888	96901386	4	11772	24252.7278	2863.4904	474	1
5_MACS_peak_4704_lociStitched	chr11	64611259	64634048	5	11770	22520.0898	3673.5868	475	1
2_MACS_peak_25792_lociStitched	chr8	38811457	38824434	2	11739	39507.1788	2474.7139	476	1
3_MACS_peak_22848_lociStitched	chr6	42737944	42752724	3	11737	40498.678	2610.148	477	1
1_MACS_peak_6110_lociStitched	chr12	51311769	51323491	1	11723	38437.6102	2749.9812	478	1
2_MACS_peak_12804_lociStitched	chr19	16693622	16707461	2	11694	65689.5813	3145.6047	479	1
3_MACS_peak_12436_lociStitched	chr19	2254830	2271813	3	11687	37962.0999	3775.3209	480	1
3_MACS_peak_5413_lociStitched	chr11	126056245	126069150	3	11686	42036.747	2284.185	481	1
1_MACS_peak_27386_lociStitched	chr9	112729166	112740842	1	11677	35491.5372	2299.0044	482	1
3_MACS_peak_12617_lociStitched	chr19	10329198	10348064	3	11657	37758.4124	2907.2506	483	1
3_MACS_peak_5545_lociStitched	chr12	4216154	4230709	3	11640	56965.359	3218.1105	484	1
4_MACS_peak_16641_lociStitched	chr21	34732919	34757377	4	11608	29308.0214	5816.1124	485	1
1_MACS_peak_22197_lociStitched	chr6	389199	400797	1	11599	21426.1452	2933.1342	486	1
2_MACS_peak_6448_lociStitched	chr12	80682939	80695616	2	11592	22993.5426	2209.6011	487	1
2_MACS_peak_16509_lociStitched	chr21	16046625	16061400	2	11589	42702.705	2721.555	488	1
2_MACS_peak_21893_lociStitched	chr5	150459280	150475625	2	11589	22229.2	2907.7755	489	1
2_MACS_peak_2350_lociStitched	chr1	207091292	207107186	2	11582	76645.6362	4380.3864	490	1
3_MACS_peak_25709_lociStitched	chr8	29621824	29637244	3	11576	71406.936	2767.89	491	1
2_MACS_peak_18045_lociStitched	chr3	52730067	52746967	2	11570	35452.82	2825.68	492	1
2_MACS_peak_1698_lociStitched	chr1	155902935	155919081	2	11559	30700.0044	4359.42	493	1
3_MACS_peak_2299_lociStitched	chr1	205280499	205295095	3	11527	26507.7956	3954.0564	494	1
5_MACS_peak_19265_lociStitched	chr3	194865026	194882470	5	11519	21857.332	3656.2624	495	1
6_MACS_peak_3826_lociStitched	chr10	105244874	105268185	6	11514	12867.672	3867.2949	496	1
2_MACS_peak_6488_lociStitched	chr12	89737830	89749731	2	11476	56667.8016	2646.7824	497	1
2_MACS_peak_5000_lociStitched	chr11	78162408	78178702	2	11476	43557.1208	2590.746	498	1
1_MACS_peak_21815_lociStitched	chr5	142774658	142786114	1	11457	32754.9952	2377.12	499	1
3_MACS_peak_22295_lociStitched	chr6	7135125	7148273	3	11456	26301.2592	2729.5248	500	1
1_MACS_peak_17510_lociStitched	chr3	8697942	8709388	1	11447	31791.265	1935.5186	501	1
2_MACS_peak_15542_lociStitched	chr2	227768793	227783189	2	11445	39043.3916	2421.4072	502	1
2_MACS_peak_10274_lociStitched	chr16	79629494	79640934	2	11431	29172	1409.408	503	1
5_MACS_peak_5603_lociStitched	chr12	7022649	7038759	5	11401	19216.008	2787.03	504	1
2_MACS_peak_10041_lociStitched	chr16	57568856	57580422	2	11398	22844.0066	2398.7884	505	1
2_MACS_peak_24111_lociStitched	chr7	20476099	20490252	2	11398	21162.9809	2343.7368	506	1
2_MACS_peak_18598_lociStitched	chr3	130557171	130574165	2	11396	18057.8244	2946.7596	507	1
2_MACS_peak_27886_lociStitched	chrX	12882937	12894856	2	11384	26669.9544	1442.199	508	1
2_MACS_peak_20615_lociStitched	chr4	185263214	185278042	2	11363	50926.766	3134.6392	509	1
3_MACS_peak_1322_lociStitched	chr1	115236276	115251325	3	11363	22450.0982	1357.4198	510	1
4_MACS_peak_19080_lociStitched	chr3	181416898	181433251	4	11363	29229.3522	3291.8589	511	1
1_MACS_peak_23343_lociStitched	chr6	108986391	108997733	1	11343	35650.1744	2090.3306	512	1
1_MACS_peak_1647_lociStitched	chr1	154754950	154766271	1	11322	44145.1074	3398.5642	513	1
4_MACS_peak_5027_lociStitched	chr11	82666265	82689965	4	11305	24316.2	3588.18	514	1
2_MACS_peak_21564_lociStitched	chr5	121647055	121661038	2	11283	16258.0341	2118.4245	515	1
2_MACS_peak_28188_lociStitched	chrX	48767983	48779465	2	11264	26420.082	1469.696	516	1
4_MACS_peak_27685_lociStitched	chr9	134595231	134615295	4	11242	25900.6176	3587.4432	517	1
1_MACS_peak_20102_lociStitched	chr4	105406375	105417597	1	11223	50946.7578	2493.5284	518	1
4_MACS_peak_3875_lociStitched	chr10	111966995	111986594	4	11221	20039.9775	3490.5819	519	1
2_MACS_peak_3893_lociStitched	chr10	112255803	112272716	2	11207	38416.1882	3123.8311	520	1
5_MACS_peak_24624_lociStitched	chr7	76540909	76558023	5	11168	12207.4162	2365.1548	521	1
1_MACS_peak_15571_lociStitched	chr2	231728926	231740080	1	11155	52958.0766	1174.5162	522	1
1_MACS_peak_20612_lociStitched	chr4	185200710	185211830	1	11121	108865.912	2964.592	523	1
1_MACS_peak_6522_lociStitched	chr12	92793129	92804246	1	11118	30320.5058	2237.8521	524	1
5_MACS_peak_10108_lociStitched	chr16	67184005	67209158	5	11113	18754.0768	4177.9133	525	1
1_MACS_peak_4605_lociStitched	chr11	60602145	60613236	1	11092	36092.3322	2274.7641	526	1
5_MACS_peak_8191_lociStitched	chr14	93225183	93246500	5	11091	17403.1988	1850.3156	527	1
3_MACS_peak_15391_lociStitched	chr2	207995979	208015052	3	11089	24592.7262	3747.8445	528	1
4_MACS_peak_17653_lociStitched	chr3	20080124	20097885	4	11083	17503.4655	2960.7587	529	1
3_MACS_peak_9303_lociStitched	chr15	93346366	93364611	3	11072	39522.319	3444.656	530	1
3_MACS_peak_27452_lociStitched	chr9	117369103	117382465	3	11071	21785.4048	2534.7714	531	1
2_MACS_peak_24345_lociStitched	chr7	43684696	43699573	2	11071	48313.0575	2862.3348	532	1
4_MACS_peak_19250_lociStitched	chr3	193847611	193860556	4	11038	19401.966	2937.2205	533	1
1_MACS_peak_312_lociStitched	chr1	24709919	24720946	1	11028	31371.815	2553.8532	534	1
2_MACS_peak_26403_lociStitched	chr8	129277638	129290128	2	11014	28527.16	2522.98	535	1
3_MACS_peak_21109_lociStitched	chr5	61910948	61925532	3	11010	17423.5048	1862.3768	536	1
1_MACS_peak_4843_lociStitched	chr11	67644698	67655696	1	10999	43311.2238	2455.8534	537	1
1_MACS_peak_19788_lociStitched	chr4	69433730	69444720	1	10991	66430.154	2530.997	538	1
3_MACS_peak_18327_lociStitched	chr3	101495306	101513644	3	10990	31082.91	3541.0678	539	1
2_MACS_peak_14907_lociStitched	chr2	158322694	158338041	2	10982	64264.0278	2829.9868	540	1
3_MACS_peak_5454_lociStitched	chr11	129233604	129249782	3	10965	24868.8216	2724.3752	541	1
2_MACS_peak_28564_lociStitched	chrX	119434426	119445591	2	10956	31219.573	1268.344	542	1
2_MACS_peak_2559_lociStitched	chr1	226034112	226045223	2	10917	19676.4699	3164.4128	543	1
1_MACS_peak_2960_lociStitched	chr10	14775643	14786545	1	10903	27568.9776	2152.0548	544	1
5_MACS_peak_13699_lociStitched	chr2	27293481	27310872	5	10901	16076.2404	2859.0804	545	1
2_MACS_peak_14136_lociStitched	chr2	65609259	65623045	2	10896	17377.253	2351.8916	546	1
3_MACS_peak_22497_lociStitched	chr6	26020235	26035142	3	10886	25101.8973	2991.8349	547	1
2_MACS_peak_2638_lociStitched	chr1	230238332	230249218	2	10863	26323.4366	2974.0552	548	1
3_MACS_peak_12376_lociStitched	chr19	1015251	1030038	3	10857	24448.8258	3035.7711	549	1
2_MACS_peak_27878_lociStitched	chrX	11439524	11454739	2	10825	21437.935	1602.1395	550	1
4_MACS_peak_24282_lociStitched	chr7	36982430	37002214	4	10818	11369.8648	2807.3496	551	1
3_MACS_peak_3169_lociStitched	chr10	43890719	43906067	3	10817	22153.3032	2639.856	552	1
3_MACS_peak_21050_lociStitched	chr5	55953999	55969834	3	10805	24294.057	2726.787	553	1
2_MACS_peak_16969_lociStitched	chr22	23477623	23488920	2	10795	49915.7945	2424.3362	554	1
1_MACS_peak_16972_lociStitched	chr22	23515823	23526613	1	10791	33955.051	2512.991	555	1
2_MACS_peak_19624_lociStitched	chr4	38985529	39000075	2	10791	32268.8464	2567.369	556	1
1_MACS_peak_4382_lociStitched	chr11	26125772	26136559	1	10788	49063.5908	1984.808	557	1
3_MACS_peak_23464_lociStitched	chr6	119774091	119789553	3	10780	14484.8016	2371.8708	558	1
2_MACS_peak_8770_lociStitched	chr15	52965136	52977559	2	10779	30717.1098	2663.4912	559	1
3_MACS_peak_13293_lociStitched	chr19	48824109	48837849	3	10770	23142.282	2734.26	560	1
2_MACS_peak_8814_lociStitched	chr15	59266374	59281262	2	10747	29222.1664	2758.7464	561	1
3_MACS_peak_27588_lociStitched	chr9	130531937	130549572	3	10747	24763.067	3087.8885	562	1
2_MACS_peak_15123_lociStitched	chr2	182025562	182036764	2	10738	29094.9546	2041.0044	563	1
4_MACS_peak_20624_lociStitched	chr4	185366575	185381383	4	10737	18992.7408	2801.6736	564	1
4_MACS_peak_5578_lociStitched	chr12	6552147	6572397	4	10737	44381.925	3748.275	565	1
4_MACS_peak_860_lociStitched	chr1	59470587	59487177	4	10732	16782.444	2748.963	566	1
4_MACS_peak_12703_lociStitched	chr19	12885623	12905444	4	10730	23602.8468	2899.8123	567	1
3_MACS_peak_8505_lociStitched	chr15	34619088	34635815	3	10724	36769.2914	3266.7831	568	1
3_MACS_peak_22094_lociStitched	chr5	173718939	173730218	3	10709	21054.5093	1988.4877	569	1
4_MACS_peak_12392_lociStitched	chr19	1258257	1277443	4	10707	35797.2388	4357.1406	570	1
2_MACS_peak_2837_lociStitched	chr10	3798286	3809178	2	10703	30582.5576	2071.6584	571	1
1_MACS_peak_1799_lociStitched	chr1	160675181	160685880	1	10700	43192.9329	4227.1749	572	1
1_MACS_peak_3651_lociStitched	chr10	91803442	91814137	1	10696	61206.4155	2178.5715	573	1
2_MACS_peak_5293_lociStitched	chr11	117873231	117884325	2	10682	36570.2616	1994.7012	574	1
2_MACS_peak_21926_lociStitched	chr5	153651128	153665473	2	10682	15254.473	2432.912	575	1
1_MACS_peak_27441_lociStitched	chr9	117126235	117136906	1	10672	27296.418	2167.2801	576	1
4_MACS_peak_13428_lociStitched	chr19	56145570	56167617	4	10672	25596.567	3463.5837	577	1
2_MACS_peak_19296_lociStitched	chr3	196357885	196371293	2	10668	31811.8208	4152.4576	578	1
1_MACS_peak_21637_lociStitched	chr5	130708694	130719340	1	10647	28737.8124	2890.389	579	1
3_MACS_peak_24213_lociStitched	chr7	29706220	29726342	3	10647	16530.223	3241.6542	580	1
1_MACS_peak_21739_lociStitched	chr5	138719781	138730423	1	10643	37647.1392	2617.932	581	1
2_MACS_peak_11649_lociStitched	chr17	75433769	75447690	2	10637	35575.1155	2256.5941	582	1
2_MACS_peak_11717_lociStitched	chr17	78873328	78887336	2	10624	55426.8544	2224.4704	583	1
2_MACS_peak_7555_lociStitched	chr13	114581470	114594933	2	10622	23754.1172	1979.061	584	1
1_MACS_peak_1072_lociStitched	chr1	87792764	87803372	1	10609	24052.5792	2179.944	585	1
2_MACS_peak_5848_lociStitched	chr12	27329783	27340869	2	10608	22204.1494	2137.3808	586	1
1_MACS_peak_12258_lociStitched	chr18	60821579	60832183	1	10605	98652.1932	3217.2536	587	1
3_MACS_peak_1277_lociStitched	chr1	111323142	111338744	3	10605	43523.3392	1841.036	588	1
3_MACS_peak_22566_lociStitched	chr6	27790626	27807924	3	10593	31933.8378	3264.1326	589	1
1_MACS_peak_22101_lociStitched	chr5	175076010	175086599	1	10590	26729.8127	2093.4453	590	1
2_MACS_peak_9587_lociStitched	chr16	11668580	11681970	2	10568	20249.697	2628.457	591	1
3_MACS_peak_9260_lociStitched	chr15	90574008	90591936	3	10562	21246.4728	2497.3704	592	1
3_MACS_peak_2530_lociStitched	chr1	223899455	223915840	3	10560	17671.2225	3621.085	593	1
2_MACS_peak_25689_lociStitched	chr8	29197448	29210630	2	10555	26853.0522	2425.488	594	1
3_MACS_peak_20333_lociStitched	chr4	140121211	140136728	3	10548	17911.2731	2478.0649	595	1
3_MACS_peak_24960_lociStitched	chr7	111711531	111727668	3	10532	22998.4524	4235.9625	596	1
4_MACS_peak_24290_lociStitched	chr7	37375184	37393690	4	10523	19542.336	3538.3472	597	1
5_MACS_peak_176_lociStitched	chr1	14329417	14345205	5	10509	13486.1096	2257.684	598	1
4_MACS_peak_24575_lociStitched	chr7	74057070	74076198	4	10492	22425.6672	2871.1128	599	1
4_MACS_peak_7181_lociStitched	chr13	42061531	42078405	4	10491	20326.4204	1717.7732	600	1
5_MACS_peak_12411_lociStitched	chr19	1847289	1865872	5	10476	39505.5997	3530.77	601	1
2_MACS_peak_18774_lociStitched	chr3	151910722	151921769	2	10468	29886.5538	2605.9873	602	1
1_MACS_peak_18124_lociStitched	chr3	61614787	61625246	1	10460	22248.3848	1979.8887	603	1
2_MACS_peak_3809_lociStitched	chr10	104531534	104543725	2	10454	18392.5617	2501.5932	604	1
1_MACS_peak_20377_lociStitched	chr4	144272589	144283036	1	10448	43331.0219	2409.0782	605	1
3_MACS_peak_8855_lociStitched	chr15	63765528	63780034	3	10433	16423.6932	2545.803	606	1
2_MACS_peak_5335_lociStitched	chr11	119553335	119567916	2	10429	17297.4403	1840.1222	607	1
3_MACS_peak_18088_lociStitched	chr3	56948222	56959095	3	10420	38627.4198	2435.552	608	1
2_MACS_peak_27600_lociStitched	chr9	130730996	130744392	2	10420	25359.9676	2514.4292	609	1
2_MACS_peak_23692_lociStitched	chr6	139683283	139698171	2	10411	28470.3224	2840.6304	610	1
2_MACS_peak_282_lociStitched	chr1	23879586	23890063	2	10394	21755.4905	1955.0082	611	1
4_MACS_peak_10607_lociStitched	chr17	8088616	8104334	4	10383	13665.2292	3261.485	612	1
3_MACS_peak_1591_lociStitched	chr1	151891510	151903598	3	10364	17653.3152	2828.592	613	1
3_MACS_peak_24848_lociStitched	chr7	101922021	101935998	3	10360	18423.0837	2204.1729	614	1
5_MACS_peak_22716_lociStitched	chr6	33537723	33561539	5	10357	21774.9688	3927.2584	615	1
2_MACS_peak_20555_lociStitched	chr4	173897134	173909869	2	10352	18694.98	2436.2055	616	1
1_MACS_peak_4134_lociStitched	chr11	2791668	2802009	1	10342	37519.2162	1802.4363	617	1
2_MACS_peak_3204_lociStitched	chr10	45949175	45961354	2	10341	43762.8007	2119.146	618	1
2_MACS_peak_23602_lociStitched	chr6	135190014	135204362	2	10330	64797.0028	2805.034	619	1
2_MACS_peak_10020_lociStitched	chr16	56893176	56906163	2	10329	14277.9078	1962.3357	620	1
2_MACS_peak_14563_lociStitched	chr2	109829263	109843031	2	10320	23554.2944	2884.396	621	1
3_MACS_peak_26313_lociStitched	chr8	120962112	120976609	3	10317	14381.024	2523.9277	622	1
3_MACS_peak_21004_lociStitched	chr5	54031592	54050695	3	10311	28224.6825	2959.0547	623	1
1_MACS_peak_1074_lociStitched	chr1	88051522	88061826	1	10305	20212.3264	1599.1808	624	1
1_MACS_peak_6384_lociStitched	chr12	72079022	72089290	1	10269	22160.3976	2224.0488	625	1
2_MACS_peak_25568_lociStitched	chr8	19551470	19566807	2	10264	36756.6542	2311.2859	626	1
2_MACS_peak_5262_lociStitched	chr11	115125230	115137141	2	10262	25803.9904	1923.6265	627	1
3_MACS_peak_6715_lociStitched	chr12	109071677	109087908	3	10256	39141.0565	2978.3885	628	1
1_MACS_peak_26151_lociStitched	chr8	95953142	95963390	1	10249	13458.6984	1171.3464	629	1
2_MACS_peak_5548_lociStitched	chr12	4250713	4264106	2	10249	19018.06	2579.4918	630	1
2_MACS_peak_19954_lociStitched	chr4	84171924	84182175	2	10239	14564.6208	1750.8708	631	1
2_MACS_peak_21504_lociStitched	chr5	112256274	112268154	2	10234	48472.776	2811.996	632	1
1_MACS_peak_19015_lociStitched	chr3	176911206	176921427	1	10222	68286.501	3034.6149	633	1
2_MACS_peak_1735_lociStitched	chr1	156709412	156723012	2	10217	32316.32	3870.56	634	1
2_MACS_peak_21132_lociStitched	chr5	65108401	65123619	2	10197	25754.9432	2246.1768	635	1
3_MACS_peak_6685_lociStitched	chr12	106528850	106543982	3	10192	20844.33	3161.0748	636	1
4_MACS_peak_4159_lociStitched	chr11	3874457	3893431	4	10192	21036.4738	3371.6798	637	1
2_MACS_peak_10195_lociStitched	chr16	70460711	70474116	2	10187	25257.701	2001.3665	638	1
3_MACS_peak_6629_lociStitched	chr12	101624720	101640890	3	10186	24264.702	2420.649	639	1
1_MACS_peak_17261_lociStitched	chr22	39860738	39870904	1	10167	25543.0916	1933.5732	640	1
2_MACS_peak_15886_lociStitched	chr20	17826235	17839127	2	10157	23410.5828	2395.3336	641	1
3_MACS_peak_19446_lociStitched	chr4	9599204	9611111	3	10139	36399.699	2407.5954	642	1
2_MACS_peak_6558_lociStitched	chr12	94540787	94553430	2	10138	27544.0398	2189.7676	643	1
1_MACS_peak_18625_lociStitched	chr3	133159746	133169880	1	10135	32006.2122	2013.6258	644	1
4_MACS_peak_3645_lociStitched	chr10	91704931	91720322	4	10102	9708.6428	2337.8929	645	1
3_MACS_peak_1791_lociStitched	chr1	160587923	160600858	3	10074	16686.15	2813.3625	646	1
3_MACS_peak_14164_lociStitched	chr2	68637544	68656166	3	10074	14173.2042	3059.5946	647	1
2_MACS_peak_24884_lociStitched	chr7	104595133	104605395	2	10059	24317.8614	1886.1556	648	1
4_MACS_peak_17263_lociStitched	chr22	39910745	39929569	4	10053	25820.8808	3971.864	649	1
1_MACS_peak_6120_lociStitched	chr12	51712031	51722082	1	10052	24401.8178	2325.8014	650	1
1_MACS_peak_11146_lociStitched	chr17	43297994	43308044	1	10051	50670.09	2416.02	651	1
2_MACS_peak_12783_lociStitched	chr19	16221414	16232511	2	10047	31170.3633	2386.9647	652	1
5_MACS_peak_26861_lociStitched	chr9	36135974	36153256	5	10044	16016.9576	2600.941	653	1
3_MACS_peak_25767_lociStitched	chr8	37748010	37763264	3	10036	18066.8376	2445.2162	654	1
2_MACS_peak_19200_lociStitched	chr3	186779567	186792583	2	10029	56865.6024	4379.884	655	1
1_MACS_peak_18981_lociStitched	chr3	174863712	174873739	1	10028	78078.2436	3128.424	656	1
6_MACS_peak_4803_lociStitched	chr11	66861881	66889281	6	10014	14617.9	3751.06	657	1
1_MACS_peak_18766_lociStitched	chr3	150314183	150324165	1	9983	33961.7586	2469.5468	658	1
2_MACS_peak_11627_lociStitched	chr17	74777346	74789036	2	9975	18910.913	2030.553	659	1
2_MACS_peak_15823_lociStitched	chr20	9388603	9402890	2	9962	19107.4338	2324.4949	660	1
3_MACS_peak_2079_lociStitched	chr1	184711011	184725580	3	9960	19515.1755	4402.7518	661	1
2_MACS_peak_26227_lociStitched	chr8	103658658	103669919	2	9950	9506.5362	1124.9739	662	1
2_MACS_peak_15961_lociStitched	chr20	25288986	25302584	2	9947	39808.145	2544.1858	663	1
1_MACS_peak_8964_lociStitched	chr15	70386727	70396647	1	9921	19054.336	1834.208	664	1
2_MACS_peak_6942_lociStitched	chr12	125398192	125412861	2	9920	38536.9299	2012.5868	665	1
2_MACS_peak_1596_lociStitched	chr1	152006219	152021801	2	9913	36784.4274	4520.3382	666	1
3_MACS_peak_9976_lociStitched	chr16	50298904	50318058	3	9904	22841.145	2884.5924	667	1
2_MACS_peak_16353_lociStitched	chr20	52480899	52491335	2	9892	54959.1068	2395.062	668	1
2_MACS_peak_14200_lociStitched	chr2	70309982	70323560	2	9877	70521.4164	2987.16	669	1
3_MACS_peak_18520_lociStitched	chr3	125548769	125560606	3	9872	26919.7054	2626.6303	670	1
2_MACS_peak_6419_lociStitched	chr12	77452483	77464943	2	9846	33491.234	2463.342	671	1
2_MACS_peak_24952_lociStitched	chr7	110719458	110734384	2	9841	17587.3058	3558.3584	672	1
3_MACS_peak_24377_lociStitched	chr7	45025388	45042128	3	9839	16622.82	2827.386	673	1
3_MACS_peak_755_lociStitched	chr1	46790009	46807289	3	9832	30500.928	3158.784	674	1
2_MACS_peak_25742_lociStitched	chr8	33409916	33425350	2	9830	29270.581	3100.6906	675	1
2_MACS_peak_412_lociStitched	chr1	28352200	28364282	2	9822	27952.9152	1939.161	676	1
5_MACS_peak_17631_lociStitched	chr3	17780538	17798488	5	9803	15966.525	3074.835	677	1
2_MACS_peak_1203_lociStitched	chr1	107900251	107910259	2	9801	13786.02	925.74	678	1
4_MACS_peak_6361_lociStitched	chr12	68840589	68857501	4	9798	16712.4384	2489.4464	679	1
3_MACS_peak_17243_lociStitched	chr22	39539579	39549819	3	9795	18099.2	1847.296	680	1
3_MACS_peak_11984_lociStitched	chr18	24028134	24043534	3	9788	23780.68	2542.54	681	1
1_MACS_peak_9037_lociStitched	chr15	75315519	75325292	1	9774	18289.1922	1792.3682	682	1
4_MACS_peak_15440_lociStitched	chr2	216764875	216785106	4	9768	9658.2794	3036.6731	683	1
1_MACS_peak_2060_lociStitched	chr1	183807272	183817031	1	9760	65924.9727	3121.9041	684	1
1_MACS_peak_2981_lociStitched	chr10	15824653	15834384	1	9732	38257.4265	1919.9263	685	1
3_MACS_peak_22067_lociStitched	chr5	172191073	172205832	3	9725	34623.1381	2945.8964	686	1
1_MACS_peak_26196_lociStitched	chr8	101503643	101513358	1	9716	21347.741	1094.8805	687	1
3_MACS_peak_20299_lociStitched	chr4	129723850	129741485	3	9712	18797.1465	3027.9295	688	1
2_MACS_peak_19648_lociStitched	chr4	40622109	40634238	2	9709	24536.967	2445.2064	689	1
3_MACS_peak_16638_lociStitched	chr21	34696028	34713083	3	9707	28178.271	4635.549	690	1
4_MACS_peak_21227_lociStitched	chr5	75620029	75634429	4	9699	13102.56	2011.68	691	1
2_MACS_peak_8012_lociStitched	chr14	72980523	72990249	2	9691	25145.6004	1338.2976	692	1
1_MACS_peak_4449_lociStitched	chr11	35159541	35169229	1	9689	33098.0832	2551.8192	693	1
2_MACS_peak_1287_lociStitched	chr1	111756135	111766073	2	9678	20499.1126	1247.219	694	1
2_MACS_peak_12181_lociStitched	chr18	52983151	52996264	2	9673	17570.1087	2536.0542	695	1
3_MACS_peak_15252_lociStitched	chr2	197126506	197142373	3	9669	27167.4774	2844.9531	696	1
3_MACS_peak_546_lociStitched	chr1	36614131	36627592	3	9668	26838.5418	2740.6596	697	1
4_MACS_peak_372_lociStitched	chr1	27059967	27073109	4	9647	15633.7232	2558.7474	698	1
4_MACS_peak_5880_lociStitched	chr12	31238495	31254828	4	9635	21858.4539	2778.2433	699	1
4_MACS_peak_4106_lociStitched	chr11	789074	811036	4	9630	16939.2906	3054.9142	700	1
2_MACS_peak_15537_lociStitched	chr2	227655595	227666880	2	9626	18791.782	2166.72	701	1
3_MACS_peak_25152_lociStitched	chr7	130902694	130918033	3	9612	24513.2559	3382.2495	702	1
2_MACS_peak_4506_lociStitched	chr11	45837339	45848503	2	9608	24415.668	2149.07	703	1
2_MACS_peak_20613_lociStitched	chr4	185239671	185254297	2	9600	29491.8664	2395.7388	704	1
1_MACS_peak_2169_lociStitched	chr1	197739979	197749562	1	9584	38888.7723	3125.0163	705	1
1_MACS_peak_21648_lociStitched	chr5	131434661	131444236	1	9576	61403.5175	2239.5925	706	1
3_MACS_peak_19510_lociStitched	chr4	18204795	18218333	3	9576	24329.1398	2531.606	707	1
3_MACS_peak_18535_lociStitched	chr3	126627341	126637080	3	9575	21484.234	1786.1326	708	1
2_MACS_peak_19615_lociStitched	chr4	38664280	38673939	2	9574	20233.6732	1812.9943	709	1
2_MACS_peak_21033_lociStitched	chr5	55364251	55378118	2	9574	18773.1446	2196.5328	710	1
3_MACS_peak_329_lociStitched	chr1	25347068	25364610	3	9573	24993.8416	2410.2708	711	1
2_MACS_peak_17151_lociStitched	chr22	36772447	36785149	2	9571	24857.814	2695.3644	712	1
1_MACS_peak_26461_lociStitched	chr8	134576512	134586073	1	9562	42807.4653	2123.4981	713	1
2_MACS_peak_2486_lociStitched	chr1	218627241	218637542	2	9562	15873.841	2839.9857	714	1
3_MACS_peak_20053_lociStitched	chr4	100765938	100783772	3	9555	16514.284	3147.701	715	1
1_MACS_peak_9266_lociStitched	chr15	90637145	90646698	1	9554	35572.5061	2333.7979	716	1
1_MACS_peak_18634_lociStitched	chr3	133288647	133298193	1	9547	24409.122	2309.1774	717	1
2_MACS_peak_12256_lociStitched	chr18	60798225	60811471	2	9544	33691.201	2606.8128	718	1
4_MACS_peak_21358_lociStitched	chr5	90561450	90577793	4	9542	22535.3627	2686.7892	719	1
4_MACS_peak_11772_lociStitched	chr17	80451028	80466091	4	9535	14297.7996	2497.4454	720	1
2_MACS_peak_15164_lociStitched	chr2	187810056	187821309	2	9534	49605.4746	2261.853	721	1
2_MACS_peak_25179_lociStitched	chr7	134842706	134857759	2	9534	34772.43	3799.3772	722	1
2_MACS_peak_19901_lociStitched	chr4	78735973	78749365	2	9531	17238.1824	2856.5136	723	1
2_MACS_peak_16681_lociStitched	chr21	36597909	36608863	2	9530	14933.5882	2456.9822	724	1
2_MACS_peak_11666_lociStitched	chr17	76116375	76129625	2	9525	38822.5	2354.525	725	1
3_MACS_peak_5323_lociStitched	chr11	118963982	118980124	3	9521	20577.8216	3105.7208	726	1
1_MACS_peak_11000_lociStitched	chr17	38015609	38025127	1	9519	32288.8632	2271.9466	727	1
1_MACS_peak_8802_lociStitched	chr15	58582889	58592407	1	9519	21719.1242	1903.6	728	1
1_MACS_peak_1993_lociStitched	chr1	178544304	178553822	1	9519	59026.8288	2942.0138	729	1
2_MACS_peak_22625_lociStitched	chr6	30648928	30659502	2	9517	25084.7002	2148.6368	730	1
2_MACS_peak_11640_lociStitched	chr17	75228964	75244154	2	9508	36106.63	2410.653	731	1
2_MACS_peak_21900_lociStitched	chr5	150590316	150605289	2	9505	17138.0958	2723.5887	732	1
2_MACS_peak_22968_lociStitched	chr6	52527207	52536944	2	9495	30108.7514	2620.2267	733	1
2_MACS_peak_25667_lociStitched	chr8	28195010	28207714	2	9495	35219.2992	2817.7472	734	1
2_MACS_peak_25176_lociStitched	chr7	134670495	134682936	2	9489	32392.6317	3402.6135	735	1
2_MACS_peak_7797_lociStitched	chr14	50465307	50476702	2	9481	47034.002	1416.3985	736	1
1_MACS_peak_5553_lociStitched	chr12	4377503	4386982	1	9480	32101.5814	1752.6671	737	1
3_MACS_peak_7142_lociStitched	chr13	36982454	36995330	3	9475	15827.1792	1136.9508	738	1
2_MACS_peak_10381_lociStitched	chr16	89033285	89046421	2	9475	39514.4016	1203.2576	739	1
2_MACS_peak_7084_lociStitched	chr13	30943479	30957836	2	9462	15176.7847	1491.6923	740	1
2_MACS_peak_25024_lociStitched	chr7	120627592	120639925	2	9460	13674.8304	3731.9658	741	1
4_MACS_peak_24159_lociStitched	chr7	24859695	24878103	4	9449	23904.6288	3011.5488	742	1
3_MACS_peak_1660_lociStitched	chr1	154942254	154957673	3	9433	28008.6135	4767.5548	743	1
2_MACS_peak_16630_lociStitched	chr21	34600874	34613050	2	9426	25263.9824	3563.9152	744	1
1_MACS_peak_16246_lociStitched	chr20	45978100	45987520	1	9421	55967.046	2209.932	745	1
4_MACS_peak_16634_lociStitched	chr21	34665194	34683636	4	9414	13191.5626	3817.494	746	1
2_MACS_peak_6352_lociStitched	chr12	68375869	68387673	2	9411	45491.4356	2411.5572	747	1
1_MACS_peak_22887_lociStitched	chr6	44076465	44085869	1	9405	23006.886	2050.072	748	1
3_MACS_peak_19047_lociStitched	chr3	178422419	178434347	3	9402	10681.524	2496.5304	749	1
2_MACS_peak_5999_lociStitched	chr12	46119393	46131835	2	9400	20260.5528	2602.8664	750	1
2_MACS_peak_21080_lociStitched	chr5	58885468	58896200	2	9384	17409.4504	2021.9088	751	1
2_MACS_peak_6516_lociStitched	chr12	92576978	92586571	2	9375	32314.0205	1968.4836	752	1
1_MACS_peak_20731_lociStitched	chr5	1311293	1320665	1	9373	65484.9756	2212.7292	753	1
2_MACS_peak_4049_lociStitched	chr10	130824901	130836176	2	9364	20511.48	1581.8825	754	1
5_MACS_peak_4224_lociStitched	chr11	9584300	9600060	5	9364	11886.192	2669.744	755	1
1_MACS_peak_143_lociStitched	chr1	11622813	11632174	1	9362	14780.0829	1535.204	756	1
3_MACS_peak_28106_lociStitched	chrX	42792224	42805570	3	9361	32384.069	1257.1932	757	1
2_MACS_peak_14690_lociStitched	chr2	120059764	120071808	2	9351	16691.7796	2088.4296	758	1
2_MACS_peak_15297_lociStitched	chr2	201310717	201322153	2	9345	12801.4584	1836.6216	759	1
3_MACS_peak_16004_lociStitched	chr20	31254894	31270283	3	9344	21015.2184	2556.1129	760	1
3_MACS_peak_566_lociStitched	chr1	37930698	37946297	3	9344	25697.7926	2890.4947	761	1
3_MACS_peak_15038_lociStitched	chr2	173348482	173361045	3	9339	8902.1418	1919.6264	762	1
3_MACS_peak_23854_lociStitched	chr6	160389133	160404881	3	9338	14007.846	1611.0204	763	1
3_MACS_peak_5587_lociStitched	chr12	6711678	6723909	3	9332	12660.3081	1873.7892	764	1
1_MACS_peak_2561_lociStitched	chr1	226062449	226071766	1	9318	40232.6694	2885.4749	765	1
2_MACS_peak_21084_lociStitched	chr5	58951130	58962185	2	9296	32545.92	1841.763	766	1
3_MACS_peak_26790_lociStitched	chr9	33152463	33168544	3	9296	16597.2001	2351.0422	767	1
1_MACS_peak_23658_lociStitched	chr6	138186905	138196184	1	9280	43449.8454	2599.9758	768	1
3_MACS_peak_5921_lociStitched	chr12	32664373	32679333	3	9277	28739.656	2595.56	769	1
1_MACS_peak_2134_lociStitched	chr1	192542093	192551366	1	9274	29362.0272	3181.5663	770	1
2_MACS_peak_18879_lociStitched	chr3	160115989	160129617	2	9274	34290.7736	3708.1788	771	1
1_MACS_peak_26753_lociStitched	chr9	22236421	22245691	1	9271	29646.387	1362.69	772	1
5_MACS_peak_21028_lociStitched	chr5	55324974	55352511	5	9271	15244.4832	3588.0711	773	1
1_MACS_peak_3704_lociStitched	chr10	97048913	97058181	1	9269	32868.962	2077.8856	774	1
1_MACS_peak_26408_lociStitched	chr8	129664517	129673777	1	9261	41522.766	2031.644	775	1
2_MACS_peak_18677_lociStitched	chr3	140470857	140485446	2	9259	18869.4126	2557.4517	776	1
4_MACS_peak_28388_lociStitched	chrX	77576897	77590019	4	9258	12131.289	1503.7812	777	1
2_MACS_peak_8660_lociStitched	chr15	45015901	45029270	2	9252	17935.8504	2514.7089	778	1
3_MACS_peak_1207_lociStitched	chr1	107991865	108004306	3	9242	25976.808	1296.3522	779	1
2_MACS_peak_9360_lociStitched	chr15	101458063	101472234	2	9242	17798.776	2604.6298	780	1
1_MACS_peak_16251_lociStitched	chr20	46095080	46104319	1	9240	27137.7147	1531.8262	781	1
1_MACS_peak_6647_lociStitched	chr12	102870333	102879572	1	9240	54550.7516	2178.5562	782	1
2_MACS_peak_15180_lociStitched	chr2	188846228	188855550	2	9239	10477.928	1380.5882	783	1
3_MACS_peak_24097_lociStitched	chr7	20229465	20241836	3	9231	10777.6152	2073.3796	784	1
2_MACS_peak_15793_lociStitched	chr20	5613533	5628634	2	9225	24362.4433	2035.6148	785	1
2_MACS_peak_19869_lociStitched	chr4	76932808	76946017	2	9218	21697.1034	2274.5898	786	1
3_MACS_peak_13749_lociStitched	chr2	31430194	31443315	3	9216	9856.4952	2090.1753	787	1
2_MACS_peak_15670_lociStitched	chr2	239167102	239176517	2	9198	9395.2285	1083.6665	788	1
2_MACS_peak_15360_lociStitched	chr2	204645472	204654785	2	9194	9437.7942	1365.2858	789	1
5_MACS_peak_3173_lociStitched	chr10	43931349	43952012	5	9186	20555.5524	2934.146	790	1
3_MACS_peak_20236_lociStitched	chr4	121683647	121696040	3	9173	23166.2349	1912.2399	791	1
1_MACS_peak_2574_lociStitched	chr1	226308050	226317218	1	9169	37690.5648	2903.5056	792	1
2_MACS_peak_5375_lociStitched	chr11	122929919	122942159	2	9169	33729.768	2893.536	793	1
3_MACS_peak_4608_lociStitched	chr11	60672425	60684179	3	9166	20571.8508	2758.6638	794	1
3_MACS_peak_17231_lociStitched	chr22	39408929	39422665	3	9163	27500.8456	2462.8648	795	1
2_MACS_peak_2206_lociStitched	chr1	200986431	200997129	2	9152	17394.948	2780.4102	796	1
2_MACS_peak_16351_lociStitched	chr20	52454543	52465393	2	9143	19751.34	1924.79	797	1
2_MACS_peak_26155_lociStitched	chr8	95998371	96010325	2	9143	7571.6636	1234.8482	798	1
1_MACS_peak_1274_lociStitched	chr1	111172666	111181807	1	9142	52477.5669	1465.3023	799	1
3_MACS_peak_5149_lociStitched	chr11	102183171	102193781	3	9142	23308.048	1937.386	800	1
4_MACS_peak_26232_lociStitched	chr8	103816787	103827361	4	9126	23186.6672	1191.6898	801	1
3_MACS_peak_24639_lociStitched	chr7	76949929	76965849	3	9123	28022.384	2786	802	1
4_MACS_peak_16029_lociStitched	chr20	32360853	32381348	4	9116	18972.2215	3010.7155	803	1
4_MACS_peak_13297_lociStitched	chr19	48880424	48902364	4	9116	15943.798	3073.794	804	1
5_MACS_peak_4922_lociStitched	chr11	73069948	73089025	5	9105	11303.1225	2815.7652	805	1
4_MACS_peak_22398_lociStitched	chr6	14654693	14665631	4	9102	10444.6962	1821.177	806	1
2_MACS_peak_16259_lociStitched	chr20	46443248	46458240	2	9080	14452.288	2358.2416	807	1
2_MACS_peak_16464_lociStitched	chr20	62358424	62371025	2	9071	19361.4365	2386.6294	808	1
4_MACS_peak_26538_lociStitched	chr8	145047472	145065760	4	9038	15650.8704	2799.8928	809	1
3_MACS_peak_14379_lociStitched	chr2	87765679	87775516	3	9033	7810.578	1503.0936	810	1
2_MACS_peak_11470_lociStitched	chr17	64432492	64443367	2	9026	21303.0375	2004.2625	811	1
2_MACS_peak_20958_lociStitched	chr5	43006830	43021200	2	9024	33211.944	3171.459	812	1
1_MACS_peak_3316_lociStitched	chr10	63656343	63665358	1	9016	22034.463	2049.1095	813	1
5_MACS_peak_20762_lociStitched	chr5	6711657	6737934	5	9015	14278.9218	4122.8613	814	1
1_MACS_peak_280_lociStitched	chr1	23849793	23858797	1	9005	36067.3228	2174.466	815	1
1_MACS_peak_14569_lociStitched	chr2	110085070	110094068	1	8999	16247.6886	1617.8404	816	1
3_MACS_peak_14177_lociStitched	chr2	68989053	69003938	3	8988	22851.452	3008.2585	817	1
3_MACS_peak_7564_lociStitched	chr13	114863424	114877944	3	8980	23995.752	2143.152	818	1
5_MACS_peak_1678_lociStitched	chr1	155210190	155232861	5	8978	15513.7653	5087.3724	819	1
3_MACS_peak_15465_lociStitched	chr2	219148530	219160762	3	8973	15485.712	2300.8392	820	1
2_MACS_peak_20269_lociStitched	chr4	124330329	124341567	2	8962	12866.3862	1801.4514	821	1
2_MACS_peak_9041_lociStitched	chr15	75396680	75407277	2	8961	11294.2826	1706.117	822	1
4_MACS_peak_5571_lociStitched	chr12	6432289	6452176	4	8955	19548.921	3215.7279	823	1
2_MACS_peak_13321_lociStitched	chr19	49457407	49471955	2	8954	19839.1076	2137.1012	824	1
2_MACS_peak_23302_lociStitched	chr6	106585455	106595710	2	8947	20763.2985	2371.9815	825	1
2_MACS_peak_22680_lociStitched	chr6	32156349	32165768	2	8936	26526.7297	1503.2724	826	1
1_MACS_peak_15063_lociStitched	chr2	175456457	175465382	1	8926	45259.5675	2251.7775	827	1
4_MACS_peak_18472_lociStitched	chr3	121739744	121755810	4	8904	15129.3522	3057.3598	828	1
3_MACS_peak_10500_lociStitched	chr17	4268213	4281057	3	8902	14129.6844	2422.3784	829	1
3_MACS_peak_22706_lociStitched	chr6	33279711	33292868	3	8899	29248.011	2990.5861	830	1
2_MACS_peak_2204_lociStitched	chr1	200850909	200864014	2	8895	23616.5205	2881.7895	831	1
5_MACS_peak_24832_lociStitched	chr7	101376385	101398508	5	8883	10360.2009	2862.7162	832	1
1_MACS_peak_2840_lociStitched	chr10	3845984	3854862	1	8879	39776.1034	2047.2668	833	1
2_MACS_peak_4487_lociStitched	chr11	44585889	44596925	2	8877	13792.7928	1767.9672	834	1
3_MACS_peak_5698_lociStitched	chr12	11974204	11990978	3	8869	14626.928	2750.936	835	1
4_MACS_peak_6266_lociStitched	chr12	58134983	58151011	4	8861	12766.302	2981.208	836	1
4_MACS_peak_378_lociStitched	chr1	27152388	27167278	4	8851	12534.402	2468.762	837	1
1_MACS_peak_6514_lociStitched	chr12	92533229	92542075	1	8847	26684.8436	2071.7332	838	1
3_MACS_peak_12780_lociStitched	chr19	16180271	16198265	3	8847	27239.3172	2996.001	839	1
1_MACS_peak_17024_lociStitched	chr22	27036821	27045652	1	8832	22430.74	1591.3462	840	1
1_MACS_peak_21778_lociStitched	chr5	140886309	140895137	1	8829	14997.8892	1396.5896	841	1
1_MACS_peak_12653_lociStitched	chr19	11199250	11208070	1	8821	20052.27	2077.11	842	1
2_MACS_peak_2049_lociStitched	chr1	183439121	183451633	2	8821	28255.8496	4185.264	843	1
2_MACS_peak_677_lociStitched	chr1	43388706	43402949	2	8819	14036.4765	2493.9493	844	1
2_MACS_peak_12939_lociStitched	chr19	28950799	28962490	2	8802	29371.2993	1948.8897	845	1
3_MACS_peak_28547_lociStitched	chrX	118815316	118828215	3	8792	13843.2068	1255.0727	846	1
2_MACS_peak_367_lociStitched	chr1	26864445	26873429	2	8788	21548.124	1821.0568	847	1
2_MACS_peak_1751_lociStitched	chr1	157474815	157485489	2	8782	20865.5352	2827.5426	848	1
3_MACS_peak_12798_lociStitched	chr19	16545129	16561322	3	8781	15969.5366	2717.1854	849	1
1_MACS_peak_3106_lociStitched	chr10	30988651	30997429	1	8779	61288.8738	1885.5144	850	1
2_MACS_peak_18470_lociStitched	chr3	121710316	121724344	2	8779	14422.1868	2098.5888	851	1
3_MACS_peak_5419_lociStitched	chr11	126172909	126189696	3	8771	13761.9826	3139.169	852	1
2_MACS_peak_14712_lociStitched	chr2	127413301	127424376	2	8770	16136.275	1857.2775	853	1
2_MACS_peak_19248_lociStitched	chr3	193815313	193824104	2	8763	42428.8824	2775.3187	854	1
2_MACS_peak_6761_lociStitched	chr12	111105932	111116343	2	8757	15677.9249	1143.1278	855	1
2_MACS_peak_19122_lociStitched	chr3	183267880	183279004	2	8754	28341.7272	3195.9252	856	1
1_MACS_peak_18418_lociStitched	chr3	113459950	113468698	1	8749	19262.2212	2035.6596	857	1
3_MACS_peak_4532_lociStitched	chr11	47413347	47431092	3	8747	16447.8405	2574.7995	858	1
1_MACS_peak_14145_lociStitched	chr2	66659608	66668353	1	8746	29625.4365	1695.6555	859	1
1_MACS_peak_9038_lociStitched	chr15	75333933	75342678	1	8746	59403.9105	2364.648	860	1
3_MACS_peak_25426_lociStitched	chr8	2103617	2115529	3	8744	15031.7528	1821.3448	861	1
5_MACS_peak_28296_lociStitched	chrX	65220630	65237399	5	8741	6957.4581	1302.9513	862	1
2_MACS_peak_5646_lociStitched	chr12	9587519	9601988	2	8733	14659.9908	2341.0842	863	1
4_MACS_peak_9368_lociStitched	chr15	101790188	101807002	4	8733	15426.845	2781.0356	864	1
2_MACS_peak_14036_lociStitched	chr2	60776160	60784895	2	8724	10551.88	1765.3435	865	1
2_MACS_peak_25201_lociStitched	chr7	137664812	137673722	2	8720	9612.108	2504.601	866	1
3_MACS_peak_20122_lociStitched	chr4	106545329	106560042	3	8720	11921.9439	2917.5879	867	1
3_MACS_peak_4494_lociStitched	chr11	45040188	45055265	3	8694	21011.3072	2433.4278	868	1
2_MACS_peak_24023_lociStitched	chr7	7998859	8012502	2	8687	24845.2673	2944.1594	869	1
4_MACS_peak_22711_lociStitched	chr6	33377196	33396739	4	8682	12570.0576	3068.251	870	1
2_MACS_peak_19052_lociStitched	chr3	178677893	178690260	2	8681	28293.2226	2828.3329	871	1
1_MACS_peak_6562_lociStitched	chr12	94595669	94604343	1	8675	42950.1784	1903.943	872	1
2_MACS_peak_25047_lociStitched	chr7	122822626	122832909	2	8667	25350.6799	2617.0235	873	1
4_MACS_peak_23289_lociStitched	chr6	105929703	105942577	4	8665	9062.0086	2037.9542	874	1
3_MACS_peak_2074_lociStitched	chr1	184526055	184538469	3	8661	9208.7052	2903.6346	875	1
3_MACS_peak_19893_lociStitched	chr4	78063148	78079982	3	8660	16483.8528	2900.4982	876	1
3_MACS_peak_7195_lociStitched	chr13	43617952	43630987	3	8658	15098.4405	1212.255	877	1
3_MACS_peak_9215_lociStitched	chr15	86744220	86759352	3	8654	18512.4888	2306.1168	878	1
2_MACS_peak_20140_lociStitched	chr4	108950578	108959281	2	8649	22458.9618	1775.412	879	1
3_MACS_peak_28123_lociStitched	chrX	45612385	45623235	3	8644	12570.81	1091.51	880	1
3_MACS_peak_24402_lociStitched	chr7	47610066	47622476	3	8644	15124.067	1837.921	881	1
2_MACS_peak_25646_lociStitched	chr8	26428288	26437446	2	8633	18159.3982	2019.339	882	1
2_MACS_peak_23075_lociStitched	chr6	74224299	74234461	2	8629	25948.667	2504.933	883	1
1_MACS_peak_21113_lociStitched	chr5	61983693	61992318	1	8626	57213.9375	1819.0125	884	1
2_MACS_peak_2359_lociStitched	chr1	207995081	208006576	2	8626	22494.5655	3479.5365	885	1
4_MACS_peak_22330_lociStitched	chr6	10403505	10427702	4	8608	15798.2213	3058.5008	886	1
2_MACS_peak_9513_lociStitched	chr16	4554266	4568790	2	8606	22457.0088	2888.8236	887	1
3_MACS_peak_7044_lociStitched	chr13	24367341	24382894	3	8605	11635.1993	1102.7077	888	1
1_MACS_peak_26379_lociStitched	chr8	126441036	126449629	1	8594	18711.2575	1946.3145	889	1
1_MACS_peak_16249_lociStitched	chr20	46038806	46047396	1	8591	34625.431	1894.954	890	1
3_MACS_peak_20050_lociStitched	chr4	100729838	100743981	3	8586	13119.0468	3073.2739	891	1
2_MACS_peak_17147_lociStitched	chr22	36648138	36657110	2	8571	30967.7552	1767.484	892	1
3_MACS_peak_13902_lociStitched	chr2	44934704	44950590	3	8559	10451.3994	2109.6608	893	1
1_MACS_peak_22781_lociStitched	chr6	36643296	36651849	1	8554	12669.5589	1485.6561	894	1
1_MACS_peak_20619_lociStitched	chr4	185300409	185308961	1	8553	98061.508	2505.736	895	1
4_MACS_peak_28365_lociStitched	chrX	75362430	75372293	4	8552	20240.8486	1322.6283	896	1
3_MACS_peak_6225_lociStitched	chr12	57022071	57031465	3	8548	17873.0244	2031.9222	897	1
2_MACS_peak_14339_lociStitched	chr2	86080201	86090866	2	8540	11558.727	1920.7665	898	1
2_MACS_peak_1731_lociStitched	chr1	156627034	156635929	2	8539	27672.345	2657.826	899	1
4_MACS_peak_4191_lociStitched	chr11	6623720	6641224	4	8538	13350.3008	3010.688	900	1
2_MACS_peak_27174_lociStitched	chr9	93732030	93742589	2	8537	42233.8882	1897.4523	901	1
1_MACS_peak_26299_lociStitched	chr8	118449952	118458487	1	8536	59737.3185	2208.0045	902	1
2_MACS_peak_6759_lociStitched	chr12	111075585	111087038	2	8536	12420.7785	979.2315	903	1
3_MACS_peak_26497_lociStitched	chr8	142126393	142140613	3	8526	19245.348	1885.572	904	1
4_MACS_peak_19737_lociStitched	chr4	57683045	57703284	4	8512	9536.6168	2649.2851	905	1
1_MACS_peak_17685_lociStitched	chr3	25871821	25880330	1	8510	18838.926	1840.4967	906	1
1_MACS_peak_18446_lociStitched	chr3	119354613	119363119	1	8507	27206.441	1957.2306	907	1
2_MACS_peak_3803_lociStitched	chr10	104401199	104413027	2	8501	28918.2772	2192.9112	908	1
3_MACS_peak_21811_lociStitched	chr5	142592637	142610694	3	8498	12890.8923	2766.3324	909	1
3_MACS_peak_15910_lociStitched	chr20	19757519	19766429	3	8489	18643.284	1423.818	910	1
2_MACS_peak_2266_lociStitched	chr1	203722245	203736137	2	8488	38358.5904	3504.9516	911	1
2_MACS_peak_25420_lociStitched	chr8	1990608	2000902	2	8477	27678.5072	1964.0952	912	1
3_MACS_peak_590_lociStitched	chr1	39657151	39672148	3	8473	16931.613	2501.4996	913	1
2_MACS_peak_10593_lociStitched	chr17	7736883	7748911	2	8471	15435.5324	2622.104	914	1
1_MACS_peak_16753_lociStitched	chr21	43478856	43487318	1	8463	108299.2146	3092.0148	915	1
2_MACS_peak_24924_lociStitched	chr7	106503721	106513592	2	8463	23775.2906	3095.5456	916	1
3_MACS_peak_9860_lociStitched	chr16	30379727	30394821	3	8459	16339.255	2985.5932	917	1
2_MACS_peak_7954_lociStitched	chr14	65813024	65825292	2	8437	10554.1604	1031.7388	918	1
3_MACS_peak_3268_lociStitched	chr10	54236258	54249005	3	8433	9063.117	2220.5274	919	1
2_MACS_peak_9589_lociStitched	chr16	11712314	11723874	2	8432	14826.856	1705.1	920	1
2_MACS_peak_26452_lociStitched	chr8	134221303	134233064	2	8426	26383.4513	1986.4329	921	1
3_MACS_peak_5435_lociStitched	chr11	128274142	128286510	3	8426	15425.3696	2274.4752	922	1
2_MACS_peak_22571_lociStitched	chr6	27857468	27871782	2	8420	19192.2112	2819.858	923	1
1_MACS_peak_14801_lociStitched	chr2	135162404	135170811	1	8408	33105.9253	1894.0971	924	1
3_MACS_peak_5337_lociStitched	chr11	119591826	119600853	3	8408	10941.6267	1703.3949	925	1
3_MACS_peak_10879_lociStitched	chr17	32760107	32774810	3	8407	13447.3638	1931.9742	926	1
3_MACS_peak_13527_lociStitched	chr2	8653421	8666878	3	8405	15658.5652	2093.9092	927	1
2_MACS_peak_13867_lociStitched	chr2	43354290	43363444	2	8401	28414.9314	1533.295	928	1
4_MACS_peak_15609_lociStitched	chr2	233939858	233952229	4	8397	10126.9006	1092.3593	929	1
1_MACS_peak_20444_lociStitched	chr4	153580145	153588538	1	8394	20111.3066	1946.3367	930	1
3_MACS_peak_23232_lociStitched	chr6	91175856	91189452	3	8383	17283.2352	2433.684	931	1
2_MACS_peak_11519_lociStitched	chr17	70376656	70389783	2	8381	12756.8186	2060.939	932	1
2_MACS_peak_3579_lociStitched	chr10	83039372	83049850	2	8380	16369.7794	1410.3388	933	1
1_MACS_peak_24100_lociStitched	chr7	20254597	20262975	1	8379	55215.209	2236.926	934	1
2_MACS_peak_25973_lociStitched	chr8	66857616	66866353	2	8372	20817.6499	1582.2707	935	1
2_MACS_peak_5476_lociStitched	chr11	130633216	130643346	2	8368	22131.011	1744.386	936	1
2_MACS_peak_19011_lociStitched	chr3	176768649	176780706	2	8367	10406.3967	2771.9043	937	1
1_MACS_peak_17144_lociStitched	chr22	36551915	36560279	1	8365	30985.2744	1941.2844	938	1
1_MACS_peak_10547_lociStitched	chr17	6062811	6071171	1	8361	28967.4	1843.38	939	1
3_MACS_peak_9674_lociStitched	chr16	17553930	17571212	3	8361	8675.564	2416.0236	940	1
3_MACS_peak_27151_lociStitched	chr9	92156290	92171816	3	8355	12296.592	2429.819	941	1
2_MACS_peak_13060_lociStitched	chr19	39338748	39349171	2	8353	24654.5642	2170.0686	942	1
1_MACS_peak_11087_lociStitched	chr17	40826801	40835149	1	8349	20697.1964	1577.772	943	1
2_MACS_peak_10218_lociStitched	chr16	71876781	71889555	2	8347	14366.9178	2529.252	944	1
2_MACS_peak_14334_lociStitched	chr2	85928107	85938385	2	8346	26771.1066	1837.7064	945	1
3_MACS_peak_5731_lociStitched	chr12	13317498	13334103	3	8346	17780.634	2734.8435	946	1
1_MACS_peak_23532_lociStitched	chr6	130002636	130010980	1	8345	31777.2896	1849.8648	947	1
4_MACS_peak_13928_lociStitched	chr2	46761597	46777481	4	8343	8729.8464	2736.8132	948	1
1_MACS_peak_11150_lociStitched	chr17	43387496	43395834	1	8339	17623.1968	2095.3394	949	1
3_MACS_peak_22689_lociStitched	chr6	32805230	32823398	3	8338	25060.9392	3441.0192	950	1
1_MACS_peak_27552_lociStitched	chr9	128391334	128399667	1	8334	16731.8307	1669.0999	951	1
1_MACS_peak_13767_lociStitched	chr2	33716530	33724862	1	8333	31176.6776	1908.8612	952	1
5_MACS_peak_10202_lociStitched	chr16	70826710	70850348	5	8323	11022.3994	3758.442	953	1
2_MACS_peak_20732_lociStitched	chr5	1335201	1345990	2	8320	20554.1239	2155.6422	954	1
2_MACS_peak_22564_lociStitched	chr6	27774745	27784203	2	8316	18795.8834	2274.649	955	1
4_MACS_peak_27738_lociStitched	chr9	139431913	139445813	4	8313	13455.2	1964.07	956	1
3_MACS_peak_17025_lociStitched	chr22	27052941	27071091	3	8309	17064.63	3208.92	957	1
2_MACS_peak_93_lociStitched	chr1	8760544	8774240	2	8301	13626.1504	2228.3392	958	1
2_MACS_peak_23708_lociStitched	chr6	141472528	141481736	2	8294	15817.5024	1500.904	959	1
2_MACS_peak_1378_lociStitched	chr1	120657835	120667085	2	8291	11387.675	2028.525	960	1
2_MACS_peak_25790_lociStitched	chr8	38792353	38802993	2	8289	33941.6	2024.792	961	1
3_MACS_peak_28401_lociStitched	chrX	78393576	78409927	3	8285	7732.3879	1432.3476	962	1
3_MACS_peak_18842_lociStitched	chr3	156845874	156855910	3	8280	18363.8728	2890.368	963	1
3_MACS_peak_14436_lociStitched	chr2	96898994	96912685	3	8277	18733.3953	2458.9036	964	1
1_MACS_peak_7389_lociStitched	chr13	78688828	78697103	1	8276	39458.51	1678.17	965	1
2_MACS_peak_27259_lociStitched	chr9	98267270	98279625	2	8275	23055.6655	1618.505	966	1
3_MACS_peak_16090_lociStitched	chr20	34726186	34742508	3	8269	14366.6244	2637.6352	967	1
1_MACS_peak_26222_lociStitched	chr8	103541919	103550175	1	8257	22778.304	1159.1424	968	1
2_MACS_peak_13394_lociStitched	chr19	54880484	54891209	2	8235	11248.38	1352.4225	969	1
2_MACS_peak_1769_lociStitched	chr1	159035740	159048454	2	8234	33543.3462	4098.9936	970	1
1_MACS_peak_18595_lociStitched	chr3	129892581	129900811	1	8231	32109.345	1813.069	971	1
3_MACS_peak_19245_lociStitched	chr3	193787745	193803841	3	8231	19443.968	3566.8736	972	1
3_MACS_peak_25544_lociStitched	chr8	18598120	18614600	3	8230	14621.056	2229.744	973	1
4_MACS_peak_9989_lociStitched	chr16	53085770	53103770	4	8230	10893.6	2880	974	1
2_MACS_peak_18831_lociStitched	chr3	156533588	156545027	2	8225	30378.5523	2468.5362	975	1
2_MACS_peak_18343_lociStitched	chr3	104237455	104247049	2	8223	32667.57	1974.4452	976	1
1_MACS_peak_10425_lociStitched	chr17	977240	985459	1	8220	21438.4396	1449.0097	977	1
3_MACS_peak_9306_lociStitched	chr15	93373426	93389637	3	8215	26511.4694	2673.1939	978	1
2_MACS_peak_15685_lociStitched	chr2	241499386	241509379	2	8214	13267.7061	1009.293	979	1
3_MACS_peak_13532_lociStitched	chr2	8817426	8826374	3	8197	13688.6504	1514.8964	980	1
2_MACS_peak_10522_lociStitched	chr17	4842134	4854639	2	8197	30325.8755	2594.7875	981	1
2_MACS_peak_17307_lociStitched	chr22	42141342	42150422	2	8191	15203.552	1919.512	982	1
3_MACS_peak_6679_lociStitched	chr12	105618768	105635084	3	8183	9512.228	2693.7716	983	1
2_MACS_peak_9851_lociStitched	chr16	30193675	30206548	2	8178	34811.1666	2833.3473	984	1
2_MACS_peak_4749_lociStitched	chr11	65336182	65345450	2	8177	13636.9352	2130.7132	985	1
1_MACS_peak_8935_lociStitched	chr15	68478009	68486184	1	8176	23521.11	1806.675	986	1
2_MACS_peak_16150_lociStitched	chr20	39631445	39642637	2	8168	20152.3152	1875.7792	987	1
3_MACS_peak_23295_lociStitched	chr6	106227518	106242062	3	8150	9815.7456	2222.3232	988	1
2_MACS_peak_20336_lociStitched	chr4	140148028	140156279	2	8147	17914.5712	1481.8796	989	1
1_MACS_peak_1423_lociStitched	chr1	144928720	144936865	1	8146	19240.119	3391.578	990	1
2_MACS_peak_16998_lociStitched	chr22	24822129	24831897	2	8145	34478.1096	1748.472	991	1
1_MACS_peak_6561_lociStitched	chr12	94581498	94589632	1	8135	21446.9178	1492.589	992	1
3_MACS_peak_15977_lociStitched	chr20	30150586	30162271	3	8134	13251.9585	1717.695	993	1
4_MACS_peak_6034_lociStitched	chr12	48134146	48153679	4	8132	12485.4936	2988.549	994	1
1_MACS_peak_15452_lociStitched	chr2	217080686	217088815	1	8130	11089.5818	1846.0959	995	1
3_MACS_peak_23164_lociStitched	chr6	87755015	87765802	3	8125	8413.86	1779.855	996	1
2_MACS_peak_28276_lociStitched	chrX	58149797	58159710	2	8124	7438.7152	847.5615	997	1
1_MACS_peak_17672_lociStitched	chr3	23846735	23854857	1	8123	20533.2282	1574.8558	998	1
2_MACS_peak_6510_lociStitched	chr12	92449337	92457633	2	8121	12125.4336	1639.2896	999	1
3_MACS_peak_23524_lociStitched	chr6	129809604	129823754	3	8115	19161.93	2283.81	1000	1
3_MACS_peak_11329_lociStitched	chr17	55553544	55565290	3	8113	7297.7898	1625.6464	1001	1
5_MACS_peak_4744_lociStitched	chr11	65306967	65326924	5	8111	11199.8684	2694.195	1002	1
2_MACS_peak_21910_lociStitched	chr5	151127702	151139090	2	8110	17774.3904	2186.496	1003	1
1_MACS_peak_9018_lociStitched	chr15	74832212	74840318	1	8107	16116.3492	1750.896	1004	1
1_MACS_peak_27888_lociStitched	chrX	12904574	12912678	1	8105	26511.4256	1132.1288	1005	1
2_MACS_peak_24912_lociStitched	chr7	106182684	106195107	2	8103	16034.3661	3129.3537	1006	1
2_MACS_peak_3643_lociStitched	chr10	91644945	91655669	2	8102	57076.3452	2141.5828	1007	1
2_MACS_peak_5489_lociStitched	chr11	132218605	132231468	2	8095	18123.967	1907.5829	1008	1
2_MACS_peak_23930_lociStitched	chr7	2438219	2447868	2	8089	16331.8974	1859.3623	1009	1
2_MACS_peak_25555_lociStitched	chr8	19241643	19252290	2	8089	29129.1273	1845.1251	1010	1
2_MACS_peak_5120_lociStitched	chr11	95940118	95950722	2	8085	16979.1248	2048.6928	1011	1
1_MACS_peak_24192_lociStitched	chr7	26190819	26198894	1	8076	24678.0075	1930.7325	1012	1
