#10_0EWW_0229Kronos_MM1S-KB-24hr-2_H3K18Ac_hs-dm_i19_peaks Enhancers
#Created from /data/projects/IRF4_mm_trn_data/p300_internal_ChIP/rose/10_0EWW_0229Kronos_MM1S-KB-24hr-2_H3K18Ac_hs-dm_i19_ROSE/10_0EWW_0229Kronos_MM1S-KB-24hr-2_H3K18Ac_hs-dm_i19_peaks_6KB_STITCHED_ENHANCER_REGION_MAP.txt
#Ranked by X10_0EWW_0229Kronos_MM1S.KB.24hr.2_H3K18Ac_hs.dm_i19.bam
#Using cutoff of 22673.2851 for Super-Enhancers
#Created on Jul 18 2024 
REGION_ID	CHROM	START	STOP	NUM_LOCI	CONSTITUENT_SIZE	X10_0EWW_0229Kronos_MM1S.KB.24hr.2_H3K18Ac_hs.dm_i19.bam	X44_0EXW_0229Kronos_MM1S.KB.24hr.2_Input_hs_i90.bam	enhancerRank	isSuperStretch
8_MACS_peak_13795_lociStitched	chr2	37525621	37625069	8	82223	382039.4368	21540.4368	1	1
5_MACS_peak_2252_lociStitched	chr1	203236298	203308648	5	59832	464146.955	21676.06	2	1
8_MACS_peak_18688_lociStitched	chr3	141078676	141160679	8	67908	424611.534	19246.1041	3	1
11_MACS_peak_9592_lociStitched	chr16	11754576	11843345	11	69657	252112.8369	17798.1845	4	1
5_MACS_peak_1354_lociStitched	chr1	118141760	118219457	5	67011	245219.5017	10193.8464	5	1
7_MACS_peak_23335_lociStitched	chr6	108878187	108959062	7	74809	155603.5	14088.425	6	1
8_MACS_peak_8167_lociStitched	chr14	91812950	91886136	8	61930	195201.6992	8775.0014	7	1
5_MACS_peak_16960_lociStitched	chr22	23188726	23249117	5	53796	243031.5013	9414.9569	8	1
1_MACS_peak_10877_lociStitched	chr17	32688272	32729903	1	41632	286200.6357	9633.4134	9	1
3_MACS_peak_14474_lociStitched	chr2	99054655	99108655	3	49835	216091.8	12506.4	10	1
3_MACS_peak_10925_lociStitched	chr17	34596839	34645474	3	46419	237158.8505	12572.1475	11	1
9_MACS_peak_16033_lociStitched	chr20	32398793	32474510	9	52084	198151.389	14499.8055	12	1
7_MACS_peak_15351_lociStitched	chr2	204513797	204587796	7	54592	137201.5459	13305.0202	13	1
7_MACS_peak_11212_lociStitched	chr17	46506224	46571645	7	52551	156199.1796	11069.2332	14	1
1_MACS_peak_8327_lociStitched	chr14	106023124	106056535	1	33412	258530.9769	6057.4143	15	1
7_MACS_peak_10661_lociStitched	chr17	16846732	16895754	7	42635	192509.394	9789.6934	16	1
5_MACS_peak_23662_lociStitched	chr6	138244144	138299666	5	48964	134740.7896	10005.0644	17	1
4_MACS_peak_18626_lociStitched	chr3	133177773	133227080	4	40233	186498.7968	9328.8844	18	1
2_MACS_peak_10921_lociStitched	chr17	34508407	34544047	2	34911	216195.804	9886.536	19	1
4_MACS_peak_20020_lociStitched	chr4	90204439	90253354	4	35241	195787.179	10546.074	20	1
6_MACS_peak_21658_lociStitched	chr5	131789292	131842653	6	40179	151507.8873	11024.3826	21	1
3_MACS_peak_15984_lociStitched	chr20	30271601	30312241	3	40109	148067.776	9339.072	22	1
4_MACS_peak_22192_lociStitched	chr6	289904	338121	4	38432	163320.6224	16080.3695	23	1
2_MACS_peak_16965_lociStitched	chr22	23262040	23286791	2	22267	221405.1203	5363.5417	24	1
5_MACS_peak_14605_lociStitched	chr2	112186226	112242293	5	42404	95835.3231	9178.1679	25	1
4_MACS_peak_8332_lociStitched	chr14	106143777	106175999	4	31218	179785.8712	3792.5294	26	1
1_MACS_peak_22315_lociStitched	chr6	7887588	7921791	1	34204	164324.8932	8916.7221	27	1
1_MACS_peak_26312_lociStitched	chr8	120915106	120951105	1	36000	149997.0333	7426.5937	28	1
5_MACS_peak_17895_lociStitched	chr3	46317415	46365252	5	39769	117382.4306	8505.4186	29	1
4_MACS_peak_3906_lociStitched	chr10	112596716	112633415	4	28976	189271.4226	7886.6151	30	1
4_MACS_peak_19118_lociStitched	chr3	183220039	183261513	4	35643	148518.394	11554.6564	31	1
7_MACS_peak_22961_lociStitched	chr6	52392472	52443046	7	40346	99150.327	9872.0448	32	1
4_MACS_peak_12112_lociStitched	chr18	46439099	46483178	4	40750	90031.3575	8480.7996	33	1
7_MACS_peak_10147_lociStitched	chr16	68269565	68321032	7	37747	113340.6274	9475.0747	34	1
5_MACS_peak_8462_lociStitched	chr15	31616454	31660697	5	37378	102157.087	7937.1942	35	1
3_MACS_peak_24459_lociStitched	chr7	55568606	55606328	3	30992	151238.8146	7008.7476	36	1
3_MACS_peak_11427_lociStitched	chr17	62149798	62187405	3	37018	99790.1745	7874.9058	37	1
5_MACS_peak_23354_lociStitched	chr6	109186260	109232635	5	32578	132414.5375	8732.4125	38	1
4_MACS_peak_2320_lociStitched	chr1	206271511	206311220	4	27929	161083.5294	11158.229	39	1
6_MACS_peak_17901_lociStitched	chr3	46388477	46439610	6	35775	92734.8088	9101.674	40	1
3_MACS_peak_4004_lociStitched	chr10	125821669	125855029	3	32364	123765.6	7115.688	41	1
3_MACS_peak_19797_lociStitched	chr4	71523614	71555458	3	30163	134480.3964	6798.694	42	1
7_MACS_peak_13132_lociStitched	chr19	42022229	42070730	7	32785	114404.1588	9069.687	43	1
4_MACS_peak_11870_lociStitched	chr18	9053773	9085567	4	27968	145594.2642	6520.9494	44	1
7_MACS_peak_2127_lociStitched	chr1	192475695	192521245	7	32099	104496.255	10918.335	45	1
3_MACS_peak_21655_lociStitched	chr5	131744670	131775215	3	26859	138176.4165	6756.554	46	1
5_MACS_peak_3886_lociStitched	chr10	112146345	112186579	5	32776	86680.1296	6099.4744	47	1
2_MACS_peak_11020_lociStitched	chr17	38459045	38484806	2	23625	151946.1063	5829.7143	48	1
2_MACS_peak_16986_lociStitched	chr22	24176999	24201037	2	18113	167453.5156	4757.1202	49	1
1_MACS_peak_18957_lociStitched	chr3	171801747	171828813	1	27067	127670.322	8320.0884	50	1
4_MACS_peak_25651_lociStitched	chr8	27208517	27253616	4	31471	85909.0851	9073.9188	51	1
3_MACS_peak_24856_lociStitched	chr7	102063365	102093384	3	25281	132005.5506	6126.8779	52	1
2_MACS_peak_23183_lociStitched	chr6	88611485	88640577	2	28583	108888.4468	5949.314	53	1
2_MACS_peak_25327_lociStitched	chr7	150052910	150084976	2	27371	120343.698	8866.249	54	1
1_MACS_peak_2911_lociStitched	chr10	11201828	11224736	1	22909	142274.7156	7090.026	55	1
1_MACS_peak_4914_lociStitched	chr11	72850745	72871854	1	21110	148085.9677	4772.7449	56	1
4_MACS_peak_16345_lociStitched	chr20	52336307	52372852	4	27395	112850.96	6015.307	57	1
5_MACS_peak_27482_lociStitched	chr9	123630341	123668201	5	29379	95062.674	6614.142	58	1
4_MACS_peak_6529_lociStitched	chr12	92929335	92964767	4	28363	102529.5784	6849.0056	59	1
2_MACS_peak_23826_lociStitched	chr6	157975471	158007580	2	27559	103875.8259	3554.4663	60	1
2_MACS_peak_308_lociStitched	chr1	24511736	24534778	2	22154	137496.2224	4700.568	61	1
2_MACS_peak_8942_lociStitched	chr15	68568475	68599552	2	30402	74631.4155	6756.1398	62	1
3_MACS_peak_1657_lociStitched	chr1	154907889	154936001	3	23385	133683.8048	9040.8192	63	1
2_MACS_peak_21335_lociStitched	chr5	88594049	88621288	2	25916	114855.9674	5695.6749	64	1
3_MACS_peak_14382_lociStitched	chr2	87782386	87821835	3	30619	66372.9425	6619.5422	65	1
6_MACS_peak_15246_lociStitched	chr2	197065073	197115396	6	30016	75887.084	8242.9074	66	1
3_MACS_peak_6711_lociStitched	chr12	109008375	109036234	3	22537	132374.8244	6571.9381	67	1
2_MACS_peak_4363_lociStitched	chr11	22676317	22704716	2	24810	117631.4979	5228.2559	68	1
9_MACS_peak_28036_lociStitched	chrX	37634647	37685574	9	30285	59548.9411	4140.3651	69	1
1_MACS_peak_23301_lociStitched	chr6	106530283	106556567	1	26285	102920.2588	6836.4684	70	1
3_MACS_peak_1443_lociStitched	chr1	145426791	145457959	3	23214	122780.1024	9447.0208	71	1
5_MACS_peak_26070_lociStitched	chr8	81046239	81084510	5	28019	82278.8229	7730.742	72	1
4_MACS_peak_17177_lociStitched	chr22	37609340	37642346	4	25394	104850.1602	7208.5104	73	1
2_MACS_peak_2894_lociStitched	chr10	7510727	7537616	2	24717	107383.9104	5251.4217	74	1
3_MACS_peak_13623_lociStitched	chr2	20391273	20426627	3	24985	106040.7876	6445.0342	75	1
1_MACS_peak_5445_lociStitched	chr11	128585190	128610652	1	25463	99780.4856	5779.874	76	1
3_MACS_peak_19951_lociStitched	chr4	84130532	84164362	3	24124	109758.052	6617.148	77	1
4_MACS_peak_12454_lociStitched	chr19	2594343	2629039	4	22253	121047.4048	8774.6184	78	1
4_MACS_peak_24181_lociStitched	chr7	25979851	26012371	4	20827	123634.536	6224.328	79	1
1_MACS_peak_24462_lociStitched	chr7	55615820	55643863	1	28044	63144.4231	5524.471	80	1
2_MACS_peak_452_lociStitched	chr1	31213470	31236577	2	22874	109894.5813	5376.9989	81	1
3_MACS_peak_15243_lociStitched	chr2	197023159	197053672	3	26155	84557.6256	6059.8818	82	1
1_MACS_peak_16732_lociStitched	chr21	41323397	41345752	1	22356	114587.259	7495.6315	83	1
4_MACS_peak_17885_lociStitched	chr3	46127073	46154239	4	25636	87482.6698	5286.5036	84	1
3_MACS_peak_22082_lociStitched	chr5	173309919	173344077	3	28636	49932.1644	6732.5418	85	1
4_MACS_peak_6039_lociStitched	chr12	48195986	48220916	4	24273	97254.423	5055.804	86	1
2_MACS_peak_9744_lociStitched	chr16	23341874	23366300	2	21295	115339.572	4636.0548	87	1
4_MACS_peak_20620_lociStitched	chr4	185317572	185350150	4	24780	92319.5364	6082.3126	88	1
3_MACS_peak_3201_lociStitched	chr10	45913213	45935791	3	21198	113472.5124	4504.311	89	1
1_MACS_peak_4237_lociStitched	chr11	10323486	10345098	1	21613	111332.0568	5351.1312	90	1
2_MACS_peak_4347_lociStitched	chr11	19449641	19472344	2	19440	122246.5738	4778.9815	91	1
4_MACS_peak_14121_lociStitched	chr2	65156240	65178655	4	20673	115098.7835	5171.1405	92	1
3_MACS_peak_17497_lociStitched	chr3	5221770	5256417	3	26316	70860.0444	7019.4822	93	1
4_MACS_peak_9362_lociStitched	chr15	101660638	101692646	4	25377	79344.6312	5399.7496	94	1
4_MACS_peak_16137_lociStitched	chr20	37486570	37510861	4	16706	130309.0695	4275.216	95	1
4_MACS_peak_11977_lociStitched	chr18	23739164	23772097	4	22786	98858.2794	5401.012	96	1
4_MACS_peak_6154_lociStitched	chr12	53845723	53874632	4	27991	35876.069	6096.9081	97	1
3_MACS_peak_11347_lociStitched	chr17	56404856	56430953	3	19148	119247.6318	5939.6772	98	1
3_MACS_peak_2277_lociStitched	chr1	204474536	204501237	3	20349	114189.4966	7187.9092	99	1
1_MACS_peak_4736_lociStitched	chr11	65183101	65199286	1	16186	129996.3015	4832.841	100	1
2_MACS_peak_9024_lociStitched	chr15	75063283	75093124	2	24354	81104.8539	6099.5004	101	1
2_MACS_peak_2915_lociStitched	chr10	11282104	11313468	2	25604	68348.4288	6671.1228	102	1
4_MACS_peak_2027_lociStitched	chr1	181095185	181129712	4	23107	93326.481	7993.0005	103	1
5_MACS_peak_23205_lociStitched	chr6	90053749	90086268	5	24664	77196.8541	6890.7761	104	1
2_MACS_peak_17892_lociStitched	chr3	46244847	46265384	2	17754	120340.6589	4744.047	105	1
4_MACS_peak_16804_lociStitched	chr21	45552521	45581437	4	20090	108900.5476	6986.1056	106	1
4_MACS_peak_16357_lociStitched	chr20	52530311	52567041	4	24539	73382.867	6269.811	107	1
3_MACS_peak_11874_lociStitched	chr18	9094917	9126518	3	24572	72337.8491	6851.0968	108	1
4_MACS_peak_6901_lociStitched	chr12	123354777	123387459	4	25836	52588.6062	3385.8552	109	1
2_MACS_peak_1553_lociStitched	chr1	150532196	150553376	2	18183	116750.514	7273.212	110	1
4_MACS_peak_2062_lociStitched	chr1	183856233	183885903	4	22293	90870.309	7438.269	111	1
3_MACS_peak_17258_lociStitched	chr22	39822828	39847376	3	20248	99812.168	4693.5776	112	1
2_MACS_peak_8564_lociStitched	chr15	40386097	40409338	2	18950	107498.9214	5133.9369	113	1
1_MACS_peak_6139_lociStitched	chr12	53585024	53605406	1	20383	98983.1448	5028.2394	114	1
1_MACS_peak_10093_lociStitched	chr16	66548823	66562236	1	13414	128268.519	3460.554	115	1
4_MACS_peak_24700_lociStitched	chr7	90329825	90368180	4	22902	78574.053	7759.2165	116	1
4_MACS_peak_18987_lociStitched	chr3	175049666	175074652	4	23633	69568.5198	6411.4076	117	1
1_MACS_peak_22490_lociStitched	chr6	25401483	25415964	1	14482	122258.7387	3898.2852	118	1
4_MACS_peak_3882_lociStitched	chr10	112101331	112128981	4	16449	115701.425	5256.265	119	1
1_MACS_peak_19638_lociStitched	chr4	40190537	40209962	1	19426	100547.685	5359.3575	120	1
4_MACS_peak_13952_lociStitched	chr2	47522210	47550883	4	21411	85715.0662	5043.5807	121	1
5_MACS_peak_2294_lociStitched	chr1	205242255	205271173	5	19358	100758.9874	6648.2482	122	1
4_MACS_peak_12785_lociStitched	chr19	16243849	16272849	4	23562	65241.3	5043.1	123	1
3_MACS_peak_9612_lociStitched	chr16	12051755	12072379	3	17024	110686.9456	4405.2864	124	1
4_MACS_peak_8559_lociStitched	chr15	40330037	40358849	4	22589	73917.186	5223.6156	125	1
1_MACS_peak_15126_lociStitched	chr2	182167403	182180980	1	13578	122603.0254	3739.1058	126	1
1_MACS_peak_16337_lociStitched	chr20	52194051	52216503	1	22453	72998.1876	4162.6008	127	1
2_MACS_peak_8529_lociStitched	chr15	38360569	38382087	2	19369	95576.5006	4290.6892	128	1
4_MACS_peak_25329_lociStitched	chr7	150100700	150134446	4	20479	92302.0592	8358.8842	129	1
6_MACS_peak_5608_lociStitched	chr12	7045695	7080825	6	23067	68341.902	7036.539	130	1
5_MACS_peak_8368_lociStitched	chr15	21975886	22004848	5	24926	38024.2098	4680.2592	131	1
5_MACS_peak_21477_lociStitched	chr5	109247507	109282915	5	23819	57134.3488	5775.0448	132	1
1_MACS_peak_5716_lociStitched	chr12	12865820	12881849	1	16030	110244.2562	3859.7832	133	1
2_MACS_peak_16209_lociStitched	chr20	43672276	43694811	2	22275	67152.0465	3826.443	134	1
3_MACS_peak_16341_lociStitched	chr20	52257542	52280650	3	18714	94969.2584	4251.872	135	1
4_MACS_peak_17559_lociStitched	chr3	13035383	13062117	4	19172	93296.3132	5528.5912	136	1
2_MACS_peak_12430_lociStitched	chr19	2081476	2098468	2	15448	111482.8128	6061.0464	137	1
7_MACS_peak_10259_lociStitched	chr16	78768985	78805255	7	24470	28348.632	4461.21	138	1
4_MACS_peak_14448_lociStitched	chr2	97189606	97220698	4	21151	75317.2608	5780.0028	139	1
2_MACS_peak_18927_lociStitched	chr3	169647360	169668630	2	19148	89897.655	5772.678	140	1
3_MACS_peak_10915_lociStitched	chr17	34408725	34432963	3	21294	72161.3736	5429.312	141	1
2_MACS_peak_1638_lociStitched	chr1	154374405	154394798	2	19273	87439.0661	6232.1008	142	1
6_MACS_peak_10124_lociStitched	chr16	67562376	67601716	6	21931	63368.872	6101.634	143	1
5_MACS_peak_14402_lociStitched	chr2	89039364	89066916	5	20432	74966.2368	4339.44	144	1
2_MACS_peak_15478_lociStitched	chr2	219741108	219763541	2	20034	76521.2063	4405.8412	145	1
5_MACS_peak_17584_lociStitched	chr3	14712756	14742596	5	19868	77786.912	5051.912	146	1
3_MACS_peak_11546_lociStitched	chr17	72732825	72757130	3	22507	49832.5415	4564.479	147	1
3_MACS_peak_11633_lociStitched	chr17	75128687	75147623	3	18646	85456.2744	4124.2608	148	1
3_MACS_peak_20877_lociStitched	chr5	32570498	32593038	3	20239	73823.008	4708.606	149	1
5_MACS_peak_16180_lociStitched	chr20	42564695	42593837	5	22019	55457.226	4671.4626	150	1
4_MACS_peak_8074_lociStitched	chr14	77487892	77511096	4	22058	52257.7284	2438.7404	151	1
2_MACS_peak_19826_lociStitched	chr4	74453697	74476575	2	21016	65369.3094	4106.601	152	1
1_MACS_peak_11877_lociStitched	chr18	9132797	9154919	1	22123	53048.556	4904.4474	153	1
2_MACS_peak_1713_lociStitched	chr1	156115317	156133458	2	18075	89723.5719	6062.7222	154	1
2_MACS_peak_1725_lociStitched	chr1	156450479	156476395	2	21774	58938.1672	7466.3996	155	1
2_MACS_peak_18291_lociStitched	chr3	98472926	98497279	2	19838	75262.9465	4931.4825	156	1
4_MACS_peak_8535_lociStitched	chr15	38455120	38486734	4	21844	54543.6342	4934.9454	157	1
2_MACS_peak_9140_lociStitched	chr15	81575311	81597362	2	18611	83945.9519	5331.9318	158	1
5_MACS_peak_9236_lociStitched	chr15	89646595	89675502	5	20626	66804.077	5252.4019	159	1
1_MACS_peak_14622_lociStitched	chr2	112455236	112468656	1	13421	106957.4	3003.396	160	1
2_MACS_peak_15311_lociStitched	chr2	201979844	201998136	2	16020	97168.9332	4722.9944	161	1
4_MACS_peak_14525_lociStitched	chr2	106324948	106353231	4	22100	46797.0518	4307.5009	162	1
2_MACS_peak_27392_lociStitched	chr9	112903522	112925612	2	21962	49108.279	5365.661	163	1
3_MACS_peak_17913_lociStitched	chr3	46577145	46601156	3	17500	87313.6004	4482.8537	164	1
5_MACS_peak_8107_lociStitched	chr14	81930593	81956211	5	20959	57753.2192	3222.7444	165	1
3_MACS_peak_1700_lociStitched	chr1	155938358	155962339	3	19317	75501.7804	6213.4771	166	1
3_MACS_peak_22487_lociStitched	chr6	25365851	25390466	3	20261	64451.916	5060.844	167	1
2_MACS_peak_6519_lociStitched	chr12	92753302	92771129	2	17421	84680.0327	3738.3219	168	1
6_MACS_peak_8228_lociStitched	chr14	95945632	95986337	6	22030	39023.8835	3508.771	169	1
2_MACS_peak_27383_lociStitched	chr9	112665368	112684664	2	18879	74856.9024	4322.304	170	1
3_MACS_peak_26372_lociStitched	chr8	126285286	126316046	3	22047	37702.532	5542.952	171	1
2_MACS_peak_21337_lociStitched	chr5	88633739	88653161	2	16533	88921.6848	4235.9382	172	1
4_MACS_peak_10311_lociStitched	chr16	81841341	81871662	4	21049	50105.4525	2877.4629	173	1
4_MACS_peak_14091_lociStitched	chr2	64429702	64456494	4	20824	54623.5296	5138.7056	174	1
4_MACS_peak_2640_lociStitched	chr1	230256346	230287763	4	18141	80304.9937	7235.3351	175	1
4_MACS_peak_18503_lociStitched	chr3	124487278	124513313	4	20655	54168.421	4402.5185	176	1
6_MACS_peak_14106_lociStitched	chr2	64862651	64896354	6	20759	54319.1251	5938.4686	177	1
1_MACS_peak_20612_lociStitched	chr4	185200710	185211830	1	11121	108865.912	2964.592	178	1
3_MACS_peak_20814_lociStitched	chr5	15426502	15451487	3	19822	62270.1155	3837.696	179	1
2_MACS_peak_8460_lociStitched	chr15	31546203	31562988	2	15559	91056.9465	3101.868	180	1
2_MACS_peak_13858_lociStitched	chr2	42342979	42361418	2	18297	74087.902	4028.9215	181	1
2_MACS_peak_13070_lociStitched	chr19	39880767	39904003	2	18052	75437.9976	5044.5356	182	1
4_MACS_peak_1795_lociStitched	chr1	160633638	160655593	4	15125	94979.5255	6922.4115	183	1
3_MACS_peak_7575_lociStitched	chr13	115023341	115048589	3	20020	57176.6208	4559.7888	184	1
5_MACS_peak_8359_lociStitched	chr15	20969445	20996830	5	21338	37933.702	4354.215	185	1
5_MACS_peak_18837_lociStitched	chr3	156795279	156824992	5	19171	67513.8786	8001.7109	186	1
6_MACS_peak_23400_lociStitched	chr6	113946299	113974158	6	19525	60880.2727	4944.9725	187	1
5_MACS_peak_11683_lociStitched	chr17	76753779	76779898	5	19942	56336.0711	5087.9812	188	1
2_MACS_peak_6525_lociStitched	chr12	92851139	92867499	2	15825	86634.38	3731.716	189	1
1_MACS_peak_3892_lociStitched	chr10	112213896	112226764	1	12869	99177.5364	2689.412	190	1
2_MACS_peak_23689_lociStitched	chr6	139631600	139649940	2	18128	70629.174	3370.892	191	1
1_MACS_peak_19042_lociStitched	chr3	178228487	178241795	1	13309	97941.5568	4218.636	192	1
1_MACS_peak_13857_lociStitched	chr2	42322841	42336943	1	14103	92447.0712	3106.6706	193	1
3_MACS_peak_25422_lociStitched	chr8	2027473	2051002	3	17590	72728.139	4204.6323	194	1
2_MACS_peak_13707_lociStitched	chr2	27374169	27393675	2	18971	60185.763	3596.9064	195	1
1_MACS_peak_14344_lociStitched	chr2	86218252	86230897	1	12646	97314.6555	2775.5775	196	1
2_MACS_peak_9747_lociStitched	chr16	23402446	23420503	2	17076	74300.9436	3132.8895	197	1
1_MACS_peak_21329_lociStitched	chr5	88170793	88187196	1	16404	79487.2977	4028.5768	198	1
4_MACS_peak_27672_lociStitched	chr9	134126728	134153509	4	19297	55591.9998	4949.1288	199	1
5_MACS_peak_14396_lociStitched	chr2	88898877	88928608	5	20773	33257.0966	6195.9404	200	1
2_MACS_peak_25194_lociStitched	chr7	136031538	136048117	2	16357	78572.8547	4748.2256	201	1
1_MACS_peak_16753_lociStitched	chr21	43478856	43487318	1	8463	108299.2146	3092.0148	202	1
1_MACS_peak_21328_lociStitched	chr5	88110666	88130720	1	20055	41784.5144	4237.4102	203	1
4_MACS_peak_21895_lociStitched	chr5	150512594	150538195	4	19926	43393.695	5148.3611	204	1
1_MACS_peak_12997_lociStitched	chr19	35693648	35708254	1	14607	85192.4162	3046.8116	205	1
1_MACS_peak_21038_lociStitched	chr5	55436161	55454260	1	18100	62300.3778	3884.0454	206	1
4_MACS_peak_1529_lociStitched	chr1	149802911	149834068	4	17578	71888.5461	9079.1498	207	1
4_MACS_peak_602_lociStitched	chr1	40029959	40065685	4	20383	33893.2562	5780.4668	208	1
3_MACS_peak_17035_lociStitched	chr22	29206692	29225761	3	18192	60469.7059	3651.7135	209	1
1_MACS_peak_24651_lociStitched	chr7	78113449	78128722	1	15274	81527.274	3972.5073	210	1
3_MACS_peak_19089_lociStitched	chr3	181635645	181662346	3	18293	61145.29	6448.2915	211	1
2_MACS_peak_17615_lociStitched	chr3	15834585	15854086	2	18965	51511.8915	4032.8068	212	1
1_MACS_peak_19613_lociStitched	chr4	38306726	38322742	1	16017	75315.24	3478.6752	213	1
3_MACS_peak_19023_lociStitched	chr3	177056369	177081249	3	16345	75428.696	5884.12	214	1
3_MACS_peak_8791_lociStitched	chr15	56644744	56667431	3	16332	74159.2656	4802.8379	215	1
2_MACS_peak_17712_lociStitched	chr3	30682351	30703713	2	19370	43965.1322	4058.78	216	1
4_MACS_peak_16673_lociStitched	chr21	36235938	36263151	4	17410	67488.24	6928.4298	217	1
1_MACS_peak_12258_lociStitched	chr18	60821579	60832183	1	10605	98652.1932	3217.2536	218	1
1_MACS_peak_2381_lociStitched	chr1	209273116	209285919	1	12804	90902.5803	3662.9383	219	1
3_MACS_peak_6358_lociStitched	chr12	68751348	68771035	3	17058	65293.9042	4012.2106	220	1
3_MACS_peak_6708_lociStitched	chr12	108953743	108973076	3	18770	47290.4513	4127.5955	221	1
5_MACS_peak_11616_lociStitched	chr17	74475080	74503231	5	18179	54328.6149	4501.3449	222	1
3_MACS_peak_19195_lociStitched	chr3	186702615	186720677	3	15559	75490.129	5337.321	223	1
2_MACS_peak_28591_lociStitched	chrX	128901818	128921820	2	18657	45454.545	2642.2642	224	1
4_MACS_peak_21549_lociStitched	chr5	118657680	118680561	4	18088	53413.4064	4599.081	225	1
3_MACS_peak_27169_lociStitched	chr9	93670825	93690416	3	16967	61680.3044	3612.5804	226	1
2_MACS_peak_3541_lociStitched	chr10	81001113	81020668	2	18395	46771.649	3613.764	227	1
1_MACS_peak_22355_lociStitched	chr6	11826569	11838370	1	11802	89773.7473	2505.3523	228	1
2_MACS_peak_11680_lociStitched	chr17	76711094	76733817	2	18486	42851.0334	4910.4403	229	1
6_MACS_peak_14202_lociStitched	chr2	70330797	70361118	6	17451	55084.1607	5509.3257	230	1
1_MACS_peak_20619_lociStitched	chr4	185300409	185308961	1	8553	98061.508	2505.736	231	1
1_MACS_peak_7554_lociStitched	chr13	114555686	114568391	1	12706	83772.9585	3100.02	232	1
4_MACS_peak_14095_lociStitched	chr2	64486066	64516195	4	17478	52225.6086	4754.3562	233	1
2_MACS_peak_15791_lociStitched	chr20	5570215	5592502	2	18640	36552.9087	4798.3911	234	1
3_MACS_peak_27862_lociStitched	chrX	10064783	10091448	3	17788	46605.087	2935.8165	235	1
2_MACS_peak_16528_lociStitched	chr21	19151489	19169169	2	16094	62896.6	3861.312	236	1
3_MACS_peak_13665_lociStitched	chr2	25622768	25646566	3	16074	63159.892	4152.751	237	1
1_MACS_peak_22093_lociStitched	chr5	173696332	173711094	1	14763	71189.745	3166.449	238	1
4_MACS_peak_8394_lociStitched	chr15	23659485	23682864	4	18489	34823.0205	3490.4847	239	1
2_MACS_peak_2135_lociStitched	chr1	192560779	192579520	2	18476	34702.7097	4934.5053	240	1
1_MACS_peak_18157_lociStitched	chr3	69128362	69145995	1	17634	45540.7491	3685.297	241	1
3_MACS_peak_2888_lociStitched	chr10	6953954	6973769	3	11822	85723.653	3984.7965	242	1
3_MACS_peak_1138_lociStitched	chr1	93408468	93428888	3	18520	28340.918	2317.67	243	1
4_MACS_peak_5219_lociStitched	chr11	111231784	111251784	4	17227	48634	4018	244	1
4_MACS_peak_5691_lociStitched	chr12	11901229	11920606	4	17625	43199.0838	3623.499	245	1
1_MACS_peak_10849_lociStitched	chr17	29634726	29650813	1	16088	59222.6818	3959.0107	246	1
3_MACS_peak_11528_lociStitched	chr17	70581698	70602182	3	17305	46685.0844	3977.9928	247	1
5_MACS_peak_4847_lociStitched	chr11	67760439	67789241	5	17801	40751.9498	4769.6112	248	1
2_MACS_peak_9039_lociStitched	chr15	75351816	75371080	2	15385	63642.4768	3619.7056	249	1
6_MACS_peak_22665_lociStitched	chr6	31773551	31804675	6	18275	33775.7648	5845.0872	250	1
1_MACS_peak_13874_lociStitched	chr2	43443573	43457137	1	13565	74846.152	3408.6332	251	1
3_MACS_peak_21950_lociStitched	chr5	156339080	156362354	3	17013	46147.6872	3926.3238	252	1
4_MACS_peak_3440_lociStitched	chr10	74005560	74025889	4	16687	49133.1601	3579.9369	253	1
2_MACS_peak_13575_lociStitched	chr2	11883400	11898195	2	14767	64910.1035	3462.03	254	1
3_MACS_peak_18142_lociStitched	chr3	66530454	66552495	3	17992	28144.1529	3905.6652	255	1
4_MACS_peak_1652_lociStitched	chr1	154821601	154851763	4	15713	59111.4876	6110.8212	256	1
5_MACS_peak_9727_lociStitched	chr16	22194935	22219059	5	17504	36695.0164	5015.3796	257	1
1_MACS_peak_15323_lociStitched	chr2	202115752	202129044	1	13293	72046.6276	3420.0316	258	1
3_MACS_peak_1820_lociStitched	chr1	161144659	161163948	3	15208	61028.4671	5221.5323	259	1
1_MACS_peak_10023_lociStitched	chr16	56942577	56954913	1	12337	75802.2528	2705.2848	260	1
2_MACS_peak_980_lociStitched	chr1	75595724	75612770	2	16933	38774.5362	2872.251	261	1
4_MACS_peak_19848_lociStitched	chr4	76022195	76044187	4	14471	62567.24	3842.0024	262	1
1_MACS_peak_10024_lociStitched	chr16	56961094	56976439	1	15346	55142.2575	3363.624	263	1
3_MACS_peak_13094_lociStitched	chr19	40645338	40672035	3	16565	43713.6678	4506.4536	264	1
1_MACS_peak_28190_lociStitched	chrX	48790292	48804619	1	14328	61359.6756	1904.0583	265	1
6_MACS_peak_14171_lociStitched	chr2	68936332	68965896	6	17168	35722.1812	5203.264	266	1
3_MACS_peak_22170_lociStitched	chr5	180228548	180249681	3	15269	55884.1052	4055.4227	267	1
2_MACS_peak_15362_lociStitched	chr2	204661302	204683976	2	16726	38752.1334	4065.4482	268	1
3_MACS_peak_19883_lociStitched	chr4	77602338	77624663	3	17115	31266.1625	3944.8275	269	1
3_MACS_peak_16338_lociStitched	chr20	52224560	52244825	3	13797	64108.3275	3293.0625	270	1
1_MACS_peak_4742_lociStitched	chr11	65263169	65278687	1	15519	50958.0084	3825.187	271	1
1_MACS_peak_17022_lociStitched	chr22	27003306	27016202	1	12897	68615.7472	2791.984	272	1
2_MACS_peak_23722_lociStitched	chr6	143162657	143180334	2	16524	37082.8106	2177.8064	273	1
4_MACS_peak_25944_lociStitched	chr8	61811617	61840902	4	16513	40017.9525	5039.9485	274	1
2_MACS_peak_2350_lociStitched	chr1	207091292	207107186	2	11582	76645.6362	4380.3864	275	1
1_MACS_peak_20876_lociStitched	chr5	32529699	32544408	1	14710	56341.3536	3243.3345	276	1
3_MACS_peak_5480_lociStitched	chr11	130696141	130720432	3	15866	46237.9185	4270.3578	277	1
3_MACS_peak_16778_lociStitched	chr21	44724956	44747610	3	15702	47534.8882	4270.279	278	1
1_MACS_peak_21310_lociStitched	chr5	86407872	86421337	1	13466	64241.515	2967.686	279	1
3_MACS_peak_5914_lociStitched	chr12	32608344	32625783	3	15777	45524.5095	3390.1416	280	1
2_MACS_peak_4380_lociStitched	chr11	26097988	26113605	2	13517	63620.5346	2993.7789	281	1
2_MACS_peak_5260_lociStitched	chr11	115089250	115102807	2	13020	65958.8721	2724.957	282	1
2_MACS_peak_16730_lociStitched	chr21	41295602	41312143	2	14082	60291.945	4479.3028	283	1
1_MACS_peak_21079_lociStitched	chr5	58851358	58866590	1	15233	47720.3328	2636.6592	284	1
1_MACS_peak_2586_lociStitched	chr1	226838325	226852599	1	14275	57695.508	4587.6636	285	1
4_MACS_peak_15319_lociStitched	chr2	202081255	202102127	4	16307	35780.8696	4084.6504	286	1
3_MACS_peak_1970_lociStitched	chr1	174922304	174942620	3	15954	41196.7848	4993.6728	287	1
4_MACS_peak_287_lociStitched	chr1	23936721	23963118	4	15719	42712.9857	4234.0788	288	1
2_MACS_peak_19642_lociStitched	chr4	40301325	40319958	2	13978	58416.3183	3942.7428	289	1
1_MACS_peak_5752_lociStitched	chr12	15100767	15116940	1	16174	35766.5895	3402.7992	290	1
3_MACS_peak_25565_lociStitched	chr8	19518489	19540886	3	14852	50823.2724	3697.7447	291	1
3_MACS_peak_25709_lociStitched	chr8	29621824	29637244	3	11576	71406.936	2767.89	292	1
4_MACS_peak_22350_lociStitched	chr6	11713462	11736117	4	15557	43271.05	3740.3405	293	1
2_MACS_peak_4889_lociStitched	chr11	71413957	71427678	2	12998	63665.44	3312.2494	294	1
1_MACS_peak_18981_lociStitched	chr3	174863712	174873739	1	10028	78078.2436	3128.424	295	1
4_MACS_peak_25203_lociStitched	chr7	137684173	137716711	4	16211	37324.3398	7106.2992	296	1
4_MACS_peak_14149_lociStitched	chr2	67686027	67706442	4	14978	47852.76	3399.0975	297	1
3_MACS_peak_15958_lociStitched	chr20	25261408	25282750	3	14427	52885.476	3502.2222	298	1
2_MACS_peak_27604_lociStitched	chr9	130828568	130846494	2	15732	39575.2302	3536.7998	299	1
3_MACS_peak_24981_lociStitched	chr7	114556318	114574606	3	13864	59205.5712	5378.5008	300	1
1_MACS_peak_26476_lociStitched	chr8	137188203	137202095	1	13893	56432.0824	3306.296	301	1
4_MACS_peak_22509_lociStitched	chr6	26183533	26207333	4	15546	42549.64	5338.34	302	1
4_MACS_peak_15258_lociStitched	chr2	198062327	198084079	4	15281	44219.6408	3974.0904	303	1
2_MACS_peak_16238_lociStitched	chr20	45172089	45191653	2	15754	37032.6956	2848.5184	304	1
2_MACS_peak_27186_lociStitched	chr9	94181006	94195951	2	14790	48033.23	3579.3275	305	1
1_MACS_peak_11668_lociStitched	chr17	76137273	76152811	1	15539	39076.5162	2810.8242	306	1
2_MACS_peak_21307_lociStitched	chr5	86364864	86380844	2	15868	32723.844	3140.07	307	1
1_MACS_peak_19610_lociStitched	chr4	38123428	38137200	1	13773	53820.976	2837.032	308	1
1_MACS_peak_11430_lociStitched	chr17	62195572	62210969	1	15398	38047.5267	3459.7059	309	1
1_MACS_peak_5829_lociStitched	chr12	26265394	26280476	1	15083	41573.533	3379.8762	310	1
3_MACS_peak_23548_lociStitched	chr6	130832812	130851689	3	14689	45806.9282	3403.5231	311	1
2_MACS_peak_2695_lociStitched	chr1	234734120	234750564	2	12284	64980.1104	4594.4536	312	1
3_MACS_peak_13586_lociStitched	chr2	13680221	13702548	3	15465	36718.9842	3831.3132	313	1
5_MACS_peak_9142_lociStitched	chr15	81607842	81626424	5	15960	28439.751	3593.7588	314	1
3_MACS_peak_9981_lociStitched	chr16	50713887	50733158	3	14935	42371.1477	3752.0637	315	1
4_MACS_peak_3321_lociStitched	chr10	63798119	63814932	4	14741	43836.5349	3700.5413	316	1
3_MACS_peak_3191_lociStitched	chr10	45453794	45475533	3	15147	39428.0243	4121.7144	317	1
6_MACS_peak_22945_lociStitched	chr6	52148512	52173848	6	15554	34223.8688	4646.6224	318	1
2_MACS_peak_12804_lociStitched	chr19	16693622	16707461	2	11694	65689.5813	3145.6047	319	1
3_MACS_peak_8971_lociStitched	chr15	70766773	70787683	3	15018	39741.546	3307.962	320	1
3_MACS_peak_17865_lociStitched	chr3	45592798	45618129	3	15529	33966.3379	4427.8588	321	1
3_MACS_peak_18615_lociStitched	chr3	132266607	132290013	3	15596	31197.8574	3506.2188	322	1
1_MACS_peak_17213_lociStitched	chr22	38782033	38797426	1	15394	33612.1548	2935.4451	323	1
2_MACS_peak_632_lociStitched	chr1	40839012	40858668	2	14885	41281.5312	4110.0696	324	1
2_MACS_peak_20758_lociStitched	chr5	6475600	6488412	2	11797	63894.7252	2799.422	325	1
4_MACS_peak_26534_lociStitched	chr8	145002177	145027937	4	15293	34420.512	3366.832	326	1
3_MACS_peak_9227_lociStitched	chr15	89163776	89185636	3	15675	28483.58	3958.846	327	1
4_MACS_peak_17784_lociStitched	chr3	39247051	39264649	4	14971	37320.0786	3109.5666	328	1
2_MACS_peak_19687_lociStitched	chr4	48191047	48206888	2	13763	49400.1585	3146.0226	329	1
3_MACS_peak_17019_lociStitched	chr22	26974522	26993677	3	13701	50168.8605	3664.3515	330	1
1_MACS_peak_19788_lociStitched	chr4	69433730	69444720	1	10991	66430.154	2530.997	331	1
4_MACS_peak_8185_lociStitched	chr14	93029364	93054426	4	15305	30490.4292	2390.9148	332	1
1_MACS_peak_10994_lociStitched	chr17	37924623	37938975	1	14353	43360.2624	3303.8304	333	1
4_MACS_peak_6009_lociStitched	chr12	46776097	46798977	4	14756	38642.032	3987.984	334	1
1_MACS_peak_17034_lociStitched	chr22	29185930	29199947	1	14018	45664.5826	3303.8069	335	1
2_MACS_peak_24368_lociStitched	chr7	44661751	44680440	2	14908	35400.7038	3780.7847	336	1
1_MACS_peak_25696_lociStitched	chr8	29408678	29420544	1	11867	60177.2324	2542.8838	337	1
2_MACS_peak_14200_lociStitched	chr2	70309982	70323560	2	9877	70521.4164	2987.16	338	1
4_MACS_peak_16203_lociStitched	chr20	43583263	43609370	4	14986	34200.17	4785.4131	339	1
6_MACS_peak_22546_lociStitched	chr6	27088241	27123680	6	15163	33092.9382	6669.6198	341	1
3_MACS_peak_1800_lociStitched	chr1	160694247	160714837	3	14286	43683.744	6020.516	342	1
2_MACS_peak_16053_lociStitched	chr20	32988826	33006312	2	14136	42679.8288	3460.4794	343	1
1_MACS_peak_19015_lociStitched	chr3	176911206	176921427	1	10222	68286.501	3034.6149	344	1
2_MACS_peak_14907_lociStitched	chr2	158322694	158338041	2	10982	64264.0278	2829.9868	345	1
1_MACS_peak_11631_lociStitched	chr17	75078786	75093130	1	14345	38048.8944	3154.2456	347	1
3_MACS_peak_21947_lociStitched	chr5	156305153	156322040	3	14955	29123.3202	2683.3443	348	1
3_MACS_peak_15831_lociStitched	chr20	9479080	9499861	3	14021	42418.1772	3952.5462	349	1
1_MACS_peak_24883_lociStitched	chr7	104575348	104587491	1	12144	56021.7305	2461.3861	351	1
5_MACS_peak_11587_lociStitched	chr17	73850494	73875796	5	13911	43160.1516	4268.4474	352	1
3_MACS_peak_24439_lociStitched	chr7	52773199	52789222	3	13226	46365.7551	2352.1764	353	1
2_MACS_peak_23602_lociStitched	chr6	135190014	135204362	2	10330	64797.0028	2805.034	354	1
2_MACS_peak_21474_lociStitched	chr5	109187849	109202467	2	13556	42512.0676	2439.7442	355	1
4_MACS_peak_25663_lociStitched	chr8	27930196	27951569	4	14403	35205.6056	4911.5154	356	1
3_MACS_peak_8531_lociStitched	chr15	38401706	38424951	3	14175	36385.3985	3509.995	357	1
2_MACS_peak_24427_lociStitched	chr7	50343324	50357906	2	14146	36542.492	3356.7764	358	1
2_MACS_peak_24398_lociStitched	chr7	47512769	47525106	2	12327	52848.0069	3068.2119	359	1
2_MACS_peak_27487_lociStitched	chr9	123688105	123707726	2	13703	41302.205	3423.8645	360	1
1_MACS_peak_5224_lociStitched	chr11	111279808	111294292	1	14485	30824.8488	2699.8176	361	1
2_MACS_peak_16956_lociStitched	chr22	23088029	23102012	2	13686	40093.4559	2233.0851	362	1
3_MACS_peak_4497_lociStitched	chr11	45089023	45105646	3	13903	37355.2056	2416.9842	364	1
3_MACS_peak_5545_lociStitched	chr12	4216154	4230709	3	11640	56965.359	3218.1105	365	1
4_MACS_peak_27527_lociStitched	chr9	126962255	126982682	4	13830	38888.9226	3268.32	366	1
2_MACS_peak_5728_lociStitched	chr12	13241957	13256114	2	14072	35514.2502	2790.3447	367	1
1_MACS_peak_3651_lociStitched	chr10	91803442	91814137	1	10696	61206.4155	2178.5715	368	1
2_MACS_peak_14905_lociStitched	chr2	158294203	158311443	2	12212	53538.82	3960.028	369	1
2_MACS_peak_1296_lociStitched	chr1	112134277	112149157	2	14013	34752.24	1815.36	370	1
1_MACS_peak_16200_lociStitched	chr20	43269396	43282277	1	12882	47193.4078	3007.7135	371	1
5_MACS_peak_22476_lociStitched	chr6	25162818	25187688	5	14575	28560.708	4280.127	372	1
2_MACS_peak_6488_lociStitched	chr12	89737830	89749731	2	11476	56667.8016	2646.7824	373	1
1_MACS_peak_2060_lociStitched	chr1	183807272	183817031	1	9760	65924.9727	3121.9041	374	1
1_MACS_peak_16395_lociStitched	chr20	56047044	56058819	1	11776	54008.3925	2586.9675	376	1
2_MACS_peak_25698_lociStitched	chr8	29464453	29478313	2	13833	35586.936	2336.796	377	1
3_MACS_peak_5034_lociStitched	chr11	82764457	82784622	3	13231	43066.3905	4196.3365	379	1
4_MACS_peak_12734_lociStitched	chr19	13943786	13962115	4	12225	50318.6037	2895.982	380	1
3_MACS_peak_21332_lociStitched	chr5	88563458	88580714	3	11802	53748.9888	3363.1944	381	1
1_MACS_peak_20731_lociStitched	chr5	1311293	1320665	1	9373	65484.9756	2212.7292	382	1
2_MACS_peak_21858_lociStitched	chr5	148204604	148222805	2	13106	43791.606	4260.8541	383	1
2_MACS_peak_8690_lociStitched	chr15	46994376	47009613	2	13868	33876.4221	2803.608	384	1
3_MACS_peak_15216_lociStitched	chr2	192530473	192546598	3	12790	45553.125	3160.5	385	1
4_MACS_peak_20682_lociStitched	chr4	187747676	187775325	4	13444	40364.7751	4490.1976	386	1
1_MACS_peak_2329_lociStitched	chr1	206727309	206739652	1	12344	49838.5654	4389.1708	387	1
2_MACS_peak_3688_lociStitched	chr10	94868720	94886573	2	13898	32151.4677	2649.3852	388	1
4_MACS_peak_1424_lociStitched	chr1	144962480	144985337	4	13452	41028.315	7204.5264	390	1
3_MACS_peak_13628_lociStitched	chr2	20615140	20631296	3	14006	29294.0592	2901.6176	391	1
4_MACS_peak_3409_lociStitched	chr10	72249341	72270795	4	13577	35933.3046	3962.5538	392	1
2_MACS_peak_696_lociStitched	chr1	44289300	44306117	2	12540	45696.8341	3250.7261	393	1
4_MACS_peak_13941_lociStitched	chr2	47193811	47215380	4	13446	36969.266	3863.0079	394	1
2_MACS_peak_17237_lociStitched	chr22	39458897	39474665	2	13516	35020.728	3021.1488	395	1
1_MACS_peak_15571_lociStitched	chr2	231728926	231740080	1	11155	52958.0766	1174.5162	398	1
2_MACS_peak_7375_lociStitched	chr13	77898718	77915458	2	12029	48689.964	3379.806	401	1
4_MACS_peak_12425_lociStitched	chr19	2040895	2063016	4	13280	37453.0651	4340.1402	403	1
1_MACS_peak_21648_lociStitched	chr5	131434661	131444236	1	9576	61403.5175	2239.5925	404	1
4_MACS_peak_25399_lociStitched	chr7	157795347	157818651	4	13506	33499.5	4094.5128	405	1
2_MACS_peak_14887_lociStitched	chr2	153913463	153929204	2	13106	37598.9526	3382.7409	406	1
2_MACS_peak_1542_lociStitched	chr1	150120989	150139349	2	12409	45134.388	4362.336	407	1
4_MACS_peak_13404_lociStitched	chr19	55460124	55486599	4	13316	34258.65	3108.165	408	1
2_MACS_peak_11717_lociStitched	chr17	78873328	78887336	2	10624	55426.8544	2224.4704	409	1
2_MACS_peak_4450_lociStitched	chr11	35183417	35197350	2	12902	37676.2253	2850.6918	410	1
2_MACS_peak_20615_lociStitched	chr4	185263214	185278042	2	11363	50926.766	3134.6392	411	1
1_MACS_peak_20102_lociStitched	chr4	105406375	105417597	1	11223	50946.7578	2493.5284	412	1
3_MACS_peak_12879_lociStitched	chr19	19049929	19062976	3	12795	37587.1023	2486.7582	414	1
3_MACS_peak_2956_lociStitched	chr10	14686505	14704018	3	13164	33197.6428	2858.1216	416	1
4_MACS_peak_12445_lociStitched	chr19	2455095	2480370	4	13084	36080.0625	5151.045	417	1
4_MACS_peak_8487_lociStitched	chr15	33295962	33315412	4	12674	38695.775	3423.2	418	1
2_MACS_peak_16795_lociStitched	chr21	45194741	45210550	2	12739	38404.8037	3909.5657	420	1
5_MACS_peak_5674_lociStitched	chr12	10280478	10306687	5	13548	27902.1014	4093.8458	421	1
2_MACS_peak_22659_lociStitched	chr6	31694463	31709357	2	11990	45163.0762	3707.1166	422	1
4_MACS_peak_13267_lociStitched	chr19	47728648	47748366	4	12961	34421.7126	3283.047	423	1
3_MACS_peak_23441_lociStitched	chr6	117858779	117877561	3	13200	30982.7872	3196.6964	424	1
2_MACS_peak_11245_lociStitched	chr17	47815854	47827729	2	11783	44854.25	2819.125	426	1
1_MACS_peak_1993_lociStitched	chr1	178544304	178553822	1	9519	59026.8288	2942.0138	427	1
1_MACS_peak_3106_lociStitched	chr10	30988651	30997429	1	8779	61288.8738	1885.5144	428	1
3_MACS_peak_15664_lociStitched	chr2	238599666	238613574	3	13389	25131.756	1674.5232	431	1
4_MACS_peak_21818_lociStitched	chr5	142952537	142975667	4	12936	33346.521	4059.315	432	1
2_MACS_peak_19200_lociStitched	chr3	186779567	186792583	2	10029	56865.6024	4379.884	434	1
5_MACS_peak_21322_lociStitched	chr5	87954444	87976772	5	11873	44137.9904	4407.5472	437	1
2_MACS_peak_16439_lociStitched	chr20	61272949	61285369	2	12412	36655.146	2071.656	438	1
3_MACS_peak_6719_lociStitched	chr12	109161513	109181249	3	12902	32106.5248	3426.1696	439	1
2_MACS_peak_17210_lociStitched	chr22	38700512	38714901	2	13174	27556.3739	2759.8102	440	1
2_MACS_peak_16969_lociStitched	chr22	23477623	23488920	2	10795	49915.7945	2424.3362	441	1
2_MACS_peak_24345_lociStitched	chr7	43684696	43699573	2	11071	48313.0575	2862.3348	443	1
2_MACS_peak_21435_lociStitched	chr5	100223657	100241850	2	12461	37435.7361	4126.1724	444	1
2_MACS_peak_16353_lociStitched	chr20	52480899	52491335	2	9892	54959.1068	2395.062	445	1
1_MACS_peak_4382_lociStitched	chr11	26125772	26136559	1	10788	49063.5908	1984.808	447	1
3_MACS_peak_16391_lociStitched	chr20	55957936	55976067	3	13068	28480.1748	3160.2333	448	1
2_MACS_peak_21471_lociStitched	chr5	109023710	109037219	2	12672	33853.554	3321.8631	449	1
3_MACS_peak_28743_lociStitched	chrX	153232517	153252633	3	12978	27959.2284	1772.2196	451	1
3_MACS_peak_5413_lociStitched	chr11	126056245	126069150	3	11686	42036.747	2284.185	452	1
5_MACS_peak_9831_lociStitched	chr16	29815634	29833773	5	12827	30740.1633	3270.4617	453	1
2_MACS_peak_5000_lociStitched	chr11	78162408	78178702	2	11476	43557.1208	2590.746	454	1
1_MACS_peak_26681_lociStitched	chr9	9604065	9616129	1	12065	37779.6224	2058.1184	455	1
2_MACS_peak_16509_lociStitched	chr21	16046625	16061400	2	11589	42702.705	2721.555	456	1
1_MACS_peak_9038_lociStitched	chr15	75333933	75342678	1	8746	59403.9105	2364.648	457	1
1_MACS_peak_16246_lociStitched	chr20	45978100	45987520	1	9421	55967.046	2209.932	458	1
3_MACS_peak_12178_lociStitched	chr18	52929422	52947983	3	12497	33857.1201	3316.8507	459	1
1_MACS_peak_7220_lociStitched	chr13	46269223	46281385	1	12163	35298.9888	1515.3852	460	1
3_MACS_peak_22848_lociStitched	chr6	42737944	42752724	3	11737	40498.678	2610.148	461	1
1_MACS_peak_26299_lociStitched	chr8	118449952	118458487	1	8536	59737.3185	2208.0045	462	1
1_MACS_peak_13872_lociStitched	chr2	43394948	43407236	1	12289	34096.7424	1940.2752	464	1
1_MACS_peak_1647_lociStitched	chr1	154754950	154766271	1	11322	44145.1074	3398.5642	466	1
2_MACS_peak_25792_lociStitched	chr8	38811457	38824434	2	11739	39507.1788	2474.7139	467	1
1_MACS_peak_1848_lociStitched	chr1	161767878	161780739	1	12862	26767.5993	3255.1191	469	1
3_MACS_peak_22059_lociStitched	chr5	171601011	171616166	3	12099	35999.187	3259.8405	472	1
4_MACS_peak_11669_lociStitched	chr17	76163243	76183979	4	12794	27135.1296	3564.5184	474	1
4_MACS_peak_27514_lociStitched	chr9	126082981	126104089	4	11781	39326.3148	3649.5732	475	1
1_MACS_peak_11146_lociStitched	chr17	43297994	43308044	1	10051	50670.09	2416.02	479	1
1_MACS_peak_6110_lociStitched	chr12	51311769	51323491	1	11723	38437.6102	2749.9812	480	1
2_MACS_peak_22524_lociStitched	chr6	26355019	26367506	2	12236	32877.0223	3000.6261	481	1
1_MACS_peak_21113_lociStitched	chr5	61983693	61992318	1	8626	57213.9375	1819.0125	482	1
1_MACS_peak_6647_lociStitched	chr12	102870333	102879572	1	9240	54550.7516	2178.5562	483	1
1_MACS_peak_4843_lociStitched	chr11	67644698	67655696	1	10999	43311.2238	2455.8534	486	1
3_MACS_peak_12617_lociStitched	chr19	10329198	10348064	3	11657	37758.4124	2907.2506	487	1
2_MACS_peak_15542_lociStitched	chr2	227768793	227783189	2	11445	39043.3916	2421.4072	489	1
3_MACS_peak_12436_lociStitched	chr19	2254830	2271813	3	11687	37962.0999	3775.3209	491	1
2_MACS_peak_21504_lociStitched	chr5	112256274	112268154	2	10234	48472.776	2811.996	492	1
2_MACS_peak_16994_lociStitched	chr22	24535708	24553975	2	12411	28154.9271	3162.0177	493	1
1_MACS_peak_27386_lociStitched	chr9	112729166	112740842	1	11677	35491.5372	2299.0044	496	1
1_MACS_peak_1274_lociStitched	chr1	111172666	111181807	1	9142	52477.5669	1465.3023	498	1
3_MACS_peak_1277_lociStitched	chr1	111323142	111338744	3	10605	43523.3392	1841.036	499	1
4_MACS_peak_5578_lociStitched	chr12	6552147	6572397	4	10737	44381.925	3748.275	500	1
1_MACS_peak_24026_lociStitched	chr7	8163861	8175699	1	11839	32263.2852	1886.9772	502	1
2_MACS_peak_370_lociStitched	chr1	27018262	27030823	2	12148	29425.3986	2938.0179	503	1
2_MACS_peak_2418_lociStitched	chr1	211686924	211703507	2	12278	28269.0401	4067.8099	504	1
2_MACS_peak_18045_lociStitched	chr3	52730067	52746967	2	11570	35452.82	2825.68	505	1
2_MACS_peak_23646_lociStitched	chr6	137973211	137988271	2	12254	26654.694	2445.744	506	1
4_MACS_peak_2231_lociStitched	chr1	202433194	202455323	4	11823	34457.0659	4870.5929	507	1
2_MACS_peak_3643_lociStitched	chr10	91644945	91655669	2	8102	57076.3452	2141.5828	509	1
3_MACS_peak_20088_lociStitched	chr4	103532616	103547051	3	12076	28919.079	2823.486	510	1
2_MACS_peak_3893_lociStitched	chr10	112255803	112272716	2	11207	38416.1882	3123.8311	511	1
2_MACS_peak_15164_lociStitched	chr2	187810056	187821309	2	9534	49605.4746	2261.853	512	1
2_MACS_peak_22906_lociStitched	chr6	45386609	45402272	2	11775	32063.7273	2961.8733	513	1
1_MACS_peak_23343_lociStitched	chr6	108986391	108997733	1	11343	35650.1744	2090.3306	515	1
3_MACS_peak_9303_lociStitched	chr15	93346366	93364611	3	11072	39522.319	3444.656	516	1
1_MACS_peak_24100_lociStitched	chr7	20254597	20262975	1	8379	55215.209	2236.926	517	1
3_MACS_peak_25700_lociStitched	chr8	29490809	29505968	3	12191	25802.1339	2701.3338	519	1
1_MACS_peak_20377_lociStitched	chr4	144272589	144283036	1	10448	43331.0219	2409.0782	520	1
1_MACS_peak_1799_lociStitched	chr1	160675181	160685880	1	10700	43192.9329	4227.1749	521	1
2_MACS_peak_3204_lociStitched	chr10	45949175	45961354	2	10341	43762.8007	2119.146	522	1
3_MACS_peak_16252_lociStitched	chr20	46113592	46132506	3	12149	26716.025	3391.2802	524	1
1_MACS_peak_21815_lociStitched	chr5	142774658	142786114	1	11457	32754.9952	2377.12	526	1
1_MACS_peak_4605_lociStitched	chr11	60602145	60613236	1	11092	36092.3322	2274.7641	528	1
3_MACS_peak_7628_lociStitched	chr14	23023279	23039455	3	11910	25645.4304	1570.6896	530	1
1_MACS_peak_17510_lociStitched	chr3	8697942	8709388	1	11447	31791.265	1935.5186	532	1
2_MACS_peak_7797_lociStitched	chr14	50465307	50476702	2	9481	47034.002	1416.3985	533	1
2_MACS_peak_1698_lociStitched	chr1	155902935	155919081	2	11559	30700.0044	4359.42	539	1
2_MACS_peak_10274_lociStitched	chr16	79629494	79640934	2	11431	29172	1409.408	540	1
1_MACS_peak_21739_lociStitched	chr5	138719781	138730423	1	10643	37647.1392	2617.932	543	1
2_MACS_peak_5293_lociStitched	chr11	117873231	117884325	2	10682	36570.2616	1994.7012	544	1
5_MACS_peak_12411_lociStitched	chr19	1847289	1865872	5	10476	39505.5997	3530.77	547	1
3_MACS_peak_18088_lociStitched	chr3	56948222	56959095	3	10420	38627.4198	2435.552	549	1
4_MACS_peak_16641_lociStitched	chr21	34732919	34757377	4	11608	29308.0214	5816.1124	550	1
3_MACS_peak_8505_lociStitched	chr15	34619088	34635815	3	10724	36769.2914	3266.7831	551	1
2_MACS_peak_6352_lociStitched	chr12	68375869	68387673	2	9411	45491.4356	2411.5572	553	1
4_MACS_peak_19080_lociStitched	chr3	181416898	181433251	4	11363	29229.3522	3291.8589	554	1
2_MACS_peak_27886_lociStitched	chrX	12882937	12894856	2	11384	26669.9544	1442.199	555	1
2_MACS_peak_11649_lociStitched	chr17	75433769	75447690	2	10637	35575.1155	2256.5941	556	1
2_MACS_peak_28564_lociStitched	chrX	119434426	119445591	2	10956	31219.573	1268.344	557	1
1_MACS_peak_4134_lociStitched	chr11	2791668	2802009	1	10342	37519.2162	1802.4363	558	1
1_MACS_peak_6522_lociStitched	chr12	92793129	92804246	1	11118	30320.5058	2237.8521	560	1
1_MACS_peak_16972_lociStitched	chr22	23515823	23526613	1	10791	33955.051	2512.991	562	1
3_MACS_peak_22295_lociStitched	chr6	7135125	7148273	3	11456	26301.2592	2729.5248	564	1
3_MACS_peak_6715_lociStitched	chr12	109071677	109087908	3	10256	39141.0565	2978.3885	565	1
1_MACS_peak_312_lociStitched	chr1	24709919	24720946	1	11028	31371.815	2553.8532	566	1
4_MACS_peak_12392_lociStitched	chr19	1258257	1277443	4	10707	35797.2388	4357.1406	568	1
1_MACS_peak_26461_lociStitched	chr8	134576512	134586073	1	9562	42807.4653	2123.4981	569	1
2_MACS_peak_28188_lociStitched	chrX	48767983	48779465	2	11264	26420.082	1469.696	570	1
3_MACS_peak_18327_lociStitched	chr3	101495306	101513644	3	10990	31082.91	3541.0678	573	1
2_MACS_peak_19624_lociStitched	chr4	38985529	39000075	2	10791	32268.8464	2567.369	574	1
2_MACS_peak_15961_lociStitched	chr20	25288986	25302584	2	9947	39808.145	2544.1858	575	1
2_MACS_peak_25568_lociStitched	chr8	19551470	19566807	2	10264	36756.6542	2311.2859	577	1
2_MACS_peak_26403_lociStitched	chr8	129277638	129290128	2	11014	28527.16	2522.98	579	1
2_MACS_peak_6942_lociStitched	chr12	125398192	125412861	2	9920	38536.9299	2012.5868	581	1
1_MACS_peak_23658_lociStitched	chr6	138186905	138196184	1	9280	43449.8454	2599.9758	584	1
1_MACS_peak_15063_lociStitched	chr2	175456457	175465382	1	8926	45259.5675	2251.7775	586	1
2_MACS_peak_8770_lociStitched	chr15	52965136	52977559	2	10779	30717.1098	2663.4912	587	1
3_MACS_peak_19446_lociStitched	chr4	9599204	9611111	3	10139	36399.699	2407.5954	588	1
2_MACS_peak_2837_lociStitched	chr10	3798286	3809178	2	10703	30582.5576	2071.6584	590	1
1_MACS_peak_2960_lociStitched	chr10	14775643	14786545	1	10903	27568.9776	2152.0548	592	1
3_MACS_peak_22566_lociStitched	chr6	27790626	27807924	3	10593	31933.8378	3264.1326	593	1
2_MACS_peak_15123_lociStitched	chr2	182025562	182036764	2	10738	29094.9546	2041.0044	594	1
2_MACS_peak_10381_lociStitched	chr16	89033285	89046421	2	9475	39514.4016	1203.2576	595	1
1_MACS_peak_2981_lociStitched	chr10	15824653	15834384	1	9732	38257.4265	1919.9263	596	1
2_MACS_peak_19296_lociStitched	chr3	196357885	196371293	2	10668	31811.8208	4152.4576	597	1
2_MACS_peak_8814_lociStitched	chr15	59266374	59281262	2	10747	29222.1664	2758.7464	598	1
1_MACS_peak_26408_lociStitched	chr8	129664517	129673777	1	9261	41522.766	2031.644	599	1
2_MACS_peak_2638_lociStitched	chr1	230238332	230249218	2	10863	26323.4366	2974.0552	604	1
2_MACS_peak_11666_lociStitched	chr17	76116375	76129625	2	9525	38822.5	2354.525	605	1
1_MACS_peak_21637_lociStitched	chr5	130708694	130719340	1	10647	28737.8124	2890.389	606	1
1_MACS_peak_2169_lociStitched	chr1	197739979	197749562	1	9584	38888.7723	3125.0163	607	1
1_MACS_peak_27441_lociStitched	chr9	117126235	117136906	1	10672	27296.418	2167.2801	608	1
2_MACS_peak_18774_lociStitched	chr3	151910722	151921769	2	10468	29886.5538	2605.9873	613	1
1_MACS_peak_2561_lociStitched	chr1	226062449	226071766	1	9318	40232.6694	2885.4749	614	1
2_MACS_peak_1596_lociStitched	chr1	152006219	152021801	2	9913	36784.4274	4520.3382	615	1
1_MACS_peak_18766_lociStitched	chr3	150314183	150324165	1	9983	33961.7586	2469.5468	617	1
1_MACS_peak_18625_lociStitched	chr3	133159746	133169880	1	10135	32006.2122	2013.6258	618	1
1_MACS_peak_6562_lociStitched	chr12	94595669	94604343	1	8675	42950.1784	1903.943	620	1
1_MACS_peak_22101_lociStitched	chr5	175076010	175086599	1	10590	26729.8127	2093.4453	621	1
2_MACS_peak_1735_lociStitched	chr1	156709412	156723012	2	10217	32316.32	3870.56	623	1
2_MACS_peak_25689_lociStitched	chr8	29197448	29210630	2	10555	26853.0522	2425.488	624	1
2_MACS_peak_19248_lociStitched	chr3	193815313	193824104	2	8763	42428.8824	2775.3187	631	1
2_MACS_peak_23692_lociStitched	chr6	139683283	139698171	2	10411	28470.3224	2840.6304	632	1
2_MACS_peak_6419_lociStitched	chr12	77452483	77464943	2	9846	33491.234	2463.342	637	1
2_MACS_peak_11640_lociStitched	chr17	75228964	75244154	2	9508	36106.63	2410.653	641	1
2_MACS_peak_12783_lociStitched	chr19	16221414	16232511	2	10047	31170.3633	2386.9647	643	1
1_MACS_peak_9266_lociStitched	chr15	90637145	90646698	1	9554	35572.5061	2333.7979	644	1
3_MACS_peak_22067_lociStitched	chr5	172191073	172205832	3	9725	34623.1381	2945.8964	645	1
2_MACS_peak_27174_lociStitched	chr9	93732030	93742589	2	8537	42233.8882	1897.4523	649	1
3_MACS_peak_21004_lociStitched	chr5	54031592	54050695	3	10311	28224.6825	2959.0547	651	1
1_MACS_peak_2840_lociStitched	chr10	3845984	3854862	1	8879	39776.1034	2047.2668	653	1
2_MACS_peak_27600_lociStitched	chr9	130730996	130744392	2	10420	25359.9676	2514.4292	655	1
2_MACS_peak_25667_lociStitched	chr8	28195010	28207714	2	9495	35219.2992	2817.7472	658	1
1_MACS_peak_4449_lociStitched	chr11	35159541	35169229	1	9689	33098.0832	2551.8192	659	1
1_MACS_peak_2574_lociStitched	chr1	226308050	226317218	1	9169	37690.5648	2903.5056	660	1
2_MACS_peak_5262_lociStitched	chr11	115125230	115137141	2	10262	25803.9904	1923.6265	661	1
2_MACS_peak_6558_lociStitched	chr12	94540787	94553430	2	10138	27544.0398	2189.7676	662	1
2_MACS_peak_12256_lociStitched	chr18	60798225	60811471	2	9544	33691.201	2606.8128	664	1
2_MACS_peak_25179_lociStitched	chr7	134842706	134857759	2	9534	34772.43	3799.3772	666	1
2_MACS_peak_21132_lociStitched	chr5	65108401	65123619	2	10197	25754.9432	2246.1768	673	1
1_MACS_peak_17261_lociStitched	chr22	39860738	39870904	1	10167	25543.0916	1933.5732	674	1
3_MACS_peak_755_lociStitched	chr1	46790009	46807289	3	9832	30500.928	3158.784	675	1
2_MACS_peak_10195_lociStitched	chr16	70460711	70474116	2	10187	25257.701	2001.3665	676	1
1_MACS_peak_11000_lociStitched	chr17	38015609	38025127	1	9519	32288.8632	2271.9466	681	1
1_MACS_peak_5553_lociStitched	chr12	4377503	4386982	1	9480	32101.5814	1752.6671	682	1
3_MACS_peak_28106_lociStitched	chrX	42792224	42805570	3	9361	32384.069	1257.1932	687	1
1_MACS_peak_280_lociStitched	chr1	23849793	23858797	1	9005	36067.3228	2174.466	688	1
2_MACS_peak_25742_lociStitched	chr8	33409916	33425350	2	9830	29270.581	3100.6906	689	1
2_MACS_peak_412_lociStitched	chr1	28352200	28364282	2	9822	27952.9152	1939.161	691	1
2_MACS_peak_6516_lociStitched	chr12	92576978	92586571	2	9375	32314.0205	1968.4836	693	1
2_MACS_peak_25176_lociStitched	chr7	134670495	134682936	2	9489	32392.6317	3402.6135	701	1
2_MACS_peak_21084_lociStitched	chr5	58951130	58962185	2	9296	32545.92	1841.763	702	1
1_MACS_peak_3704_lociStitched	chr10	97048913	97058181	1	9269	32868.962	2077.8856	704	1
2_MACS_peak_18879_lociStitched	chr3	160115989	160129617	2	9274	34290.7736	3708.1788	708	1
3_MACS_peak_18520_lociStitched	chr3	125548769	125560606	3	9872	26919.7054	2626.6303	713	1
1_MACS_peak_7389_lociStitched	chr13	78688828	78697103	1	8276	39458.51	1678.17	714	1
2_MACS_peak_20613_lociStitched	chr4	185239671	185254297	2	9600	29491.8664	2395.7388	716	1
2_MACS_peak_5375_lociStitched	chr11	122929919	122942159	2	9169	33729.768	2893.536	718	1
2_MACS_peak_22968_lociStitched	chr6	52527207	52536944	2	9495	30108.7514	2620.2267	722	1
2_MACS_peak_2266_lociStitched	chr1	203722245	203736137	2	8488	38358.5904	3504.9516	730	1
3_MACS_peak_15252_lociStitched	chr2	197126506	197142373	3	9669	27167.4774	2844.9531	731	1
1_MACS_peak_26753_lociStitched	chr9	22236421	22245691	1	9271	29646.387	1362.69	733	1
3_MACS_peak_546_lociStitched	chr1	36614131	36627592	3	9668	26838.5418	2740.6596	734	1
2_MACS_peak_8012_lociStitched	chr14	72980523	72990249	2	9691	25145.6004	1338.2976	735	1
3_MACS_peak_16638_lociStitched	chr21	34696028	34713083	3	9707	28178.271	4635.549	736	1
2_MACS_peak_20958_lociStitched	chr5	43006830	43021200	2	9024	33211.944	3171.459	737	1
1_MACS_peak_16249_lociStitched	chr20	46038806	46047396	1	8591	34625.431	1894.954	744	1
1_MACS_peak_2134_lociStitched	chr1	192542093	192551366	1	9274	29362.0272	3181.5663	748	1
3_MACS_peak_5921_lociStitched	chr12	32664373	32679333	3	9277	28739.656	2595.56	749	1
2_MACS_peak_22625_lociStitched	chr6	30648928	30659502	2	9517	25084.7002	2148.6368	755	1
1_MACS_peak_16251_lociStitched	chr20	46095080	46104319	1	9240	27137.7147	1531.8262	762	1
3_MACS_peak_1660_lociStitched	chr1	154942254	154957673	3	9433	28008.6135	4767.5548	766	1
3_MACS_peak_1207_lociStitched	chr1	107991865	108004306	3	9242	25976.808	1296.3522	770	1
3_MACS_peak_17231_lociStitched	chr22	39408929	39422665	3	9163	27500.8456	2462.8648	773	1
3_MACS_peak_566_lociStitched	chr1	37930698	37946297	3	9344	25697.7926	2890.4947	775	1
3_MACS_peak_24639_lociStitched	chr7	76949929	76965849	3	9123	28022.384	2786	776	1
1_MACS_peak_14801_lociStitched	chr2	135162404	135170811	1	8408	33105.9253	1894.0971	785	1
2_MACS_peak_25790_lociStitched	chr8	38792353	38802993	2	8289	33941.6	2024.792	788	1
2_MACS_peak_12939_lociStitched	chr19	28950799	28962490	2	8802	29371.2993	1948.8897	791	1
1_MACS_peak_14145_lociStitched	chr2	66659608	66668353	1	8746	29625.4365	1695.6555	792	1
2_MACS_peak_16998_lociStitched	chr22	24822129	24831897	2	8145	34478.1096	1748.472	795	1
3_MACS_peak_22706_lociStitched	chr6	33279711	33292868	3	8899	29248.011	2990.5861	796	1
2_MACS_peak_17147_lociStitched	chr22	36648138	36657110	2	8571	30967.7552	1767.484	799	1
2_MACS_peak_9851_lociStitched	chr16	30193675	30206548	2	8178	34811.1666	2833.3473	803	1
2_MACS_peak_22680_lociStitched	chr6	32156349	32165768	2	8936	26526.7297	1503.2724	806	1
1_MACS_peak_23532_lociStitched	chr6	130002636	130010980	1	8345	31777.2896	1849.8648	812	1
2_MACS_peak_18343_lociStitched	chr3	104237455	104247049	2	8223	32667.57	1974.4452	814	1
1_MACS_peak_18595_lociStitched	chr3	129892581	129900811	1	8231	32109.345	1813.069	820	1
1_MACS_peak_6514_lociStitched	chr12	92533229	92542075	1	8847	26684.8436	2071.7332	823	1
1_MACS_peak_17144_lociStitched	chr22	36551915	36560279	1	8365	30985.2744	1941.2844	825	1
1_MACS_peak_13767_lociStitched	chr2	33716530	33724862	1	8333	31176.6776	1908.8612	827	1
3_MACS_peak_12780_lociStitched	chr19	16180271	16198265	3	8847	27239.3172	2996.001	829	1
2_MACS_peak_19122_lociStitched	chr3	183267880	183279004	2	8754	28341.7272	3195.9252	830	1
2_MACS_peak_2049_lociStitched	chr1	183439121	183451633	2	8821	28255.8496	4185.264	837	1
2_MACS_peak_19052_lociStitched	chr3	178677893	178690260	2	8681	28293.2226	2828.3329	838	1
2_MACS_peak_1769_lociStitched	chr1	159035740	159048454	2	8234	33543.3462	4098.9936	840	1
2_MACS_peak_3803_lociStitched	chr10	104401199	104413027	2	8501	28918.2772	2192.9112	846	1
2_MACS_peak_13867_lociStitched	chr2	43354290	43363444	2	8401	28414.9314	1533.295	855	1
1_MACS_peak_10547_lociStitched	chr17	6062811	6071171	1	8361	28967.4	1843.38	856	1
2_MACS_peak_25420_lociStitched	chr8	1990608	2000902	2	8477	27678.5072	1964.0952	863	1
2_MACS_peak_18831_lociStitched	chr3	156533588	156545027	2	8225	30378.5523	2468.5362	865	1
2_MACS_peak_1731_lociStitched	chr1	156627034	156635929	2	8539	27672.345	2657.826	866	1
1_MACS_peak_18446_lociStitched	chr3	119354613	119363119	1	8507	27206.441	1957.2306	867	1
2_MACS_peak_10522_lociStitched	chr17	4842134	4854639	2	8197	30325.8755	2594.7875	873	1
2_MACS_peak_23075_lociStitched	chr6	74224299	74234461	2	8629	25948.667	2504.933	876	1
2_MACS_peak_25047_lociStitched	chr7	122822626	122832909	2	8667	25350.6799	2617.0235	880	1
2_MACS_peak_26452_lociStitched	chr8	134221303	134233064	2	8426	26383.4513	1986.4329	892	1
2_MACS_peak_25555_lociStitched	chr8	19241643	19252290	2	8089	29129.1273	1845.1251	894	1
2_MACS_peak_14334_lociStitched	chr2	85928107	85938385	2	8346	26771.1066	1837.7064	896	1
1_MACS_peak_27888_lociStitched	chrX	12904574	12912678	1	8105	26511.4256	1132.1288	922	1
3_MACS_peak_9306_lociStitched	chr15	93373426	93389637	3	8215	26511.4694	2673.1939	930	1
1_MACS_peak_24192_lociStitched	chr7	26190819	26198894	1	8076	24678.0075	1930.7325	975	1
