#RPMI8226_H3K27ac_peaks Enhancers
#Created from /data/projects/IRF4_mm_trn_data/myeloma_public_data/rose/RPMI8226_H3K27ac_ROSE/RPMI8226_H3K27ac_peaks_4KB_STITCHED_ENHANCER_REGION_MAP.txt
#Ranked by RPMI8226_jia.bam
#Using cutoff of 19240.8204 for Super-Enhancers
#Created on Jul 16 2024 
REGION_ID	CHROM	START	STOP	NUM_LOCI	CONSTITUENT_SIZE	RPMI8226_jia.bam	enhancerRank	isStretch
6_MACS_peak_22185_lociStitched	chr8	115522456	115567364	6	42940	61339.8372	1	1
10_MACS_peak_20524_lociStitched	chr7	30323435	30371307	10	42320	60017.1264	2	1
12_MACS_peak_17694_lociStitched	chr5	14199538	14253841	12	42309	44875.9992	3	1
4_MACS_peak_14735_lociStitched	chr22	23261486	23302894	4	37259	285959.5072	4	1
8_MACS_peak_12754_lociStitched	chr2	89130720	89171361	8	36856	39080.3856	5	1
12_MACS_peak_10566_lociStitched	chr18	67272886	67315858	12	34948	31717.6332	6	1
6_MACS_peak_23858_lociStitched	chrX	48768094	48806065	6	33316	57545.0505	7	1
8_MACS_peak_9800_lociStitched	chr17	62149806	62187294	8	33263	46327.6704	8	1
4_MACS_peak_17890_lociStitched	chr5	55436898	55473599	4	33262	75435.2354	9	1
3_MACS_peak_1694_lociStitched	chr1	161409424	161442633	3	33094	74677.0783	10	1
13_MACS_peak_19101_lociStitched	chr6	26155260	26208219	13	33050	65955.1386	11	1
2_MACS_peak_21430_lociStitched	chr7	148394440	148425226	2	30614	54198.753	12	1
6_MACS_peak_11914_lociStitched	chr19	54871003	54903503	6	30337	82702.75	13	1
18_MACS_peak_17489_lociStitched	chr4	180977821	181014502	18	29625	32517.7065	14	1
13_MACS_peak_19125_lociStitched	chr6	26320566	26368220	13	29589	42612.2068	15	1
4_MACS_peak_1408_lociStitched	chr1	149800426	149836503	4	29424	132947.3527	16	1
6_MACS_peak_17686_lociStitched	chr5	14142609	14179885	6	29422	40757.5784	17	1
7_MACS_peak_17009_lociStitched	chr4	71522828	71555146	7	28199	34198.9076	18	1
2_MACS_peak_13045_lociStitched	chr2	134874950	134902031	2	27029	73283.8941	19	1
12_MACS_peak_18931_lociStitched	chr6	9375266	9408785	12	26709	24013.0116	20	1
15_MACS_peak_6998_lociStitched	chr15	22009749	22041464	15	25609	25835.039	21	1
12_MACS_peak_13467_lociStitched	chr2	216744974	216785108	12	25135	29205.5118	22	1
3_MACS_peak_4010_lociStitched	chr11	65253775	65278842	3	25025	83916.7959	23	1
7_MACS_peak_9287_lociStitched	chr17	32690988	32720590	7	24732	42825.2134	24	1
3_MACS_peak_6668_lociStitched	chr14	77486852	77512274	3	24679	60392.5032	25	1
8_MACS_peak_20738_lociStitched	chr7	55612960	55642559	8	24631	43510.53	26	1
7_MACS_peak_20975_lociStitched	chr7	90337792	90367597	7	24465	30949.512	27	1
5_MACS_peak_16259_lociStitched	chr3	141085002	141110871	5	24240	46750.4568	28	1
1_MACS_peak_18917_lociStitched	chr6	7897638	7921802	1	24165	72216.5304	29	1
4_MACS_peak_1614_lociStitched	chr1	156450697	156479761	4	23946	78917.4792	30	1
7_MACS_peak_6939_lociStitched	chr14	106023698	106057526	7	23940	56617.9236	31	1
7_MACS_peak_10009_lociStitched	chr17	76117418	76152295	7	23893	67898.5436	32	1
7_MACS_peak_17151_lociStitched	chr4	90205515	90229988	7	23528	31401.3063	33	1
10_MACS_peak_12821_lociStitched	chr2	99071273	99106689	10	23416	34222.4808	34	1
15_MACS_peak_6967_lociStitched	chr15	21003541	21033809	15	22771	26408.83	35	1
4_MACS_peak_14580_lociStitched	chr21	45552512	45581301	4	22630	74957.9193	36	1
7_MACS_peak_6947_lociStitched	chr14	106144136	106173168	7	21779	51372.124	37	1
3_MACS_peak_2509_lociStitched	chr10	7510813	7535786	3	21596	35524.0925	38	1
3_MACS_peak_8770_lociStitched	chr16	87883535	87905390	3	21583	40999.98	39	1
3_MACS_peak_18314_lociStitched	chr5	131744803	131767292	3	21352	51760.6824	40	1
9_MACS_peak_10668_lociStitched	chr19	1237471	1277560	9	21347	67273.3509	41	1
5_MACS_peak_19819_lociStitched	chr6	106531251	106555558	5	21279	24151.4352	42	1
6_MACS_peak_19163_lociStitched	chr6	27094329	27117307	6	21159	35064.428	43	1
5_MACS_peak_3969_lociStitched	chr11	64611372	64638276	5	21156	54835.7328	44	1
4_MACS_peak_2039_lociStitched	chr1	206282323	206310606	4	20962	45773.2072	45	1
3_MACS_peak_9727_lociStitched	chr17	56405229	56430707	3	20935	78191.982	46	1
4_MACS_peak_9105_lociStitched	chr17	17721198	17744613	4	20911	71694.3885	47	1
6_MACS_peak_20646_lociStitched	chr7	44653375	44680578	6	20636	34468.9213	48	1
6_MACS_peak_21144_lociStitched	chr7	102062618	102092598	6	20333	56221.494	49	1
3_MACS_peak_14205_lociStitched	chr20	52195057	52215569	3	20246	30091.104	50	1
3_MACS_peak_15601_lociStitched	chr3	46389530	46414235	3	20193	48688.614	51	1
5_MACS_peak_9402_lociStitched	chr17	38462925	38487392	5	20164	46198.5894	52	1
7_MACS_peak_2732_lociStitched	chr10	45389552	45410741	7	20067	38595.7635	53	1
3_MACS_peak_2049_lociStitched	chr1	206727710	206750834	3	20055	67494.3312	54	1
7_MACS_peak_12858_lociStitched	chr2	107102407	107129943	7	19818	34279.5664	55	1
7_MACS_peak_7063_lociStitched	chr15	31615688	31647230	7	19710	50101.3128	56	1
4_MACS_peak_12564_lociStitched	chr2	68636259	68656982	4	19680	32332.0246	57	1
5_MACS_peak_15594_lociStitched	chr3	46320273	46348354	5	19679	34427.306	58	1
1_MACS_peak_18829_lociStitched	chr6	314834	334446	1	19613	61724.8476	59	1
4_MACS_peak_15266_lociStitched	chr22	50962551	50983750	4	19591	66492.7834	60	1
6_MACS_peak_3948_lociStitched	chr11	63992621	64020360	6	19479	71569.3939	61	1
4_MACS_peak_4750_lociStitched	chr12	11900780	11920673	4	19465	25958.3757	62	1
6_MACS_peak_23315_lociStitched	chr9	134127325	134154522	6	19344	44295.7539	63	1
13_MACS_peak_17588_lociStitched	chr4	190991390	191013931	13	19211	32815.1878	64	1
2_MACS_peak_18827_lociStitched	chr6	288919	309558	2	19184	107853.2223	65	1
7_MACS_peak_7426_lociStitched	chr15	67369948	67396144	7	19121	32629.7376	66	1
4_MACS_peak_2900_lociStitched	chr10	74075247	74097307	4	18847	47640.776	67	1
4_MACS_peak_3892_lociStitched	chr11	62305396	62327475	4	18601	54226.024	68	1
7_MACS_peak_19595_lociStitched	chr6	52147862	52173805	7	18243	28698.1466	69	1
2_MACS_peak_8679_lociStitched	chr16	79948387	79966681	2	18231	32808.4596	70	1
4_MACS_peak_12146_lociStitched	chr2	20405087	20426347	4	18201	52189.048	71	1
4_MACS_peak_13642_lociStitched	chr2	236402292	236424114	4	18143	34496.2176	72	1
8_MACS_peak_4686_lociStitched	chr12	7045695	7081137	8	18020	35916.9228	73	1
1_MACS_peak_2349_lociStitched	chr1	234733395	234751394	1	18000	95385.7005	74	1
8_MACS_peak_1269_lociStitched	chr1	118186611	118209437	8	17918	26380.0082	75	1
5_MACS_peak_6791_lociStitched	chr14	94418639	94445805	5	17785	31860.2848	76	1
3_MACS_peak_20234_lociStitched	chr6	160389338	160411634	3	17701	35439.492	77	1
3_MACS_peak_12799_lociStitched	chr2	97186287	97205989	3	17611	52273.3464	78	1
3_MACS_peak_1742_lociStitched	chr1	167507551	167526049	3	17392	46585.3632	79	1
4_MACS_peak_15299_lociStitched	chr3	5223170	5247383	4	17240	38278.3317	80	1
7_MACS_peak_2886_lociStitched	chr10	74003458	74024919	7	17197	28837.1457	81	1
7_MACS_peak_8517_lociStitched	chr16	67191398	67218500	7	17182	53298.7932	82	1
3_MACS_peak_17937_lociStitched	chr5	60612816	60632694	3	17158	49965.3408	83	1
2_MACS_peak_21459_lociStitched	chr7	150062799	150084022	2	17138	63473.7484	84	1
5_MACS_peak_8733_lociStitched	chr16	85632733	85651346	5	17105	32541.1079	85	1
4_MACS_peak_20208_lociStitched	chr6	158243950	158272336	4	17091	26001.576	86	1
4_MACS_peak_2970_lociStitched	chr10	81946684	81966194	4	17002	28287.549	87	1
8_MACS_peak_11055_lociStitched	chr19	12885820	12918289	8	16932	43576.6449	88	1
4_MACS_peak_19311_lociStitched	chr6	31783405	31805233	4	16819	32311.9884	89	1
7_MACS_peak_10438_lociStitched	chr18	46439307	46462829	7	16752	26215.269	90	1
7_MACS_peak_17929_lociStitched	chr5	60556887	60577849	7	16577	26651.0868	91	1
3_MACS_peak_23330_lociStitched	chr9	134597764	134616059	3	16484	45252.6825	92	1
4_MACS_peak_13517_lociStitched	chr2	219735410	219763226	4	16369	33501.5904	93	1
5_MACS_peak_9081_lociStitched	chr17	16870180	16895287	5	16293	30522.5799	94	1
3_MACS_peak_10320_lociStitched	chr18	20803577	20823752	3	16193	26150.835	95	1
9_MACS_peak_2875_lociStitched	chr10	73619716	73651003	9	16056	22783.1934	96	1
5_MACS_peak_1600_lociStitched	chr1	156115779	156136509	5	16013	22585.335	97	1
3_MACS_peak_1509_lociStitched	chr1	154370186	154394401	3	15919	50534.2835	98	1
1_MACS_peak_14995_lociStitched	chr22	38782195	38798104	1	15910	37079.1063	99	1
3_MACS_peak_17533_lociStitched	chr4	185324199	185345112	3	15908	19616.394	100	1
1_MACS_peak_13367_lociStitched	chr2	201979411	201995057	1	15647	46354.4042	101	1
5_MACS_peak_22415_lociStitched	chr8	145002326	145027980	5	15639	33837.626	102	1
7_MACS_peak_8178_lociStitched	chr16	22195101	22219609	7	15607	32666.7132	103	1
1_MACS_peak_4003_lociStitched	chr11	65183463	65198852	1	15390	89941.0105	104	1
4_MACS_peak_20565_lociStitched	chr7	34774016	34796692	4	15368	18664.6156	105	1
3_MACS_peak_4192_lociStitched	chr11	72850571	72869929	3	15342	37591.3002	106	1
5_MACS_peak_1595_lociStitched	chr1	156083212	156100389	5	15327	35485.9643	107	1
5_MACS_peak_2094_lociStitched	chr1	209814622	209834704	5	15251	37195.8804	108	1
1_MACS_peak_5069_lociStitched	chr12	53590607	53605683	1	15077	28801.1904	109	1
4_MACS_peak_15039_lociStitched	chr22	39630785	39651934	4	15069	37829.2163	110	1
4_MACS_peak_15854_lociStitched	chr3	69128149	69145672	4	14967	33822.8946	111	1
6_MACS_peak_13461_lociStitched	chr2	216686319	216707279	6	14928	21446.272	112	1
3_MACS_peak_23381_lociStitched	chr9	137281762	137300696	3	14914	50301.9578	113	1
3_MACS_peak_20515_lociStitched	chr7	29710878	29726172	3	14908	24542.2818	114	1
4_MACS_peak_8271_lociStitched	chr16	29815432	29837266	4	14906	52043.5224	115	1
2_MACS_peak_9808_lociStitched	chr17	62195191	62210170	2	14830	30052.3677	116	1
2_MACS_peak_5662_lociStitched	chr12	123370554	123387012	2	14823	28019.745	117	1
4_MACS_peak_11966_lociStitched	chr19	56145740	56170499	4	14762	48955.9707	118	1
7_MACS_peak_10750_lociStitched	chr19	2607173	2632347	7	14758	29355.4014	119	1
3_MACS_peak_8666_lociStitched	chr16	79629074	79644617	3	14751	27209.5758	120	1
2_MACS_peak_11493_lociStitched	chr19	39887772	39903914	2	14741	66735.8706	121	1
8_MACS_peak_3260_lociStitched	chr10	119120011	119136047	8	14705	15833.9464	122	1
4_MACS_peak_6880_lociStitched	chr14	103565743	103581625	4	14696	36547.6584	123	1
2_MACS_peak_23738_lociStitched	chrX	39953157	39969639	2	14524	53174.2284	124	1
3_MACS_peak_15935_lociStitched	chr3	98479803	98495513	3	14514	18855.142	125	1
4_MACS_peak_8080_lociStitched	chr16	11821546	11843133	4	14478	25712.2757	126	1
15_MACS_peak_17731_lociStitched	chr5	25434962	25456599	15	14430	10721.1335	127	1
4_MACS_peak_23549_lociStitched	chrX	7024851	7040271	4	14240	19153.182	128	1
10_MACS_peak_3388_lociStitched	chr10	135477887	135495711	10	14221	25769.9392	129	1
4_MACS_peak_6987_lociStitched	chr15	21914299	21933577	4	14155	20814.4566	130	1
7_MACS_peak_10396_lociStitched	chr18	42279418	42297787	7	14021	14243.3226	131	1
7_MACS_peak_5326_lociStitched	chr12	92932281	92956053	7	14013	13961.2956	132	1
2_MACS_peak_4778_lociStitched	chr12	12866216	12880263	2	13999	43830.8541	133	1
3_MACS_peak_13657_lociStitched	chr2	238599795	238614054	3	13944	23152.3383	134	1
4_MACS_peak_10718_lociStitched	chr19	2080966	2097963	4	13861	34503.91	135	1
16_MACS_peak_17167_lociStitched	chr4	96445485	96472103	16	13838	14466.883	136	1
2_MACS_peak_19051_lociStitched	chr6	20200354	20214240	2	13744	31598.9816	137	1
7_MACS_peak_7116_lociStitched	chr15	40389717	40409179	7	13673	21760.4622	138	1
2_MACS_peak_4958_lociStitched	chr12	48200846	48215038	2	13622	43721.2944	139	1
6_MACS_peak_10727_lociStitched	chr19	2254848	2274311	6	13617	38632.1087	140	1
3_MACS_peak_728_lociStitched	chr1	40839170	40856330	3	13595	25292.124	141	1
4_MACS_peak_11344_lociStitched	chr19	29068072	29083190	4	13528	19907.3824	142	1
1_MACS_peak_16320_lociStitched	chr3	151910581	151924096	1	13516	32564.3925	143	1
3_MACS_peak_23232_lociStitched	chr9	130828450	130845324	3	13510	32399.7674	144	1
2_MACS_peak_9257_lociStitched	chr17	29635817	29649455	2	13490	19236.399	145	1
3_MACS_peak_23127_lociStitched	chr9	124100513	124114585	3	13435	20504.3112	146	1
3_MACS_peak_23290_lociStitched	chr9	132643960	132659123	3	13426	36066.7118	147	1
1_MACS_peak_1268_lociStitched	chr1	118168370	118181758	1	13389	24232.28	148	1
2_MACS_peak_12355_lociStitched	chr2	43439724	43456791	2	13343	57843.4764	149	1
4_MACS_peak_16444_lociStitched	chr3	177062501	177081036	4	13337	53480.889	150	1
6_MACS_peak_14939_lociStitched	chr22	37607540	37627712	6	13332	21505.3692	151	1
8_MACS_peak_3208_lociStitched	chr10	112169017	112185236	8	13277	13458.5262	152	1
1_MACS_peak_9756_lociStitched	chr17	57913758	57926995	1	13238	21061.3907	153	1
2_MACS_peak_23169_lociStitched	chr9	127621761	127637205	2	13150	55388.3616	154	1
6_MACS_peak_3229_lociStitched	chr10	112617080	112634895	6	13148	21160.657	155	1
5_MACS_peak_11634_lociStitched	chr19	45241450	45259133	5	13142	39173.1499	156	1
2_MACS_peak_18967_lociStitched	chr6	11824829	11838236	2	13091	25175.6646	157	1
4_MACS_peak_16322_lociStitched	chr3	151984239	152001779	4	13056	32317.45	158	1
4_MACS_peak_22395_lociStitched	chr8	144594640	144611243	4	13009	22809.2014	159	1
4_MACS_peak_8555_lociStitched	chr16	68278396	68299975	4	12956	32390.079	160	1
2_MACS_peak_18317_lociStitched	chr5	131790732	131804998	2	12954	37229.9802	161	1
1_MACS_peak_489_lociStitched	chr1	27018385	27031330	1	12946	59100.3975	162	1
2_MACS_peak_1584_lociStitched	chr1	155938911	155952332	2	12941	69461.7276	163	1
9_MACS_peak_19982_lociStitched	chr6	128212923	128230103	9	12928	10543.366	164	1
4_MACS_peak_19192_lociStitched	chr6	27791058	27808320	4	12926	28093.905	165	1
5_MACS_peak_5619_lociStitched	chr12	121565931	121583876	5	12880	24830.4965	166	1
3_MACS_peak_12887_lociStitched	chr2	110086076	110100590	3	12864	15892.83	167	1
2_MACS_peak_11348_lociStitched	chr19	29091584	29106326	2	12856	33888.9096	168	1
8_MACS_peak_4759_lociStitched	chr12	11974287	11990770	8	12837	14167.1385	169	1
3_MACS_peak_8939_lociStitched	chr17	4837593	4856637	3	12836	37191.0276	170	1
5_MACS_peak_17770_lociStitched	chr5	32530164	32543479	5	12829	16485.3015	171	1
1_MACS_peak_9597_lociStitched	chr17	46123831	46136641	1	12811	49869.33	172	1
3_MACS_peak_18601_lociStitched	chr5	156306757	156322069	3	12805	22416.768	173	1
3_MACS_peak_13895_lociStitched	chr20	25261619	25282492	3	12785	30553.8974	174	1
1_MACS_peak_10493_lociStitched	chr18	52979421	52992201	1	12781	20697.21	175	1
3_MACS_peak_5197_lociStitched	chr12	58227276	58241321	3	12762	34113.9005	176	1
4_MACS_peak_10981_lociStitched	chr19	10521832	10536536	4	12744	27689.1024	177	1
4_MACS_peak_11339_lociStitched	chr19	29018036	29034712	4	12740	13495.8868	178	1
3_MACS_peak_10701_lociStitched	chr19	1847348	1865605	3	12695	43148.5938	179	1
2_MACS_peak_18249_lociStitched	chr5	118663585	118678724	2	12688	18914.6666	180	1
3_MACS_peak_18552_lociStitched	chr5	150459327	150475739	3	12667	33244.1472	181	1
2_MACS_peak_16439_lociStitched	chr3	176908510	176921446	2	12607	59848.404	182	1
3_MACS_peak_9426_lociStitched	chr17	39821046	39836172	3	12592	36612.483	183	1
3_MACS_peak_1419_lociStitched	chr1	150120629	150138989	3	12576	37518.66	184	1
5_MACS_peak_15584_lociStitched	chr3	46132387	46153715	5	12510	18118.136	185	1
12_MACS_peak_10583_lociStitched	chr18	68988208	69006563	12	12447	8371.7155	186	1
9_MACS_peak_6111_lociStitched	chr13	104546854	104564969	9	12443	9430.669	187	1
6_MACS_peak_2340_lociStitched	chr1	234622927	234646073	6	12425	20322.188	188	1
5_MACS_peak_19856_lociStitched	chr6	108908188	108921289	5	12377	10575.1272	189	1
3_MACS_peak_18798_lociStitched	chr5	180228843	180247866	3	12365	32261.1057	190	1
2_MACS_peak_1266_lociStitched	chr1	118147839	118160180	2	12330	17411.9169	191	1
1_MACS_peak_16438_lociStitched	chr3	176858787	176871107	1	12321	28241.136	192	1
3_MACS_peak_8674_lociStitched	chr16	79902394	79915665	3	12263	32455.5576	193	1
3_MACS_peak_22296_lociStitched	chr8	128740131	128754776	3	12258	36211.227	194	1
5_MACS_peak_10644_lociStitched	chr19	908741	927779	5	12230	43507.5414	195	1
4_MACS_peak_12065_lociStitched	chr2	8651678	8666810	4	12223	22993.074	196	1
4_MACS_peak_15028_lociStitched	chr22	39459351	39474822	4	12219	16258.4739	197	1
2_MACS_peak_1582_lociStitched	chr1	155903012	155918935	2	12205	34404.8261	198	1
4_MACS_peak_16606_lociStitched	chr3	195265724	195279232	4	12202	20736.1308	199	1
5_MACS_peak_23615_lociStitched	chrX	13670528	13688753	5	12104	14432.3775	200	1
1_MACS_peak_5451_lociStitched	chr12	108953435	108965506	1	12072	27165.7855	201	1
6_MACS_peak_16383_lociStitched	chr3	166783871	166802889	6	12064	13169.965	202	1
1_MACS_peak_18823_lociStitched	chr6	218141	230195	1	12055	29067.0156	203	1
2_MACS_peak_8077_lociStitched	chr16	11770800	11784576	2	12048	19913.208	204	1
4_MACS_peak_24_lociStitched	chr1	1071300	1085997	4	12014	44501.0463	205	1
2_MACS_peak_16312_lociStitched	chr3	150314272	150329455	2	11995	34611.1668	206	1
3_MACS_peak_23218_lociStitched	chr9	130531826	130549740	3	11909	56006.3296	207	1
4_MACS_peak_13308_lociStitched	chr2	197030747	197048638	4	11869	19306.1781	208	1
3_MACS_peak_20356_lociStitched	chr7	5458840	5476171	3	11789	41103.9327	209	1
5_MACS_peak_9393_lociStitched	chr17	38253847	38270746	5	11778	19717.7532	210	1
5_MACS_peak_21131_lociStitched	chr7	101916580	101935833	5	11739	31798.2548	211	1
3_MACS_peak_9303_lociStitched	chr17	33405311	33417305	3	11698	22208.0904	212	1
4_MACS_peak_20672_lociStitched	chr7	45438184	45451231	4	11695	21033.0687	213	1
2_MACS_peak_22300_lociStitched	chr8	128800642	128816656	2	11666	37564.0398	214	1
6_MACS_peak_8261_lociStitched	chr16	29605148	29625679	6	11662	19888.3797	215	1
3_MACS_peak_23121_lociStitched	chr9	123686410	123699309	3	11628	30497.1057	216	1
7_MACS_peak_8162_lociStitched	chr16	21511942	21532415	7	11625	29284.5792	217	1
3_MACS_peak_7527_lociStitched	chr15	75068871	75083731	3	11620	28630.762	218	1
3_MACS_peak_7060_lociStitched	chr15	31545572	31560575	3	11598	34488.8964	219	1
3_MACS_peak_18320_lociStitched	chr5	131823193	131837578	3	11589	29447.5335	220	1
4_MACS_peak_8405_lociStitched	chr16	50298820	50318816	4	11587	22925.414	221	1
4_MACS_peak_847_lociStitched	chr1	46786301	46807311	4	11579	22035.288	222	1
3_MACS_peak_11909_lociStitched	chr19	54703796	54715575	3	11549	18018.3363	223	1
2_MACS_peak_10016_lociStitched	chr17	76163926	76177580	2	11541	33546.5126	224	1
3_MACS_peak_23606_lociStitched	chrX	13015031	13027675	3	11499	13956.4472	225	1
2_MACS_peak_16632_lociStitched	chr3	196358035	196371276	2	11474	43637.0396	226	1
4_MACS_peak_17525_lociStitched	chr4	185264162	185276845	4	11449	11207.9671	227	1
5_MACS_peak_6492_lociStitched	chr14	63934191	63947879	5	11420	12283.6112	228	1
2_MACS_peak_10237_lociStitched	chr18	9060245	9074386	2	11419	27070.1163	229	1
3_MACS_peak_19752_lociStitched	chr6	90057536	90069844	3	11410	19569.72	230	1
3_MACS_peak_15608_lociStitched	chr3	46453689	46466482	3	11406	20760.4804	231	1
6_MACS_peak_20547_lociStitched	chr7	32766788	32780872	6	11406	15881.1184	232	1
4_MACS_peak_12988_lociStitched	chr2	122572591	122587688	4	11395	11632.2385	233	1
3_MACS_peak_5640_lociStitched	chr12	122231613	122250603	3	11353	53027.676	234	1
2_MACS_peak_20466_lociStitched	chr7	23506320	23518533	2	11351	39531.0384	235	1
4_MACS_peak_1549_lociStitched	chr1	155096106	155113453	4	11344	32340.0121	236	1
1_MACS_peak_8673_lociStitched	chr16	79872762	79884096	1	11335	23504.4492	237	1
3_MACS_peak_22134_lociStitched	chr8	103538561	103550810	3	11303	19767.4362	238	1
2_MACS_peak_6179_lociStitched	chr13	114556684	114568593	2	11287	57196.5452	239	1
6_MACS_peak_11164_lociStitched	chr19	16251858	16272666	6	11265	15990.948	240	1
1_MACS_peak_4941_lociStitched	chr12	46776019	46787259	1	11241	34758.576	241	1
4_MACS_peak_15469_lociStitched	chr3	32461036	32481483	4	11203	19477.8122	242	1
3_MACS_peak_11189_lociStitched	chr19	16694141	16706613	3	11180	28121.8656	243	1
2_MACS_peak_15051_lociStitched	chr22	39832742	39846032	2	11170	25013.109	244	1
4_MACS_peak_13127_lociStitched	chr2	160746304	160761859	4	11122	13000.869	245	1
4_MACS_peak_7733_lociStitched	chr15	93346531	93364473	4	11122	24185.816	246	1
2_MACS_peak_9647_lociStitched	chr17	47814779	47827527	2	11105	20488.5856	247	1
5_MACS_peak_10713_lociStitched	chr19	2049051	2062885	5	11082	40151.8016	248	1
4_MACS_peak_15292_lociStitched	chr3	5017641	5029244	4	11067	27471.2628	249	1
7_MACS_peak_18604_lociStitched	chr5	156339924	156360685	7	11067	17460.001	250	1
1_MACS_peak_21524_lociStitched	chr7	156799719	156810770	1	11052	37465.1002	251	1
2_MACS_peak_1624_lociStitched	chr1	156709660	156723304	2	11040	53005.5756	252	1
1_MACS_peak_21679_lociStitched	chr8	23074916	23085904	1	10989	21236.5076	253	1
3_MACS_peak_8036_lociStitched	chr16	10961777	10976550	3	10983	23846.5766	254	1
2_MACS_peak_8089_lociStitched	chr16	12056512	12071780	2	10972	24153.976	255	1
1_MACS_peak_10557_lociStitched	chr18	60977473	60988402	1	10930	28642.7232	256	1
4_MACS_peak_12436_lociStitched	chr2	54795633	54809625	4	10916	12338.1456	257	1
7_MACS_peak_2768_lociStitched	chr10	52256375	52273512	7	10880	11231.5898	258	1
6_MACS_peak_6615_lociStitched	chr14	74224102	74241641	6	10855	21825.5316	259	1
4_MACS_peak_12505_lociStitched	chr2	64429146	64443397	4	10845	16133.5571	260	1
3_MACS_peak_23114_lociStitched	chr9	123630349	123646227	3	10842	37892.847	261	1
2_MACS_peak_14815_lociStitched	chr22	29187031	29199813	2	10836	28647.0184	262	1
2_MACS_peak_11608_lociStitched	chr19	44256795	44271966	2	10821	32890.728	263	1
4_MACS_peak_15058_lociStitched	chr22	39914801	39929443	4	10812	30443.6464	264	1
3_MACS_peak_12123_lociStitched	chr2	11883481	11895179	3	10788	25920.4284	265	1
4_MACS_peak_4014_lociStitched	chr11	65306962	65326880	4	10781	28004.708	266	1
3_MACS_peak_1536_lociStitched	chr1	154942344	154957635	3	10731	33257.925	267	1
4_MACS_peak_22229_lociStitched	chr8	120918702	120935412	4	10722	15309.702	268	1
4_MACS_peak_11744_lociStitched	chr19	48823482	48837806	4	10716	24178.912	269	1
4_MACS_peak_14295_lociStitched	chr20	62358017	62372972	4	10710	17421.0795	270	1
2_MACS_peak_4381_lociStitched	chr11	111240868	111251859	2	10708	21496.1978	271	1
8_MACS_peak_11142_lociStitched	chr19	15392755	15413353	8	10703	10731.558	272	1
2_MACS_peak_19089_lociStitched	chr6	25403255	25414226	2	10688	16494.8985	273	1
4_MACS_peak_15544_lociStitched	chr3	43662704	43674041	4	10687	15604.2468	274	1
2_MACS_peak_14911_lociStitched	chr22	36645322	36656069	2	10623	22041.0223	275	1
1_MACS_peak_10230_lociStitched	chr18	7566340	7576956	1	10617	19365.7072	276	1
5_MACS_peak_23031_lociStitched	chr9	112904475	112921044	5	10614	11962.818	277	1
3_MACS_peak_3879_lociStitched	chr11	61730274	61742859	3	10594	26414.6565	278	1
1_MACS_peak_1539_lociStitched	chr1	154969609	154980183	1	10575	80728.2604	279	1
1_MACS_peak_18200_lociStitched	chr5	109023721	109034285	1	10565	25530.0188	280	1
4_MACS_peak_1606_lociStitched	chr1	156181992	156198890	4	10564	22874.8226	281	1
4_MACS_peak_15716_lociStitched	chr3	50637544	50655919	4	10563	19126.5375	282	1
4_MACS_peak_18105_lociStitched	chr5	87954905	87972786	4	10562	30805.3868	283	1
4_MACS_peak_17253_lociStitched	chr4	113200800	113212657	4	10551	17659.8158	284	1
3_MACS_peak_2255_lociStitched	chr1	226838618	226851866	3	10546	23908.6656	285	1
5_MACS_peak_10045_lociStitched	chr17	76767507	76780541	5	10545	24344.9052	286	1
2_MACS_peak_17829_lociStitched	chr5	43007218	43021862	2	10543	50865.934	287	1
4_MACS_peak_18497_lociStitched	chr5	142774207	142785757	4	10526	28790.685	288	1
4_MACS_peak_19121_lociStitched	chr6	26295400	26314637	4	10526	11832.6787	289	1
3_MACS_peak_18570_lociStitched	chr5	151122772	151138926	3	10511	20375.0402	290	1
3_MACS_peak_572_lociStitched	chr1	31943808	31957937	3	10491	19786.2516	291	1
4_MACS_peak_13729_lociStitched	chr20	379899	391300	4	10483	27656.5458	292	1
1_MACS_peak_9540_lociStitched	chr17	43298158	43308629	1	10472	54583.2288	293	1
5_MACS_peak_10063_lociStitched	chr17	77769699	77787969	5	10464	20051.325	294	1
2_MACS_peak_12560_lociStitched	chr2	68589086	68599684	2	10456	17177.2384	295	1
1_MACS_peak_1533_lociStitched	chr1	154907661	154918112	1	10452	38007.1517	296	1
7_MACS_peak_12221_lociStitched	chr2	27375338	27389184	7	10434	12608.1676	297	1
3_MACS_peak_1340_lociStitched	chr1	145152552	145164878	3	10412	19148.441	298	1
3_MACS_peak_5179_lociStitched	chr12	57846052	57856662	3	10410	23621.043	299	1
1_MACS_peak_14137_lociStitched	chr20	45979769	45990150	1	10382	22804.9808	300	1
4_MACS_peak_24277_lociStitched	chrX	153596357	153608846	4	10354	24594.5877	301	1
6_MACS_peak_23434_lociStitched	chr9	139580364	139598238	6	10326	14495.814	302	1
1_MACS_peak_4018_lociStitched	chr11	65335473	65345785	1	10313	46896.9136	303	1
3_MACS_peak_22115_lociStitched	chr8	101503401	101515882	3	10308	15923.2598	304	1
2_MACS_peak_18714_lociStitched	chr5	173311437	173323989	2	10300	14630.6112	305	1
2_MACS_peak_9015_lociStitched	chr17	7737081	7748805	2	10299	24690.744	306	1
2_MACS_peak_8500_lociStitched	chr16	66549324	66560253	2	10291	38052.5922	307	1
7_MACS_peak_14441_lociStitched	chr21	36589240	36607952	7	10277	15985.6616	308	1
2_MACS_peak_20061_lociStitched	chr6	138186163	138196458	2	10275	20891.6435	309	1
4_MACS_peak_19504_lociStitched	chr6	42737690	42752154	4	10274	29525.3632	310	1
2_MACS_peak_24064_lociStitched	chrX	106916263	106930954	2	10265	13855.0821	311	1
2_MACS_peak_5324_lociStitched	chr12	92854700	92864957	2	10252	15440.8878	312	1
2_MACS_peak_2287_lociStitched	chr1	228643220	228654266	2	10245	24131.0916	313	1
3_MACS_peak_16910_lociStitched	chr4	38664424	38677424	3	10244	19403.8	314	1
1_MACS_peak_23469_lociStitched	chr9	140060422	140070654	1	10233	94217.2792	315	1
1_MACS_peak_18830_lociStitched	chr6	390705	400900	1	10196	34311.2725	316	1
2_MACS_peak_7402_lociStitched	chr15	66079547	66090771	2	10174	20269.4216	317	1
2_MACS_peak_17080_lociStitched	chr4	79686284	79700784	2	10172	19605.45	318	1
2_MACS_peak_399_lociStitched	chr1	23850554	23861150	2	10169	33886.008	319	1
3_MACS_peak_13898_lociStitched	chr20	25288837	25300596	3	10148	16005.1749	320	1
4_MACS_peak_4647_lociStitched	chr12	4377542	4390042	4	10115	26376.25	321	1
5_MACS_peak_21998_lociStitched	chr8	81046595	81060774	5	10115	7971.4338	322	1
4_MACS_peak_2591_lociStitched	chr10	21805487	21824580	4	10109	27052.8717	323	1
2_MACS_peak_21314_lociStitched	chr7	128572260	128582380	2	10098	35073.896	324	1
2_MACS_peak_18177_lociStitched	chr5	100232493	100243184	2	10098	29410.941	325	1
3_MACS_peak_5701_lociStitched	chr12	125398249	125412860	3	10097	20681.8705	326	1
4_MACS_peak_18059_lociStitched	chr5	78523382	78537944	4	10092	29170.5984	327	1
3_MACS_peak_17746_lociStitched	chr5	26875595	26886138	3	10076	7816.5802	328	1
3_MACS_peak_1877_lociStitched	chr1	184711500	184726074	3	10070	21098.7798	329	1
6_MACS_peak_19082_lociStitched	chr6	25366288	25379090	6	10044	9999.6422	330	1
4_MACS_peak_16895_lociStitched	chr4	38307352	38322231	4	10042	11749.9463	331	1
4_MACS_peak_10038_lociStitched	chr17	76711097	76722172	4	10012	15043.1725	332	1
3_MACS_peak_13408_lociStitched	chr2	204568194	204583229	3	10009	19568.0525	333	1
1_MACS_peak_15360_lociStitched	chr3	13052043	13062042	1	10000	31090.8906	334	1
2_MACS_peak_817_lociStitched	chr1	45265068	45278889	2	9997	28269.4734	335	1
3_MACS_peak_2363_lociStitched	chr1	235090291	235108018	3	9964	25665.1506	336	1
6_MACS_peak_14963_lociStitched	chr22	38019800	38037235	6	9935	16697.4995	337	1
1_MACS_peak_5160_lociStitched	chr12	57074578	57084499	1	9922	24674.5191	338	1
2_MACS_peak_4001_lociStitched	chr11	65147461	65157478	2	9907	26211.4839	339	1
3_MACS_peak_13378_lociStitched	chr2	202117499	202128324	3	9898	20082.54	340	1
1_MACS_peak_15035_lociStitched	chr22	39539605	39549493	1	9889	33236.5344	341	1
4_MACS_peak_3557_lociStitched	chr11	10323865	10339769	4	9889	17627.9936	342	1
3_MACS_peak_1988_lociStitched	chr1	203266238	203278467	3	9873	28147.4893	343	1
2_MACS_peak_16286_lociStitched	chr3	143558611	143570961	2	9843	14666.86	344	1
3_MACS_peak_10326_lociStitched	chr18	21067539	21084992	3	9841	15550.623	345	1
4_MACS_peak_10124_lociStitched	chr17	79816622	79831235	4	9838	34615.2744	346	1
1_MACS_peak_24266_lociStitched	chrX	153230922	153240757	1	9836	30825.8405	347	1
2_MACS_peak_12927_lociStitched	chr2	112455434	112465729	2	9836	18940.741	348	1
2_MACS_peak_21705_lociStitched	chr8	26428177	26438026	2	9824	25887.1116	349	1
1_MACS_peak_1431_lociStitched	chr1	150532083	150541898	1	9816	53927.536	350	1
6_MACS_peak_22199_lociStitched	chr8	116825137	116835886	6	9797	7275.9981	351	1
2_MACS_peak_5314_lociStitched	chr12	89738278	89749002	2	9735	25815.8852	352	1
5_MACS_peak_22180_lociStitched	chr8	115505865	115516822	5	9722	8282.3963	353	1
5_MACS_peak_7214_lociStitched	chr15	45011328	45023200	5	9711	12483.408	354	1
5_MACS_peak_3325_lociStitched	chr10	125838908	125855224	5	9670	22977.8228	355	1
5_MACS_peak_18556_lociStitched	chr5	150519522	150537880	5	9653	17377.6828	356	1
4_MACS_peak_494_lociStitched	chr1	27152560	27167749	4	9652	19022.7036	357	1
2_MACS_peak_5433_lociStitched	chr12	106530099	106540272	2	9640	18855.6555	358	1
3_MACS_peak_472_lociStitched	chr1	26436563	26454145	3	9608	25377.8588	359	1
4_MACS_peak_3853_lociStitched	chr11	60925626	60936284	4	9603	15772.7742	360	1
3_MACS_peak_19565_lociStitched	chr6	44183657	44193620	3	9600	17738.1252	361	1
6_MACS_peak_23598_lociStitched	chrX	12965014	12980681	6	9596	14752.0472	362	1
2_MACS_peak_9219_lociStitched	chr17	27218230	27230649	2	9592	27520.504	363	1
1_MACS_peak_10539_lociStitched	chr18	60382473	60392046	1	9574	21304.7115	364	1
3_MACS_peak_1837_lociStitched	chr1	181095590	181105456	3	9562	20527.1996	365	1
1_MACS_peak_1351_lociStitched	chr1	145448253	145457812	1	9560	24035.1496	366	1
3_MACS_peak_6924_lociStitched	chr14	105529388	105543400	3	9552	21057.2336	367	1
2_MACS_peak_8461_lociStitched	chr16	57568812	57580360	2	9530	27753.3084	368	1
2_MACS_peak_1948_lociStitched	chr1	200985734	200996574	2	9519	40923.168	369	1
3_MACS_peak_17618_lociStitched	chr5	996625	1011380	3	9510	22958.78	370	1
4_MACS_peak_13429_lociStitched	chr2	207997067	208014782	4	9510	14255.2605	371	1
2_MACS_peak_7742_lociStitched	chr15	93442887	93452414	2	9501	15414.686	372	1
3_MACS_peak_1945_lociStitched	chr1	200856430	200866503	3	9489	22916.075	373	1
4_MACS_peak_4473_lociStitched	chr11	118963980	118979317	4	9488	18685.0671	374	1
4_MACS_peak_15614_lociStitched	chr3	46577869	46591835	4	9485	14894.739	375	1
1_MACS_peak_1991_lociStitched	chr1	203288734	203298216	1	9483	33910.4766	376	1
4_MACS_peak_7869_lociStitched	chr16	2009039	2023220	4	9472	17468.1558	377	1
3_MACS_peak_22146_lociStitched	chr8	103816293	103827142	3	9471	27162.6413	378	1
3_MACS_peak_8569_lociStitched	chr16	68789330	68800285	3	9470	13060.551	379	1
2_MACS_peak_19689_lociStitched	chr6	74224957	74234531	2	9467	45469.7982	380	1
4_MACS_peak_21671_lociStitched	chr8	22921243	22933362	4	9447	15403.249	381	1
2_MACS_peak_22432_lociStitched	chr8	145149395	145160780	2	9420	30280.6845	382	1
4_MACS_peak_4006_lociStitched	chr11	65236364	65247894	4	9419	27157.762	383	1
4_MACS_peak_15154_lociStitched	chr22	45630113	45646486	4	9410	14979.6577	384	1
1_MACS_peak_17214_lociStitched	chr4	105407799	105417198	1	9400	13065.5499	385	1
3_MACS_peak_5603_lociStitched	chr12	120966200	120978928	3	9387	16906.6024	386	1
1_MACS_peak_17523_lociStitched	chr4	185201460	185210826	1	9367	20135.0268	387	1
2_MACS_peak_23604_lociStitched	chrX	12991278	13004911	2	9358	15296.226	388	1
5_MACS_peak_20863_lociStitched	chr7	73255552	73270442	5	9350	11626.112	389	1
4_MACS_peak_22142_lociStitched	chr8	103793998	103810408	4	9342	15558.321	390	1
2_MACS_peak_20736_lociStitched	chr7	55594981	55605972	2	9324	21411.5671	391	1
4_MACS_peak_4125_lociStitched	chr11	67761481	67778616	4	9313	31701.4635	392	1
2_MACS_peak_20831_lociStitched	chr7	71864716	71877237	2	9311	17205.1061	393	1
2_MACS_peak_5155_lociStitched	chr12	57022099	57031424	2	9301	26693.745	394	1
4_MACS_peak_5971_lociStitched	chr13	46951216	46964887	4	9295	11500.0452	395	1
2_MACS_peak_4913_lociStitched	chr12	40007566	40016859	2	9286	14063.0969	396	1
2_MACS_peak_9655_lociStitched	chr17	48224291	48233563	2	9272	28128.4664	397	1
2_MACS_peak_1848_lociStitched	chr1	182583147	182596208	2	9272	22995.1966	398	1
2_MACS_peak_12706_lociStitched	chr2	86219650	86228975	2	9224	24816.6225	399	1
1_MACS_peak_18483_lociStitched	chr5	142430135	142439356	1	9222	20975.0087	400	1
5_MACS_peak_20018_lociStitched	chr6	134556718	134572142	5	9199	9004.5312	401	1
3_MACS_peak_23429_lociStitched	chr9	139432478	139447463	3	9195	27732.7395	402	1
1_MACS_peak_10547_lociStitched	chr18	60822103	60831284	1	9182	27721.1114	403	1
2_MACS_peak_3218_lociStitched	chr10	112255460	112264659	2	9179	18904.8649	404	1
2_MACS_peak_12590_lociStitched	chr2	70309727	70323266	2	9171	31520.1459	405	1
3_MACS_peak_22580_lociStitched	chr9	21986080	21996689	3	9132	15020.2222	406	1
2_MACS_peak_8444_lociStitched	chr16	56963414	56973129	2	9129	31437.74	407	1
1_MACS_peak_20534_lociStitched	chr7	30384069	30393194	1	9126	11514.8375	408	1
3_MACS_peak_6984_lociStitched	chr15	21896256	21905966	3	9121	11306.324	409	1
4_MACS_peak_18845_lociStitched	chr6	2853547	2867634	4	9102	12306.4032	410	1
4_MACS_peak_24161_lociStitched	chrX	129296071	129311309	4	9082	16382.3738	411	1
4_MACS_peak_653_lociStitched	chr1	36614105	36628181	4	9078	28175.9292	412	1
2_MACS_peak_7544_lociStitched	chr15	75353335	75363045	2	9069	14831.054	413	1
3_MACS_peak_22065_lociStitched	chr8	95953466	95963105	3	9065	19200.888	414	1
3_MACS_peak_1495_lociStitched	chr1	153929016	153941257	3	9060	35605.3967	415	1
1_MACS_peak_11006_lociStitched	chr19	11198677	11207705	1	9029	17870.926	416	1
4_MACS_peak_11178_lociStitched	chr19	16474863	16485229	4	9022	16219.6802	417	1
3_MACS_peak_19853_lociStitched	chr6	108878297	108887626	3	9017	24929.8867	418	1
1_MACS_peak_16154_lociStitched	chr3	128900051	128909060	1	9010	17071.1541	419	1
2_MACS_peak_11944_lociStitched	chr19	55762902	55772264	2	8984	31215.7166	420	1
2_MACS_peak_18755_lociStitched	chr5	176870540	176883630	2	8972	28496.93	421	1
6_MACS_peak_14091_lociStitched	chr20	43270435	43282013	6	8941	13621.517	422	1
1_MACS_peak_160_lociStitched	chr1	8932903	8941837	1	8935	30959.8836	423	1
3_MACS_peak_12723_lociStitched	chr2	87062636	87072670	3	8905	15787.4956	424	1
1_MACS_peak_5558_lociStitched	chr12	116970466	116979352	1	8887	21080.2578	425	1
1_MACS_peak_17816_lociStitched	chr5	40676599	40685483	1	8885	15500.8032	426	1
4_MACS_peak_8360_lociStitched	chr16	31880026	31892404	4	8882	23763.2844	427	1
2_MACS_peak_22191_lociStitched	chr8	115597702	115606731	2	8872	11279.0268	428	1
4_MACS_peak_7124_lociStitched	chr15	40615206	40627092	4	8854	10851.918	429	1
2_MACS_peak_1206_lociStitched	chr1	111735792	111748245	2	8853	20112.8403	430	1
3_MACS_peak_1684_lociStitched	chr1	161145232	161157502	3	8846	19022.181	431	1
2_MACS_peak_23092_lociStitched	chr9	117257981	117268243	2	8828	15454.572	432	1
3_MACS_peak_16183_lociStitched	chr3	130567145	130577138	3	8822	13373.6319	433	1
2_MACS_peak_8604_lociStitched	chr16	70461341	70473801	2	8822	26103.7	434	1
2_MACS_peak_21455_lociStitched	chr7	150009582	150021819	2	8815	13677.2949	435	1
5_MACS_peak_3843_lociStitched	chr11	60672605	60684654	5	8793	15832.386	436	1
5_MACS_peak_4262_lociStitched	chr11	81661852	81672012	5	8786	9645.904	437	1
2_MACS_peak_19010_lociStitched	chr6	15244786	15257731	2	8785	24524.3025	438	1
3_MACS_peak_13691_lociStitched	chr2	241498727	241509499	3	8779	28230.1804	439	1
2_MACS_peak_9542_lociStitched	chr17	43384862	43395639	2	8779	18799.3988	440	1
8_MACS_peak_7751_lociStitched	chr15	98184584	98198240	8	8773	7097.0232	441	1
2_MACS_peak_15367_lociStitched	chr3	13454950	13464083	2	8764	26608.9955	442	1
2_MACS_peak_7049_lociStitched	chr15	31276217	31285123	2	8753	13358.1094	443	1
1_MACS_peak_7293_lociStitched	chr15	55692879	55701628	1	8750	19471.7744	444	1
3_MACS_peak_22421_lociStitched	chr8	145044716	145053937	3	8734	22519.5262	445	1
3_MACS_peak_18736_lociStitched	chr5	175960226	175971421	3	8730	28112.884	446	1
2_MACS_peak_8290_lociStitched	chr16	30193937	30206406	2	8727	40015.5148	447	1
2_MACS_peak_13106_lociStitched	chr2	157188845	157200376	2	8725	23486.3408	448	1
1_MACS_peak_19191_lociStitched	chr6	27774736	27783449	1	8714	14869.6058	449	1
2_MACS_peak_13854_lociStitched	chr20	17945290	17954794	2	8703	19625.76	450	1
3_MACS_peak_23117_lociStitched	chr9	123651685	123660716	3	8701	17167.931	451	1
4_MACS_peak_1529_lociStitched	chr1	154830508	154844422	4	8700	18872.9496	452	1
4_MACS_peak_13836_lociStitched	chr20	15959584	15969293	4	8699	10955.6356	453	1
2_MACS_peak_9349_lociStitched	chr17	36852111	36863611	2	8699	41396.55	454	1
1_MACS_peak_12865_lociStitched	chr2	107135868	107144561	1	8694	15596.1113	455	1
3_MACS_peak_9298_lociStitched	chr17	33371114	33380423	3	8693	8755.1145	456	1
1_MACS_peak_3825_lociStitched	chr11	58340062	58348750	1	8689	34231.5888	457	1
1_MACS_peak_2417_lociStitched	chr1	246375649	246384324	1	8676	21564.315	458	1
2_MACS_peak_1797_lociStitched	chr1	174932261	174941704	2	8675	15597.9474	459	1
1_MACS_peak_4932_lociStitched	chr12	46118652	46127322	1	8671	28311.885	460	1
4_MACS_peak_6695_lociStitched	chr14	81930904	81945904	4	8647	9900	461	1
11_MACS_peak_2685_lociStitched	chr10	37438996	37455376	11	8642	6640.452	462	1
2_MACS_peak_20711_lociStitched	chr7	50343490	50352552	2	8638	10716.7212	463	1
4_MACS_peak_10153_lociStitched	chr17	80245427	80257224	4	8637	23829.94	464	1
3_MACS_peak_7827_lociStitched	chr16	685049	700251	3	8637	30670.035	465	1
2_MACS_peak_2011_lociStitched	chr1	205196531	205208072	2	8629	14749.398	466	1
1_MACS_peak_17917_lociStitched	chr5	58330303	58338929	1	8627	31572.0226	467	1
3_MACS_peak_3340_lociStitched	chr10	126424878	126433779	3	8623	11776.9131	468	1
4_MACS_peak_4669_lociStitched	chr12	6712132	6723875	4	8616	14185.544	469	1
2_MACS_peak_20779_lociStitched	chr7	64015196	64023913	2	8612	12405.1627	470	1
4_MACS_peak_2004_lociStitched	chr1	204474746	204491596	4	8603	18363.13	471	1
2_MACS_peak_18300_lociStitched	chr5	130708856	130718695	2	8592	9784.8855	472	1
3_MACS_peak_8507_lociStitched	chr16	66906444	66915464	3	8591	15376.394	473	1
1_MACS_peak_1350_lociStitched	chr1	145434017	145442606	1	8590	29912.9103	474	1
4_MACS_peak_6120_lociStitched	chr13	104658975	104668996	4	8580	6722.0868	475	1
3_MACS_peak_13530_lociStitched	chr2	220109664	220119887	3	8569	16179.9421	476	1
2_MACS_peak_2088_lociStitched	chr1	209274972	209283713	2	8560	19409.3905	477	1
4_MACS_peak_5026_lociStitched	chr12	51712561	51723082	4	8551	14890.3713	478	1
3_MACS_peak_2464_lociStitched	chr10	3845077	3854781	3	8545	11412.8744	479	1
3_MACS_peak_10652_lociStitched	chr19	1018921	1031306	3	8545	21350.5015	480	1
3_MACS_peak_11105_lociStitched	chr19	13949269	13961807	3	8541	26278.3942	481	1
4_MACS_peak_783_lociStitched	chr1	43396795	43410764	4	8540	11278.5706	482	1
3_MACS_peak_23327_lociStitched	chr9	134543385	134555229	3	8539	16901.388	483	1
1_MACS_peak_12072_lociStitched	chr2	8817950	8826477	1	8528	25088.1394	484	1
2_MACS_peak_9213_lociStitched	chr17	27046088	27056679	2	8526	25643.9883	485	1
3_MACS_peak_19197_lociStitched	chr6	27857839	27871562	3	8512	17864.6014	486	1
1_MACS_peak_17906_lociStitched	chr5	56107235	56115737	1	8503	35131.1142	487	1
3_MACS_peak_13324_lociStitched	chr2	198072140	198082761	3	8489	10401.1453	488	1
1_MACS_peak_6072_lociStitched	chr13	91993657	92002137	1	8481	14984.16	489	1
2_MACS_peak_9992_lociStitched	chr17	75131580	75143489	2	8473	19216.3624	490	1
2_MACS_peak_2795_lociStitched	chr10	63656828	63665532	2	8459	10766.848	491	1
4_MACS_peak_10003_lociStitched	chr17	75859884	75880060	4	8449	11724.2736	492	1
2_MACS_peak_19150_lociStitched	chr6	26532128	26540769	2	8439	15466.5259	493	1
1_MACS_peak_15445_lociStitched	chr3	23847005	23855441	1	8437	26409.7416	494	1
2_MACS_peak_19094_lociStitched	chr6	26025469	26034483	2	8424	13314.5794	495	1
2_MACS_peak_17911_lociStitched	chr5	56467302	56475964	2	8413	21632.4788	496	1
1_MACS_peak_20488_lociStitched	chr7	26191101	26199494	1	8394	29773.3282	497	1
4_MACS_peak_24140_lociStitched	chrX	128902220	128915967	4	8387	11320.6545	498	1
4_MACS_peak_6994_lociStitched	chr15	21994444	22003812	4	8385	12701.1344	499	1
7_MACS_peak_3654_lociStitched	chr11	22688159	22703857	7	8376	8070.3418	500	1
2_MACS_peak_15373_lociStitched	chr3	14159831	14168184	2	8351	16802.0595	501	1
3_MACS_peak_22766_lociStitched	chr9	73025702	73036506	3	8347	21826.2408	502	1
3_MACS_peak_14552_lociStitched	chr21	44726037	44735880	3	8340	16367.9247	503	1
4_MACS_peak_4417_lociStitched	chr11	115789859	115802716	4	8325	8117.9098	504	1
3_MACS_peak_6558_lociStitched	chr14	69279943	69291804	3	8322	15805.9686	505	1
4_MACS_peak_5539_lociStitched	chr12	113640056	113649128	4	8312	11603.9952	506	1
3_MACS_peak_11662_lociStitched	chr19	45921456	45932510	3	8310	18203.7272	507	1
3_MACS_peak_5496_lociStitched	chr12	111105153	111115958	3	8305	16315.55	508	1
2_MACS_peak_11972_lociStitched	chr19	56339636	56351739	2	8301	18492.1737	509	1
2_MACS_peak_16574_lociStitched	chr3	192606592	192618010	2	8292	10695.2406	510	1
3_MACS_peak_8801_lociStitched	chr16	89033868	89046182	3	8285	22293.2656	511	1
2_MACS_peak_19356_lociStitched	chr6	32934307	32942675	2	8283	41395.6592	512	1
2_MACS_peak_18401_lociStitched	chr5	138722538	138730828	2	8278	35233.329	513	1
2_MACS_peak_15053_lociStitched	chr22	39857178	39869858	2	8278	10676.56	514	1
3_MACS_peak_2893_lociStitched	chr10	74030345	74046177	3	8277	20641.7616	515	1
7_MACS_peak_2481_lociStitched	chr10	5622678	5632809	7	8271	7117.0275	516	1
2_MACS_peak_1534_lociStitched	chr1	154924959	154936201	2	8261	29672.1348	517	1
4_MACS_peak_10307_lociStitched	chr18	19315056	19329030	4	8254	15349.0416	518	1
2_MACS_peak_2060_lociStitched	chr1	206939381	206948342	2	8240	10083.8133	519	1
3_MACS_peak_23620_lociStitched	chrX	13703131	13711652	3	8238	11831.4085	520	1
5_MACS_peak_19037_lociStitched	chr6	16725831	16737982	5	8238	7907.8708	521	1
2_MACS_peak_24264_lociStitched	chrX	153189300	153201528	2	8237	28134.1824	522	1
4_MACS_peak_8919_lociStitched	chr17	4268017	4280856	4	8237	16210.5214	523	1
2_MACS_peak_14914_lociStitched	chr22	36749118	36757438	2	8220	12418.432	524	1
2_MACS_peak_943_lociStitched	chr1	61541466	61549818	2	8214	14711.2128	525	1
4_MACS_peak_10997_lociStitched	chr19	10978525	10990854	4	8208	16131.2636	526	1
5_MACS_peak_13373_lociStitched	chr2	202084756	202101848	5	8198	10291.0932	527	1
2_MACS_peak_23451_lociStitched	chr9	139791730	139799986	2	8197	19167.9552	528	1
4_MACS_peak_24157_lociStitched	chrX	129242484	129255582	4	8192	13614.0612	529	1
1_MACS_peak_8411_lociStitched	chr16	50713203	50721390	1	8188	19472.7795	530	1
2_MACS_peak_4274_lociStitched	chr11	82771753	82784358	2	8183	13183.5695	531	1
2_MACS_peak_18485_lociStitched	chr5	142493753	142502013	2	8182	9029.006	532	1
2_MACS_peak_9471_lociStitched	chr17	40825725	40834044	2	8169	37059.4812	533	1
3_MACS_peak_2992_lociStitched	chr10	89620008	89629469	3	8166	20898.4029	534	1
3_MACS_peak_17541_lociStitched	chr4	185391484	185403395	3	8161	24188.8588	535	1
1_MACS_peak_7543_lociStitched	chr15	75334423	75342563	1	8141	19120.046	536	1
2_MACS_peak_11632_lociStitched	chr19	45221695	45230057	2	8141	24914.579	537	1
2_MACS_peak_19259_lociStitched	chr6	30649367	30659211	2	8140	25285.2984	538	1
2_MACS_peak_19308_lociStitched	chr6	31756098	31764575	2	8136	23164.2502	539	1
3_MACS_peak_15104_lociStitched	chr22	42221575	42231096	3	8128	21000.4697	540	1
2_MACS_peak_13694_lociStitched	chr2	241517610	241527720	2	8125	15174.099	541	1
1_MACS_peak_22865_lociStitched	chr9	93921596	93929714	1	8119	25724.3184	542	1
2_MACS_peak_10109_lociStitched	chr17	79476674	79487377	2	8108	30218.8502	543	1
3_MACS_peak_9177_lociStitched	chr17	20936271	20947930	3	8102	18393.2384	544	1
1_MACS_peak_10243_lociStitched	chr18	9134833	9142929	1	8097	20704.7104	545	1
3_MACS_peak_8837_lociStitched	chr17	180300	190063	3	8096	6827.2659	546	1
3_MACS_peak_14754_lociStitched	chr22	24179545	24192197	3	8092	18361.8476	547	1
2_MACS_peak_4338_lociStitched	chr11	102183768	102191985	2	8091	10491.4656	548	1
1_MACS_peak_20485_lociStitched	chr7	26001473	26009555	1	8083	18981.3852	549	1
2_MACS_peak_13206_lociStitched	chr2	175469630	175481420	2	8082	12789.792	550	1
2_MACS_peak_15790_lociStitched	chr3	56947525	56956758	2	8073	16272.2392	551	1
3_MACS_peak_984_lociStitched	chr1	67389543	67400720	3	8072	11351.3612	552	1
2_MACS_peak_10241_lociStitched	chr18	9101661	9110380	2	8065	10604.0478	553	1
4_MACS_peak_5278_lociStitched	chr12	76371024	76381023	4	8054	8757.1242	554	1
3_MACS_peak_8973_lociStitched	chr17	6915040	6926245	3	8051	21626.7705	555	1
4_MACS_peak_14740_lociStitched	chr22	23477692	23488446	4	8047	16320.2704	556	1
5_MACS_peak_6748_lociStitched	chr14	91829507	91840712	5	8040	8656.983	557	1
3_MACS_peak_1853_lociStitched	chr1	183438921	183450878	3	8037	23073.4229	558	1
2_MACS_peak_15176_lociStitched	chr22	46446639	46455125	2	8033	27242.6058	559	1
1_MACS_peak_16354_lociStitched	chr3	156803946	156811963	1	8018	26583.5703	560	1
2_MACS_peak_15783_lociStitched	chr3	55687734	55697782	2	8018	12354.016	561	1
1_MACS_peak_23305_lociStitched	chr9	133319631	133327636	1	8006	32264.1525	562	1
2_MACS_peak_10779_lociStitched	chr19	3358776	3368824	2	8003	29409.4912	563	1
2_MACS_peak_7494_lociStitched	chr15	72518856	72530548	2	8003	15049.9424	564	1
5_MACS_peak_10548_lociStitched	chr18	60847564	60861160	5	7972	9212.6496	565	1
1_MACS_peak_23716_lociStitched	chrX	30589245	30597209	1	7965	10202.6804	566	1
2_MACS_peak_16938_lociStitched	chr4	40622637	40633669	2	7965	11950.9656	567	1
3_MACS_peak_19370_lociStitched	chr6	33279760	33292224	3	7963	21749.68	568	1
1_MACS_peak_23251_lociStitched	chr9	131445283	131453241	1	7959	36847.1316	569	1
4_MACS_peak_12511_lociStitched	chr2	64499205	64511543	4	7958	10498.4042	570	1
1_MACS_peak_2186_lociStitched	chr1	221947272	221955223	1	7952	16010.1336	571	1
3_MACS_peak_16585_lociStitched	chr3	193848451	193860851	3	7951	24153.96	572	1
3_MACS_peak_19533_lociStitched	chr6	43671533	43684554	3	7949	13875.1776	573	1
3_MACS_peak_6964_lociStitched	chr15	20987816	20997086	3	7939	12542.31	574	1
4_MACS_peak_8983_lociStitched	chr17	7136451	7146677	4	7932	15342.0678	575	1
3_MACS_peak_17334_lociStitched	chr4	140126992	140136724	3	7931	9114.018	576	1
5_MACS_peak_18818_lociStitched	chr6	180575	195067	5	7930	9892.2392	577	1
2_MACS_peak_20322_lociStitched	chr7	2438794	2447572	2	7917	16807.2366	578	1
1_MACS_peak_14383_lociStitched	chr21	30603957	30611865	1	7909	12807.006	579	1
1_MACS_peak_797_lociStitched	chr1	44295675	44303582	1	7908	17528.2376	580	1
3_MACS_peak_9036_lociStitched	chr17	8088886	8100230	3	7904	12402.3952	581	1
2_MACS_peak_14138_lociStitched	chr20	46038535	46046567	2	7897	7951.68	582	1
4_MACS_peak_591_lociStitched	chr1	32441867	32452344	4	7894	11900.8243	583	1
3_MACS_peak_1292_lociStitched	chr1	120655445	120667203	3	7886	13860.3304	584	1
2_MACS_peak_4441_lociStitched	chr11	117876061	117884194	2	7882	12815.1681	585	1
5_MACS_peak_17040_lociStitched	chr4	76932359	76950177	5	7875	8620.3484	586	1
1_MACS_peak_2739_lociStitched	chr10	45453645	45461514	1	7870	14196.4629	587	1
1_MACS_peak_16118_lociStitched	chr3	126626800	126634658	1	7859	21775.3038	588	1
2_MACS_peak_12883_lociStitched	chr2	109826688	109835862	2	7851	12826.1694	589	1
4_MACS_peak_3589_lociStitched	chr11	12695234	12703515	4	7850	9731.0031	590	1
5_MACS_peak_4882_lociStitched	chr12	32038547	32051631	5	7845	12275.4088	591	1
1_MACS_peak_21178_lociStitched	chr7	104650873	104658716	1	7844	31835.5213	592	1
4_MACS_peak_19138_lociStitched	chr6	26382195	26390357	4	7836	11647.9902	593	1
1_MACS_peak_15570_lociStitched	chr3	45634334	45642168	1	7835	16941.025	594	1
3_MACS_peak_13679_lociStitched	chr2	240178852	240190648	3	7832	13249.2672	595	1
1_MACS_peak_18812_lociStitched	chr5	180667910	180675723	1	7814	20240.3578	596	1
4_MACS_peak_5521_lociStitched	chr12	112443023	112453708	4	7813	18800.2575	597	1
3_MACS_peak_17373_lociStitched	chr4	144274979	144282980	3	7812	7398.5247	598	1
2_MACS_peak_15591_lociStitched	chr3	46245858	46256682	2	7804	15733.7664	599	1
2_MACS_peak_23159_lociStitched	chr9	126977720	126986343	2	7791	18350.6063	600	1
1_MACS_peak_1322_lociStitched	chr1	143911427	143919216	1	7790	26396.1421	601	1
3_MACS_peak_18472_lociStitched	chr5	141695255	141705376	3	7783	14001.3914	602	1
2_MACS_peak_10130_lociStitched	chr17	79875198	79886694	2	7783	33369.4392	603	1
4_MACS_peak_11323_lociStitched	chr19	23940268	23950567	4	7781	10821.1593	604	1
3_MACS_peak_14609_lociStitched	chr21	46522655	46533094	3	7779	13474.6612	605	1
1_MACS_peak_19306_lociStitched	chr6	31701298	31709069	1	7772	28354.0477	606	1
3_MACS_peak_8766_lociStitched	chr16	87807483	87815773	3	7764	12592.51	607	1
5_MACS_peak_21182_lociStitched	chr7	104938310	104950833	5	7759	8203.8173	608	1
2_MACS_peak_6520_lociStitched	chr14	65671091	65678994	2	7756	9328.7012	609	1
2_MACS_peak_11480_lociStitched	chr19	39338104	39348771	2	7748	27460.0581	610	1
3_MACS_peak_9333_lociStitched	chr17	36101153	36112031	3	7731	23962.0584	611	1
1_MACS_peak_140_lociStitched	chr1	6976839	6984565	1	7727	13349.7554	612	1
3_MACS_peak_3439_lociStitched	chr11	818959	834279	3	7722	18561.712	613	1
1_MACS_peak_18754_lociStitched	chr5	176852199	176859914	1	7716	26139.1915	614	1
3_MACS_peak_15239_lociStitched	chr22	50352820	50364832	3	7707	30144.114	615	1
3_MACS_peak_2346_lociStitched	chr1	234651142	234661242	3	7705	18929.42	616	1
2_MACS_peak_1467_lociStitched	chr1	152001045	152012135	2	7705	21923.821	617	1
4_MACS_peak_6663_lociStitched	chr14	77412893	77428495	4	7705	11774.8294	618	1
4_MACS_peak_17341_lociStitched	chr4	140216040	140223884	4	7703	10054.4392	619	1
2_MACS_peak_13508_lociStitched	chr2	219260376	219272371	2	7694	23584.569	620	1
5_MACS_peak_177_lociStitched	chr1	9471699	9489758	5	7691	16482.4493	621	1
2_MACS_peak_11533_lociStitched	chr19	41106903	41116802	2	7675	15525.5916	622	1
2_MACS_peak_19527_lociStitched	chr6	43593683	43604654	2	7663	23827.9149	623	1
3_MACS_peak_20696_lociStitched	chr7	47514412	47522608	3	7662	19455.6648	624	1
5_MACS_peak_12912_lociStitched	chr2	112189741	112201689	5	7662	8888.1172	625	1
2_MACS_peak_2020_lociStitched	chr1	205284918	205294880	2	7649	12535.1846	626	1
4_MACS_peak_15402_lociStitched	chr3	15835217	15848468	4	7647	11641.0035	627	1
1_MACS_peak_19843_lociStitched	chr6	107810144	107817783	1	7640	9397.4978	628	1
1_MACS_peak_9381_lociStitched	chr17	38017089	38024719	1	7631	11754.778	629	1
2_MACS_peak_5791_lociStitched	chr13	22243408	22251099	2	7626	14156.0546	630	1
3_MACS_peak_3989_lociStitched	chr11	64879157	64890872	3	7624	24676.476	631	1
2_MACS_peak_3477_lociStitched	chr11	2792916	2801359	2	7616	13066.3868	632	1
1_MACS_peak_16315_lociStitched	chr3	150477517	150485131	1	7615	32677.7652	633	1
2_MACS_peak_18709_lociStitched	chr5	173215352	173223042	2	7615	14693.283	634	1
3_MACS_peak_20431_lociStitched	chr7	20254271	20262485	3	7607	10814.5524	635	1
1_MACS_peak_5454_lociStitched	chr12	109024192	109031787	1	7596	27806.814	636	1
2_MACS_peak_3411_lociStitched	chr11	325639	333282	2	7587	14883.2139	637	1
1_MACS_peak_5124_lociStitched	chr12	56318643	56326226	1	7584	17136.0634	638	1
2_MACS_peak_20188_lociStitched	chr6	157097480	157105109	2	7577	32023.4904	639	1
4_MACS_peak_10899_lociStitched	chr19	7401050	7415360	4	7563	10675.26	640	1
1_MACS_peak_18199_lociStitched	chr5	108742306	108749867	1	7562	16964.6157	641	1
1_MACS_peak_1300_lociStitched	chr1	120832886	120840443	1	7558	23919.4164	642	1
6_MACS_peak_21904_lociStitched	chr8	61811787	61829870	6	7558	7278.4075	643	1
3_MACS_peak_14769_lociStitched	chr22	24819693	24831254	3	7547	19483.7533	644	1
4_MACS_peak_20716_lociStitched	chr7	51328458	51339835	4	7546	7851.2677	645	1
1_MACS_peak_22331_lociStitched	chr8	134578630	134586173	1	7544	33840.9152	646	1
2_MACS_peak_12531_lociStitched	chr2	65158308	65167855	2	7542	15827.9713	647	1
3_MACS_peak_18487_lociStitched	chr5	142539895	142549711	3	7539	8508.5088	648	1
3_MACS_peak_23390_lociStitched	chr9	138021209	138029467	3	7534	13347.4054	649	1
2_MACS_peak_16223_lociStitched	chr3	136466891	136474523	2	7529	23327.208	650	1
3_MACS_peak_10161_lociStitched	chr17	80304914	80317757	3	7526	13221.8685	651	1
4_MACS_peak_9866_lociStitched	chr17	70582683	70594359	4	7524	10363.6176	652	1
1_MACS_peak_14584_lociStitched	chr21	45590105	45597625	1	7521	28124.8	653	1
1_MACS_peak_2038_lociStitched	chr1	206132349	206139865	1	7517	26805.814	654	1
2_MACS_peak_21464_lociStitched	chr7	150125146	150134333	2	7515	13693.2235	655	1
4_MACS_peak_4045_lociStitched	chr11	65768497	65776633	4	7510	12574.188	656	1
2_MACS_peak_5147_lociStitched	chr12	56726216	56733956	2	7500	16263.288	657	1
3_MACS_peak_12330_lociStitched	chr2	42323802	42334696	3	7500	14358.292	658	1
1_MACS_peak_9119_lociStitched	chr17	18084714	18092211	1	7498	28825.965	659	1
2_MACS_peak_4139_lociStitched	chr11	68032342	68042075	2	7483	21483.6509	660	1
1_MACS_peak_18131_lociStitched	chr5	90673423	90680889	1	7467	20073.0876	661	1
4_MACS_peak_23875_lociStitched	chrX	49019628	49030066	4	7466	14144.5338	662	1
6_MACS_peak_9028_lociStitched	chr17	8053782	8066784	6	7462	11310.4398	663	1
1_MACS_peak_16616_lociStitched	chr3	195629965	195637402	1	7438	26908.5534	664	1
3_MACS_peak_7382_lociStitched	chr15	65164985	65178153	3	7416	13830.3504	665	1
4_MACS_peak_17626_lociStitched	chr5	1129293	1142350	4	7408	12099.9219	666	1
3_MACS_peak_10082_lociStitched	chr17	78228089	78238352	3	7406	15488.9196	667	1
5_MACS_peak_5916_lociStitched	chr13	42621463	42634730	5	7405	11448.0943	668	1
3_MACS_peak_7775_lociStitched	chr15	100649504	100658349	3	7404	13896.3795	669	1
1_MACS_peak_17127_lociStitched	chr4	87854946	87862348	1	7403	11925.3622	670	1
3_MACS_peak_14529_lociStitched	chr21	43647509	43657464	3	7393	16488.4665	671	1
1_MACS_peak_7056_lociStitched	chr15	31369441	31376825	1	7385	14985.828	672	1
1_MACS_peak_16796_lociStitched	chr4	7752176	7759559	1	7384	15877.1415	673	1
3_MACS_peak_7900_lociStitched	chr16	2556618	2571652	3	7380	16331.4342	674	1
4_MACS_peak_14399_lociStitched	chr21	34442036	34453861	4	7371	18927.095	675	1
3_MACS_peak_21961_lociStitched	chr8	72268300	72275862	3	7368	6219.745	676	1
1_MACS_peak_13330_lociStitched	chr2	198169051	198176404	1	7354	13751.5806	677	1
2_MACS_peak_8319_lociStitched	chr16	30661302	30673063	2	7348	31913.4735	678	1
3_MACS_peak_22364_lociStitched	chr8	142422854	142430350	3	7345	11972.6112	679	1
1_MACS_peak_15529_lociStitched	chr3	42232467	42239810	1	7344	9855.7746	680	1
2_MACS_peak_8798_lociStitched	chr16	88868031	88879705	2	7334	19264.4348	681	1
1_MACS_peak_16321_lociStitched	chr3	151957960	151965282	1	7323	13632.8318	682	1
2_MACS_peak_10170_lociStitched	chr17	80406025	80417707	2	7322	20207.5236	683	1
3_MACS_peak_8795_lociStitched	chr16	88846236	88858062	3	7318	22594.7556	684	1
2_MACS_peak_18620_lociStitched	chr5	156692485	156700978	2	7315	9399.2031	685	1
2_MACS_peak_20620_lociStitched	chr7	43684363	43691699	2	7311	14377.0928	686	1
2_MACS_peak_10068_lociStitched	chr17	77809564	77818934	2	7308	25301.811	687	1
2_MACS_peak_17877_lociStitched	chr5	55284609	55292366	2	7301	21582.3011	688	1
5_MACS_peak_17749_lociStitched	chr5	27463782	27474068	5	7297	6826.8182	689	1
2_MACS_peak_2025_lociStitched	chr1	205446220	205454893	2	7291	22987.7865	690	1
1_MACS_peak_7385_lociStitched	chr15	65182947	65190218	1	7272	24283.6858	691	1
2_MACS_peak_18373_lociStitched	chr5	135069862	135077141	2	7262	7375.8107	692	1
2_MACS_peak_22345_lociStitched	chr8	141466771	141476272	2	7261	12834.9009	693	1
3_MACS_peak_9977_lociStitched	chr17	74778404	74788641	3	7258	8585.7719	694	1
2_MACS_peak_7921_lociStitched	chr16	3012822	3021255	2	7239	24571.2321	695	1
3_MACS_peak_21598_lociStitched	chr8	11659320	11666692	3	7238	8130.5788	696	1
3_MACS_peak_24101_lociStitched	chrX	118815595	118827604	3	7238	11814.4542	697	1
4_MACS_peak_11395_lociStitched	chr19	35892466	35901927	4	7228	8808.191	698	1
1_MACS_peak_12467_lociStitched	chr2	60775924	60783148	1	7225	16581.9696	699	1
3_MACS_peak_12350_lociStitched	chr2	43395632	43407389	3	7225	15221.7879	700	1
4_MACS_peak_4568_lociStitched	chr11	128594461	128609150	4	7218	9729.9936	701	1
1_MACS_peak_15262_lociStitched	chr22	50907069	50914281	1	7213	14850.2292	702	1
3_MACS_peak_21360_lociStitched	chr7	134670856	134682678	3	7213	9816.9888	703	1
2_MACS_peak_2366_lociStitched	chr1	235113032	235121508	2	7207	20944.196	704	1
3_MACS_peak_22848_lociStitched	chr9	91924546	91936214	3	7203	13592.0532	705	1
2_MACS_peak_12211_lociStitched	chr2	26986666	26996360	2	7202	16536.9946	706	1
4_MACS_peak_20501_lociStitched	chr7	28188478	28197106	4	7201	7506.36	707	1
3_MACS_peak_595_lociStitched	chr1	32468906	32481996	3	7184	21137.732	708	1
1_MACS_peak_4466_lociStitched	chr11	118794351	118801522	1	7172	22686.8927	709	1
3_MACS_peak_21480_lociStitched	chr7	150776658	150785906	3	7171	18516.3456	710	1
3_MACS_peak_9024_lociStitched	chr17	8021663	8030956	3	7170	10637.6971	711	1
3_MACS_peak_12744_lociStitched	chr2	87806267	87815704	3	7161	7490.1469	712	1
4_MACS_peak_8337_lociStitched	chr16	31117021	31130273	4	7156	15716.872	713	1
3_MACS_peak_6282_lociStitched	chr14	24604684	24617515	3	7153	16263.2925	714	1
3_MACS_peak_21002_lociStitched	chr7	92437084	92445247	3	7150	6607.9485	715	1
4_MACS_peak_21136_lociStitched	chr7	101945275	101954456	4	7147	15468.1488	716	1
4_MACS_peak_16845_lociStitched	chr4	15779374	15787263	4	7138	10303.8229	717	1
3_MACS_peak_9464_lociStitched	chr17	40728691	40740226	3	7133	14819.0145	718	1
1_MACS_peak_10445_lociStitched	chr18	46473058	46480189	1	7132	30999.1701	719	1
1_MACS_peak_21005_lociStitched	chr7	92459896	92467026	1	7131	22888.013	720	1
2_MACS_peak_11404_lociStitched	chr19	35947392	35954857	2	7129	8215.979	721	1
1_MACS_peak_19826_lociStitched	chr6	106610286	106617409	1	7124	11943.8464	722	1
1_MACS_peak_15228_lociStitched	chr22	48490912	48498035	1	7124	25288.7869	723	1
1_MACS_peak_23450_lociStitched	chr9	139775516	139782636	1	7121	34338.336	724	1
3_MACS_peak_7969_lociStitched	chr16	4356157	4366979	3	7120	15691.9	725	1
1_MACS_peak_9976_lociStitched	chr17	74730203	74737318	1	7116	19343.5505	726	1
1_MACS_peak_16309_lociStitched	chr3	150124365	150131476	1	7112	36748.2258	727	1
2_MACS_peak_8791_lociStitched	chr16	88745230	88753062	2	7105	13608.8832	728	1
2_MACS_peak_9631_lociStitched	chr17	46984813	46994389	2	7104	17825.724	729	1
2_MACS_peak_18807_lociStitched	chr5	180610785	180619961	2	7103	12380.2592	730	1
2_MACS_peak_17642_lociStitched	chr5	1791222	1802435	2	7103	16653.5476	731	1
3_MACS_peak_1554_lociStitched	chr1	155156638	155165808	3	7101	16965.417	732	1
3_MACS_peak_20090_lociStitched	chr6	139690776	139698468	3	7091	14531.7264	733	1
1_MACS_peak_12035_lociStitched	chr19	59064859	59071945	1	7087	22135.9554	734	1
2_MACS_peak_6936_lociStitched	chr14	105947170	105958242	2	7087	18978.5152	735	1
2_MACS_peak_16931_lociStitched	chr4	40197904	40208153	2	7085	9034.4935	736	1
1_MACS_peak_2740_lociStitched	chr10	45467860	45474938	1	7079	10547.6356	737	1
2_MACS_peak_445_lociStitched	chr1	25251163	25259020	2	7079	28964.8305	738	1
3_MACS_peak_5590_lociStitched	chr12	120631531	120640266	3	7076	14728.957	739	1
5_MACS_peak_3406_lociStitched	chr11	308658	320294	5	7075	8802.634	740	1
5_MACS_peak_7511_lociStitched	chr15	74274168	74288614	5	7071	8996.9688	741	1
1_MACS_peak_22846_lociStitched	chr9	91788936	91795996	1	7061	14104.468	742	1
3_MACS_peak_21710_lociStitched	chr8	27217654	27225206	3	7061	7572.3904	743	1
1_MACS_peak_72_lociStitched	chr1	1706777	1713836	1	7060	29851.8051	744	1
2_MACS_peak_3136_lociStitched	chr10	103873562	103881166	2	7057	17160.7072	745	1
3_MACS_peak_23496_lociStitched	chr9	140499129	140514804	3	7056	22093.9125	746	1
3_MACS_peak_19363_lociStitched	chr6	33166820	33176974	3	7052	19317.985	747	1
1_MACS_peak_17831_lociStitched	chr5	43036707	43043757	1	7051	40413.42	748	1
1_MACS_peak_1412_lociStitched	chr1	149854536	149861585	1	7050	33811.9383	749	1
2_MACS_peak_10804_lociStitched	chr19	3983287	3990478	2	7044	16702.5357	750	1
2_MACS_peak_15319_lociStitched	chr3	9436218	9443409	2	7040	19128.06	751	1
1_MACS_peak_9856_lociStitched	chr17	66452332	66459368	1	7037	16088.5176	752	1
5_MACS_peak_17536_lociStitched	chr4	185365823	185375514	5	7032	7426.2133	753	1
2_MACS_peak_14228_lociStitched	chr20	55964113	55974981	2	7032	13033.9924	754	1
5_MACS_peak_17103_lociStitched	chr4	84132975	84146084	5	7032	8379.2728	755	1
1_MACS_peak_6557_lociStitched	chr14	69257099	69264123	1	7025	21819.3536	756	1
3_MACS_peak_11416_lociStitched	chr19	36230925	36240263	3	7022	16398.4618	757	1
1_MACS_peak_537_lociStitched	chr1	28570947	28577965	1	7019	18621.5612	758	1
3_MACS_peak_17811_lociStitched	chr5	40484275	40492736	3	7016	6382.9784	759	1
1_MACS_peak_11786_lociStitched	chr19	49465144	49472152	1	7009	20236.3008	760	1
3_MACS_peak_9969_lociStitched	chr17	74487707	74498777	3	7008	14963.319	761	1
3_MACS_peak_12366_lociStitched	chr2	43647848	43657361	3	7007	10365.3648	762	1
2_MACS_peak_11610_lociStitched	chr19	44281049	44289809	2	6999	19749.42	763	1
4_MACS_peak_23503_lociStitched	chrX	192557	200706	4	6994	7549.2336	764	1
5_MACS_peak_24079_lociStitched	chrX	109552952	109562410	5	6993	10984.5212	765	1
3_MACS_peak_12767_lociStitched	chr2	95678391	95685733	3	6990	4783.313	766	1
1_MACS_peak_5016_lociStitched	chr12	51315568	51322552	1	6985	13336.6464	767	1
1_MACS_peak_12346_lociStitched	chr2	43357169	43364148	1	6980	23952.6259	768	1
6_MACS_peak_23786_lociStitched	chrX	45617298	45631686	6	6963	6513.4476	769	1
2_MACS_peak_18397_lociStitched	chr5	138603268	138611716	2	6955	9264.9216	770	1
2_MACS_peak_1792_lociStitched	chr1	174127250	174136955	2	6951	20589.1575	771	1
2_MACS_peak_18810_lociStitched	chr5	180642957	180652256	2	6950	15957.084	772	1
2_MACS_peak_19570_lociStitched	chr6	44223437	44233900	2	6949	27446.5416	773	1
2_MACS_peak_23261_lociStitched	chr9	131782684	131790818	2	6948	21343.616	774	1
3_MACS_peak_9704_lociStitched	chr17	54985570	54993076	3	6945	16791.6726	775	1
1_MACS_peak_674_lociStitched	chr1	37939197	37946140	1	6944	23456.2312	776	1
1_MACS_peak_337_lociStitched	chr1	17763556	17770495	1	6940	41434.8507	777	1
4_MACS_peak_14129_lociStitched	chr20	45173178	45184406	4	6937	9330.468	778	1
2_MACS_peak_14508_lociStitched	chr21	41325745	41333242	2	6934	10854.9063	779	1
3_MACS_peak_1441_lociStitched	chr1	150945595	150955941	3	6934	20729.2456	780	1
3_MACS_peak_2611_lociStitched	chr10	22913092	22920694	3	6930	6959.631	781	1
1_MACS_peak_11711_lociStitched	chr19	47285559	47292482	1	6924	39849.4803	782	1
2_MACS_peak_3646_lociStitched	chr11	19449819	19457677	2	6922	6534.7128	783	1
1_MACS_peak_22288_lociStitched	chr8	126441145	126448064	1	6920	18002.5461	784	1
1_MACS_peak_10973_lociStitched	chr19	10380038	10386956	1	6919	27409.116	785	1
5_MACS_peak_11521_lociStitched	chr19	40916045	40932559	5	6914	19392.3902	786	1
1_MACS_peak_9352_lociStitched	chr17	36902922	36909830	1	6909	12921.414	787	1
1_MACS_peak_8536_lociStitched	chr16	67594217	67601121	1	6905	29243.9632	788	1
3_MACS_peak_18517_lociStitched	chr5	148205241	148215610	3	6904	10051.7086	789	1
1_MACS_peak_19262_lociStitched	chr6	30683664	30690565	1	6902	16084.8508	790	1
4_MACS_peak_11017_lociStitched	chr19	11484586	11494126	4	6901	15798.24	791	1
4_MACS_peak_24319_lociStitched	chrY	142501	150683	4	6897	7444.8018	792	1
3_MACS_peak_8308_lociStitched	chr16	30536969	30547850	3	6891	27472.3488	793	1
1_MACS_peak_14047_lociStitched	chr20	37498960	37505847	1	6888	13163.1231	794	1
2_MACS_peak_16006_lociStitched	chr3	111392595	111403011	2	6887	7582.848	795	1
3_MACS_peak_19913_lociStitched	chr6	113949219	113956822	3	6881	7907.8803	796	1
2_MACS_peak_3200_lociStitched	chr10	111967214	111974787	2	6879	17511.0479	797	1
1_MACS_peak_10601_lociStitched	chr18	72162820	72169691	1	6872	8910.9999	798	1
2_MACS_peak_14733_lociStitched	chr22	23241954	23249113	2	6870	8885.7508	799	1
2_MACS_peak_10740_lociStitched	chr19	2469066	2480249	2	6868	21627.922	800	1
3_MACS_peak_4205_lociStitched	chr11	73489934	73500369	3	6865	11819.7245	801	1
1_MACS_peak_1444_lociStitched	chr1	150975417	150982278	1	6862	20399.1252	802	1
2_MACS_peak_17245_lociStitched	chr4	111114209	111121126	2	6851	14035.9764	803	1
1_MACS_peak_19100_lociStitched	chr6	26120250	26127096	1	6847	14948.9256	804	1
4_MACS_peak_4950_lociStitched	chr12	48140528	48153506	4	6847	9651.7386	805	1
2_MACS_peak_6181_lociStitched	chr13	114581843	114592651	2	6841	14267.6408	806	1
5_MACS_peak_21590_lociStitched	chr8	11387551	11397089	5	6832	6540.2066	807	1
1_MACS_peak_13719_lociStitched	chr2	243024940	243031770	1	6831	11376.731	808	1
2_MACS_peak_21175_lociStitched	chr7	104595994	104605316	2	6827	7629.1248	809	1
1_MACS_peak_810_lociStitched	chr1	45136321	45143127	1	6807	9270.4526	810	1
2_MACS_peak_1352_lociStitched	chr1	145469566	145478553	2	6807	25366.7062	811	1
2_MACS_peak_21153_lociStitched	chr7	102147805	102158831	2	6804	11659.995	812	1
2_MACS_peak_11946_lociStitched	chr19	55786066	55793578	2	6795	13626.768	813	1
1_MACS_peak_1919_lociStitched	chr1	197741566	197748359	1	6794	19949.6824	814	1
2_MACS_peak_10020_lociStitched	chr17	76246837	76255718	2	6793	20727.3659	815	1
1_MACS_peak_2289_lociStitched	chr1	228673416	228680206	1	6791	42602.497	816	1
2_MACS_peak_8891_lociStitched	chr17	2294882	2305986	2	6790	15623.328	817	1
4_MACS_peak_19545_lociStitched	chr6	43877398	43884424	4	6783	6476.5668	818	1
3_MACS_peak_1813_lociStitched	chr1	179049029	179061596	3	6780	22521.3207	819	1
2_MACS_peak_6982_lociStitched	chr15	21081118	21088235	2	6778	9694.0657	820	1
2_MACS_peak_16220_lociStitched	chr3	135910910	135917837	2	6773	26668.2573	821	1
1_MACS_peak_4612_lociStitched	chr12	1638821	1645591	1	6771	21282.172	822	1
3_MACS_peak_452_lociStitched	chr1	25558214	25567424	3	6770	13609.617	823	1
1_MACS_peak_8731_lociStitched	chr16	85586485	85593251	1	6767	22837.9564	824	1
2_MACS_peak_1645_lociStitched	chr1	158978821	158986554	2	6767	11225.2228	825	1
1_MACS_peak_3143_lociStitched	chr10	104153093	104159851	1	6759	22714.3138	826	1
6_MACS_peak_14352_lociStitched	chr21	19152467	19166813	6	6759	7175.8692	827	1
2_MACS_peak_10922_lociStitched	chr19	7980753	7991177	2	6755	15501.5304	828	1
2_MACS_peak_21461_lociStitched	chr7	150096615	150105676	2	6753	23354.7275	829	1
3_MACS_peak_1636_lociStitched	chr1	157142897	157152839	3	6740	8353.2684	830	1
3_MACS_peak_15135_lociStitched	chr22	43538659	43549257	3	6734	14997.2298	831	1
3_MACS_peak_20652_lociStitched	chr7	44787276	44794380	3	6733	23395.6032	832	1
4_MACS_peak_22003_lociStitched	chr8	81074414	81084498	4	6732	11456.4324	833	1
1_MACS_peak_11721_lociStitched	chr19	47728546	47735276	1	6731	29968.017	834	1
2_MACS_peak_15032_lociStitched	chr22	39485938	39496113	2	6728	7378.91	835	1
2_MACS_peak_12548_lociStitched	chr2	65657223	65665208	2	6727	27509.1235	836	1
2_MACS_peak_3888_lociStitched	chr11	62223828	62232394	2	6718	8206.228	837	1
1_MACS_peak_6186_lociStitched	chr13	114828930	114835644	1	6715	28008.1224	838	1
1_MACS_peak_23295_lociStitched	chr9	132768110	132774822	1	6713	10490.1848	839	1
2_MACS_peak_15007_lociStitched	chr22	39146182	39153444	2	6713	18563.8506	840	1
1_MACS_peak_7700_lociStitched	chr15	90601042	90607751	1	6710	8161.4985	841	1
2_MACS_peak_3512_lociStitched	chr11	3874646	3881403	2	6709	11511.9009	842	1
2_MACS_peak_21428_lociStitched	chr7	148316768	148326307	2	6703	9403.5462	843	1
2_MACS_peak_19325_lociStitched	chr6	32156798	32164787	2	6698	18745.3896	844	1
4_MACS_peak_20624_lociStitched	chr7	43788267	43799082	4	6696	8852.0775	845	1
4_MACS_peak_2977_lociStitched	chr10	85926170	85934123	4	6693	10237.8969	846	1
1_MACS_peak_6814_lociStitched	chr14	95980363	95987048	1	6686	13009.01	847	1
3_MACS_peak_11271_lociStitched	chr19	19050515	19061150	3	6680	6694.7325	848	1
2_MACS_peak_21157_lociStitched	chr7	102246869	102257808	2	6675	11958.5148	849	1
5_MACS_peak_4843_lociStitched	chr12	26422922	26436452	5	6670	7793.28	850	1
2_MACS_peak_7487_lociStitched	chr15	70778913	70788077	2	6660	14119.8912	851	1
2_MACS_peak_6701_lociStitched	chr14	81994183	82001038	2	6655	7046.94	852	1
2_MACS_peak_17069_lociStitched	chr4	78736340	78743477	2	6643	13784.4018	853	1
2_MACS_peak_7884_lociStitched	chr16	2091002	2098790	2	6643	15090.0288	854	1
1_MACS_peak_157_lociStitched	chr1	8758931	8765571	1	6641	13105.368	855	1
1_MACS_peak_17806_lociStitched	chr5	39072621	39079258	1	6638	53636.2518	856	1
1_MACS_peak_374_lociStitched	chr1	21615912	21622548	1	6637	20296.206	857	1
2_MACS_peak_22462_lociStitched	chr8	146010061	146018610	2	6637	13920.3367	858	1
3_MACS_peak_7706_lociStitched	chr15	90721887	90736521	3	6633	16511.5422	859	1
2_MACS_peak_23223_lociStitched	chr9	130673242	130681901	2	6630	16363.7782	860	1
2_MACS_peak_23447_lociStitched	chr9	139735270	139744689	2	6630	29106.5938	861	1
2_MACS_peak_21343_lociStitched	chr7	130909722	130917804	2	6629	11079.6138	862	1
2_MACS_peak_20268_lociStitched	chr6	168227096	168235128	2	6626	9029.5744	863	1
1_MACS_peak_1800_lociStitched	chr1	174966814	174973430	1	6617	21508.616	864	1
3_MACS_peak_9390_lociStitched	chr17	38218688	38232314	3	6616	14169.6774	865	1
2_MACS_peak_1749_lociStitched	chr1	167682853	167692951	2	6612	19467.9342	866	1
1_MACS_peak_4019_lociStitched	chr11	65352969	65359562	1	6594	22225.003	867	1
2_MACS_peak_19404_lociStitched	chr6	34451990	34459485	2	6589	6965.1035	868	1
2_MACS_peak_19696_lociStitched	chr6	75991524	75998580	2	6585	9951.7824	869	1
1_MACS_peak_21340_lociStitched	chr7	130790328	130796910	1	6583	20679.3276	870	1
3_MACS_peak_19299_lociStitched	chr6	31626860	31634744	3	6579	15324.9192	871	1
1_MACS_peak_5994_lociStitched	chr13	49549437	49556013	1	6577	13096.104	872	1
2_MACS_peak_12521_lociStitched	chr2	64863100	64873459	2	6577	12546.8208	873	1
4_MACS_peak_9110_lociStitched	chr17	17794587	17806605	4	6576	7523.268	874	1
1_MACS_peak_18648_lociStitched	chr5	159892951	159899525	1	6575	13863.2512	875	1
3_MACS_peak_23082_lociStitched	chr9	117127386	117136195	3	6573	9194.8342	876	1
2_MACS_peak_3109_lociStitched	chr10	102124666	102135675	2	6573	13800.8824	877	1
2_MACS_peak_6400_lociStitched	chr14	50526415	50533136	2	6568	11919.0214	878	1
3_MACS_peak_12449_lociStitched	chr2	55273645	55282483	3	6566	16130.2338	879	1
2_MACS_peak_3931_lociStitched	chr11	63448169	63458342	2	6566	17054.0172	880	1
2_MACS_peak_19621_lociStitched	chr6	52527571	52536342	2	6565	14510.7424	881	1
5_MACS_peak_13631_lociStitched	chr2	235391354	235406243	5	6561	7109.4975	882	1
4_MACS_peak_8871_lociStitched	chr17	1618242	1628780	4	6558	12170.3362	883	1
3_MACS_peak_18615_lociStitched	chr5	156527125	156537638	3	6557	12489.444	884	1
1_MACS_peak_429_lociStitched	chr1	24513012	24519564	1	6553	14653.548	885	1
3_MACS_peak_5201_lociStitched	chr12	58286971	58299226	3	6549	8267.223	886	1
1_MACS_peak_9099_lociStitched	chr17	17592619	17599166	1	6548	21380.5379	887	1
3_MACS_peak_22514_lociStitched	chr9	5624511	5631511	3	6547	14606.9	888	1
4_MACS_peak_4199_lociStitched	chr11	73086815	73098010	4	6547	8366.0235	889	1
1_MACS_peak_17632_lociStitched	chr5	1311460	1318002	1	6543	24056.8966	890	1
3_MACS_peak_22328_lociStitched	chr8	134508695	134515384	3	6541	13575.9944	891	1
3_MACS_peak_14560_lociStitched	chr21	44844655	44851852	3	6540	12768.1977	892	1
2_MACS_peak_7888_lociStitched	chr16	2198035	2207198	2	6539	10983.6881	893	1
3_MACS_peak_3945_lociStitched	chr11	63948332	63955607	3	6537	20087.73	894	1
1_MACS_peak_18789_lociStitched	chr5	179230182	179236717	1	6536	27669.8435	895	1
2_MACS_peak_8219_lociStitched	chr16	27209376	27217695	2	6536	14866.053	896	1
3_MACS_peak_17053_lociStitched	chr4	77351744	77360468	3	6534	7074.2916	897	1
1_MACS_peak_12399_lociStitched	chr2	47208858	47215388	1	6531	15404.27	898	1
1_MACS_peak_3151_lociStitched	chr10	104401190	104407708	1	6519	22198.3526	899	1
3_MACS_peak_18905_lociStitched	chr6	7235036	7243377	3	6510	6695.3207	900	1
1_MACS_peak_10318_lociStitched	chr18	20712593	20719099	1	6507	28731.7972	901	1
1_MACS_peak_13609_lociStitched	chr2	232570515	232577020	1	6506	25961.455	902	1
1_MACS_peak_9232_lociStitched	chr17	27915159	27921662	1	6504	11849.1163	903	1
2_MACS_peak_12963_lociStitched	chr2	114643664	114650412	2	6500	14570.9564	904	1
2_MACS_peak_21986_lociStitched	chr8	80631846	80639480	2	6497	9435.624	905	1
1_MACS_peak_20884_lociStitched	chr7	74070730	74077221	1	6492	24038.7694	906	1
1_MACS_peak_40_lociStitched	chr1	1239496	1245981	1	6486	31422.419	907	1
1_MACS_peak_9514_lociStitched	chr17	42293111	42299593	1	6483	34030.5	908	1
4_MACS_peak_4384_lociStitched	chr11	111280403	111294075	4	6482	10712.012	909	1
3_MACS_peak_9053_lociStitched	chr17	9914349	9923788	3	6481	7839.0895	910	1
1_MACS_peak_543_lociStitched	chr1	28831221	28837687	1	6467	12330.0154	911	1
4_MACS_peak_11665_lociStitched	chr19	45942177	45959774	4	6462	13732.6988	912	1
2_MACS_peak_14907_lociStitched	chr22	36552449	36560168	2	6460	12517.1304	913	1
2_MACS_peak_2469_lociStitched	chr10	3910068	3919642	2	6451	11106.7974	914	1
3_MACS_peak_10679_lociStitched	chr19	1400426	1409683	3	6449	19547.0812	915	1
4_MACS_peak_1475_lociStitched	chr1	153507692	153519781	4	6449	13052.4933	916	1
3_MACS_peak_21993_lociStitched	chr8	81010873	81017476	3	6443	5928.8337	917	1
2_MACS_peak_14987_lociStitched	chr22	38571786	38578484	2	6440	11821.3002	918	1
3_MACS_peak_11826_lociStitched	chr19	50392919	50402817	3	6428	12595.205	919	1
5_MACS_peak_7607_lociStitched	chr15	81585339	81594891	5	6422	6567	920	1
3_MACS_peak_22553_lociStitched	chr9	16622143	16628973	3	6421	3682.053	921	1
4_MACS_peak_23769_lociStitched	chrX	41301169	41309549	4	6419	6032.762	922	1
1_MACS_peak_8769_lociStitched	chr16	87839073	87845489	1	6417	14565.6032	923	1
4_MACS_peak_14625_lociStitched	chr21	47703699	47712033	4	6416	10056.6378	924	1
3_MACS_peak_22454_lociStitched	chr8	145741957	145754923	3	6415	21334.2564	925	1
2_MACS_peak_21873_lociStitched	chr8	54926269	54935258	2	6413	8976.4154	926	1
3_MACS_peak_3868_lociStitched	chr11	61594338	61603077	3	6404	13777.0335	927	1
3_MACS_peak_7702_lociStitched	chr15	90638681	90646385	3	6401	9959.7312	928	1
3_MACS_peak_14875_lociStitched	chr22	32802548	32813942	3	6401	8900.9928	929	1
2_MACS_peak_14591_lociStitched	chr21	45659045	45667803	2	6400	27492.2378	930	1
2_MACS_peak_8442_lociStitched	chr16	56944092	56952714	2	6389	14421.1572	931	1
2_MACS_peak_11802_lociStitched	chr19	49953814	49962767	2	6389	13394.5833	932	1
1_MACS_peak_13111_lociStitched	chr2	158295381	158301762	1	6382	9156.0969	933	1
1_MACS_peak_11766_lociStitched	chr19	49135740	49142120	1	6381	17727.468	934	1
2_MACS_peak_16694_lociStitched	chr4	1207507	1213890	2	6381	8467.0495	935	1
2_MACS_peak_8526_lociStitched	chr16	67274777	67283244	2	6381	15472.5958	936	1
2_MACS_peak_459_lociStitched	chr1	25869607	25877613	2	6376	15618.1048	937	1
3_MACS_peak_5543_lociStitched	chr12	113658380	113668894	3	6375	12759.7904	938	1
3_MACS_peak_9942_lociStitched	chr17	73850279	73862167	3	6375	13510.712	939	1
1_MACS_peak_18703_lociStitched	chr5	172751077	172757447	1	6371	14737.632	940	1
3_MACS_peak_23211_lociStitched	chr9	130329502	130342449	3	6370	15682.7011	941	1
4_MACS_peak_4493_lociStitched	chr11	119592070	119600507	4	6364	10364.0108	942	1
1_MACS_peak_13828_lociStitched	chr20	10649704	10656066	1	6363	20362.2172	943	1
1_MACS_peak_18973_lociStitched	chr6	12008161	12014521	1	6361	29173.956	944	1
1_MACS_peak_7554_lociStitched	chr15	75742564	75748924	1	6361	16998.372	945	1
2_MACS_peak_9382_lociStitched	chr17	38077056	38086105	2	6361	14346.2846	946	1
3_MACS_peak_2921_lociStitched	chr10	75616297	75626748	3	6361	6879.8933	947	1
3_MACS_peak_19837_lociStitched	chr6	107431200	107440491	3	6356	14973.3756	948	1
2_MACS_peak_2099_lociStitched	chr1	209843581	209850633	2	6355	12537.7508	949	1
2_MACS_peak_12022_lociStitched	chr19	58891194	58899829	2	6348	25302.277	950	1
3_MACS_peak_15004_lociStitched	chr22	39095191	39103750	3	6347	20020.3569	951	1
2_MACS_peak_13050_lociStitched	chr2	135809249	135815805	2	6341	9365.9016	952	1
1_MACS_peak_18158_lociStitched	chr5	96266854	96273192	1	6339	20957.2308	953	1
3_MACS_peak_18393_lociStitched	chr5	138511337	138522002	3	6338	8875.413	954	1
4_MACS_peak_18977_lociStitched	chr6	12109899	12121010	4	6338	8938.7995	955	1
4_MACS_peak_7272_lociStitched	chr15	52771864	52780293	4	6333	5636.4723	956	1
2_MACS_peak_4146_lociStitched	chr11	68605397	68612141	2	6330	19505.6712	957	1
1_MACS_peak_846_lociStitched	chr1	46767287	46773614	1	6328	14455.9296	958	1
5_MACS_peak_19865_lociStitched	chr6	108986654	108998915	5	6325	6715.3497	959	1
4_MACS_peak_10869_lociStitched	chr19	6528646	6538439	4	6320	12190.3264	960	1
1_MACS_peak_14520_lociStitched	chr21	43480754	43487064	1	6311	21714.603	961	1
2_MACS_peak_18875_lociStitched	chr6	4017371	4024277	2	6310	15227.0394	962	1
3_MACS_peak_22400_lociStitched	chr8	144631365	144642976	3	6310	15175.577	963	1
1_MACS_peak_20619_lociStitched	chr7	43622470	43628777	1	6308	12749.6005	964	1
1_MACS_peak_17546_lociStitched	chr4	185454514	185460818	1	6305	9067.0432	965	1
1_MACS_peak_4840_lociStitched	chr12	26274570	26280873	1	6304	14617.9176	966	1
2_MACS_peak_22925_lociStitched	chr9	98267691	98274031	2	6302	16728.724	967	1
3_MACS_peak_1194_lociStitched	chr1	111173394	111180871	3	6302	6371.8994	968	1
5_MACS_peak_4642_lociStitched	chr12	4251402	4263393	5	6302	6471.5427	969	1
3_MACS_peak_14776_lociStitched	chr22	24997219	25004846	3	6299	10437.5495	970	1
2_MACS_peak_7788_lociStitched	chr15	101737173	101743611	2	6294	12076.4004	971	1
2_MACS_peak_23473_lociStitched	chr9	140115546	140122320	2	6291	22489.0026	972	1
1_MACS_peak_1748_lociStitched	chr1	167595824	167602105	1	6282	35726.9561	973	1
2_MACS_peak_18142_lociStitched	chr5	94414670	94424403	2	6280	10292.6475	974	1
6_MACS_peak_23543_lociStitched	chrX	7000379	7012131	6	6277	6572.8936	975	1
2_MACS_peak_6594_lociStitched	chr14	72941459	72948393	2	6274	9261.0504	976	1
2_MACS_peak_17521_lociStitched	chr4	185185347	185191894	2	6271	7826.2838	977	1
2_MACS_peak_11652_lociStitched	chr19	45577402	45584006	2	6271	18618.6572	978	1
4_MACS_peak_23148_lociStitched	chr9	126439997	126450763	4	6270	7944.2314	979	1
1_MACS_peak_16369_lociStitched	chr3	160116204	160122471	1	6268	25282.3314	980	1
1_MACS_peak_15193_lociStitched	chr22	46879281	46885545	1	6265	9228.7512	981	1
2_MACS_peak_20490_lociStitched	chr7	26238026	26244360	2	6256	23449.7348	982	1
3_MACS_peak_1666_lociStitched	chr1	160676835	160683185	3	6256	6615.43	983	1
3_MACS_peak_12612_lociStitched	chr2	71291270	71300748	3	6256	13027.511	984	1
2_MACS_peak_11085_lociStitched	chr19	13257739	13266151	2	6255	18376.8552	985	1
2_MACS_peak_7473_lociStitched	chr15	70387632	70393960	2	6252	17183.684	986	1
4_MACS_peak_14572_lociStitched	chr21	45195063	45203835	4	6250	11843.9544	987	1
1_MACS_peak_13205_lociStitched	chr2	175457434	175463679	1	6246	12248.943	988	1
1_MACS_peak_14916_lociStitched	chr22	36778824	36785061	1	6238	22803.7194	989	1
1_MACS_peak_4033_lociStitched	chr11	65623909	65630139	1	6231	27268.087	990	1
2_MACS_peak_8544_lociStitched	chr16	67875378	67882189	2	6227	26852.3675	991	1
4_MACS_peak_14052_lociStitched	chr20	39630949	39642564	4	6227	8080.5555	992	1
3_MACS_peak_252_lociStitched	chr1	12889739	12898661	3	6226	7720.2066	993	1
2_MACS_peak_17775_lociStitched	chr5	32581585	32588077	2	6222	11094.828	994	1
2_MACS_peak_19465_lociStitched	chr6	37742312	37748776	2	6221	14477.4208	995	1
2_MACS_peak_11581_lociStitched	chr19	42783204	42789436	2	6218	13819.46	996	1
2_MACS_peak_11697_lociStitched	chr19	46384493	46390934	2	6211	17492.4678	997	1
2_MACS_peak_1432_lociStitched	chr1	150547928	150554221	2	6210	19708.4174	998	1
3_MACS_peak_19316_lociStitched	chr6	31864457	31876136	3	6202	12080.7576	999	1
3_MACS_peak_19054_lociStitched	chr6	20400917	20410781	3	6200	20827.836	1000	1
1_MACS_peak_17918_lociStitched	chr5	58418367	58424565	1	6199	13757.0808	1001	1
3_MACS_peak_8012_lociStitched	chr16	9165704	9173635	3	6193	7641.5185	1002	1
2_MACS_peak_18366_lociStitched	chr5	134208986	134215440	2	6190	11552.66	1003	1
3_MACS_peak_7715_lociStitched	chr15	91200464	91209405	3	6178	9156.4781	1004	1
3_MACS_peak_18896_lociStitched	chr6	6816534	6827947	3	6175	8665.8909	1005	1
2_MACS_peak_15247_lociStitched	chr22	50623759	50630968	2	6174	16043.6295	1006	1
2_MACS_peak_8992_lociStitched	chr17	7209248	7219457	2	6174	18306.7788	1007	1
4_MACS_peak_3584_lociStitched	chr11	12261028	12271335	4	6173	5828.6085	1008	1
1_MACS_peak_14795_lociStitched	chr22	26823681	26829851	1	6171	9955.295	1009	1
2_MACS_peak_15020_lociStitched	chr22	39376928	39383104	2	6168	11821.4816	1010	1
2_MACS_peak_22101_lociStitched	chr8	101318080	101327398	2	6165	18500.889	1011	1
4_MACS_peak_20871_lociStitched	chr7	73623469	73636217	4	6158	8325.7188	1012	1
4_MACS_peak_7849_lociStitched	chr16	1346652	1361380	4	6153	17744.2944	1013	1
4_MACS_peak_13240_lociStitched	chr2	179907051	179915429	4	6150	8388.8914	1014	1
1_MACS_peak_23281_lociStitched	chr9	132340756	132346900	1	6145	20667.1872	1015	1
2_MACS_peak_15739_lociStitched	chr3	52270313	52280366	2	6145	18522.6525	1016	1
2_MACS_peak_1546_lociStitched	chr1	155050803	155059598	2	6143	12509.1285	1017	1
2_MACS_peak_4358_lociStitched	chr11	107727858	107736415	2	6142	11999.4811	1018	1
2_MACS_peak_19007_lociStitched	chr6	14797282	14805647	2	6137	10559.976	1019	1
4_MACS_peak_5354_lociStitched	chr12	95031798	95044521	4	6137	8121.0909	1020	1
4_MACS_peak_16421_lociStitched	chr3	171812303	171826073	4	6136	6886.377	1021	1
3_MACS_peak_23273_lociStitched	chr9	132168216	132177300	3	6126	19240.8204	1022	1
2_MACS_peak_23418_lociStitched	chr9	139095616	139101846	2	6123	14125.902	1023	1
2_MACS_peak_1986_lociStitched	chr1	203255073	203261203	2	6122	15931.257	1024	1
3_MACS_peak_6162_lociStitched	chr13	113858651	113864922	3	6108	14845.3383	1025	1
2_MACS_peak_736_lociStitched	chr1	41127261	41134754	2	6107	16487.5972	1026	1
2_MACS_peak_8121_lociStitched	chr16	15735209	15745376	2	6105	14557.1106	1027	1
2_MACS_peak_9945_lociStitched	chr17	73868421	73875696	2	6104	31195.2	1028	1
3_MACS_peak_15063_lociStitched	chr22	40437166	40448280	3	6103	12563.2656	1029	1
3_MACS_peak_16163_lociStitched	chr3	129023753	129036172	3	6103	12623.9135	1030	1
2_MACS_peak_10172_lociStitched	chr17	80451189	80457635	2	6100	8171.5942	1031	1
1_MACS_peak_18634_lociStitched	chr5	158632054	158638152	1	6099	15389.5226	1032	1
3_MACS_peak_10028_lociStitched	chr17	76348592	76357446	3	6099	14121.2446	1033	1
2_MACS_peak_5587_lociStitched	chr12	120553417	120560460	2	6098	15127.6597	1034	1
2_MACS_peak_5452_lociStitched	chr12	109006671	109012805	2	6097	9843.2298	1035	1
1_MACS_peak_4329_lociStitched	chr11	96070440	96076535	1	6096	9783.694	1036	1
1_MACS_peak_2019_lociStitched	chr1	205252584	205258667	1	6084	22067.9074	1037	1
2_MACS_peak_2836_lociStitched	chr10	70959796	70966154	2	6082	6686.0728	1038	1
3_MACS_peak_9948_lociStitched	chr17	73899958	73908651	3	6082	14253.9121	1039	1
1_MACS_peak_1655_lociStitched	chr1	159890194	159896273	1	6080	19974.3782	1040	1
2_MACS_peak_8000_lociStitched	chr16	8159013	8165561	2	6080	7678.8396	1041	1
2_MACS_peak_16069_lociStitched	chr3	121792620	121798714	2	6075	10005.1292	1042	1
2_MACS_peak_21045_lociStitched	chr7	98971628	98979902	2	6071	18138.2628	1043	1
2_MACS_peak_2023_lociStitched	chr1	205403504	205412430	2	6069	15163.4888	1044	1
2_MACS_peak_1324_lociStitched	chr1	143992167	144002073	2	6068	8998.6104	1045	1
1_MACS_peak_841_lociStitched	chr1	46596009	46602073	1	6065	13453.5904	1046	1
2_MACS_peak_9675_lociStitched	chr17	48942038	48950924	2	6064	23065.3902	1047	1
3_MACS_peak_992_lociStitched	chr1	68173833	68180502	3	6057	4974.4071	1048	1
2_MACS_peak_2248_lociStitched	chr1	226308755	226316734	2	6054	27217.1669	1049	1
3_MACS_peak_15431_lociStitched	chr3	20080803	20091439	3	6053	14409.6528	1050	1
2_MACS_peak_8538_lociStitched	chr16	67692572	67702389	2	6049	15083.8205	1051	1
1_MACS_peak_8389_lociStitched	chr16	48641923	48647967	1	6045	18090.2964	1052	1
4_MACS_peak_8104_lociStitched	chr16	14590870	14598075	4	6039	5740.2235	1053	1
2_MACS_peak_6183_lociStitched	chr13	114609393	114616156	2	6036	10520.5228	1054	1
2_MACS_peak_11159_lociStitched	chr19	16180618	16191133	2	6035	12271.005	1055	1
3_MACS_peak_746_lociStitched	chr1	41826810	41838997	3	6033	7708.2775	1056	1
3_MACS_peak_19549_lociStitched	chr6	43890068	43896294	3	6032	7967.4122	1057	1
1_MACS_peak_12708_lociStitched	chr2	86261226	86267251	1	6026	15707.7775	1058	1
1_MACS_peak_17531_lociStitched	chr4	185301416	185307439	1	6024	12878.9809	1059	1
2_MACS_peak_17624_lociStitched	chr5	1110811	1120075	2	6020	13289.208	1060	1
6_MACS_peak_14641_lociStitched	chr22	17089644	17099543	6	6020	5221.7225	1061	1
4_MACS_peak_1049_lociStitched	chr1	85154721	85166320	4	6020	8390.7166	1062	1
2_MACS_peak_19817_lociStitched	chr6	106439837	106445866	2	6019	8002.2917	1063	1
1_MACS_peak_24260_lociStitched	chrX	152988034	152994049	1	6016	15937.9455	1064	1
3_MACS_peak_23297_lociStitched	chr9	132800874	132808317	3	6014	12850.3395	1065	1
2_MACS_peak_4519_lociStitched	chr11	122932020	122941396	2	6007	10318.288	1066	1
3_MACS_peak_21207_lociStitched	chr7	106202466	106212146	3	6002	8065.376	1067	1
1_MACS_peak_15011_lociStitched	chr22	39264693	39270684	1	5992	15540.0549	1068	1
3_MACS_peak_12292_lociStitched	chr2	37545337	37553407	3	5991	16048.809	1069	1
5_MACS_peak_14661_lociStitched	chr22	18255760	18265143	5	5991	5678.5916	1070	1
4_MACS_peak_21758_lociStitched	chr8	29654333	29663842	4	5990	6950.1281	1071	1
3_MACS_peak_11161_lociStitched	chr19	16221720	16231544	3	5987	11371.28	1072	1
5_MACS_peak_23980_lociStitched	chrX	70837228	70849878	5	5983	7841.735	1073	1
1_MACS_peak_13335_lociStitched	chr2	198361459	198367437	1	5979	13373.3838	1074	1
2_MACS_peak_7878_lociStitched	chr16	2054142	2061129	2	5978	18410.745	1075	1
3_MACS_peak_4734_lociStitched	chr12	10017367	10023494	3	5977	5304.1439	1076	1
2_MACS_peak_10880_lociStitched	chr19	6735463	6741483	2	5976	18031.104	1077	1
2_MACS_peak_75_lociStitched	chr1	1820721	1829561	2	5971	21202.74	1078	1
1_MACS_peak_22996_lociStitched	chr9	108004614	108010583	1	5970	11113.6811	1079	1
1_MACS_peak_11709_lociStitched	chr19	47216627	47222579	1	5953	22352.1408	1080	1
2_MACS_peak_16726_lociStitched	chr4	2412709	2421050	2	5952	15504.2508	1081	1
2_MACS_peak_11071_lociStitched	chr19	13043417	13051104	2	5947	13010.2475	1082	1
3_MACS_peak_15396_lociStitched	chr3	15419397	15429627	3	5944	6670.983	1083	1
1_MACS_peak_1745_lociStitched	chr1	167531365	167537307	1	5943	23222.5244	1084	1
3_MACS_peak_3919_lociStitched	chr11	62618704	62630981	3	5939	15852.0624	1085	1
2_MACS_peak_20436_lociStitched	chr7	20367389	20373321	2	5931	18891.6404	1086	1
2_MACS_peak_6151_lociStitched	chr13	111564873	111574111	2	5928	12127.6464	1087	1
1_MACS_peak_2002_lociStitched	chr1	204376013	204381935	1	5923	13138.5492	1088	1
2_MACS_peak_19691_lociStitched	chr6	74288757	74297858	2	5923	15646.4392	1089	1
1_MACS_peak_9375_lociStitched	chr17	37909195	37915114	1	5920	29612.1651	1090	1
3_MACS_peak_4_lociStitched	chr1	839485	848824	3	5919	5872.3632	1091	1
1_MACS_peak_2235_lociStitched	chr1	226066523	226072440	1	5918	27283.8787	1092	1
1_MACS_peak_1738_lociStitched	chr1	167187868	167193784	1	5917	23967.4908	1093	1
3_MACS_peak_23855_lociStitched	chrX	48748772	48758755	3	5913	10786.6315	1094	1
2_MACS_peak_18825_lociStitched	chr6	252272	261538	2	5909	7229.3332	1095	1
1_MACS_peak_4841_lociStitched	chr12	26306511	26312418	1	5908	6473.4813	1096	1
1_MACS_peak_588_lociStitched	chr1	32400293	32406194	1	5902	16430.7444	1097	1
1_MACS_peak_17828_lociStitched	chr5	42989991	42995889	1	5899	32385.918	1098	1
2_MACS_peak_2719_lociStitched	chr10	43899908	43906014	2	5899	13011.2754	1099	1
2_MACS_peak_21214_lociStitched	chr7	106504999	106513381	2	5899	6964.6038	1100	1
2_MACS_peak_1721_lociStitched	chr1	164685449	164691641	2	5894	7113.9888	1101	1
4_MACS_peak_10331_lociStitched	chr18	21194228	21202420	4	5892	13044.9408	1102	1
1_MACS_peak_21860_lociStitched	chr8	52809575	52815464	1	5890	12328.0326	1103	1
2_MACS_peak_10043_lociStitched	chr17	76741024	76746960	2	5880	7872.3232	1104	1
2_MACS_peak_23386_lociStitched	chr9	137786703	137793423	2	5879	7473.984	1105	1
1_MACS_peak_2650_lociStitched	chr10	29235942	29241818	1	5877	8058.934	1106	1
2_MACS_peak_15235_lociStitched	chr22	50324723	50331615	2	5875	19446.4672	1107	1
2_MACS_peak_20064_lociStitched	chr6	138246758	138256152	2	5874	7096.2276	1108	1
1_MACS_peak_13297_lociStitched	chr2	192539975	192545841	1	5867	11093.1926	1109	1
2_MACS_peak_13562_lociStitched	chr2	225902382	225908579	2	5865	13616.0484	1110	1
1_MACS_peak_3205_lociStitched	chr10	112113872	112119730	1	5859	11230.3718	1111	1
