#MM1 Enhancers
#Created from /data/projects/IRF4_mm_trn_data/myeloma_public_data/rose/MM1.H3K27ac_ROSE/MM1_0KB_STITCHED_ENHANCER_REGION_MAP.txt
#Ranked by MM1.jin.bam
#Using cutoff of 11216.3738 for Super-Enhancers
#Created on Jul 16 2024 
REGION_ID	CHROM	START	STOP	NUM_LOCI	CONSTITUENT_SIZE	MM1.jin.bam	enhancerRank	isSuper
3_MACS_peak_11413_lociStitched	chr14	106024782	106050013	3	25204	158405.2642	1	1
3_MACS_peak_11433_lociStitched	chr14	106145194	106170440	3	24627	134924.7224	2	1
3_MACS_peak_19946_lociStitched	chr2	89151071	89175635	3	24349	114173.472	3	1
3_MACS_peak_6311_lociStitched	chr11	65183340	65200029	3	16286	108818.9556	4	1
6_MACS_peak_7111_lociStitched	chr11	111227677	111251810	6	23712	77437.9704	5	1
1_MACS_peak_19945_lociStitched	chr2	89128744	89150320	1	21577	71526.5976	6	1
8_MACS_peak_6332_lociStitched	chr11	65259485	65275663	8	15520	68929.6046	7	1
3_MACS_peak_36157_lociStitched	chr8	126440977	126452643	3	11094	66807.6822	8	1
3_MACS_peak_23164_lociStitched	chr21	44834025	44848553	3	14228	61597.2672	9	1
1_MACS_peak_30659_lociStitched	chr6	7895349	7918790	1	23442	57451.5469	10	1
2_MACS_peak_33226_lociStitched	chr7	25998004	26012366	2	14356	57200.9736	11	1
1_MACS_peak_28373_lociStitched	chr5	9987	11819	1	1833	56124.4192	12	1
1_MACS_peak_38059_lociStitched	chr9	134541739	134555788	1	14050	54618.2973	13	1
2_MACS_peak_33011_lociStitched	chr7	8004042	8020548	2	16414	53223.597	14	1
4_MACS_peak_7732_lociStitched	chr12	12866178	12879317	4	13024	53076.3044	15	1
2_MACS_peak_33612_lociStitched	chr7	50343113	50359118	2	15837	51998.6445	16	1
1_MACS_peak_11152_lociStitched	chr14	91829157	91845241	1	16085	51546.0032	17	1
1_MACS_peak_2052_lociStitched	chr1	118194957	118209677	1	14721	51288.896	18	1
4_MACS_peak_29790_lociStitched	chr5	139034519	139053743	4	18725	48959.6832	19	1
5_MACS_peak_23137_lociStitched	chr21	44723028	44736661	5	13236	48536.2066	20	1
5_MACS_peak_2035_lociStitched	chr1	118147488	118161465	5	13317	48161.9466	21	1
2_MACS_peak_22354_lociStitched	chr20	45974718	45990392	2	15338	47658.3644	22	1
2_MACS_peak_18004_lociStitched	chr19	39891472	39902546	2	10930	47538.4672	23	1
3_MACS_peak_30266_lociStitched	chr5	173309102	173324535	3	15051	46897.8004	24	1
1_MACS_peak_29631_lociStitched	chr5	131755138	131768827	1	13690	46626.1029	25	1
4_MACS_peak_11613_lociStitched	chr15	31635935	31654718	4	18245	46516.0995	26	1
5_MACS_peak_20598_lociStitched	chr2	158289976	158302073	5	10865	45912.9538	27	1
5_MACS_peak_21157_lociStitched	chr2	201979896	201996564	5	16485	44036.856	28	1
2_MACS_peak_35803_lociStitched	chr8	95954081	95964331	2	10145	43532.775	29	1
2_MACS_peak_34551_lociStitched	chr7	130788970	130797174	2	8064	43034.9024	30	1
2_MACS_peak_14393_lociStitched	chr16	90060131	90065984	2	5432	41889.921	31	1
3_MACS_peak_34215_lociStitched	chr7	104649224	104656528	3	7248	40952.0672	32	1
3_MACS_peak_29166_lociStitched	chr5	90673136	90680786	3	7593	40616.91	33	1
4_MACS_peak_29638_lociStitched	chr5	131790351	131804052	4	13288	40587.8424	34	1
5_MACS_peak_26036_lociStitched	chr3	141096849	141111562	5	14134	39913.4264	35	1
3_MACS_peak_7877_lociStitched	chr12	26266144	26280812	3	14194	39880.8252	36	1
8_MACS_peak_23446_lociStitched	chr22	23266185	23282948	8	14901	39416.5182	37	1
1_MACS_peak_9456_lociStitched	chr12	125396204	125406717	1	10514	39165.1302	38	1
3_MACS_peak_29696_lociStitched	chr5	133975405	133986525	3	10792	38565.272	39	1
3_MACS_peak_31981_lociStitched	chr6	106531134	106543032	3	11804	38267.5374	40	1
2_MACS_peak_33224_lociStitched	chr7	25985112	25992347	2	6973	38236.2515	41	1
7_MACS_peak_18811_lociStitched	chr2	20403824	20426201	7	21433	37814.8923	42	1
1_MACS_peak_17100_lociStitched	chr19	2615992	2625635	1	9644	37171.8364	43	1
1_MACS_peak_34721_lociStitched	chr7	139466433	139478535	1	12103	37064.7954	44	1
1_MACS_peak_11436_lociStitched	chr14	106172081	106179568	1	7488	37029.9533	45	1
3_MACS_peak_30256_lociStitched	chr5	173212371	173223168	3	10203	36993.7611	46	1
3_MACS_peak_13813_lociStitched	chr16	56963852	56977114	3	13005	35961.2392	47	1
2_MACS_peak_24429_lociStitched	chr3	13048659	13063171	2	14309	35844.64	48	1
1_MACS_peak_3926_lociStitched	chr10	3821878	3828965	1	7088	35817.698	49	1
4_MACS_peak_4303_lociStitched	chr10	22602030	22615266	4	12966	35395.7112	50	1
1_MACS_peak_3772_lociStitched	chr1	234737871	234749438	1	11568	35296.7005	51	1
1_MACS_peak_4307_lociStitched	chr10	22623545	22634868	1	11324	35180.561	52	1
6_MACS_peak_34645_lociStitched	chr7	137662329	137678391	6	15738	35044.0716	53	1
5_MACS_peak_30464_lociStitched	chr6	315715	332564	5	16042	34911.128	54	1
10_MACS_peak_30478_lociStitched	chr6	388894	404986	10	15140	34306.5348	55	1
3_MACS_peak_12017_lociStitched	chr15	52967552	52977080	3	9481	34252.2072	56	1
1_MACS_peak_30397_lociStitched	chr5	179245008	179250333	1	5326	33272.1975	57	1
1_MACS_peak_28447_lociStitched	chr5	6478610	6488913	1	10304	33060.2664	58	1
1_MACS_peak_7195_lociStitched	chr11	115089464	115096557	1	7094	32924.2874	59	1
5_MACS_peak_4602_lociStitched	chr10	61891193	61901004	5	9586	32848.2091	60	1
7_MACS_peak_27210_lociStitched	chr4	40190843	40210406	7	18941	32795.4132	61	1
2_MACS_peak_18126_lociStitched	chr19	42437945	42446125	2	8146	32639.836	62	1
4_MACS_peak_36945_lociStitched	chr9	37527939	37535032	4	6460	32554.7421	63	1
7_MACS_peak_37604_lociStitched	chr9	112908408	112925483	7	16248	31790.235	64	1
2_MACS_peak_19931_lociStitched	chr2	89050129	89057875	2	7745	31196.2404	65	1
2_MACS_peak_5552_lociStitched	chr11	267518	272574	2	4855	31161.6448	66	1
2_MACS_peak_23211_lociStitched	chr21	45572872	45581339	2	8405	30763.1511	67	1
1_MACS_peak_28299_lociStitched	chr4	185390827	185398141	1	7315	30494.9916	68	1
1_MACS_peak_476_lociStitched	chr1	22104869	22110704	1	5836	30399.7665	69	1
2_MACS_peak_29921_lociStitched	chr5	142776666	142785700	2	9025	30386.7624	70	1
2_MACS_peak_17385_lociStitched	chr19	11199075	11208582	2	9329	30379.6185	71	1
2_MACS_peak_19621_lociStitched	chr2	70310121	70317375	2	7182	30321.72	72	1
3_MACS_peak_4297_lociStitched	chr10	22540120	22549148	3	8404	29956.7096	73	1
5_MACS_peak_4630_lociStitched	chr10	63802022	63812248	5	9095	29888.5528	74	1
1_MACS_peak_37615_lociStitched	chr9	113016535	113021751	1	5217	29823.0016	75	1
2_MACS_peak_26041_lociStitched	chr3	141117778	141127230	2	9270	29677.3896	76	1
1_MACS_peak_17703_lociStitched	chr19	18389882	18393971	1	4090	29230.2165	77	1
1_MACS_peak_11452_lociStitched	chr14	106326206	106330242	1	4037	28944.9812	78	1
3_MACS_peak_24280_lociStitched	chr22	50963378	50974037	3	10265	28754.7843	79	1
1_MACS_peak_12219_lociStitched	chr15	65183021	65190083	1	7063	28685.1378	80	1
1_MACS_peak_17518_lociStitched	chr19	13947005	13954786	1	7782	28672.985	81	1
1_MACS_peak_12156_lociStitched	chr15	63792888	63798617	1	5730	28305.8432	82	1
5_MACS_peak_20382_lociStitched	chr2	127413129	127425837	5	11771	28294.362	83	1
4_MACS_peak_19917_lociStitched	chr2	88920394	88928935	4	8029	28287.792	84	1
2_MACS_peak_31228_lociStitched	chr6	32935569	32941037	2	5256	28141.062	85	1
1_MACS_peak_23602_lociStitched	chr22	29193999	29199165	1	5167	27932.562	86	1
1_MACS_peak_12477_lociStitched	chr15	75333143	75342741	1	9599	27932.0996	87	1
1_MACS_peak_34498_lociStitched	chr7	129587087	129593049	1	5963	27562.326	88	1
1_MACS_peak_16826_lociStitched	chr18	60821395	60831098	1	9704	27445.9058	89	1
1_MACS_peak_29630_lociStitched	chr5	131744680	131751716	1	7037	27390.4444	90	1
4_MACS_peak_5555_lociStitched	chr11	307509	316466	4	8480	27368.1135	91	1
1_MACS_peak_17119_lociStitched	chr19	2816097	2820700	1	4604	27219.3802	92	1
6_MACS_peak_15984_lociStitched	chr17	74257684	74269318	6	10568	27014.148	93	1
2_MACS_peak_23433_lociStitched	chr22	23229694	23239736	2	9734	27001.9338	94	1
1_MACS_peak_30459_lociStitched	chr6	290325	301200	1	10876	26971.0875	95	1
3_MACS_peak_4007_lociStitched	chr10	6815486	6824735	3	9042	26300.4564	96	1
8_MACS_peak_24439_lociStitched	chr3	13365408	13380471	8	14550	26257.8216	97	1
1_MACS_peak_33588_lociStitched	chr7	47708027	47712862	1	4836	26174.2725	98	1
4_MACS_peak_12445_lociStitched	chr15	75072739	75087578	4	14093	26168.5765	99	1
3_MACS_peak_31984_lociStitched	chr6	106544082	106555445	3	11174	25798.5552	100	1
2_MACS_peak_33654_lociStitched	chr7	55597952	55605561	2	7609	25766.3567	101	1
2_MACS_peak_9914_lociStitched	chr13	49549052	49556696	2	7196	25504.206	102	1
4_MACS_peak_29212_lociStitched	chr5	95290915	95298693	4	7125	25395.9478	103	1
5_MACS_peak_20719_lociStitched	chr2	172173526	172184229	5	10442	25243.0255	104	1
1_MACS_peak_17951_lociStitched	chr19	38523004	38529064	1	6061	25216.266	105	1
4_MACS_peak_9067_lociStitched	chr12	109020574	109031317	4	9991	25209.5238	106	1
1_MACS_peak_17469_lociStitched	chr19	12898842	12906056	1	7215	25180.467	107	1
1_MACS_peak_30213_lociStitched	chr5	172196494	172201010	1	4517	25049.3488	108	1
1_MACS_peak_34731_lociStitched	chr7	139613760	139620522	1	6763	24829.3878	109	1
2_MACS_peak_14518_lociStitched	chr17	3813557	3821156	2	7357	24754.5024	110	1
2_MACS_peak_3397_lociStitched	chr1	207993913	208001961	2	7778	24746.7952	111	1
8_MACS_peak_12619_lociStitched	chr15	81584298	81600201	8	15230	24683.0463	112	1
2_MACS_peak_12879_lociStitched	chr15	93424520	93429328	2	4711	24508.2992	113	1
2_MACS_peak_7491_lociStitched	chr11	132224597	132231432	2	6783	24287.489	114	1
8_MACS_peak_14164_lociStitched	chr16	81839871	81852858	8	11930	24280.4952	115	1
5_MACS_peak_26586_lociStitched	chr3	186711602	186720081	5	8116	24244.0047	116	1
1_MACS_peak_9332_lociStitched	chr12	122237626	122243244	1	5619	24184.9282	117	1
1_MACS_peak_5309_lociStitched	chr10	112255413	112264745	1	9333	24159.6148	118	1
6_MACS_peak_4232_lociStitched	chr10	15824888	15838045	6	12214	24154.9363	119	1
2_MACS_peak_13871_lociStitched	chr16	66553332	66562240	2	8478	24097.9216	120	1
1_MACS_peak_29117_lociStitched	chr5	88175330	88186310	1	10981	24095.61	121	1
3_MACS_peak_21492_lociStitched	chr2	232570569	232577564	3	6840	23973.9635	122	1
2_MACS_peak_29785_lociStitched	chr5	139013021	139019488	2	6410	23929.8401	123	1
4_MACS_peak_15180_lociStitched	chr17	37924499	37935498	4	10758	23867.83	124	1
2_MACS_peak_34203_lociStitched	chr7	104581185	104587319	2	6046	23834.8838	125	1
1_MACS_peak_15150_lociStitched	chr17	36856438	36863205	1	6768	23788.7118	126	1
6_MACS_peak_29480_lociStitched	chr5	118668101	118683790	6	14383	23713.9235	127	1
2_MACS_peak_12344_lociStitched	chr15	70387135	70394017	2	6771	23605.26	128	1
3_MACS_peak_36136_lociStitched	chr8	126294771	126304991	3	10030	23599.002	129	1
1_MACS_peak_18328_lociStitched	chr19	47612652	47617713	1	5062	23528.0829	130	1
3_MACS_peak_29646_lociStitched	chr5	131819398	131827713	3	7800	23461.604	131	1
6_MACS_peak_23125_lociStitched	chr21	44592135	44600825	6	8121	23397.825	132	1
2_MACS_peak_17498_lociStitched	chr19	13260459	13267591	2	7049	23261.018	133	1
3_MACS_peak_28730_lociStitched	chr5	56108037	56115568	3	7470	22981.5996	134	1
2_MACS_peak_37819_lociStitched	chr9	127630445	127638136	2	7321	22943.7912	135	1
2_MACS_peak_30863_lociStitched	chr6	16759045	16765047	2	5756	22869.4206	136	1
1_MACS_peak_38470_lociStitched	chrX	24166118	24172370	1	6253	22781.0376	137	1
1_MACS_peak_28259_lociStitched	chr4	185200443	185207304	1	6862	22731.8652	138	1
3_MACS_peak_34846_lociStitched	chr7	150100378	150108769	3	7947	22707.7242	139	1
3_MACS_peak_26043_lociStitched	chr3	141128110	141137103	3	8685	22696.5334	140	1
2_MACS_peak_29759_lociStitched	chr5	138723103	138729837	2	6657	22383.1426	141	1
2_MACS_peak_19451_lociStitched	chr2	64437500	64445608	2	8088	22354.5668	142	1
2_MACS_peak_18068_lociStitched	chr19	41768351	41773452	2	5097	22294.9407	143	1
2_MACS_peak_35039_lociStitched	chr8	12609977	12617024	2	6868	22240.332	144	1
6_MACS_peak_37978_lociStitched	chr9	132646079	132657479	6	10931	22233.42	145	1
1_MACS_peak_11603_lociStitched	chr15	31554295	31560521	1	6227	22086.735	146	1
4_MACS_peak_12040_lociStitched	chr15	55693807	55701452	4	6905	22025.245	147	1
1_MACS_peak_29187_lociStitched	chr5	95156821	95160782	1	3962	21998.6018	148	1
2_MACS_peak_30247_lociStitched	chr5	173168020	173174571	2	6458	21884.9257	149	1
2_MACS_peak_3206_lociStitched	chr1	203255021	203261377	2	6327	21775.656	150	1
4_MACS_peak_2317_lociStitched	chr1	150532543	150541590	4	8738	21740.8457	151	1
3_MACS_peak_23148_lociStitched	chr21	44771328	44776780	3	5363	21733.3076	152	1
5_MACS_peak_2066_lociStitched	chr1	118294519	118303729	5	8928	21707.049	153	1
1_MACS_peak_28520_lociStitched	chr5	32172388	32175601	1	3214	21645.3384	154	1
1_MACS_peak_16980_lociStitched	chr19	1130325	1134419	1	4095	21606.4944	155	1
1_MACS_peak_29358_lociStitched	chr5	109024003	109034029	1	10027	21494.7414	156	1
4_MACS_peak_17887_lociStitched	chr19	35701680	35708009	4	5552	21454.0442	157	1
1_MACS_peak_12380_lociStitched	chr15	72765220	72768504	1	3285	21448.4608	158	1
1_MACS_peak_37169_lociStitched	chr9	73032659	73036767	1	4109	21341.8816	159	1
1_MACS_peak_6130_lociStitched	chr11	58340315	58347961	1	7647	21318.5772	160	1
2_MACS_peak_25087_lociStitched	chr3	50637358	50644744	2	7178	21318.2118	161	1
1_MACS_peak_30184_lociStitched	chr5	162929837	162937615	1	7779	21152.271	162	1
1_MACS_peak_19440_lociStitched	chr2	64366840	64372193	1	5354	21126.1498	163	1
1_MACS_peak_36401_lociStitched	chr8	144607622	144613740	1	6119	21086.9106	164	1
1_MACS_peak_36575_lociStitched	chr9	3524459	3529225	1	4767	21015.677	165	1
1_MACS_peak_28576_lociStitched	chr5	36240406	36243488	1	3083	20979.4822	166	1
1_MACS_peak_3670_lociStitched	chr1	228269049	228272349	1	3301	20958.3	167	1
2_MACS_peak_31510_lociStitched	chr6	42748655	42752473	2	3708	20957.7656	168	1
3_MACS_peak_2321_lociStitched	chr1	150545040	150553206	3	7788	20895.1608	169	1
3_MACS_peak_2043_lociStitched	chr1	118171060	118182334	3	11178	20799.4026	170	1
3_MACS_peak_4002_lociStitched	chr10	6792934	6802016	3	8790	20745.1044	171	1
4_MACS_peak_28402_lociStitched	chr5	1326572	1334021	4	7120	20724.6078	172	1
1_MACS_peak_7245_lociStitched	chr11	118658651	118663616	1	4966	20707.029	173	1
3_MACS_peak_6326_lociStitched	chr11	65242020	65247168	3	4389	20654.8056	174	1
3_MACS_peak_5731_lociStitched	chr11	10323703	10332420	3	8668	20618.3201	175	1
2_MACS_peak_33451_lociStitched	chr7	39987908	39992777	2	4794	20568.6036	176	1
2_MACS_peak_36349_lociStitched	chr8	142125279	142132294	2	6562	20515.3675	177	1
5_MACS_peak_1908_lociStitched	chr1	111172421	111182786	5	9732	20511.2985	178	1
1_MACS_peak_6325_lociStitched	chr11	65237789	65241341	1	3553	20506.0512	179	1
1_MACS_peak_37473_lociStitched	chr9	100744032	100748326	1	4295	20491.8268	180	1
1_MACS_peak_37039_lociStitched	chr9	66454650	66459401	1	4752	20448.304	181	1
3_MACS_peak_6633_lociStitched	chr11	72537201	72544749	3	7418	20389.4124	182	1
1_MACS_peak_12013_lociStitched	chr15	52857210	52862000	1	4791	20368.996	183	1
6_MACS_peak_6352_lociStitched	chr11	65335730	65346801	6	10336	20335.2128	184	1
1_MACS_peak_17595_lociStitched	chr19	16186137	16191244	1	5108	20301.8571	185	1
1_MACS_peak_29331_lociStitched	chr5	107716051	107719462	1	3412	20257.2468	186	1
1_MACS_peak_37168_lociStitched	chr9	73025958	73030155	1	4198	20241.7113	187	1
2_MACS_peak_31994_lociStitched	chr6	106610427	106617266	2	6584	20218.8196	188	1
4_MACS_peak_23526_lociStitched	chr22	24551489	24561645	4	9859	20218.5648	189	1
1_MACS_peak_37179_lociStitched	chr9	74976464	74981187	1	4724	20192.2419	190	1
4_MACS_peak_3109_lociStitched	chr1	197741493	197748667	4	6853	19923.6328	191	1
1_MACS_peak_29729_lociStitched	chr5	137909773	137912279	1	2507	19908.4158	192	1
3_MACS_peak_2053_lociStitched	chr1	118212203	118222627	3	10141	19847.296	193	1
2_MACS_peak_1448_lociStitched	chr1	66796809	66803888	2	7070	19719.2624	194	1
2_MACS_peak_11608_lociStitched	chr15	31615617	31621404	2	5753	19708.2072	195	1
1_MACS_peak_33999_lociStitched	chr7	92460810	92466869	1	6060	19534.8219	196	1
2_MACS_peak_32372_lociStitched	chr6	136608756	136612445	2	3653	19521.4502	197	1
2_MACS_peak_37379_lociStitched	chr9	95820284	95827632	2	7315	19488.3656	198	1
1_MACS_peak_17530_lociStitched	chr19	14115293	14118415	1	3123	19397.6104	199	1
6_MACS_peak_5372_lociStitched	chr10	121060551	121069681	6	8231	19393.033	200	1
3_MACS_peak_23151_lociStitched	chr21	44778318	44786025	3	7272	19388.4999	201	1
1_MACS_peak_17953_lociStitched	chr19	38535656	38540887	1	5232	19276.235	202	1
1_MACS_peak_32034_lociStitched	chr6	108878218	108884300	1	6083	19264.1268	203	1
1_MACS_peak_8988_lociStitched	chr12	104679302	104683542	1	4241	19260.624	204	1
1_MACS_peak_7123_lociStitched	chr11	111284632	111290353	1	5722	19251.165	205	1
5_MACS_peak_15619_lociStitched	chr17	56407800	56417166	5	8910	19193.7438	206	1
1_MACS_peak_17635_lociStitched	chr19	16692463	16700383	1	7921	19186.2	207	1
1_MACS_peak_20605_lociStitched	chr2	158322854	158328486	1	5633	19164.0064	208	1
2_MACS_peak_12788_lociStitched	chr15	90586858	90592787	2	5914	19145.9268	209	1
3_MACS_peak_33562_lociStitched	chr7	47512226	47522563	3	10160	19141.0229	210	1
2_MACS_peak_16042_lociStitched	chr17	75135204	75143709	2	8330	19049.499	211	1
1_MACS_peak_18443_lociStitched	chr19	50378411	50381833	1	3423	19030.4264	212	1
6_MACS_peak_18687_lociStitched	chr2	9687443	9697217	6	9448	19013.3622	213	1
1_MACS_peak_6579_lociStitched	chr11	68602540	68609791	1	7252	18977.3172	214	1
5_MACS_peak_25177_lociStitched	chr3	53199562	53211671	5	11601	18968.7485	215	1
2_MACS_peak_18744_lociStitched	chr2	11886025	11892320	2	6232	18952.986	216	1
1_MACS_peak_20771_lociStitched	chr2	173415122	173423814	1	8693	18920.7456	217	1
2_MACS_peak_18147_lociStitched	chr19	42720308	42725607	2	5276	18860.2008	218	1
1_MACS_peak_37245_lociStitched	chr9	86321167	86324356	1	3190	18780.021	219	1
2_MACS_peak_35842_lociStitched	chr8	98654960	98659800	2	4813	18752.096	220	1
3_MACS_peak_33662_lociStitched	chr7	55635544	55642348	3	6488	18741.618	221	1
4_MACS_peak_26981_lociStitched	chr4	14177263	14186382	4	9052	18721.307	222	1
1_MACS_peak_16941_lociStitched	chr19	658635	664136	1	5502	18625.2858	223	1
4_MACS_peak_6680_lociStitched	chr11	72862258	72870700	4	8179	18559.737	224	1
2_MACS_peak_31886_lociStitched	chr6	90059430	90064137	2	4530	18554.5233	225	1
3_MACS_peak_29995_lociStitched	chr5	150455217	150463730	3	7908	18482.5743	226	1
1_MACS_peak_18389_lociStitched	chr19	49375407	49380634	1	5228	18475.3542	227	1
1_MACS_peak_27458_lociStitched	chr4	78738495	78743763	1	5269	18458.5452	228	1
1_MACS_peak_2431_lociStitched	chr1	154373884	154381900	1	8017	18441.6096	229	1
2_MACS_peak_32453_lociStitched	chr6	139690883	139698040	2	7058	18412.0982	230	1
1_MACS_peak_22136_lociStitched	chr20	34328879	34332909	1	4031	18364.307	231	1
2_MACS_peak_29649_lociStitched	chr5	131829115	131834275	2	5080	18363.408	232	1
2_MACS_peak_5981_lociStitched	chr11	35159973	35169107	2	8905	18328.2844	233	1
11_MACS_peak_31373_lociStitched	chr6	36711533	36726147	11	13136	18279.1912	234	1
1_MACS_peak_34695_lociStitched	chr7	139024366	139027415	1	3050	18267.1688	235	1
2_MACS_peak_6293_lociStitched	chr11	64897586	64903671	2	6033	18245.264	236	1
1_MACS_peak_17519_lociStitched	chr19	13956566	13959140	1	2575	18242.7102	237	1
1_MACS_peak_18152_lociStitched	chr19	42783338	42791557	1	8220	18230.5639	238	1
2_MACS_peak_4797_lociStitched	chr10	74076342	74082060	2	5338	18197.535	239	1
1_MACS_peak_11092_lociStitched	chr14	90082364	90088462	1	6099	18170.2106	240	1
3_MACS_peak_35806_lociStitched	chr8	95969900	95976250	3	5941	18139.41	241	1
1_MACS_peak_18878_lociStitched	chr2	25639977	25646615	1	6639	18118.421	242	1
2_MACS_peak_12804_lociStitched	chr15	90637380	90646532	2	9122	18085.2672	243	1
1_MACS_peak_32509_lociStitched	chr6	143264927	143269775	1	4849	18076.2528	244	1
1_MACS_peak_18393_lociStitched	chr19	49465073	49470031	1	4959	18072.4058	245	1
1_MACS_peak_29014_lociStitched	chr5	78530460	78534749	1	4290	18009.9399	246	1
1_MACS_peak_22270_lociStitched	chr20	42308989	42312391	1	3403	18001.3428	247	1
4_MACS_peak_26330_lociStitched	chr3	171811955	171821173	4	9058	17970.491	248	1
2_MACS_peak_11900_lociStitched	chr15	45016493	45023324	2	6622	17963.4807	249	1
3_MACS_peak_6675_lociStitched	chr11	72849289	72856207	3	6493	17954.9772	250	1
2_MACS_peak_37099_lociStitched	chr9	69784984	69788336	2	3279	17951.9712	251	1
2_MACS_peak_15827_lociStitched	chr17	66230263	66236826	2	6336	17933.3975	252	1
3_MACS_peak_29351_lociStitched	chr5	108743080	108750094	3	6480	17930.5896	253	1
1_MACS_peak_11897_lociStitched	chr15	45002371	45007407	1	5037	17888.8792	254	1
1_MACS_peak_18376_lociStitched	chr19	49136294	49142363	1	6070	17875.6326	255	1
4_MACS_peak_27940_lociStitched	chr4	144274076	144284699	4	10078	17836.017	256	1
2_MACS_peak_38045_lociStitched	chr9	134501659	134506674	2	5009	17823.31	257	1
1_MACS_peak_4505_lociStitched	chr10	45913400	45919042	1	5643	17775.121	258	1
1_MACS_peak_15176_lociStitched	chr17	37909415	37916095	1	6681	17756.776	259	1
1_MACS_peak_32772_lociStitched	chr6	159459096	159466141	1	7046	17747.764	260	1
2_MACS_peak_28593_lociStitched	chr5	39072224	39078034	2	5704	17736.768	261	1
1_MACS_peak_36165_lociStitched	chr8	126612274	126621246	1	8973	17730.4664	262	1
2_MACS_peak_28256_lociStitched	chr4	185186175	185192083	2	5885	17724.5908	263	1
3_MACS_peak_12467_lociStitched	chr15	75298993	75307852	3	8354	17658.6447	264	1
7_MACS_peak_22508_lociStitched	chr20	49126079	49137469	7	10805	17631.72	265	1
4_MACS_peak_18575_lociStitched	chr19	57789825	57795558	4	5154	17579.6712	266	1
1_MACS_peak_8198_lociStitched	chr12	48201006	48209094	1	8089	17474.9328	267	1
2_MACS_peak_7623_lociStitched	chr12	7058032	7069292	2	10944	17469.89	268	1
2_MACS_peak_17614_lociStitched	chr19	16434406	16440323	2	5885	17411.9559	269	1
2_MACS_peak_17050_lociStitched	chr19	2081487	2091154	2	9662	17380.2993	270	1
1_MACS_peak_34593_lociStitched	chr7	134831398	134834610	1	3213	17360.5388	271	1
1_MACS_peak_34149_lociStitched	chr7	101945421	101952451	1	7031	17347.931	272	1
1_MACS_peak_6218_lociStitched	chr11	62647174	62651566	1	4393	17346.204	273	1
3_MACS_peak_16991_lociStitched	chr19	1247379	1254543	3	7020	17342.6112	274	1
1_MACS_peak_29190_lociStitched	chr5	95193833	95199729	1	5897	17333.0608	275	1
2_MACS_peak_24283_lociStitched	chr22	50975808	50981261	2	5404	17305.6408	276	1
2_MACS_peak_12892_lociStitched	chr15	94772428	94777735	2	5278	17292.3288	277	1
3_MACS_peak_16821_lociStitched	chr18	60803873	60811098	3	7142	17270.64	278	1
3_MACS_peak_7332_lociStitched	chr11	122931672	122936198	3	4431	17254.4698	279	1
3_MACS_peak_31977_lociStitched	chr6	106439531	106446311	3	6519	17251.032	280	1
5_MACS_peak_29988_lociStitched	chr5	150437894	150446356	5	7532	17217.6314	281	1
2_MACS_peak_34596_lociStitched	chr7	134852540	134857728	2	5175	17176.9492	282	1
1_MACS_peak_7466_lociStitched	chr11	129871295	129874261	1	2967	17172.2502	283	1
2_MACS_peak_28072_lociStitched	chr4	153453374	153460024	2	6606	17129.735	284	1
1_MACS_peak_37490_lociStitched	chr9	101983080	101985903	1	2824	17025.513	285	1
3_MACS_peak_33164_lociStitched	chr7	22384231	22392673	3	8264	17003.0322	286	1
8_MACS_peak_38018_lociStitched	chr9	134143460	134153417	8	9642	16990.6248	287	1
1_MACS_peak_26585_lociStitched	chr3	186702967	186708611	1	5645	16978.2808	288	1
3_MACS_peak_29205_lociStitched	chr5	95258792	95268233	3	9098	16971.1416	289	1
1_MACS_peak_29262_lociStitched	chr5	98263001	98266395	1	3395	16966.2666	290	1
1_MACS_peak_22942_lociStitched	chr21	35319285	35322963	1	3679	16962.936	291	1
8_MACS_peak_27575_lociStitched	chr4	90214151	90226740	8	11174	16937.2406	292	1
5_MACS_peak_29940_lociStitched	chr5	148208428	148217109	5	8283	16934.8948	293	1
2_MACS_peak_23615_lociStitched	chr22	29662951	29665994	2	2944	16925.7746	294	1
1_MACS_peak_26997_lociStitched	chr4	15002689	15007362	1	4674	16919.9984	295	1
1_MACS_peak_37620_lociStitched	chr9	114244597	114247480	1	2884	16891.497	296	1
1_MACS_peak_36397_lociStitched	chr8	144594053	144599859	1	5807	16883.2674	297	1
1_MACS_peak_17347_lociStitched	chr19	10612141	10614687	1	2547	16868.523	298	1
1_MACS_peak_26320_lociStitched	chr3	171756565	171759857	1	3293	16864.5868	299	1
2_MACS_peak_31108_lociStitched	chr6	30581967	30586613	2	4602	16863.5862	300	1
1_MACS_peak_26032_lociStitched	chr3	141085291	141089668	1	4378	16749.0282	301	1
1_MACS_peak_6259_lociStitched	chr11	64070871	64074608	1	3738	16748.4866	302	1
1_MACS_peak_6770_lociStitched	chr11	76478638	76482850	1	4213	16748.1756	303	1
1_MACS_peak_7428_lociStitched	chr11	128585560	128592492	1	6933	16692.9492	304	1
1_MACS_peak_7194_lociStitched	chr11	115062268	115066497	1	4230	16680.4447	305	1
3_MACS_peak_22965_lociStitched	chr21	36256748	36263551	3	6489	16650.3425	306	1
3_MACS_peak_29763_lociStitched	chr5	138748334	138754659	3	5961	16641.075	307	1
1_MACS_peak_16945_lociStitched	chr19	890997	894308	1	3312	16617.2468	308	1
2_MACS_peak_24515_lociStitched	chr3	15835134	15840128	2	4921	16576.5842	309	1
1_MACS_peak_9030_lociStitched	chr12	106694764	106698923	1	4160	16552.4041	310	1
3_MACS_peak_22860_lociStitched	chr21	30670582	30674976	3	4059	16492.879	311	1
1_MACS_peak_12023_lociStitched	chr15	53020368	53025012	1	4645	16487.1288	312	1
1_MACS_peak_16763_lociStitched	chr18	56528622	56532357	1	3736	16472.844	313	1
2_MACS_peak_31864_lociStitched	chr6	89788928	89793160	2	4208	16445.1288	314	1
4_MACS_peak_8956_lociStitched	chr12	102870355	102879159	4	8026	16414.1776	315	1
1_MACS_peak_34095_lociStitched	chr7	100025505	100028871	1	3367	16385.3514	316	1
1_MACS_peak_29257_lociStitched	chr5	96267080	96272889	1	5810	16338.9743	317	1
1_MACS_peak_17528_lociStitched	chr19	14095846	14098988	1	3143	16327.403	318	1
2_MACS_peak_12959_lociStitched	chr15	101457513	101464460	2	6828	16307.3878	319	1
2_MACS_peak_30078_lociStitched	chr5	156354899	156361571	2	6489	16306.368	320	1
1_MACS_peak_21149_lociStitched	chr2	201727220	201730128	1	2909	16297.5952	321	1
1_MACS_peak_15562_lociStitched	chr17	55431805	55437970	1	6166	16286.697	322	1
2_MACS_peak_34786_lociStitched	chr7	144049273	144056204	2	6540	16266.3639	323	1
1_MACS_peak_36861_lociStitched	chr9	35070466	35073672	1	3207	16256.6642	324	1
3_MACS_peak_16857_lociStitched	chr18	60982063	60988802	3	6476	16234.9249	325	1
2_MACS_peak_37042_lociStitched	chr9	66695002	66701964	2	6945	16229.8144	326	1
1_MACS_peak_24035_lociStitched	chr22	42146816	42154561	1	7746	16221.128	327	1
1_MACS_peak_4283_lociStitched	chr10	22290759	22295121	1	4363	16216.1712	328	1
1_MACS_peak_28507_lociStitched	chr5	19269191	19272251	1	3061	16200.558	329	1
1_MACS_peak_5704_lociStitched	chr11	7531886	7536886	1	5001	16150.5	330	1
1_MACS_peak_22984_lociStitched	chr21	36397713	36404009	1	6297	16125.9448	331	1
6_MACS_peak_34664_lociStitched	chr7	137705926	137716426	6	8794	16086	332	1
2_MACS_peak_16254_lociStitched	chr17	80405685	80410097	2	4291	16085.2696	333	1
8_MACS_peak_9053_lociStitched	chr12	108953998	108964651	8	9125	16075.377	334	1
1_MACS_peak_18128_lociStitched	chr19	42447867	42452036	1	4170	16072.7457	335	1
3_MACS_peak_28459_lociStitched	chr5	6735794	6741835	3	5849	16059.3944	336	1
2_MACS_peak_17885_lociStitched	chr19	35695266	35700294	2	4625	16049.376	337	1
2_MACS_peak_34285_lociStitched	chr7	108209054	108212519	2	3292	16040.871	338	1
1_MACS_peak_18151_lociStitched	chr19	42771761	42775750	1	3990	16032.1899	339	1
2_MACS_peak_6696_lociStitched	chr11	72979570	72986061	2	6459	16025.6299	340	1
1_MACS_peak_4058_lociStitched	chr10	11217177	11222974	1	5798	15999.72	341	1
8_MACS_peak_13286_lociStitched	chr16	11829643	11837753	8	7332	15981.566	342	1
3_MACS_peak_26716_lociStitched	chr3	195630414	195637374	3	6652	15965.544	343	1
3_MACS_peak_9939_lociStitched	chr13	50695860	50701713	3	5545	15939.4749	344	1
3_MACS_peak_20587_lociStitched	chr2	157196398	157200647	3	4115	15919.7283	345	1
1_MACS_peak_37101_lociStitched	chr9	69877952	69884610	1	6659	15879.33	346	1
5_MACS_peak_19850_lociStitched	chr2	87765617	87772327	5	6522	15874.518	347	1
1_MACS_peak_4429_lociStitched	chr10	32634698	32636804	1	2107	15869.9736	348	1
2_MACS_peak_30057_lociStitched	chr5	154133334	154138556	2	4812	15861.825	349	1
1_MACS_peak_32998_lociStitched	chr7	7854617	7861499	1	6883	15853.3752	350	1
3_MACS_peak_6016_lociStitched	chr11	43939043	43945429	3	5839	15848.1362	351	1
3_MACS_peak_22988_lociStitched	chr21	36416042	36422116	3	5833	15838.5624	352	1
4_MACS_peak_27440_lociStitched	chr4	77129510	77138628	4	8896	15837.966	353	1
1_MACS_peak_11049_lociStitched	chr14	81993469	82000235	1	6767	15818.2314	354	1
1_MACS_peak_23161_lociStitched	chr21	44817153	44821003	1	3851	15814.26	355	1
4_MACS_peak_24349_lociStitched	chr3	5236058	5243094	4	6682	15796.5236	356	1
5_MACS_peak_6463_lociStitched	chr11	66884762	66889877	5	4862	15738.855	357	1
5_MACS_peak_7282_lociStitched	chr11	120368661	120377699	5	8210	15729.7352	358	1
1_MACS_peak_26605_lociStitched	chr3	186780631	186785923	1	5293	15718.8276	359	1
1_MACS_peak_23813_lociStitched	chr22	37613937	37620963	1	7027	15712.2438	360	1
2_MACS_peak_17980_lociStitched	chr19	39338842	39343758	2	4758	15697.7712	361	1
1_MACS_peak_23884_lociStitched	chr22	38900406	38903586	1	3181	15697.752	362	1
1_MACS_peak_34061_lociStitched	chr7	99154872	99157370	1	2499	15696.4328	363	1
1_MACS_peak_30928_lociStitched	chr6	24718703	24722684	1	3982	15690.3153	364	1
2_MACS_peak_6891_lociStitched	chr11	87066597	87072710	2	6026	15688.4032	365	1
3_MACS_peak_6968_lociStitched	chr11	98936885	98942216	3	4732	15650.7498	366	1
2_MACS_peak_2938_lociStitched	chr1	178544380	178552314	2	7794	15633.947	367	1
1_MACS_peak_20884_lociStitched	chr2	182168601	182174940	1	6340	15624.3672	368	1
1_MACS_peak_12339_lociStitched	chr15	70327008	70333423	1	6416	15622.4495	369	1
1_MACS_peak_11017_lociStitched	chr14	81421106	81427761	1	6656	15618.6195	370	1
1_MACS_peak_11796_lociStitched	chr15	41407193	41409716	1	2524	15609.0441	371	1
1_MACS_peak_33345_lociStitched	chr7	32928743	32932909	1	4167	15588.7554	372	1
1_MACS_peak_34318_lociStitched	chr7	114570098	114576518	1	6421	15576.204	373	1
5_MACS_peak_36351_lociStitched	chr8	142137255	142144176	5	6689	15534.8766	374	1
1_MACS_peak_24062_lociStitched	chr22	42334460	42337925	1	3466	15507.261	375	1
1_MACS_peak_17852_lociStitched	chr19	33863761	33865980	1	2220	15501.2683	376	1
7_MACS_peak_19870_lociStitched	chr2	87810242	87822267	7	10701	15486.9975	377	1
5_MACS_peak_34313_lociStitched	chr7	114561797	114568698	5	6026	15481.0133	378	1
1_MACS_peak_37464_lociStitched	chr9	100393579	100396882	1	3304	15460.0218	379	1
2_MACS_peak_16777_lociStitched	chr18	56657118	56662392	2	5228	15452.82	380	1
4_MACS_peak_4617_lociStitched	chr10	63656836	63664351	4	6960	15432.0525	381	1
3_MACS_peak_14754_lociStitched	chr17	16876836	16885191	3	8326	15408.291	382	1
2_MACS_peak_3710_lociStitched	chr1	230256914	230262377	2	5449	15401.8359	383	1
4_MACS_peak_29123_lociStitched	chr5	88563136	88571395	4	7638	15365.8695	384	1
1_MACS_peak_32888_lociStitched	chr7	2393225	2395849	1	2625	15365.3568	385	1
1_MACS_peak_20851_lociStitched	chr2	178127405	178131039	1	3635	15363.0984	386	1
2_MACS_peak_15951_lociStitched	chr17	73778566	73782824	2	4254	15339.8708	387	1
1_MACS_peak_16721_lociStitched	chr18	52983859	52990622	1	6764	15308.0505	388	1
4_MACS_peak_35977_lociStitched	chr8	107509194	107516678	4	7006	15283.8248	389	1
1_MACS_peak_36735_lociStitched	chr9	20620094	20625338	1	5245	15278.394	390	1
3_MACS_peak_36683_lociStitched	chr9	20352161	20358978	3	6529	15272.1251	391	1
3_MACS_peak_5288_lociStitched	chr10	112112687	112119326	3	6521	15259.7415	392	1
1_MACS_peak_180_lociStitched	chr1	6660194	6664724	1	4531	15244.809	393	1
2_MACS_peak_19339_lociStitched	chr2	56569242	56577756	2	8489	15244.317	394	1
1_MACS_peak_11970_lociStitched	chr15	52310791	52314735	1	3945	15224.6288	395	1
7_MACS_peak_37533_lociStitched	chr9	108017747	108027710	7	8997	15206.5269	396	1
1_MACS_peak_35864_lociStitched	chr8	101318507	101323571	1	5065	15196.0512	397	1
1_MACS_peak_12872_lociStitched	chr15	93373596	93377803	1	4208	15182.6423	398	1
4_MACS_peak_5476_lociStitched	chr10	126380226	126387329	4	6335	15166.3256	399	1
1_MACS_peak_37290_lociStitched	chr9	91924356	91927802	1	3447	15161.7108	400	1
2_MACS_peak_10808_lociStitched	chr14	69258950	69263547	2	4469	15146.1956	401	1
1_MACS_peak_25348_lociStitched	chr3	72030918	72035923	1	5006	15139.6245	402	1
1_MACS_peak_11173_lociStitched	chr14	91879166	91885751	1	6586	15108.624	403	1
2_MACS_peak_22632_lociStitched	chr20	56251486	56259599	2	7992	15084.5009	404	1
4_MACS_peak_35275_lociStitched	chr8	29082135	29089717	4	7107	15081.3562	405	1
4_MACS_peak_14363_lociStitched	chr16	89552048	89557934	4	5345	15068.7486	406	1
2_MACS_peak_20414_lociStitched	chr2	128585825	128590986	2	4836	15063.4107	407	1
2_MACS_peak_24796_lociStitched	chr3	42231946	42238885	2	6863	15056.9361	408	1
3_MACS_peak_15202_lociStitched	chr17	38251576	38258166	3	6369	15053.537	409	1
1_MACS_peak_37425_lociStitched	chr9	98636961	98639332	1	2372	15046.366	410	1
3_MACS_peak_25768_lociStitched	chr3	121709811	121715503	3	5462	15035.418	411	1
1_MACS_peak_34306_lociStitched	chr7	113723267	113727768	1	4502	15021.1873	412	1
1_MACS_peak_6214_lociStitched	chr11	62606406	62610617	1	4212	15014.7416	413	1
1_MACS_peak_400_lociStitched	chr1	16969392	16972421	1	3030	15005.666	414	1
5_MACS_peak_32785_lociStitched	chr6	160397922	160405637	5	7171	14977.901	415	1
2_MACS_peak_2725_lociStitched	chr1	161012845	161017806	2	4518	14963.8643	416	1
1_MACS_peak_26247_lociStitched	chr3	156876467	156879481	1	3015	14928.9448	417	1
1_MACS_peak_1793_lociStitched	chr1	100502593	100506144	1	3552	14908.8735	418	1
3_MACS_peak_8007_lociStitched	chr12	31737045	31745090	3	7934	14897.731	419	1
2_MACS_peak_12613_lociStitched	chr15	81290667	81294910	2	4156	14885.7169	420	1
7_MACS_peak_8573_lociStitched	chr12	68750745	68760690	7	8782	14867.775	421	1
3_MACS_peak_3215_lociStitched	chr1	203289090	203298064	3	8696	14811.587	422	1
4_MACS_peak_21097_lociStitched	chr2	198168864	198176756	4	7524	14804.6028	423	1
1_MACS_peak_29728_lociStitched	chr5	137877507	137880866	1	3360	14803.7848	424	1
1_MACS_peak_28616_lociStitched	chr5	42948776	42952526	1	3751	14797.5	425	1
1_MACS_peak_5548_lociStitched	chr11	206127	209675	1	3549	14789.4832	426	1
2_MACS_peak_15589_lociStitched	chr17	55680339	55687577	2	7108	14773.4818	427	1
2_MACS_peak_1085_lociStitched	chr1	44295893	44303305	2	7409	14753.586	428	1
4_MACS_peak_17017_lociStitched	chr19	1646463	1653678	4	7060	14737.359	429	1
4_MACS_peak_31418_lociStitched	chr6	37136485	37142361	4	5426	14713.504	430	1
2_MACS_peak_18984_lociStitched	chr2	30368458	30372953	2	4473	14707.64	431	1
4_MACS_peak_30617_lociStitched	chr6	7726344	7734710	4	8191	14685.6764	432	1
1_MACS_peak_34461_lociStitched	chr7	128170105	128172955	1	2851	14684.625	433	1
1_MACS_peak_17202_lociStitched	chr19	5128852	5132511	1	3660	14681.3716	434	1
3_MACS_peak_27510_lociStitched	chr4	87855240	87862489	3	7114	14674.1507	435	1
1_MACS_peak_36810_lociStitched	chr9	33288652	33291692	1	3041	14670.432	436	1
3_MACS_peak_30110_lociStitched	chr5	156970553	156979622	3	8665	14665.4799	437	1
2_MACS_peak_36553_lociStitched	chr9	1099111	1104422	2	4917	14652.5179	438	1
1_MACS_peak_33530_lociStitched	chr7	44923700	44927001	1	3302	14643.8962	439	1
1_MACS_peak_17257_lociStitched	chr19	7241576	7244873	1	3298	14635.383	440	1
2_MACS_peak_38065_lociStitched	chr9	134579248	134586596	2	7193	14629.868	441	1
2_MACS_peak_10610_lociStitched	chr14	55567865	55571798	2	3881	14623.2873	442	1
1_MACS_peak_5699_lociStitched	chr11	6946762	6951455	1	4694	14609.7783	443	1
5_MACS_peak_24049_lociStitched	chr22	42225069	42230575	5	4953	14590.9	444	1
1_MACS_peak_12881_lociStitched	chr15	93443178	93449092	1	5915	14572.6874	445	1
1_MACS_peak_20849_lociStitched	chr2	178075831	178078756	1	2926	14567.3775	446	1
1_MACS_peak_11917_lociStitched	chr15	45878511	45881418	1	2908	14557.3839	447	1
4_MACS_peak_8757_lociStitched	chr12	92534797	92540741	4	5342	14547.3456	448	1
3_MACS_peak_27915_lociStitched	chr4	141675253	141679159	3	3738	14542.8192	449	1
3_MACS_peak_30349_lociStitched	chr5	176852528	176860219	3	7174	14542.1428	450	1
1_MACS_peak_7243_lociStitched	chr11	118442137	118444326	1	2190	14540.4325	451	1
1_MACS_peak_11600_lociStitched	chr15	31525823	31529860	1	4038	14519.4742	452	1
1_MACS_peak_30308_lociStitched	chr5	175874249	175876466	1	2218	14512.9254	453	1
2_MACS_peak_33308_lociStitched	chr7	30323010	30326365	2	3215	14502.323	454	1
6_MACS_peak_11144_lociStitched	chr14	91814771	91824293	6	8702	14498.1972	455	1
1_MACS_peak_38540_lociStitched	chrX	41190411	41194875	1	4465	14492.376	456	1
1_MACS_peak_9027_lociStitched	chr12	106640419	106644736	1	4318	14483.535	457	1
1_MACS_peak_34856_lociStitched	chr7	150592666	150596650	1	3985	14469.4896	458	1
1_MACS_peak_33005_lociStitched	chr7	7958512	7964408	1	5897	14466.4256	459	1
2_MACS_peak_17751_lociStitched	chr19	18697160	18700713	2	3496	14452.1828	460	1
5_MACS_peak_15346_lociStitched	chr17	43298620	43307468	5	8246	14420.4704	461	1
1_MACS_peak_3213_lociStitched	chr1	203273051	203277415	1	4365	14400.3272	462	1
1_MACS_peak_11983_lociStitched	chr15	52553037	52556050	1	3014	14362.971	463	1
1_MACS_peak_17373_lociStitched	chr19	10986466	10990899	1	4434	14327.8993	464	1
5_MACS_peak_34711_lociStitched	chr7	139421376	139427389	5	5401	14319.9595	465	1
2_MACS_peak_29231_lociStitched	chr5	95670898	95678135	2	7147	14313.3386	466	1
2_MACS_peak_5706_lociStitched	chr11	7540118	7547143	2	6945	14300.7925	467	1
1_MACS_peak_12415_lociStitched	chr15	74675267	74680139	1	4873	14285.1912	468	1
7_MACS_peak_988_lociStitched	chr1	40848756	40858729	7	8791	14255.4062	469	1
1_MACS_peak_21248_lociStitched	chr2	206949191	206952021	1	2831	14245.654	470	1
1_MACS_peak_18625_lociStitched	chr19	59068471	59071377	1	2907	14240.853	471	1
4_MACS_peak_9691_lociStitched	chr13	34249784	34255473	4	5417	14203.1574	472	1
1_MACS_peak_5700_lociStitched	chr11	6981799	6985403	1	3605	14198.6788	473	1
3_MACS_peak_6250_lociStitched	chr11	64004705	64010042	3	4987	14192.6841	474	1
3_MACS_peak_35351_lociStitched	chr8	38238629	38244821	3	6081	14166.0576	475	1
2_MACS_peak_15834_lociStitched	chr17	66283436	66289514	2	6012	14152.623	476	1
4_MACS_peak_15724_lociStitched	chr17	62150715	62155704	4	4755	14096.4195	477	1
2_MACS_peak_36632_lociStitched	chr9	6680023	6684093	2	3945	14065.92	478	1
4_MACS_peak_36688_lociStitched	chr9	20375028	20383126	4	7614	14055.6986	479	1
3_MACS_peak_20493_lociStitched	chr2	137136603	137142991	3	6035	14047.8508	480	1
9_MACS_peak_1438_lociStitched	chr1	66740209	66750410	9	8992	14047.7971	481	1
3_MACS_peak_38054_lociStitched	chr9	134528799	134535238	3	6270	14040.8834	482	1
1_MACS_peak_20136_lociStitched	chr2	106328327	106331506	1	3180	14009.2172	483	1
1_MACS_peak_5589_lociStitched	chr11	694114	697767	1	3654	13992.4512	484	1
2_MACS_peak_2570_lociStitched	chr1	156468438	156475939	2	7454	13971.3626	485	1
1_MACS_peak_12295_lociStitched	chr15	68236592	68240812	1	4221	13953.008	486	1
3_MACS_peak_29862_lociStitched	chr5	141346134	141351538	3	5199	13949.3452	487	1
2_MACS_peak_8479_lociStitched	chr12	57912833	57917416	2	4468	13874.5742	488	1
1_MACS_peak_34901_lociStitched	chr7	154996218	154999208	1	2991	13848.484	489	1
1_MACS_peak_28161_lociStitched	chr4	160023175	160028790	1	5616	13838.1675	490	1
6_MACS_peak_2604_lociStitched	chr1	157489297	157497874	6	7897	13832.9856	491	1
1_MACS_peak_36543_lociStitched	chr9	749163	753151	1	3989	13825.5984	492	1
1_MACS_peak_18440_lociStitched	chr19	50353522	50355291	1	1770	13824.2043	493	1
3_MACS_peak_33877_lociStitched	chr7	78120804	78126871	3	6004	13819.4126	494	1
1_MACS_peak_38082_lociStitched	chr9	135143655	135146840	1	3186	13808.886	495	1
3_MACS_peak_7439_lociStitched	chr11	128625544	128631605	3	5746	13805.7458	496	1
2_MACS_peak_18101_lociStitched	chr19	42054870	42061058	2	6135	13804.1904	497	1
1_MACS_peak_8588_lociStitched	chr12	68873913	68878354	1	4442	13787.9727	498	1
2_MACS_peak_5931_lociStitched	chr11	33278073	33281644	2	3539	13773.7041	499	1
7_MACS_peak_2563_lociStitched	chr1	156456017	156466004	7	9342	13764.0834	500	1
1_MACS_peak_12502_lociStitched	chr15	75492705	75497148	1	4444	13738.6446	501	1
1_MACS_peak_37878_lociStitched	chr9	130538387	130542697	1	4311	13734.246	502	1
3_MACS_peak_18363_lociStitched	chr19	48832274	48837706	3	5076	13732.6392	503	1
1_MACS_peak_34729_lociStitched	chr7	139597068	139602355	1	5288	13727.1668	504	1
1_MACS_peak_5723_lociStitched	chr11	9480498	9484381	1	3884	13721.7454	505	1
5_MACS_peak_20068_lociStitched	chr2	99099485	99108364	5	8266	13663.0052	506	1
2_MACS_peak_36614_lociStitched	chr9	5625160	5630649	2	5365	13662.6699	507	1
1_MACS_peak_14524_lociStitched	chr17	3862497	3868867	1	6371	13654.732	508	1
2_MACS_peak_2450_lociStitched	chr1	154829444	154834604	2	4696	13636.848	509	1
1_MACS_peak_5559_lociStitched	chr11	317654	321263	1	3610	13601.5992	510	1
1_MACS_peak_67_lociStitched	chr1	1708813	1714803	1	5991	13601.493	511	1
1_MACS_peak_28620_lociStitched	chr5	43017194	43021606	1	4413	13583.2244	512	1
1_MACS_peak_24028_lociStitched	chr22	42014135	42018192	1	4058	13559.3054	513	1
1_MACS_peak_25435_lociStitched	chr3	98449229	98453902	1	4674	13555.9057	514	1
3_MACS_peak_33123_lociStitched	chr7	18555923	18562821	3	6542	13546.9822	515	1
1_MACS_peak_2299_lociStitched	chr1	149856248	149860538	1	4291	13520.793	516	1
1_MACS_peak_8504_lociStitched	chr12	58817143	58821206	1	4064	13519.2262	517	1
1_MACS_peak_34533_lociStitched	chr7	130642770	130647367	1	4598	13498.6308	518	1
1_MACS_peak_10668_lociStitched	chr14	60714364	60717456	1	3093	13491.0144	519	1
1_MACS_peak_37187_lociStitched	chr9	77701276	77704615	1	3340	13486.5549	520	1
1_MACS_peak_17105_lociStitched	chr19	2663017	2665667	1	2651	13468.89	521	1
2_MACS_peak_27654_lociStitched	chr4	103746240	103750220	2	3836	13461.156	522	1
2_MACS_peak_24124_lociStitched	chr22	43665587	43670800	2	5171	13461.0086	523	1
2_MACS_peak_29089_lociStitched	chr5	88026144	88032933	2	6504	13446.2934	524	1
1_MACS_peak_22504_lociStitched	chr20	48806492	48810242	1	3751	13444.5	525	1
3_MACS_peak_22363_lociStitched	chr20	46038933	46046289	3	6942	13443.8256	526	1
1_MACS_peak_7181_lociStitched	chr11	114270062	114272781	1	2720	13422.8873	527	1
1_MACS_peak_31298_lociStitched	chr6	34622769	34627051	1	4283	13387.673	528	1
5_MACS_peak_35214_lociStitched	chr8	27250344	27257558	5	6887	13383.4128	529	1
5_MACS_peak_33689_lociStitched	chr7	64457058	64462506	5	5105	13377.564	530	1
2_MACS_peak_10751_lociStitched	chr14	64967164	64972445	2	5263	13377.3011	531	1
3_MACS_peak_30751_lociStitched	chr6	11829737	11835877	3	5689	13366.78	532	1
1_MACS_peak_29340_lociStitched	chr5	108062757	108065229	1	2473	13364.1264	533	1
4_MACS_peak_11543_lociStitched	chr15	23676431	23683433	4	6458	13351.4136	534	1
2_MACS_peak_19848_lociStitched	chr2	87754002	87758599	2	4378	13346.9298	535	1
2_MACS_peak_15743_lociStitched	chr17	62203762	62209735	2	5889	13336.5144	536	1
3_MACS_peak_28095_lociStitched	chr4	153581347	153589247	3	7183	13329.67	537	1
2_MACS_peak_14654_lociStitched	chr17	7588124	7592141	2	3541	13309.5261	538	1
2_MACS_peak_23919_lociStitched	chr22	39540024	39546270	2	5866	13293.9864	539	1
1_MACS_peak_14337_lociStitched	chr16	89041498	89046239	1	4742	13287.1266	540	1
1_MACS_peak_11679_lociStitched	chr15	34624921	34630409	1	5489	13284.8016	541	1
3_MACS_peak_9381_lociStitched	chr12	123376109	123381349	3	5152	13269.252	542	1
2_MACS_peak_35624_lociStitched	chr8	71312247	71317047	2	4722	13240.32	543	1
1_MACS_peak_22104_lociStitched	chr20	33291309	33293902	1	2594	13231.5604	544	1
1_MACS_peak_18861_lociStitched	chr2	25193662	25196079	1	2418	13225.5823	545	1
2_MACS_peak_28617_lociStitched	chr5	42991144	42995658	2	4466	13213.3808	546	1
2_MACS_peak_21461_lociStitched	chr2	231732751	231740639	2	7397	13195.0464	547	1
2_MACS_peak_25996_lociStitched	chr3	136468818	136472819	2	3987	13186.4958	548	1
2_MACS_peak_37383_lociStitched	chr9	95855252	95859499	2	4106	13185.2362	549	1
1_MACS_peak_11599_lociStitched	chr15	31519601	31524713	1	5113	13176.6912	550	1
5_MACS_peak_15847_lociStitched	chr17	66450413	66459081	5	7898	13155.4236	551	1
1_MACS_peak_26294_lociStitched	chr3	169683146	169686840	1	3695	13136.2334	552	1
1_MACS_peak_23048_lociStitched	chr21	38737722	38741282	1	3561	13130.704	553	1
1_MACS_peak_33186_lociStitched	chr7	23569513	23572416	1	2904	13123.8824	554	1
4_MACS_peak_24343_lociStitched	chr3	5226551	5232505	4	5587	13105.9448	555	1
1_MACS_peak_23543_lociStitched	chr22	24822333	24826646	1	4314	13094.268	556	1
1_MACS_peak_12106_lociStitched	chr15	60881111	60885687	1	4577	13085.5296	557	1
2_MACS_peak_2168_lociStitched	chr1	144928239	144935025	2	6732	13078.6578	558	1
2_MACS_peak_17354_lociStitched	chr19	10763228	10766838	2	3431	13074.337	559	1
2_MACS_peak_12780_lociStitched	chr15	90543497	90548674	2	4958	13065.1949	560	1
2_MACS_peak_19026_lociStitched	chr2	33699785	33705670	2	5403	13040.5715	561	1
1_MACS_peak_18367_lociStitched	chr19	48892873	48895462	1	2590	13023.4467	562	1
1_MACS_peak_7373_lociStitched	chr11	126137144	126139792	1	2649	12993.2064	563	1
1_MACS_peak_29130_lociStitched	chr5	88596076	88599950	1	3875	12985.2606	564	1
5_MACS_peak_3002_lociStitched	chr1	182990946	182997419	5	6076	12979.0123	565	1
4_MACS_peak_34776_lociStitched	chr7	143891316	143896156	4	4317	12977.976	566	1
1_MACS_peak_12054_lociStitched	chr15	57209132	57212386	1	3255	12976.952	567	1
4_MACS_peak_37985_lociStitched	chr9	132747211	132755427	4	7639	12948.416	568	1
1_MACS_peak_12321_lociStitched	chr15	69109507	69114387	1	4881	12944.688	569	1
1_MACS_peak_34933_lociStitched	chr7	158620343	158623411	1	3069	12943.892	570	1
3_MACS_peak_3420_lociStitched	chr1	209279202	209285585	3	5952	12936.4261	571	1
2_MACS_peak_37293_lociStitched	chr9	91932455	91935498	2	3018	12927.8812	572	1
2_MACS_peak_28848_lociStitched	chr5	66499698	66505233	2	5377	12926.9925	573	1
3_MACS_peak_28548_lociStitched	chr5	32582415	32587689	3	5023	12885.9642	574	1
1_MACS_peak_29804_lociStitched	chr5	139088298	139091997	1	3700	12872.52	575	1
5_MACS_peak_5294_lociStitched	chr10	112168786	112177070	5	7935	12872.5076	576	1
1_MACS_peak_24084_lociStitched	chr22	43251721	43253814	1	2094	12847.4619	577	1
1_MACS_peak_33244_lociStitched	chr7	26436787	26439757	1	2971	12836.637	578	1
1_MACS_peak_30392_lociStitched	chr5	179124356	179127688	1	3333	12829.1996	579	1
1_MACS_peak_35656_lociStitched	chr8	74902509	74905336	1	2828	12819.8796	580	1
5_MACS_peak_34654_lociStitched	chr7	137682578	137688395	5	5672	12800.8902	581	1
1_MACS_peak_34157_lociStitched	chr7	102064249	102068158	1	3910	12784.3845	582	1
2_MACS_peak_18445_lociStitched	chr19	50423755	50428814	2	5027	12781.5635	583	1
2_MACS_peak_34248_lociStitched	chr7	105924137	105927236	2	3044	12778.7265	584	1
1_MACS_peak_10186_lociStitched	chr13	114789444	114794391	1	4948	12776.6169	585	1
3_MACS_peak_14894_lociStitched	chr17	21186877	21193322	3	6322	12761.1	586	1
2_MACS_peak_11362_lociStitched	chr14	103798497	103802022	2	3372	12759.4425	587	1
1_MACS_peak_21253_lociStitched	chr2	208028744	208032376	1	3633	12759.216	588	1
4_MACS_peak_718_lociStitched	chr1	28570487	28577142	4	6264	12752.9765	589	1
2_MACS_peak_34594_lociStitched	chr7	134842626	134847320	2	4693	12751.251	590	1
1_MACS_peak_6487_lociStitched	chr11	67053888	67057914	1	4027	12749.1342	591	1
3_MACS_peak_33566_lociStitched	chr7	47533442	47540427	3	6358	12743.434	592	1
4_MACS_peak_18746_lociStitched	chr2	11892828	11899310	4	6363	12722.8696	593	1
3_MACS_peak_32844_lociStitched	chr7	640690	645634	3	4839	12718.9344	594	1
1_MACS_peak_35472_lociStitched	chr8	54930651	54935551	1	4901	12716.48	595	1
2_MACS_peak_23143_lociStitched	chr21	44744113	44747557	2	3409	12709.3932	596	1
1_MACS_peak_1211_lociStitched	chr1	52033559	52037237	1	3679	12702.7086	597	1
1_MACS_peak_25504_lociStitched	chr3	104237412	104242678	1	5267	12700.5388	598	1
1_MACS_peak_33327_lociStitched	chr7	30633156	30636270	1	3115	12691.4184	599	1
3_MACS_peak_6484_lociStitched	chr11	67043327	67047540	3	4039	12679.0235	600	1
9_MACS_peak_5436_lociStitched	chr10	125822105	125832352	9	9314	12655.045	601	1
3_MACS_peak_6098_lociStitched	chr11	47868696	47874411	3	5308	12649.0095	602	1
2_MACS_peak_27679_lociStitched	chr4	106065693	106069796	2	3983	12623.2898	603	1
1_MACS_peak_7862_lociStitched	chr12	25537774	25540469	1	2696	12607.4795	604	1
1_MACS_peak_8990_lociStitched	chr12	104849926	104854630	1	4705	12587.904	605	1
4_MACS_peak_23945_lociStitched	chr22	39857527	39865006	4	7412	12582.6696	606	1
1_MACS_peak_3847_lociStitched	chr1	245132772	245135728	1	2957	12569.7988	607	1
1_MACS_peak_6071_lociStitched	chr11	47397768	47401174	1	3407	12561.328	608	1
2_MACS_peak_20460_lociStitched	chr2	136499113	136501632	2	2376	12560.7416	609	1
1_MACS_peak_29702_lociStitched	chr5	134209167	134213269	1	4103	12537.763	610	1
1_MACS_peak_29662_lociStitched	chr5	132297584	132300180	1	2597	12536.8628	611	1
1_MACS_peak_7046_lociStitched	chr11	105946661	105950033	1	3373	12535.0728	612	1
1_MACS_peak_29681_lociStitched	chr5	133705899	133708354	1	2456	12529.0925	613	1
2_MACS_peak_18535_lociStitched	chr19	55849547	55852345	2	2653	12525.247	614	1
2_MACS_peak_30755_lociStitched	chr6	12008153	12013698	2	5202	12516.7285	615	1
2_MACS_peak_32148_lociStitched	chr6	113948872	113954759	2	5830	12494.5688	616	1
1_MACS_peak_28693_lociStitched	chr5	55288114	55291861	1	3748	12492.8727	617	1
4_MACS_peak_29105_lociStitched	chr5	88118442	88126346	4	7231	12488.32	618	1
1_MACS_peak_29802_lociStitched	chr5	139075468	139079488	1	4021	12463.206	619	1
2_MACS_peak_5252_lociStitched	chr10	106107292	106113430	2	6056	12445.4088	620	1
2_MACS_peak_31141_lociStitched	chr6	31237149	31240958	2	3767	12445.1457	621	1
4_MACS_peak_25956_lociStitched	chr3	133191924	133199623	4	7232	12443.8937	622	1
1_MACS_peak_37564_lociStitched	chr9	110044612	110046969	1	2358	12442.603	623	1
3_MACS_peak_28311_lociStitched	chr4	185454469	185460266	3	5716	12441.5214	624	1
2_MACS_peak_6621_lociStitched	chr11	72428919	72434480	2	5379	12437.7326	625	1
2_MACS_peak_9648_lociStitched	chr13	31189648	31193786	2	4031	12433.0348	626	1
1_MACS_peak_29284_lociStitched	chr5	100187624	100193630	1	6007	12433.0206	627	1
1_MACS_peak_6060_lociStitched	chr11	46637753	46640154	1	2402	12432.6181	628	1
2_MACS_peak_37898_lociStitched	chr9	130738328	130744437	2	6076	12429.9823	629	1
2_MACS_peak_1229_lociStitched	chr1	52342797	52345645	2	2793	12416.1408	630	1
2_MACS_peak_4792_lociStitched	chr10	74031761	74036501	2	4704	12387.516	631	1
1_MACS_peak_25727_lociStitched	chr3	119812183	119815519	1	3337	12384.2328	632	1
1_MACS_peak_18513_lociStitched	chr19	54692346	54696396	1	4051	12364.245	633	1
2_MACS_peak_19502_lociStitched	chr2	65139905	65146624	2	6576	12363.6319	634	1
1_MACS_peak_2326_lociStitched	chr1	150581358	150587087	1	5730	12356.8801	635	1
1_MACS_peak_8826_lociStitched	chr12	94597863	94603442	1	5580	12351.3481	636	1
1_MACS_peak_12943_lociStitched	chr15	100104633	100107731	1	3099	12343.6712	637	1
1_MACS_peak_38158_lociStitched	chr9	139375939	139378839	1	2901	12325.87	638	1
3_MACS_peak_27156_lociStitched	chr4	38664468	38670505	3	5493	12325.7429	639	1
3_MACS_peak_24866_lociStitched	chr3	45634487	45640472	3	5561	12325.509	640	1
2_MACS_peak_5250_lociStitched	chr10	106093987	106099922	2	5808	12318.0925	641	1
1_MACS_peak_6556_lociStitched	chr11	68037422	68041829	1	4408	12317.1243	642	1
1_MACS_peak_33728_lociStitched	chr7	66309005	66311196	1	2192	12311.0099	643	1
3_MACS_peak_29191_lociStitched	chr5	95200945	95207460	3	5954	12301.623	644	1
2_MACS_peak_19633_lociStitched	chr2	70367905	70371451	2	3395	12298.5918	645	1
1_MACS_peak_14054_lociStitched	chr16	71841087	71844370	1	3284	12294.1784	646	1
1_MACS_peak_5939_lociStitched	chr11	34072307	34075549	1	3243	12285.559	647	1
2_MACS_peak_9865_lociStitched	chr13	46272655	46277337	2	4461	12283.6952	648	1
1_MACS_peak_34696_lociStitched	chr7	139042952	139045700	1	2749	12268.1712	649	1
3_MACS_peak_16946_lociStitched	chr19	905867	910419	3	4388	12259.4464	650	1
2_MACS_peak_21438_lociStitched	chr2	230996882	231002730	2	5624	12259.1624	651	1
1_MACS_peak_6855_lociStitched	chr11	82771608	82775768	1	4161	12242.464	652	1
1_MACS_peak_4342_lociStitched	chr10	23727288	23730980	1	3693	12228.2732	653	1
1_MACS_peak_9664_lociStitched	chr13	32888474	32890887	1	2414	12226.1884	654	1
1_MACS_peak_8130_lociStitched	chr12	46120234	46125543	1	5310	12221.318	655	1
1_MACS_peak_5515_lociStitched	chr10	134208773	134212774	1	4002	12204.2503	656	1
1_MACS_peak_32626_lociStitched	chr6	152010833	152013682	1	2850	12182.0391	657	1
3_MACS_peak_8885_lociStitched	chr12	96791323	96795650	3	4304	12177.4761	658	1
2_MACS_peak_37992_lociStitched	chr9	132767720	132773426	2	5691	12177.1746	659	1
1_MACS_peak_25992_lociStitched	chr3	135912079	135917217	1	5139	12172.9496	660	1
2_MACS_peak_36525_lociStitched	chr9	624363	629563	2	5153	12162.8	661	1
1_MACS_peak_11557_lociStitched	chr15	28338960	28341410	1	2451	12153.47	662	1
1_MACS_peak_25631_lociStitched	chr3	113463694	113468794	1	5101	12148.71	663	1
3_MACS_peak_3242_lociStitched	chr1	204376525	204381914	3	5004	12148.4227	664	1
1_MACS_peak_881_lociStitched	chr1	36850519	36854415	1	3897	12130.5856	665	1
1_MACS_peak_4322_lociStitched	chr10	22725080	22727931	1	2852	12122.1669	666	1
1_MACS_peak_15759_lociStitched	chr17	62500996	62503788	1	2793	12114.7672	667	1
1_MACS_peak_38299_lociStitched	chrX	6664984	6670682	1	5699	12111.099	668	1
3_MACS_peak_31403_lociStitched	chr6	37013468	37020214	3	6426	12111.0938	669	1
4_MACS_peak_16836_lociStitched	chr18	60871213	60878357	4	6807	12110.5088	670	1
2_MACS_peak_24320_lociStitched	chr3	3167654	3171380	2	3579	12106.5192	671	1
1_MACS_peak_37715_lociStitched	chr9	123604411	123606478	1	2068	12104.7654	672	1
2_MACS_peak_30438_lociStitched	chr5	180686617	180689348	2	2498	12104.3382	673	1
3_MACS_peak_29893_lociStitched	chr5	142432337	142438955	3	6523	12101.013	674	1
1_MACS_peak_16951_lociStitched	chr19	924309	928412	1	4104	12098.1058	675	1
1_MACS_peak_26166_lociStitched	chr3	151985066	151989698	1	4633	12087.204	676	1
2_MACS_peak_29560_lociStitched	chr5	126111593	126115956	2	4090	12085.51	677	1
1_MACS_peak_7215_lociStitched	chr11	116967497	116970432	1	2936	12083.982	678	1
2_MACS_peak_585_lociStitched	chr1	25874024	25879335	2	5179	12080.4006	679	1
2_MACS_peak_32072_lociStitched	chr6	109051863	109057869	2	5650	12061.8498	680	1
2_MACS_peak_28292_lociStitched	chr4	185369036	185376402	2	7238	12050.776	681	1
1_MACS_peak_8138_lociStitched	chr12	46776208	46778816	1	2609	12027.8352	682	1
2_MACS_peak_17043_lociStitched	chr19	2047313	2052639	2	5264	12022.9124	683	1
1_MACS_peak_31721_lociStitched	chr6	64281169	64284469	1	3301	12011.67	684	1
1_MACS_peak_26138_lociStitched	chr3	150262753	150265501	1	2749	12004.638	685	1
2_MACS_peak_23789_lociStitched	chr22	37255323	37259730	2	3938	12002.9052	686	1
1_MACS_peak_29048_lociStitched	chr5	81266627	81268971	1	2345	11998.7016	687	1
3_MACS_peak_10605_lociStitched	chr14	55537413	55544811	3	6910	11993.6376	688	1
1_MACS_peak_14273_lociStitched	chr16	87886373	87891925	1	5553	11989.544	689	1
2_MACS_peak_29472_lociStitched	chr5	118608613	118614698	2	6032	11972.2375	690	1
1_MACS_peak_5714_lociStitched	chr11	8703245	8706226	1	2982	11968.4169	691	1
1_MACS_peak_34211_lociStitched	chr7	104622216	104625972	1	3757	11964.738	692	1
3_MACS_peak_34038_lociStitched	chr7	97839655	97843686	3	3898	11961.1863	693	1
1_MACS_peak_1323_lociStitched	chr1	59247665	59251346	1	3682	11958.0966	694	1
1_MACS_peak_7675_lociStitched	chr12	9881210	9886200	1	4991	11958.036	695	1
1_MACS_peak_26218_lociStitched	chr3	156271006	156273844	1	2839	11957.913	696	1
1_MACS_peak_26389_lociStitched	chr3	176913171	176917531	1	4361	11957.736	697	1
1_MACS_peak_36188_lociStitched	chr8	128746963	128751777	1	4815	11952.1992	698	1
1_MACS_peak_28236_lociStitched	chr4	177240212	177244847	1	4636	11948.5665	699	1
1_MACS_peak_18518_lociStitched	chr19	54973627	54976618	1	2992	11947.2504	700	1
1_MACS_peak_30332_lociStitched	chr5	176559341	176562717	1	3377	11937.536	701	1
1_MACS_peak_4743_lociStitched	chr10	73484746	73489220	1	4475	11937.0794	702	1
1_MACS_peak_6399_lociStitched	chr11	65835493	65839350	1	3858	11931.6295	703	1
2_MACS_peak_27207_lociStitched	chr4	40056397	40060128	2	3695	11919.0526	704	1
4_MACS_peak_36145_lociStitched	chr8	126349365	126356162	4	6706	11896.1094	705	1
2_MACS_peak_30044_lociStitched	chr5	151149632	151152523	2	2699	11884.901	706	1
1_MACS_peak_8731_lociStitched	chr12	90101196	90104476	1	3281	11881.144	707	1
1_MACS_peak_26809_lociStitched	chr4	698727	701946	1	3220	11876.1786	708	1
1_MACS_peak_11864_lociStitched	chr15	44083677	44086165	1	2489	11872.4872	709	1
3_MACS_peak_27393_lociStitched	chr4	74454201	74458294	3	4025	11857.0117	710	1
4_MACS_peak_33116_lociStitched	chr7	18534186	18540566	4	5531	11855.954	711	1
1_MACS_peak_31194_lociStitched	chr6	31937928	31941008	1	3081	11841.06	712	1
1_MACS_peak_35118_lociStitched	chr8	22297362	22301674	1	4313	11836.0088	713	1
2_MACS_peak_30216_lociStitched	chr5	172260405	172265970	2	5509	11827.851	714	1
2_MACS_peak_29068_lociStitched	chr5	82371074	82374225	2	3088	11826.0181	715	1
1_MACS_peak_11295_lociStitched	chr14	102340618	102346245	1	5628	11819.5135	716	1
2_MACS_peak_33241_lociStitched	chr7	26237777	26242450	2	4643	11818.9516	717	1
2_MACS_peak_6545_lociStitched	chr11	67774525	67777844	2	3289	11818.2952	718	1
1_MACS_peak_10081_lociStitched	chr13	97873722	97878188	1	4467	11813.9098	719	1
1_MACS_peak_32397_lociStitched	chr6	137111025	137114699	1	3675	11810.073	720	1
1_MACS_peak_25048_lociStitched	chr3	49760016	49763110	1	3095	11798.969	721	1
1_MACS_peak_2940_lociStitched	chr1	178573589	178577924	1	4336	11784.264	722	1
3_MACS_peak_26743_lociStitched	chr3	196225771	196231660	3	5724	11783.3001	723	1
1_MACS_peak_28317_lociStitched	chr4	185565407	185571328	1	5922	11775.6848	724	1
1_MACS_peak_10194_lociStitched	chr13	114828988	114835139	1	6152	11772.3989	725	1
1_MACS_peak_24598_lociStitched	chr3	23986030	23989182	1	3153	11743.7216	726	1
1_MACS_peak_23878_lociStitched	chr22	38709343	38714674	1	5332	11742.0606	727	1
1_MACS_peak_3626_lociStitched	chr1	226840031	226846460	1	6430	11727.1389	728	1
8_MACS_peak_22562_lociStitched	chr20	52205293	52212316	8	6734	11724.8985	729	1
1_MACS_peak_33371_lociStitched	chr7	35839525	35842035	1	2511	11722.955	730	1
1_MACS_peak_35442_lociStitched	chr8	52809424	52815033	1	5610	11722.2491	731	1
2_MACS_peak_5728_lociStitched	chr11	9779203	9782261	2	2980	11698.379	732	1
3_MACS_peak_25968_lociStitched	chr3	133290629	133294869	3	3980	11697.312	733	1
1_MACS_peak_17101_lociStitched	chr19	2626222	2628943	1	2722	11695.1301	734	1
1_MACS_peak_23814_lociStitched	chr22	37623238	37628085	1	4848	11694.8416	735	1
1_MACS_peak_5718_lociStitched	chr11	8984023	8987141	1	3119	11690.6292	736	1
1_MACS_peak_11973_lociStitched	chr15	52470428	52473390	1	2963	11687.7558	737	1
1_MACS_peak_6360_lociStitched	chr11	65353696	65358287	1	4592	11658.8445	738	1
1_MACS_peak_21980_lociStitched	chr20	25036219	25040044	1	3826	11650.185	739	1
1_MACS_peak_29628_lociStitched	chr5	131628349	131631911	1	3563	11642.0408	740	1
1_MACS_peak_405_lociStitched	chr1	17066115	17068112	1	1998	11641.7112	741	1
8_MACS_peak_30966_lociStitched	chr6	25407856	25415867	8	7100	11640.7841	742	1
1_MACS_peak_33942_lociStitched	chr7	90337587	90341239	1	3653	11637.4632	743	1
2_MACS_peak_24234_lociStitched	chr22	48492090	48496100	2	3870	11632.609	744	1
2_MACS_peak_14442_lociStitched	chr17	1618644	1621799	2	3155	11623.02	745	1
2_MACS_peak_11078_lociStitched	chr14	89768564	89772763	2	4109	11619.4728	746	1
1_MACS_peak_11792_lociStitched	chr15	41244344	41246398	1	2055	11613.9322	747	1
1_MACS_peak_37822_lociStitched	chr9	127702193	127704879	1	2687	11611.3094	748	1
3_MACS_peak_4803_lociStitched	chr10	74090710	74096840	3	5815	11604.09	749	1
1_MACS_peak_10851_lociStitched	chr14	70233044	70235156	1	2113	11601.0048	750	1
2_MACS_peak_23939_lociStitched	chr22	39841400	39846242	2	4841	11599.011	751	1
4_MACS_peak_4987_lociStitched	chr10	92956545	92962912	4	5861	11598.1272	752	1
3_MACS_peak_30244_lociStitched	chr5	173160066	173165913	3	5196	11588.754	753	1
1_MACS_peak_33619_lociStitched	chr7	50417225	50421980	1	4756	11573.67	754	1
1_MACS_peak_36075_lociStitched	chr8	124045882	124052122	1	6241	11552.736	755	1
2_MACS_peak_12358_lociStitched	chr15	70725775	70731534	2	5399	11546.2191	756	1
1_MACS_peak_10394_lociStitched	chr14	31675173	31678581	1	3409	11532.672	757	1
2_MACS_peak_14962_lociStitched	chr17	27275919	27279678	2	3602	11531.4843	758	1
8_MACS_peak_1914_lociStitched	chr1	111209879	111218329	8	7577	11530.025	759	1
1_MACS_peak_6933_lociStitched	chr11	95521924	95524759	1	2836	11529.945	760	1
1_MACS_peak_35304_lociStitched	chr8	29939164	29941571	1	2408	11517.2543	761	1
3_MACS_peak_18136_lociStitched	chr19	42616029	42621320	3	5156	11508.9832	762	1
1_MACS_peak_13870_lociStitched	chr16	66549190	66552411	1	3222	11507.3446	763	1
2_MACS_peak_5482_lociStitched	chr10	126405581	126409041	2	3461	11503.462	764	1
2_MACS_peak_26623_lociStitched	chr3	187461180	187465009	2	3822	11503.0818	765	1
4_MACS_peak_11453_lociStitched	chr14	106351873	106358949	4	6297	11499.2076	766	1
2_MACS_peak_28582_lociStitched	chr5	36875093	36879226	2	4065	11493.4597	767	1
1_MACS_peak_32914_lociStitched	chr7	4813942	4816202	1	2261	11490.97	768	1
4_MACS_peak_28754_lociStitched	chr5	56467926	56473061	4	4714	11481.3465	769	1
1_MACS_peak_29724_lociStitched	chr5	137672551	137675398	1	2848	11477.9652	770	1
6_MACS_peak_2516_lociStitched	chr1	155945256	155954061	6	7822	11466.7515	771	1
1_MACS_peak_32868_lociStitched	chr7	1198440	1200858	1	2419	11457.2094	772	1
1_MACS_peak_7727_lociStitched	chr12	12713741	12716648	1	2908	11455.3242	773	1
2_MACS_peak_7692_lociStitched	chr12	11801441	11805586	2	4105	11454.7075	774	1
1_MACS_peak_8523_lociStitched	chr12	64797466	64799668	1	2203	11449.7394	775	1
1_MACS_peak_29621_lociStitched	chr5	130969808	130972661	1	2854	11442.8124	776	1
3_MACS_peak_17157_lociStitched	chr19	4063307	4068546	3	5049	11442.4999	777	1
5_MACS_peak_33950_lociStitched	chr7	90401317	90408486	5	6269	11435.2719	778	1
1_MACS_peak_6553_lociStitched	chr11	67979670	67982114	1	2445	11426.1888	779	1
6_MACS_peak_30167_lociStitched	chr5	160169410	160177208	6	6789	11419.3912	780	1
3_MACS_peak_19936_lociStitched	chr2	89064210	89070036	3	5355	11416.6296	781	1
1_MACS_peak_21418_lociStitched	chr2	227699318	227702795	1	3478	11406.2985	782	1
2_MACS_peak_32238_lociStitched	chr6	126067737	126073093	2	5133	11404.5308	783	1
1_MACS_peak_25323_lociStitched	chr3	71029278	71033628	1	4351	11391.78	784	1
2_MACS_peak_36804_lociStitched	chr9	33163689	33168768	2	5011	11382.5469	785	1
2_MACS_peak_24768_lociStitched	chr3	39192081	39195861	2	3712	11378.934	786	1
5_MACS_peak_27737_lociStitched	chr4	113205204	113211402	5	5857	11368.9914	787	1
2_MACS_peak_33593_lociStitched	chr7	47801034	47804513	2	3424	11367.2846	788	1
2_MACS_peak_15033_lociStitched	chr17	29643086	29649232	2	6096	11358.4226	789	1
3_MACS_peak_38601_lociStitched	chrX	48772261	48778319	3	5814	11357.5384	790	1
1_MACS_peak_29665_lociStitched	chr5	132386399	132388758	1	2360	11346.5541	791	1
1_MACS_peak_23188_lociStitched	chr21	45223586	45227139	1	3554	11342.5972	792	1
1_MACS_peak_23901_lociStitched	chr22	39349069	39352060	1	2992	11340.3765	793	1
2_MACS_peak_3331_lociStitched	chr1	206728975	206734514	2	5500	11338.8869	794	1
2_MACS_peak_37201_lociStitched	chr9	82184859	82189126	2	3971	11336.1389	795	1
4_MACS_peak_7846_lociStitched	chr12	25203927	25209356	4	5224	11335.752	796	1
3_MACS_peak_37530_lociStitched	chr9	108004647	108011190	3	5825	11331.1674	797	1
1_MACS_peak_11828_lociStitched	chr15	42301486	42305462	1	3977	11328.8168	798	1
3_MACS_peak_21378_lociStitched	chr2	224813407	224818417	3	4974	11328.612	799	1
1_MACS_peak_5593_lociStitched	chr11	746256	749406	1	3151	11325.825	800	1
4_MACS_peak_754_lociStitched	chr1	29210074	29215122	4	3974	11322.664	801	1
1_MACS_peak_34836_lociStitched	chr7	150018817	150021466	1	2650	11303.283	802	1
2_MACS_peak_21187_lociStitched	chr2	202121458	202126506	2	5035	11295.4048	803	1
4_MACS_peak_26677_lociStitched	chr3	194206154	194211546	4	5004	11292.4656	804	1
1_MACS_peak_34886_lociStitched	chr7	151854641	151857592	1	2952	11283.7387	805	1
1_MACS_peak_11552_lociStitched	chr15	25682578	25685144	1	2567	11274.7474	806	1
3_MACS_peak_13873_lociStitched	chr16	66582422	66587872	3	5278	11244.44	807	1
1_MACS_peak_11952_lociStitched	chr15	50644404	50648362	1	3959	11243.4906	808	1
3_MACS_peak_26515_lociStitched	chr3	183268812	183274358	3	5458	11234.5322	809	1
