#16_0EX2_0229Kronos_MM1S-KB-3hr-2_H3K27Ac_hs-dm_i29_peaks Enhancers
#Created from /data/projects/IRF4_mm_trn_data/p300_internal_ChIP/rose/16_0EX2_0229Kronos_MM1S-KB-3hr-2_H3K27Ac_hs-dm_i29_ROSE/16_0EX2_0229Kronos_MM1S-KB-3hr-2_H3K27Ac_hs-dm_i29_peaks_5KB_STITCHED_ENHANCER_REGION_MAP.txt
#Ranked by X16_0EX2_0229Kronos_MM1S.KB.3hr.2_H3K27Ac_hs.dm_i29.bam
#Using cutoff of 23887.9584 for Super-Enhancers
#Created on Jul 18 2024 
REGION_ID	CHROM	START	STOP	NUM_LOCI	CONSTITUENT_SIZE	X16_0EX2_0229Kronos_MM1S.KB.3hr.2_H3K27Ac_hs.dm_i29.bam	X40_0EXS_0229Kronos_MM1S.KB.3hr.2_Input_hs_i84.bam	enhancerRank	isSuperStretch
13_MACS_peak_18827_lociStitched	chr3	141079145	141160704	13	66583	490699.7235	15357.5597	1	1
12_MACS_peak_23411_lociStitched	chr6	108878301	108974191	12	83480	175900.616	13875.283	2	1
7_MACS_peak_9604_lociStitched	chr16	11761522	11843193	7	67814	226596.1895	14169.9185	3	1
11_MACS_peak_13879_lociStitched	chr2	37510055	37593597	11	57020	245880.8144	14853.7676	4	1
5_MACS_peak_11947_lociStitched	chr18	9095136	9157602	5	50609	199272.7866	10800.3714	5	1
5_MACS_peak_16108_lociStitched	chr20	30261853	30312431	5	48631	200020.8166	10368.49	6	1
3_MACS_peak_22365_lociStitched	chr6	7878895	7919647	3	40278	230452.56	8248.2048	7	1
4_MACS_peak_14528_lociStitched	chr2	99054715	99108019	4	46688	177433.0248	10980.624	8	1
4_MACS_peak_1356_lociStitched	chr1	118141966	118188282	4	37698	156163.6572	5201.2868	9	1
7_MACS_peak_22253_lociStitched	chr6	289971	337840	7	31934	202490.6569	16045.6888	10	1
5_MACS_peak_16154_lociStitched	chr20	32398729	32449017	5	35795	134827.1568	9599.9792	11	1
2_MACS_peak_20101_lociStitched	chr4	90205011	90230194	2	25050	197361.6893	5336.2777	12	1
1_MACS_peak_23378_lociStitched	chr6	106530530	106556480	1	25951	177664.08	5332.725	13	1
2_MACS_peak_8303_lociStitched	chr14	106024639	106052833	2	26403	165783.5394	4877.562	14	1
5_MACS_peak_12184_lociStitched	chr18	46440379	46480050	5	35711	85098.2621	7200.2865	15	1
2_MACS_peak_1660_lociStitched	chr1	154908011	154936349	2	25468	169356.3894	8087.6652	16	1
3_MACS_peak_17085_lociStitched	chr22	23217895	23241527	3	22243	175297.4496	3473.904	17	1
1_MACS_peak_2887_lociStitched	chr10	11202449	11223817	1	21369	179555.304	4895.4088	18	1
1_MACS_peak_4710_lociStitched	chr11	65183338	65201083	1	17746	190183.812	4489.485	19	1
8_MACS_peak_10983_lociStitched	chr17	34597880	34641353	8	33821	84268.0632	8707.6419	20	1
6_MACS_peak_10279_lociStitched	chr16	78763219	78804925	6	35373	40329.702	3882.8286	21	1
2_MACS_peak_8153_lociStitched	chr14	91812913	91848035	2	29752	116313.5274	4091.713	22	1
1_MACS_peak_6100_lociStitched	chr12	53582110	53604271	1	22162	162338.1894	4729.1574	23	1
3_MACS_peak_4337_lociStitched	chr11	22676979	22703931	3	23049	150979.7136	4137.132	24	1
5_MACS_peak_3981_lociStitched	chr10	125822215	125854693	5	29903	100853.9334	5794.0752	25	1
4_MACS_peak_24911_lociStitched	chr7	102063484	102093279	4	20960	156355.2215	4916.175	26	1
2_MACS_peak_17088_lociStitched	chr22	23269413	23285960	2	15531	170531.7273	3418.6102	27	1
5_MACS_peak_11501_lociStitched	chr17	62150102	62187015	5	30904	75092.1159	6947.0266	28	1
4_MACS_peak_6659_lociStitched	chr12	109009503	109035988	4	19966	154804.825	5257.2725	29	1
3_MACS_peak_8935_lociStitched	chr15	68568534	68599563	3	28909	92627.7708	5600.7345	30	1
5_MACS_peak_10925_lociStitched	chr17	32690586	32719654	5	23560	128707.2904	5412.4616	31	1
5_MACS_peak_23028_lociStitched	chr6	52392636	52424913	5	26581	92747.9595	5606.5149	32	1
4_MACS_peak_8155_lociStitched	chr14	91853819	91886020	4	28516	67264.6689	3348.904	33	1
8_MACS_peak_10161_lociStitched	chr16	68278146	68320793	8	29121	59117.2714	6661.4614	34	1
2_MACS_peak_6116_lociStitched	chr12	53845171	53874889	2	29482	47976.7392	5072.8626	35	1
1_MACS_peak_15394_lociStitched	chr2	201979921	201995135	1	15215	153019.3692	3362.294	36	1
2_MACS_peak_25385_lociStitched	chr7	150063924	150084802	2	20080	134191.2572	5541.0212	37	1
3_MACS_peak_8310_lociStitched	chr14	106145145	106169450	3	21661	121695.135	2666.2585	38	1
8_MACS_peak_19224_lociStitched	chr3	183219874	183261248	8	25193	100298.8508	10422.1106	39	1
1_MACS_peak_5693_lociStitched	chr12	12866272	12882124	1	15853	144995.0736	3322.5792	40	1
5_MACS_peak_22140_lociStitched	chr5	173310170	173344100	5	27976	55424.655	5690.061	41	1
6_MACS_peak_17314_lociStitched	chr22	37611000	37642405	6	25974	79181.4265	5687.4455	42	1
1_MACS_peak_15690_lociStitched	chr2	232687027	232714810	1	27784	47592.279	3128.3658	43	1
3_MACS_peak_1712_lociStitched	chr1	156115269	156137077	3	21613	111482.496	6716.864	44	1
3_MACS_peak_11421_lociStitched	chr17	56404682	56431025	3	19586	122629.2993	5671.6479	45	1
3_MACS_peak_24505_lociStitched	chr7	55616302	55643079	3	25455	69577.3568	4594.9332	46	1
7_MACS_peak_5588_lociStitched	chr12	7045643	7085665	7	24881	77822.779	6739.7048	47	1
3_MACS_peak_2892_lociStitched	chr10	11278709	11304705	3	24441	76542.6224	4679.28	48	1
6_MACS_peak_10976_lociStitched	chr17	34509814	34539846	6	24225	80759.0512	6655.0912	49	1
4_MACS_peak_21686_lociStitched	chr5	131744921	131774377	4	22281	96730.5584	5296.1888	50	1
3_MACS_peak_5423_lociStitched	chr11	128585308	128610081	3	23941	79771.5373	4409.594	51	1
4_MACS_peak_17642_lociStitched	chr3	5222394	5256260	4	24881	65391.8594	5025.7144	52	1
8_MACS_peak_8435_lociStitched	chr15	31628660	31660474	8	25102	61805.0578	4819.821	53	1
1_MACS_peak_19737_lociStitched	chr4	40191066	40209763	1	18698	114519.125	4577.0256	54	1
4_MACS_peak_1360_lociStitched	chr1	118194840	118219203	4	19538	107094.8754	2787.1272	55	1
2_MACS_peak_12502_lociStitched	chr19	2081462	2098513	2	15439	128071.7661	5258.5284	56	1
1_MACS_peak_16853_lociStitched	chr21	41324661	41344615	1	19955	104074.0778	5535.2396	57	1
7_MACS_peak_26370_lociStitched	chr8	120916755	120948347	7	24041	63692.6312	5133.7	58	1
3_MACS_peak_16471_lociStitched	chr20	52192325	52215981	3	22541	75330.1664	3837.0032	59	1
1_MACS_peak_462_lociStitched	chr1	31213923	31233236	1	19314	100746.2645	4171.608	60	1
1_MACS_peak_13700_lociStitched	chr2	20405043	20426353	1	21311	84023.199	4308.882	61	1
4_MACS_peak_20672_lociStitched	chr4	185317494	185350139	4	20891	85601.719	5046.917	62	1
3_MACS_peak_11943_lociStitched	chr18	9055061	9074572	3	13731	123894.85	3498.3223	63	1
8_MACS_peak_13197_lociStitched	chr19	42027274	42070271	8	22953	56609.8502	7176.1993	64	1
5_MACS_peak_16921_lociStitched	chr21	45552543	45580552	5	17263	102132.0176	6467.2781	65	1
1_MACS_peak_22551_lociStitched	chr6	25403052	25415351	1	12300	119577.0275	3339.1785	66	1
4_MACS_peak_1529_lociStitched	chr1	149802947	149833994	4	17137	101250.4764	7777.2735	67	1
4_MACS_peak_10686_lociStitched	chr17	16859287	16883378	4	18259	89570.338	4442.3804	68	1
3_MACS_peak_1641_lociStitched	chr1	154370121	154394514	3	18840	86531.7282	6305.5905	69	1
6_MACS_peak_14505_lociStitched	chr2	97190743	97220626	6	19799	76903.9005	5151.8292	70	1
5_MACS_peak_19090_lociStitched	chr3	171802000	171827101	5	19433	80903.0331	6375.654	71	1
1_MACS_peak_21375_lociStitched	chr5	88110718	88130874	1	20157	70302.1124	3549.4716	72	1
8_MACS_peak_8209_lociStitched	chr14	95946040	95986043	8	22486	35542.6655	3136.2352	73	1
2_MACS_peak_1553_lociStitched	chr1	150532150	150553180	2	16879	96866.283	6395.223	74	1
3_MACS_peak_1724_lociStitched	chr1	156450107	156476101	3	20544	64953.8072	6542.6898	75	1
4_MACS_peak_17707_lociStitched	chr3	13035668	13061474	4	17328	90197.1312	4670.886	76	1
4_MACS_peak_10037_lociStitched	chr16	56963400	56985883	4	20488	61873.216	4384.185	77	1
3_MACS_peak_9619_lociStitched	chr16	12052449	12072239	3	13450	107671.453	3764.058	78	1
3_MACS_peak_13137_lociStitched	chr19	39880664	39904029	3	17910	81291.508	3906.628	79	1
3_MACS_peak_27409_lociStitched	chr9	112904043	112925366	3	19999	57501.7341	4610.0326	80	1
3_MACS_peak_11712_lociStitched	chr17	75131334	75147141	3	14857	95227.6908	3390.6015	81	1
4_MACS_peak_12854_lociStitched	chr19	16243975	16273328	4	19542	58978.9829	4934.2393	82	1
5_MACS_peak_24348_lociStitched	chr7	38383556	38408446	5	20216	50479.409	5318.993	83	1
2_MACS_peak_11756_lociStitched	chr17	76711140	76733959	2	19119	62594.7989	4563.8	84	1
4_MACS_peak_14197_lociStitched	chr2	65156621	65178809	4	14529	95155.4568	3971.652	85	1
4_MACS_peak_4206_lociStitched	chr11	10323648	10345124	4	17838	73649.7944	4428.3512	86	1
2_MACS_peak_6657_lociStitched	chr12	108952836	108970773	2	16522	80822.3283	3585.6063	87	1
1_MACS_peak_24703_lociStitched	chr7	78113620	78128299	1	14680	90761.7249	2495.43	88	1
2_MACS_peak_25481_lociStitched	chr8	2027403	2041896	2	14004	93036.3642	2647.8711	89	1
4_MACS_peak_15324_lociStitched	chr2	197024098	197048658	4	19969	42935.792	4096.608	90	1
1_MACS_peak_21376_lociStitched	chr5	88170793	88187191	1	16399	76324.491	3369.789	91	1
4_MACS_peak_25703_lociStitched	chr8	27216231	27244085	4	18803	54811.1012	5072.2134	92	1
3_MACS_peak_3862_lociStitched	chr10	112112682	112128593	3	8773	109801.811	3209.2487	93	1
1_MACS_peak_2244_lociStitched	chr1	203288296	203298234	1	9939	106124.9206	3032.0838	94	1
6_MACS_peak_9235_lociStitched	chr15	89646657	89676696	6	16757	73123.9377	5139.6729	95	1
4_MACS_peak_8095_lociStitched	chr14	81930631	81956040	4	18597	50482.6012	2421.4777	96	1
3_MACS_peak_18410_lociStitched	chr3	98472865	98496018	3	17403	64532.0416	3873.4969	97	1
2_MACS_peak_17109_lociStitched	chr22	24178240	24192156	2	11657	97658.3132	2819.3816	98	1
2_MACS_peak_4316_lociStitched	chr11	19449973	19465982	2	13904	88004.6748	3562.0025	99	1
2_MACS_peak_11081_lociStitched	chr17	38465761	38484042	2	17827	59133.5507	3614.1537	100	1
2_MACS_peak_15903_lociStitched	chr20	5570558	5592389	2	19267	38822.0673	3916.4814	101	1
4_MACS_peak_8556_lociStitched	chr15	40834214	40862829	4	17576	59811.073	4712.8905	102	1
3_MACS_peak_9018_lociStitched	chr15	75065472	75083818	3	17230	58083.436	3458.221	103	1
1_MACS_peak_4717_lociStitched	chr11	65263410	65279007	1	15598	71789.8716	3489.0489	104	1
1_MACS_peak_20773_lociStitched	chr5	1311763	1320811	1	9049	101218.1664	1947.1296	105	1
4_MACS_peak_22547_lociStitched	chr6	25365986	25390541	4	17724	49723.875	4306.947	106	1
1_MACS_peak_24503_lociStitched	chr7	55569344	55586180	1	16837	56092.5012	2648.3028	107	1
1_MACS_peak_12324_lociStitched	chr18	60821993	60831153	1	9161	98731.06	2287.252	108	1
4_MACS_peak_317_lociStitched	chr1	24511905	24533755	4	14515	75585.705	4225.79	109	1
1_MACS_peak_23278_lociStitched	chr6	90054374	90071324	1	16951	53699.295	3356.1	110	1
2_MACS_peak_2242_lociStitched	chr1	203266710	203281746	2	14202	77014.392	4318.3392	111	1
2_MACS_peak_18279_lociStitched	chr3	69128200	69146001	2	17010	50752.4311	3305.6457	112	1
1_MACS_peak_17169_lociStitched	chr22	29186108	29199572	1	13465	78676.884	3100.7592	113	1
4_MACS_peak_10970_lociStitched	chr17	34409087	34432702	4	17165	48309.2055	4163.3245	114	1
2_MACS_peak_2301_lociStitched	chr1	206282081	206295645	2	10256	93283.6972	3804.702	115	1
3_MACS_peak_8540_lociStitched	chr15	40387635	40408885	3	15346	64608.5	3786.75	116	1
2_MACS_peak_17083_lociStitched	chr22	23189699	23210041	2	16469	50946.539	2351.5352	117	1
4_MACS_peak_18766_lociStitched	chr3	133179299	133200434	4	14935	66583.704	4112.871	118	1
1_MACS_peak_24504_lociStitched	chr7	55597589	55605941	1	8353	95990.3712	2172.3552	119	1
2_MACS_peak_20663_lociStitched	chr4	185201098	185210910	2	9216	93223.812	2494.2104	120	1
2_MACS_peak_1017_lociStitched	chr1	75595950	75612812	2	16485	48967.248	2532.6724	121	1
4_MACS_peak_11619_lociStitched	chr17	72733637	72757343	4	17658	32958.4518	3958.902	122	1
5_MACS_peak_9738_lociStitched	chr16	22194979	22219146	5	16766	44092.6915	4516.8123	123	1
1_MACS_peak_16263_lociStitched	chr20	37497936	37505913	1	7978	94511.496	1837.1031	125	1
2_MACS_peak_9755_lociStitched	chr16	23343536	23354284	2	8566	92876.6924	1970.1084	126	1
2_MACS_peak_1701_lociStitched	chr1	155931188	155952057	2	15386	58051.2973	5033.6028	127	1
3_MACS_peak_3883_lociStitched	chr10	112611886	112633201	3	15841	52652.313	4194.792	128	1
6_MACS_peak_22741_lociStitched	chr6	31781523	31805628	6	16932	38153.394	4001.43	130	1
3_MACS_peak_16082_lociStitched	chr20	25261580	25283363	3	13980	67259.3691	3313.1943	131	1
4_MACS_peak_5193_lociStitched	chr11	111232129	111251333	4	14956	58887.1456	3341.496	132	1
3_MACS_peak_21092_lociStitched	chr5	55437037	55453660	3	15170	55672.0893	2869.1298	133	1
2_MACS_peak_5800_lociStitched	chr12	26265860	26280396	2	14204	62437.9344	2860.6848	134	1
5_MACS_peak_14454_lociStitched	chr2	88898837	88928512	5	16994	31084.5625	5089.2625	135	1
4_MACS_peak_6000_lociStitched	chr12	48196824	48218787	4	14860	56574.4917	3718.3359	137	1
2_MACS_peak_233_lociStitched	chr1	17221347	17233430	2	7570	93743.5389	3860.5185	138	1
3_MACS_peak_22227_lociStitched	chr5	180228288	180249431	3	14837	54377.6817	3313.1081	139	1
1_MACS_peak_11213_lociStitched	chr17	43297977	43308599	1	10623	79607.6412	2203.0028	140	1
2_MACS_peak_14266_lociStitched	chr2	70310172	70323373	2	8711	87092.2774	2409.1825	141	1
1_MACS_peak_5728_lociStitched	chr12	15100765	15116304	1	15540	45305.5084	3121.7851	142	1
2_MACS_peak_13649_lociStitched	chr2	11883582	11897885	2	14288	56798.6433	3096.5995	143	1
2_MACS_peak_14688_lociStitched	chr2	112455687	112465544	2	9826	81573.5749	2275.9813	144	1
1_MACS_peak_10887_lociStitched	chr17	29635647	29649622	1	13976	57881.655	2560.22	145	1
3_MACS_peak_19303_lociStitched	chr3	186703190	186719933	3	12725	68381.7606	4413.4548	146	1
4_MACS_peak_22183_lociStitched	chr5	176717014	176740710	4	14897	50259.216	4296.0848	147	1
6_MACS_peak_23710_lociStitched	chr6	138247146	138279668	6	15703	38655.6492	4787.2384	149	1
2_MACS_peak_2674_lociStitched	chr1	234733896	234749856	2	12134	70247.94	4229.4	150	1
3_MACS_peak_2267_lociStitched	chr1	204474606	204492075	3	12253	69814.8585	4681.692	151	1
2_MACS_peak_10099_lociStitched	chr16	66549282	66560420	2	10093	77916.9928	2528.326	152	1
6_MACS_peak_18016_lociStitched	chr3	46319841	46347265	6	15307	40760.2912	4579.808	153	1
6_MACS_peak_9842_lociStitched	chr16	29815304	29837377	6	14756	46388.6168	3445.5953	154	1
1_MACS_peak_7541_lociStitched	chr13	114556465	114568090	1	11626	69601.2	2517.975	155	1
4_MACS_peak_21078_lociStitched	chr5	55272692	55292027	4	15593	34603.8495	3484.167	156	1
5_MACS_peak_10134_lociStitched	chr16	67578041	67601626	5	14827	44238.3845	4023.601	157	1
1_MACS_peak_13957_lociStitched	chr2	43444257	43456966	1	12710	61684.4024	2483.3386	158	1
2_MACS_peak_2570_lociStitched	chr1	226840009	226852504	2	12104	67040.673	3888.444	159	1
1_MACS_peak_8783_lociStitched	chr15	56656101	56666471	1	10371	74542.671	2302.14	160	1
5_MACS_peak_21941_lociStitched	chr5	150512911	150538087	5	15441	33871.7904	4008.0192	162	1
4_MACS_peak_22572_lociStitched	chr6	26183667	26207460	4	13724	54022.0065	3897.2934	163	1
5_MACS_peak_8060_lociStitched	chr14	77487923	77507936	5	14809	39903.9207	1717.1154	164	1
3_MACS_peak_21583_lociStitched	chr5	118657816	118678709	3	14336	46115.0296	3844.312	165	1
2_MACS_peak_17353_lociStitched	chr22	38782157	38797112	2	14873	38120.295	2513.9355	166	1
4_MACS_peak_16337_lociStitched	chr20	43583391	43609245	4	14890	39988.3818	4922.6016	167	1
2_MACS_peak_24412_lociStitched	chr7	44661690	44680143	2	14690	40314.2691	3354.7554	168	1
1_MACS_peak_22410_lociStitched	chr6	11827711	11836734	1	9024	77564.4149	1971.5255	169	1
3_MACS_peak_28162_lociStitched	chrX	48790358	48805536	3	12189	61026.1846	1611.9036	170	1
4_MACS_peak_22613_lociStitched	chr6	27094271	27116322	4	13670	50426.2268	3552.4161	171	1
2_MACS_peak_15407_lociStitched	chr2	202116135	202129119	2	11108	68080.3056	2847.3912	172	1
4_MACS_peak_21690_lociStitched	chr5	131790328	131814809	4	14001	47187.1275	4379.6509	173	1
4_MACS_peak_1785_lociStitched	chr1	160633728	160656034	4	12959	56088.437	5141.533	174	1
5_MACS_peak_15402_lociStitched	chr2	202081318	202102044	5	14895	32981.2838	4122.4014	175	1
2_MACS_peak_25040_lociStitched	chr7	114561541	114574053	2	10670	68834.768	3373.2352	176	1
4_MACS_peak_3537_lociStitched	chr10	81946453	81966456	4	13848	45126.768	3492.5238	177	1
5_MACS_peak_2125_lociStitched	chr1	192498428	192521072	5	12748	56385.8244	5235.2928	178	1
2_MACS_peak_22735_lociStitched	chr6	31694438	31709317	2	12265	57650.1734	3115.6626	179	1
3_MACS_peak_11707_lociStitched	chr17	75079007	75093108	3	13570	45777.4864	2801.8687	180	1
2_MACS_peak_19973_lociStitched	chr4	77608695	77624750	2	14754	29870.3275	3044.028	181	1
2_MACS_peak_18014_lociStitched	chr3	46245888	46257132	2	8965	74063.1036	2392.7232	182	1
4_MACS_peak_3520_lociStitched	chr10	81001191	81020393	4	13876	41224.7738	3168.33	183	1
1_MACS_peak_4543_lociStitched	chr11	58339905	58348058	1	8154	75979.4376	1611.8481	184	1
5_MACS_peak_15441_lociStitched	chr2	204548337	204573718	5	13037	51015.81	4497.5132	185	1
3_MACS_peak_18717_lociStitched	chr3	129026552	129048476	3	14037	39623.2452	3856.4316	186	1
2_MACS_peak_19308_lociStitched	chr3	186779581	186792519	2	9920	70255.9276	3538.543	187	1
5_MACS_peak_15568_lociStitched	chr2	219743448	219763116	5	14233	35248.9896	3304.224	188	1
3_MACS_peak_11762_lociStitched	chr17	76763375	76779717	3	14048	36040.6468	2828.8002	189	1
6_MACS_peak_26436_lociStitched	chr8	126285348	126308192	6	14312	32712.608	3575.086	190	1
3_MACS_peak_16651_lociStitched	chr21	19152048	19169149	3	14171	33488.8883	3370.6071	191	1
1_MACS_peak_22771_lociStitched	chr6	32934602	32943083	1	8482	73230.8907	1920.0984	192	1
2_MACS_peak_21855_lociStitched	chr5	142771405	142785947	2	13539	40240.6224	2063.5098	193	1
2_MACS_peak_20812_lociStitched	chr5	6475818	6487252	2	10113	65841.5456	2125.5806	194	1
4_MACS_peak_641_lociStitched	chr1	40839074	40858340	4	13975	35351.1834	3390.816	195	1
3_MACS_peak_27620_lociStitched	chr9	130828809	130845824	3	14019	34188.2395	2982.7295	196	1
2_MACS_peak_8432_lociStitched	chr15	31546713	31560816	2	9688	68234.5449	2652.7743	197	1
4_MACS_peak_18974_lociStitched	chr3	156804659	156824320	4	11321	61159.4727	5068.6058	198	1
3_MACS_peak_4865_lociStitched	chr11	71413596	71426786	3	11146	59629.352	2421.684	199	1
2_MACS_peak_18037_lociStitched	chr3	46578207	46589673	2	7518	76197.303	2262.2418	200	1
2_MACS_peak_17170_lociStitched	chr22	29207080	29221510	2	11464	57405.426	2578.641	201	1
1_MACS_peak_11058_lociStitched	chr17	37924906	37938211	1	13306	40698.6645	2498.679	203	1
2_MACS_peak_14990_lociStitched	chr2	158291969	158302399	2	10336	63102.543	2202.816	204	1
1_MACS_peak_17351_lociStitched	chr22	38700753	38714954	1	14202	27263.0798	2469.5539	205	1
2_MACS_peak_16159_lociStitched	chr20	32461957	32473616	2	8380	72170.3759	2384.2655	206	1
5_MACS_peak_27696_lociStitched	chr9	134127149	134152448	5	13352	40435.3917	4088.3184	207	1
1_MACS_peak_383_lociStitched	chr1	27018296	27030975	1	12680	45872.622	2666.3937	208	1
3_MACS_peak_6874_lociStitched	chr12	123371248	123387151	3	13780	30436.7517	1709.5725	209	1
6_MACS_peak_4667_lociStitched	chr11	63992553	64020071	6	13962	29669.9076	4017.628	210	1
1_MACS_peak_2309_lociStitched	chr1	206727947	206738612	1	10666	60135.669	3263.49	211	1
1_MACS_peak_15225_lociStitched	chr2	182168515	182180119	1	11605	52683.3204	2274.384	212	1
5_MACS_peak_25717_lociStitched	chr8	27930207	27951651	5	13730	30845.0496	3997.1616	213	1
3_MACS_peak_19712_lociStitched	chr4	38307399	38322270	3	11606	52139.2131	2641.0896	214	1
3_MACS_peak_11600_lociStitched	chr17	70582418	70601677	3	13048	38756.8116	3310.6221	216	1
4_MACS_peak_23874_lociStitched	chr6	157976656	157999836	4	13440	32143.706	1914.668	217	1
2_MACS_peak_16085_lociStitched	chr20	25288911	25303029	2	9875	61938.4896	2251.821	218	1
4_MACS_peak_5004_lociStitched	chr11	82764999	82790115	4	12479	44633.6436	4397.8116	219	1
5_MACS_peak_21365_lociStitched	chr5	87954602	87976636	5	10971	55972.9702	3391.0326	220	1
6_MACS_peak_14166_lociStitched	chr2	64430374	64456306	6	12309	46161.5532	4385.1012	221	1
1_MACS_peak_293_lociStitched	chr1	23849895	23858930	1	9036	65279.682	1973.244	222	1
4_MACS_peak_6181_lociStitched	chr12	57021917	57040923	4	13604	28408.2682	3422.9806	223	1
5_MACS_peak_28574_lociStitched	chrX	128902477	128921372	5	13136	33480.0505	1897.058	226	1
3_MACS_peak_949_lociStitched	chr1	66736663	66750304	3	10928	54831.3636	2722.7436	227	1
3_MACS_peak_27211_lociStitched	chr9	94181101	94195815	3	13161	34277.7344	3200.295	228	1
2_MACS_peak_5243_lociStitched	chr11	115090834	115102354	2	8236	68160.384	2324.736	229	1
1_MACS_peak_11506_lociStitched	chr17	62197018	62210312	1	13295	30336.908	2685.388	230	1
3_MACS_peak_12877_lociStitched	chr19	16693935	16711643	3	11657	48725.3328	3091.8168	231	1
2_MACS_peak_22588_lociStitched	chr6	26355635	26367662	2	10518	56024.1714	2399.3865	233	1
1_MACS_peak_20178_lociStitched	chr4	105407068	105417600	1	10533	55140.286	1703.0244	234	1
1_MACS_peak_4893_lociStitched	chr11	72862319	72869887	1	7569	69403.8576	1931.3536	235	1
4_MACS_peak_2871_lociStitched	chr10	7511624	7535594	4	11902	46175.808	3696.174	236	1
3_MACS_peak_19963_lociStitched	chr4	77117646	77136379	3	12277	42254.1548	3718.5005	237	1
2_MACS_peak_3870_lociStitched	chr10	112216460	112226020	2	7863	67270.852	1952.152	238	1
2_MACS_peak_10541_lociStitched	chr17	4842027	4854721	2	11540	46074.1424	2006.9214	239	1
6_MACS_peak_8533_lociStitched	chr15	40329663	40358190	6	13206	28718.1309	4455.9174	240	1
1_MACS_peak_20934_lociStitched	chr5	32581093	32592910	1	11818	42709.0014	2582.0145	241	1
1_MACS_peak_2355_lociStitched	chr1	209275307	209284060	1	8754	62885.9285	2656.5355	243	1
4_MACS_peak_18916_lociStitched	chr3	151985386	152002015	4	12842	29296.9722	2925.0411	244	1
2_MACS_peak_24471_lociStitched	chr7	50343663	50357761	2	11896	39943.8634	2716.6846	245	1
4_MACS_peak_17407_lociStitched	chr22	39910553	39929634	4	12443	34214.1411	3570.0551	246	1
2_MACS_peak_22260_lociStitched	chr6	388990	404034	2	12791	27856.9748	2667.3012	248	1
2_MACS_peak_19886_lociStitched	chr4	69431913	69443289	2	9833	54769.752	1830.3984	249	1
1_MACS_peak_19144_lociStitched	chr3	176911606	176920709	1	9104	59377.0484	2420.4877	250	1
4_MACS_peak_12509_lociStitched	chr19	2254739	2274470	4	12480	33791.3106	4293.4656	251	1
3_MACS_peak_14184_lociStitched	chr2	64862704	64883404	3	12153	36305.73	3129.84	252	1
3_MACS_peak_27604_lociStitched	chr9	130532000	130551719	3	12642	28746.3582	2981.5128	253	1
1_MACS_peak_11031_lociStitched	chr17	36856189	36863738	1	7550	64131.7746	1326.3593	254	1
2_MACS_peak_17150_lociStitched	chr22	26974752	26992124	2	11989	36514.2068	2916.7588	255	1
2_MACS_peak_3155_lociStitched	chr10	43890545	43905874	2	11977	35160.1273	2527.7521	257	1
1_MACS_peak_23382_lociStitched	chr6	106610071	106617346	1	7276	64828.98	1623.78	258	1
1_MACS_peak_21901_lociStitched	chr5	148204701	148215882	1	11182	43312.9578	2682.3219	259	1
4_MACS_peak_19921_lociStitched	chr4	74454177	74475378	4	11202	42656.412	2957.5395	260	1
2_MACS_peak_22980_lociStitched	chr6	45386603	45402334	2	11357	40176.974	2271.5564	261	1
2_MACS_peak_21694_lociStitched	chr5	131822908	131837596	2	11926	33275.664	2799.5328	263	1
2_MACS_peak_16332_lociStitched	chr20	43270464	43282256	2	11622	36447.8928	2416.1808	264	1
1_MACS_peak_9132_lociStitched	chr15	81585047	81595989	1	10943	43278.8926	2697.203	266	1
1_MACS_peak_15665_lociStitched	chr2	231729300	231739615	1	10316	46275.153	1086.1695	267	1
5_MACS_peak_5666_lociStitched	chr12	11901844	11920122	5	11789	34289.528	3057.9094	268	1
3_MACS_peak_23141_lociStitched	chr6	74220372	74234463	3	11465	37597.6062	2757.6087	270	1
2_MACS_peak_16478_lociStitched	chr20	52267843	52279092	2	10543	45258.1017	2031.5694	271	1
1_MACS_peak_12055_lociStitched	chr18	22929066	22941224	1	12159	27485.5906	1703.3358	272	1
2_MACS_peak_5397_lociStitched	chr11	126056793	126068922	2	7225	63414.0507	2129.8524	274	1
3_MACS_peak_6315_lociStitched	chr12	69195512	69215582	3	11437	37480.725	2968.353	275	1
1_MACS_peak_16379_lociStitched	chr20	45978343	45987190	1	8848	55429.1091	1810.9809	276	1
2_MACS_peak_1734_lociStitched	chr1	156709110	156722939	2	11302	38245.4824	3749.0419	279	1
4_MACS_peak_4822_lociStitched	chr11	67760541	67778334	4	11650	32326.3224	2583.5436	282	1
1_MACS_peak_23423_lociStitched	chr6	108986146	108997292	1	11147	37309.0058	1866.955	283	1
3_MACS_peak_9314_lociStitched	chr15	93346328	93364362	3	10316	45461.9106	2836.7482	284	1
3_MACS_peak_14460_lociStitched	chr2	89049829	89066768	3	9402	51577.5611	2669.5864	285	1
3_MACS_peak_13941_lociStitched	chr2	42323576	42334651	3	9524	50025.775	2156.3025	286	1
2_MACS_peak_5357_lociStitched	chr11	122927607	122941774	2	10915	38996.0842	2727.1475	288	1
3_MACS_peak_1662_lociStitched	chr1	154942250	154957907	3	10103	47162.0154	4012.8891	289	1
3_MACS_peak_16912_lociStitched	chr21	45195034	45210799	3	11143	37525.4295	3692.163	290	1
2_MACS_peak_1811_lociStitched	chr1	161144471	161157476	2	9894	48431.9205	3771.45	291	1
3_MACS_peak_17790_lociStitched	chr3	20080309	20098180	3	11671	29533.6146	2637.7596	294	1
4_MACS_peak_8757_lociStitched	chr15	52959369	52977118	4	11762	28648.6609	3153.9973	295	1
2_MACS_peak_16751_lociStitched	chr21	34600645	34613048	2	9814	47620.0782	3001.526	296	1
3_MACS_peak_20930_lociStitched	chr5	32530487	32543819	3	11241	34088.5908	2423.7576	298	1
3_MACS_peak_22350_lociStitched	chr6	7134974	7148016	3	11468	31461.2166	2588.837	299	1
1_MACS_peak_5537_lociStitched	chr12	4377696	4388545	1	10850	37577.6813	1921.3579	300	1
1_MACS_peak_3090_lociStitched	chr10	30989215	30996886	1	7672	57840.8742	1575.6234	301	1
1_MACS_peak_24947_lociStitched	chr7	104651611	104658858	1	7248	59544.2508	1513.8983	302	1
3_MACS_peak_22969_lociStitched	chr6	44213378	44233739	3	11543	29993.7891	3379.926	303	1
4_MACS_peak_11746_lociStitched	chr17	76163822	76183571	4	11679	27964.584	3402.7527	304	1
3_MACS_peak_17378_lociStitched	chr22	39459256	39474329	3	11114	32999.3189	2455.3917	306	1
1_MACS_peak_21773_lociStitched	chr5	138720130	138730518	1	10389	39982.3732	2178.3636	307	1
2_MACS_peak_14014_lociStitched	chr2	47204124	47214991	2	9109	49445.9367	2177.7468	309	1
1_MACS_peak_19896_lociStitched	chr4	71523572	71535088	1	11517	26715.9684	2145.4308	310	1
1_MACS_peak_20438_lociStitched	chr4	144272729	144282293	1	9565	45206.1588	2012.2656	311	1
2_MACS_peak_26544_lociStitched	chr8	137189388	137201520	2	10202	39949.4628	2252.9124	314	1
4_MACS_peak_22559_lociStitched	chr6	26017371	26034841	4	10974	32896.01	3058.997	315	1
1_MACS_peak_15539_lociStitched	chr2	217079345	217088991	1	9647	44120.804	2193.5004	316	1
2_MACS_peak_12529_lociStitched	chr19	2618248	2628955	2	7703	55941.9336	2938.0008	318	1
1_MACS_peak_24448_lociStitched	chr7	47512882	47522619	1	9738	42820.4049	2343.6959	319	1
3_MACS_peak_22636_lociStitched	chr6	27790948	27807981	3	9353	46060.6386	2790.0054	320	1
3_MACS_peak_9862_lociStitched	chr16	30193793	30212336	3	10962	32077.5357	3690.057	321	1
2_MACS_peak_6437_lociStitched	chr12	89738358	89749586	2	10230	38323.4096	2408.406	322	1
4_MACS_peak_13496_lociStitched	chr19	56145595	56168006	4	11084	28836.2337	3077.0303	323	1
1_MACS_peak_1444_lociStitched	chr1	145448941	145457988	1	9048	47691.2605	3397.1485	324	1
3_MACS_peak_22112_lociStitched	chr5	171601079	171616233	3	10897	30064.0206	2547.3874	325	1
2_MACS_peak_10576_lociStitched	chr17	6914917	6926137	2	7363	55054.296	1677.39	326	1
2_MACS_peak_19708_lociStitched	chr4	38124124	38136270	2	9302	44043.8252	2223.9326	328	1
3_MACS_peak_18444_lociStitched	chr3	101495584	101513223	3	10795	30473.1364	2801.0732	329	1
3_MACS_peak_19062_lociStitched	chr3	169656776	169668287	3	9222	45074.7738	2983.6512	330	1
2_MACS_peak_17078_lociStitched	chr22	23087999	23102105	2	11019	26334.4914	2286.5826	333	1
2_MACS_peak_6069_lociStitched	chr12	51312113	51323059	2	10632	31393.128	2393.8902	335	1
3_MACS_peak_22922_lociStitched	chr6	42737827	42752492	3	9219	43411.333	2092.6955	339	1
4_MACS_peak_16578_lociStitched	chr20	61272999	61290820	4	10706	29584.6421	2343.4615	340	1
4_MACS_peak_20676_lociStitched	chr4	185366715	185381494	4	10318	33638.4819	2664.6537	341	1
2_MACS_peak_16530_lociStitched	chr20	56047755	56058217	2	9341	41469.2756	1771.2166	342	1
3_MACS_peak_27397_lociStitched	chr9	112668774	112683193	3	8008	50620.7833	2693.4692	344	1
3_MACS_peak_13359_lociStitched	chr19	48824023	48837990	3	10408	31322.3942	2794.7967	345	1
1_MACS_peak_19014_lociStitched	chr3	160116091	160123725	1	7635	51114.9738	1970.3354	346	1
3_MACS_peak_7205_lociStitched	chr13	46269354	46280959	3	9533	37787.0405	1326.4515	348	1
2_MACS_peak_6916_lociStitched	chr12	125398059	125412972	2	10089	32416.3881	1321.2918	349	1
4_MACS_peak_23658_lociStitched	chr6	135322857	135344073	4	10420	30915.9552	3655.5168	350	1
1_MACS_peak_21505_lociStitched	chr5	109023851	109034318	1	10468	28712.0277	2089.2132	352	1
3_MACS_peak_5306_lociStitched	chr11	118963222	118979858	3	10496	28974.9212	2901.3184	353	1
2_MACS_peak_5967_lociStitched	chr12	46119375	46132532	2	10056	33272.7373	2090.6473	354	1
3_MACS_peak_24623_lociStitched	chr7	74057186	74076866	3	10618	27178.08	2778.816	355	1
2_MACS_peak_10035_lociStitched	chr16	56943802	56952764	2	7170	52234.1208	2055.8828	358	1
2_MACS_peak_22152_lociStitched	chr5	173696494	173709907	2	9089	40760.7657	2286.9165	360	1
1_MACS_peak_6587_lociStitched	chr12	102870812	102879424	1	8613	43461.3192	1739.624	361	1
2_MACS_peak_6079_lociStitched	chr12	51711990	51721955	2	9249	39126.576	2140.482	363	1
4_MACS_peak_13407_lociStitched	chr19	50166225	50184263	4	10347	28813.9012	3171.0804	364	1
1_MACS_peak_23706_lociStitched	chr6	138186976	138196220	1	9245	38528.0676	1784.092	365	1
4_MACS_peak_11742_lociStitched	chr17	76137419	76152189	4	9961	32272.45	2289.35	367	1
1_MACS_peak_1275_lociStitched	chr1	111172875	111181422	1	8548	42790.5555	1199.9988	369	1
2_MACS_peak_19150_lociStitched	chr3	177068693	177079552	2	7937	48401.8207	3119.7907	372	1
3_MACS_peak_16311_lociStitched	chr20	42569401	42585500	3	9902	32668.0908	2608.038	373	1
2_MACS_peak_28541_lociStitched	chrX	119435001	119445529	2	9749	32629.4304	1093.8592	374	1
1_MACS_peak_15947_lociStitched	chr20	9489971	9499799	1	9829	31671.7128	1861.4232	376	1
4_MACS_peak_4814_lociStitched	chr11	67647351	67661855	4	8886	40454.5568	2497.5888	378	1
1_MACS_peak_14407_lociStitched	chr2	86220158	86228693	1	8536	42339.5745	1882.821	379	1
3_MACS_peak_6633_lociStitched	chr12	106528835	106544047	3	10239	27363.3456	2934.3948	380	1
2_MACS_peak_24989_lociStitched	chr7	106504144	106513586	2	8323	44513.3648	2836.3768	382	1
1_MACS_peak_2161_lociStitched	chr1	197740212	197748772	1	8561	42356.592	2332.6	383	1
3_MACS_peak_8480_lociStitched	chr15	34619325	34635791	3	9775	32205.8494	2604.9212	384	1
2_MACS_peak_20774_lociStitched	chr5	1335401	1346212	2	9907	29898.9016	1829.2212	386	1
2_MACS_peak_6599_lociStitched	chr12	104318488	104326961	2	7384	48375.7462	1746.2853	387	1
2_MACS_peak_14022_lociStitched	chr2	47526986	47539535	2	7188	49748.0007	2266.3494	389	1
2_MACS_peak_12852_lociStitched	chr19	16221446	16231777	2	9818	30039.4487	1962.89	391	1
4_MACS_peak_3785_lociStitched	chr10	104531391	104543026	4	9592	32476.7755	2047.76	392	1
3_MACS_peak_20364_lociStitched	chr4	129724115	129741415	3	9917	28913.49	2586.35	393	1
3_MACS_peak_2551_lociStitched	chr1	226308599	226317159	3	7973	44797.904	2264.12	394	1
2_MACS_peak_17093_lociStitched	chr22	23477916	23488595	2	9240	34888.293	2003.3804	395	1
2_MACS_peak_14974_lociStitched	chr2	153914528	153928919	2	9444	32751.0378	1867.9518	396	1
2_MACS_peak_19397_lociStitched	chr3	196357962	196371273	2	8783	38852.1468	3081.4965	400	1
3_MACS_peak_12849_lociStitched	chr19	16180437	16198005	3	8849	37050.912	2972.5056	405	1
3_MACS_peak_5434_lociStitched	chr11	129233735	129248926	3	9477	30568.8493	2546.0116	406	1
2_MACS_peak_27461_lociStitched	chr9	117127657	117137217	2	9365	30554.716	1431.132	407	1
2_MACS_peak_10399_lociStitched	chr16	89033399	89046054	2	8921	33882.497	1071.8785	410	1
3_MACS_peak_13363_lociStitched	chr19	48880295	48895448	3	9051	33777.5523	2338.1079	411	1
1_MACS_peak_11064_lociStitched	chr17	38016326	38024970	1	8645	36214.9024	1536.0388	412	1
2_MACS_peak_13062_lociStitched	chr19	35695484	35706000	2	7666	43725.528	2358.7388	414	1
1_MACS_peak_24156_lociStitched	chr7	20254596	20262200	1	7605	43394.5072	1906.3228	417	1
3_MACS_peak_24940_lociStitched	chr7	104576372	104586735	3	7827	41988.8034	1928.5543	418	1
2_MACS_peak_19740_lociStitched	chr4	40302530	40312602	2	9404	28815.992	2029.508	420	1
2_MACS_peak_7558_lociStitched	chr13	115039572	115048836	2	8387	37571.0784	1565.616	421	1
2_MACS_peak_1791_lociStitched	chr1	160703177	160715461	2	8499	38579.1304	3515.6808	422	1
3_MACS_peak_8792_lociStitched	chr15	58582525	58591230	3	8524	36366.8785	1512.929	423	1
3_MACS_peak_16759_lociStitched	chr21	34695973	34712524	3	8661	37729.6596	4021.893	424	1
2_MACS_peak_19897_lociStitched	chr4	71542204	71555345	2	8791	34952.4318	2374.5787	425	1
1_MACS_peak_3306_lociStitched	chr10	63803952	63812368	1	8417	37551.3504	2105.6832	427	1
1_MACS_peak_3872_lociStitched	chr10	112255958	112264955	1	8998	31744.1151	1636.5543	431	1
2_MACS_peak_22700_lociStitched	chr6	30649097	30659488	2	9064	31547.076	2100.0211	432	1
2_MACS_peak_13481_lociStitched	chr19	55762912	55772313	2	9219	29427.0102	1603.8106	433	1
1_MACS_peak_23377_lociStitched	chr6	106439201	106446737	1	7537	42227.2224	1437.8688	435	1
2_MACS_peak_6852_lociStitched	chr12	122231646	122243398	2	8281	36506.4128	1030.6504	440	1
3_MACS_peak_23379_lociStitched	chr6	106585450	106595538	3	8118	38654.1896	2060.9784	441	1
3_MACS_peak_16007_lociStitched	chr20	17939429	17952872	3	8569	35352.4014	2433.183	442	1
2_MACS_peak_26528_lociStitched	chr8	134576914	134586068	2	8160	37698.0028	1691.6592	446	1
4_MACS_peak_6667_lociStitched	chr12	109161970	109181160	4	8957	32179.711	3064.643	447	1
2_MACS_peak_10828_lociStitched	chr17	27045981	27056727	2	8990	30608.9064	1951.4736	448	1
1_MACS_peak_4425_lociStitched	chr11	35159818	35168910	1	9093	29419.8936	1873.8612	449	1
3_MACS_peak_3419_lociStitched	chr10	74006966	74024315	3	9158	29845.4847	3063.8334	450	1
1_MACS_peak_1789_lociStitched	chr1	160676459	160685136	1	8678	34327.0797	2912.8689	451	1
2_MACS_peak_19990_lociStitched	chr4	78735889	78749332	2	9251	27610.5777	2265.1455	453	1
1_MACS_peak_14219_lociStitched	chr2	66659659	66668485	1	8827	30358.7922	1215.3402	463	1
1_MACS_peak_9265_lociStitched	chr15	90637919	90646629	1	8711	31815.017	1664.481	465	1
1_MACS_peak_24752_lociStitched	chr7	90337240	90345387	1	8148	36076.5454	1638.3617	468	1
2_MACS_peak_7785_lociStitched	chr14	50465555	50476594	2	7537	39716.1142	1042.0816	469	1
3_MACS_peak_11847_lociStitched	chr17	80405832	80423913	3	8441	34541.9424	2675.988	470	1
3_MACS_peak_22783_lociStitched	chr6	33279396	33292546	3	8879	30130.595	2526.115	474	1
2_MACS_peak_5976_lociStitched	chr12	46776291	46785799	2	9030	27492.382	1787.504	476	1
2_MACS_peak_6173_lociStitched	chr12	56726361	56734356	2	7712	38715.7875	1672.554	477	1
3_MACS_peak_13416_lociStitched	chr19	50369549	50382171	3	7887	38239.6112	2574.888	480	1
2_MACS_peak_11740_lociStitched	chr17	76116541	76129513	2	8897	28830.27	2037.9012	481	1
4_MACS_peak_22793_lociStitched	chr6	33537748	33558575	4	9048	28241.412	3298.9968	484	1
3_MACS_peak_2055_lociStitched	chr1	183438744	183451149	3	8606	32782.6935	3436.185	486	1
2_MACS_peak_2538_lociStitched	chr1	226062599	226071668	2	8850	28212.7521	2511.2061	494	1
3_MACS_peak_27508_lociStitched	chr9	123630447	123641415	3	8568	30476.7816	1875.528	495	1
3_MACS_peak_19548_lociStitched	chr4	9599188	9610827	3	8485	31232.0926	1908.796	496	1
2_MACS_peak_3780_lociStitched	chr10	104401155	104412958	2	8793	27915.2753	2113.9173	499	1
2_MACS_peak_11700_lociStitched	chr17	74721306	74735095	2	8567	30352.3468	2505.4613	501	1
3_MACS_peak_8673_lociStitched	chr15	46994727	47008737	3	8862	27043.503	2408.319	502	1
3_MACS_peak_1625_lociStitched	chr1	153928960	153941466	3	8546	31102.422	3379.1212	505	1
2_MACS_peak_8372_lociStitched	chr15	23659937	23669475	2	7842	35421.2706	1738.7774	507	1
1_MACS_peak_17723_lociStitched	chr3	14160979	14168415	1	7437	38049.2684	1582.3808	510	1
3_MACS_peak_22406_lociStitched	chr6	11722211	11733531	3	8736	27156.68	1868.932	513	1
2_MACS_peak_1293_lociStitched	chr1	112134576	112148127	2	8654	27000.3675	1409.304	516	1
2_MACS_peak_18646_lociStitched	chr3	124501862	124511895	2	8603	27906.7895	1797.9136	517	1
1_MACS_peak_18905_lociStitched	chr3	150315339	150323895	1	8557	27892.56	1689.81	521	1
2_MACS_peak_8002_lociStitched	chr14	72980417	72989810	2	8330	29375.6682	1014.444	523	1
1_MACS_peak_14196_lociStitched	chr2	65139947	65147041	1	7095	39397.9478	1782.7222	527	1
1_MACS_peak_24782_lociStitched	chr7	92437202	92445734	1	8533	27439.7652	1497.366	529	1
3_MACS_peak_19159_lociStitched	chr3	178230439	178241039	3	8238	31019.84	2766.6	534	1
2_MACS_peak_21538_lociStitched	chr5	112256335	112266785	2	7817	33369.985	1730.52	538	1
3_MACS_peak_14623_lociStitched	chr2	109829452	109843103	3	8209	30692.9084	2541.8162	539	1
2_MACS_peak_6574_lociStitched	chr12	102129076	102140356	2	7767	33437.304	1760.808	540	1
3_MACS_peak_14245_lociStitched	chr2	68988902	69003907	3	8260	29690.3935	2690.3965	542	1
2_MACS_peak_27678_lociStitched	chr9	132646111	132657721	2	7739	33138.423	1952.802	550	1
3_MACS_peak_5332_lociStitched	chr11	120367995	120382503	3	8192	28273.1904	1957.1292	558	1
2_MACS_peak_20040_lociStitched	chr4	84132726	84144073	2	8309	26662.0459	2424.8539	560	1
2_MACS_peak_12809_lociStitched	chr19	13949058	13959274	2	8048	28140.9936	1633.5384	564	1
2_MACS_peak_25691_lociStitched	chr8	26428329	26437466	2	7777	30759.7105	1937.044	565	1
4_MACS_peak_28346_lociStitched	chrX	75362551	75372227	4	8180	25613.3396	880.516	567	1
3_MACS_peak_16481_lociStitched	chr20	52345632	52358493	3	8174	26613.2673	2062.9044	570	1
3_MACS_peak_9268_lociStitched	chr15	90721510	90736312	3	7596	31877.5872	2312.0724	577	1
1_MACS_peak_6186_lociStitched	chr12	57076557	57083841	1	7285	32943.3468	1365.0216	586	1
1_MACS_peak_25101_lociStitched	chr7	121944297	121951905	1	7609	30730.9944	1761.252	587	1
1_MACS_peak_1443_lociStitched	chr1	145434034	145441367	1	7334	33040.2981	2192.567	593	1
3_MACS_peak_1808_lociStitched	chr1	161122692	161137506	3	7325	34495.8804	3601.2834	594	1
2_MACS_peak_9038_lociStitched	chr15	75352881	75363152	2	7833	28314.0657	1838.509	595	1
2_MACS_peak_9890_lociStitched	chr16	30661239	30673100	2	7607	30366.5322	1928.5986	596	1
1_MACS_peak_15303_lociStitched	chr2	192539159	192546440	1	7282	32216.9688	1474.4025	599	1
1_MACS_peak_270_lociStitched	chr1	21615664	21622743	1	7080	33327.2241	1538.2667	602	1
3_MACS_peak_6111_lociStitched	chr12	53763792	53776392	3	7866	26981.64	2349.9	609	1
2_MACS_peak_15684_lociStitched	chr2	232570517	232578882	2	7898	25100.8555	896.728	610	1
1_MACS_peak_953_lociStitched	chr1	66795973	66803397	1	7425	30197.12	1795.8656	614	1
3_MACS_peak_17372_lociStitched	chr22	39409051	39421943	3	7696	27212.4336	2149.0964	627	1
1_MACS_peak_2130_lociStitched	chr1	192543889	192551563	1	7675	27326.3466	2470.2606	631	1
3_MACS_peak_26870_lociStitched	chr9	33286813	33298870	3	7426	29167.0887	2012.3133	633	1
2_MACS_peak_13127_lociStitched	chr19	39338864	39349048	2	7577	27500.8736	1750.6296	634	1
2_MACS_peak_19446_lociStitched	chr4	1712487	1724926	2	7376	29196.8208	1624.5334	635	1
2_MACS_peak_4179_lociStitched	chr11	8703013	8711462	2	7699	25852.2502	1755.7022	640	1
1_MACS_peak_13626_lociStitched	chr2	10259654	10266867	1	7214	29838.0171	1402.9285	643	1
1_MACS_peak_21471_lociStitched	chr5	100234477	100241657	1	7181	30250.058	1618.372	644	1
2_MACS_peak_4641_lociStitched	chr11	62597971	62610564	2	7224	29805.1124	2222.6645	656	1
3_MACS_peak_13891_lociStitched	chr2	37615073	37624994	3	7366	27208.3425	2031.8208	674	1
1_MACS_peak_26527_lociStitched	chr8	134508434	134515771	1	7338	26672.1961	1405.7692	676	1
3_MACS_peak_4054_lociStitched	chr10	135201270	135215611	3	7244	28002.2366	1989.0967	677	1
2_MACS_peak_5821_lociStitched	chr12	27329990	27340307	2	7221	27320.4477	2040.7026	695	1
2_MACS_peak_28726_lociStitched	chrX	153189155	153200541	2	7095	26933.583	1116.9666	697	1
2_MACS_peak_17127_lociStitched	chr22	24822596	24831871	2	7230	25948.6675	1777.09	711	1
