#MM3 Enhancers
#Created from /data/projects/IRF4_mm_trn_data/myeloma_public_data/rose/MM3.H3K27ac_ROSE/MM3_6KB_STITCHED_ENHANCER_REGION_MAP.txt
#Ranked by MM3.jin.bam
#Using cutoff of 29316.9957 for Super-Enhancers
#Created on Jul 16 2024 
REGION_ID	CHROM	START	STOP	NUM_LOCI	CONSTITUENT_SIZE	MM3.jin.bam	enhancerRank	isSuper
1_MACS_peak_8036_lociStitched	chr14	106022767	106059654	1	36888	553511.5672	1	1
1_MACS_peak_8039_lociStitched	chr14	106143294	106180466	1	37173	552535.7596	2	1
6_MACS_peak_13532_lociStitched	chr2	87741030	87850456	6	100525	362911.329	3	1
5_MACS_peak_15975_lociStitched	chr22	23189073	23297240	5	102626	318519.3649	4	1
5_MACS_peak_13733_lociStitched	chr2	112157460	112266186	5	92518	268183.5516	5	1
4_MACS_peak_1392_lociStitched	chr1	118135662	118238613	4	95053	239258.124	6	1
3_MACS_peak_13568_lociStitched	chr2	89126699	89188993	3	60227	238966.0134	7	1
12_MACS_peak_11370_lociStitched	chr18	42257975	42434398	12	160156	236195.1124	8	1
5_MACS_peak_18173_lociStitched	chr3	186692388	186795711	5	91544	234780.8529	9	1
7_MACS_peak_4378_lociStitched	chr11	65169942	65246618	7	60973	230227.3576	10	1
4_MACS_peak_7856_lociStitched	chr14	91780987	91886549	4	97241	200990.048	11	1
4_MACS_peak_2183_lociStitched	chr1	203239736	203299537	4	55380	195082.8222	12	1
4_MACS_peak_12018_lociStitched	chr19	16425288	16498735	4	68113	190066.1466	13	1
6_MACS_peak_9765_lociStitched	chr16	81803290	81910028	6	100806	180397.8938	14	1
4_MACS_peak_21098_lociStitched	chr6	7858093	7922847	4	51214	177691.4514	15	1
3_MACS_peak_20536_lociStitched	chr5	131741134	131837789	3	91698	177535.904	16	1
4_MACS_peak_20992_lociStitched	chr6	285758	366858	4	76330	170796.6	17	1
9_MACS_peak_19553_lociStitched	chr4	185296438	185404021	9	98373	170691.1878	18	1
8_MACS_peak_17756_lociStitched	chr3	141078953	141171687	8	80940	168312.21	19	1
4_MACS_peak_2484_lociStitched	chr1	230236663	230314048	4	71278	167228.985	20	1
12_MACS_peak_20231_lociStitched	chr5	95168802	95299381	12	96680	165299.9561	21	1
4_MACS_peak_22088_lociStitched	chr6	109182807	109242948	4	55163	150328.4436	22	1
9_MACS_peak_11700_lociStitched	chr19	2606480	2712819	9	83012	143791.5958	23	1
9_MACS_peak_2438_lociStitched	chr1	226818536	226929066	9	75118	143368.463	24	1
5_MACS_peak_22040_lociStitched	chr6	106528029	106596389	5	59816	143221.036	25	1
12_MACS_peak_21276_lociStitched	chr6	25291563	25420931	12	100064	140325.4696	26	1
5_MACS_peak_19374_lociStitched	chr4	153367161	153486131	5	102076	132746.726	27	1
1_MACS_peak_6424_lociStitched	chr12	123343534	123390426	1	46893	131297.6	28	1
6_MACS_peak_4819_lociStitched	chr11	111196895	111271731	6	58215	124691.7432	29	1
2_MACS_peak_8127_lociStitched	chr15	31614139	31671810	2	52157	123271.7625	30	1
3_MACS_peak_11536_lociStitched	chr18	60797601	60832701	3	33603	121049.37	31	1
10_MACS_peak_23187_lociStitched	chr7	47511061	47630244	10	89588	121042.2548	32	1
4_MACS_peak_13916_lociStitched	chr2	136863900	136900409	4	34157	116591.4915	33	1
4_MACS_peak_5187_lociStitched	chr12	12843475	12880443	4	28247	114589.7096	34	1
2_MACS_peak_3771_lociStitched	chr10	125811415	125869733	2	56719	111527.3432	35	1
1_MACS_peak_1547_lociStitched	chr1	150531238	150554203	1	22966	110875.02	36	1
5_MACS_peak_20622_lociStitched	chr5	139012372	139092615	5	62254	110631.0241	37	1
9_MACS_peak_24302_lociStitched	chr8	29048971	29126129	9	58982	109749.5392	38	1
7_MACS_peak_10097_lociStitched	chr17	16817827	16896050	7	60615	106735.2835	39	1
6_MACS_peak_23261_lociStitched	chr7	55569415	55643268	6	61278	106532.9525	40	1
4_MACS_peak_2217_lociStitched	chr1	205242049	205292073	4	48284	104495.1336	41	1
1_MACS_peak_603_lociStitched	chr1	40838331	40871749	1	33419	103385.2666	42	1
7_MACS_peak_9151_lociStitched	chr16	11760942	11838583	7	68462	103091.7198	43	1
6_MACS_peak_24266_lociStitched	chr8	27181299	27282468	6	83837	102342.5604	44	1
3_MACS_peak_13624_lociStitched	chr2	99060224	99136963	3	72482	101487.3275	45	1
3_MACS_peak_18582_lociStitched	chr4	40182120	40241750	3	48761	100899.923	46	1
1_MACS_peak_13561_lociStitched	chr2	88890032	88929590	1	39559	100845.2094	47	1
8_MACS_peak_13379_lociStitched	chr2	70308646	70371942	8	39708	100165.92	48	1
6_MACS_peak_10802_lociStitched	chr17	62132431	62210845	6	72744	98597.7636	49	1
1_MACS_peak_1688_lociStitched	chr1	156448275	156480449	1	32175	98478.1792	50	1
5_MACS_peak_5110_lociStitched	chr12	7022277	7081424	5	45285	97793.6498	51	1
5_MACS_peak_880_lociStitched	chr1	66794944	66850172	5	44317	97206.8028	52	1
7_MACS_peak_24689_lociStitched	chr8	80986564	81085319	7	82513	97135.418	53	1
5_MACS_peak_17843_lociStitched	chr3	151958991	152029190	5	62378	96109.4509	54	1
3_MACS_peak_22983_lociStitched	chr7	25979246	26013001	3	27166	95141.843	55	1
1_MACS_peak_2891_lociStitched	chr10	22593190	22616728	1	23539	94048.4328	56	1
3_MACS_peak_22649_lociStitched	chr6	159188584	159241905	3	49897	93631.676	57	1
6_MACS_peak_8527_lociStitched	chr15	67356379	67431787	6	66708	93136.4208	58	1
5_MACS_peak_1628_lociStitched	chr1	154907122	154957474	5	40974	93020.2848	59	1
6_MACS_peak_19278_lociStitched	chr4	141627905	141700869	6	52197	92664.28	60	1
10_MACS_peak_23898_lociStitched	chr7	137636668	137727017	10	69009	92499.3062	61	1
6_MACS_peak_22436_lociStitched	chr6	143222911	143270730	6	31928	91257.7796	62	1
8_MACS_peak_11669_lociStitched	chr19	2030800	2098915	8	55171	91212.7965	63	1
3_MACS_peak_25066_lociStitched	chr8	126429161	126453282	3	18295	89435.8438	64	1
4_MACS_peak_3696_lociStitched	chr10	112599177	112645029	4	36409	89140.8732	65	1
2_MACS_peak_17841_lociStitched	chr3	151909529	151944923	2	29824	88831.8612	66	1
7_MACS_peak_17494_lociStitched	chr3	114122773	114189257	7	57176	88676.3592	67	1
2_MACS_peak_2264_lociStitched	chr1	207970407	208008300	2	34638	88404.369	68	1
3_MACS_peak_12319_lociStitched	chr19	42431363	42464399	3	25555	87707.2764	69	1
3_MACS_peak_1668_lociStitched	chr1	155899851	155955896	3	48239	87054.6985	70	1
3_MACS_peak_4355_lociStitched	chr11	64610865	64648752	3	35952	86689.2447	71	1
6_MACS_peak_11539_lociStitched	chr18	60839345	60904591	6	59657	86653.2126	72	1
7_MACS_peak_1990_lociStitched	chr1	182990362	183077005	7	71799	86443.7211	73	1
4_MACS_peak_12761_lociStitched	chr2	16794538	16849266	4	47445	86355.3112	74	1
2_MACS_peak_5298_lociStitched	chr12	26265074	26289452	2	21767	86261.553	75	1
2_MACS_peak_5133_lociStitched	chr12	9854153	9897373	2	41299	86249.832	76	1
3_MACS_peak_16054_lociStitched	chr22	29182676	29228170	3	40798	86056.4504	77	1
4_MACS_peak_2488_lociStitched	chr1	230326465	230370903	4	37906	86045.2994	78	1
2_MACS_peak_15811_lociStitched	chr21	44769979	44806190	2	30001	85830.9333	79	1
3_MACS_peak_23585_lociStitched	chr7	101920248	101984218	3	59802	85438.332	80	1
2_MACS_peak_14539_lociStitched	chr2	201978600	202002431	2	23797	85229.1884	81	1
5_MACS_peak_19297_lociStitched	chr4	144255971	144311444	5	45067	84879.2373	82	1
6_MACS_peak_6460_lociStitched	chr12	124922437	124983747	6	43854	83430.648	83	1
5_MACS_peak_14081_lociStitched	chr2	158268756	158311443	5	28599	83367.711	84	1
2_MACS_peak_16545_lociStitched	chr3	13033689	13063950	2	30202	82397.6769	85	1
1_MACS_peak_2526_lociStitched	chr1	234733483	234750466	1	16984	82007.5104	86	1
4_MACS_peak_9553_lociStitched	chr16	66546987	66590108	4	32495	81938.5242	87	1
3_MACS_peak_21142_lociStitched	chr6	13271370	13311104	3	28926	81558.0084	88	1
5_MACS_peak_25209_lociStitched	chr8	141567768	141612363	5	34739	81359.118	89	1
2_MACS_peak_4385_lociStitched	chr11	65254190	65279192	2	23391	81243.999	90	1
6_MACS_peak_1167_lociStitched	chr1	94127356	94184070	6	48867	80738.0504	91	1
4_MACS_peak_16173_lociStitched	chr22	37593435	37645413	4	48114	79781.0322	92	1
1_MACS_peak_16021_lociStitched	chr22	24818720	24842743	1	24024	79069.3022	93	1
3_MACS_peak_15451_lociStitched	chr20	52521902	52560745	3	34872	79022.1992	94	1
3_MACS_peak_15248_lociStitched	chr20	35963359	36023061	3	52908	78955.895	95	1
2_MACS_peak_10438_lociStitched	chr17	38249790	38281606	2	25739	78432.8032	96	1
2_MACS_peak_11008_lociStitched	chr17	75428460	75477610	2	47638	78350.015	97	1
3_MACS_peak_3162_lociStitched	chr10	63796017	63820370	3	23076	76090.9485	98	1
1_MACS_peak_24363_lociStitched	chr8	37730131	37762889	1	32759	75215.6438	99	1
7_MACS_peak_17575_lociStitched	chr3	121687618	121756242	7	49353	74861.9216	100	1
3_MACS_peak_13710_lociStitched	chr2	111787236	111830125	3	34371	74845.5939	101	1
2_MACS_peak_21698_lociStitched	chr6	45771956	45806156	2	29411	74463.66	102	1
3_MACS_peak_21550_lociStitched	chr6	36327635	36358206	3	24792	74461.7847	103	1
5_MACS_peak_1901_lociStitched	chr1	174124390	174176229	5	36991	74166.0573	104	1
3_MACS_peak_21636_lociStitched	chr6	42736921	42759152	3	19796	73818.0355	105	1
3_MACS_peak_5003_lociStitched	chr11	128582270	128632704	3	46670	73754.6816	106	1
3_MACS_peak_18492_lociStitched	chr4	25841774	25893137	3	46041	73305.2736	107	1
6_MACS_peak_4388_lociStitched	chr11	65306494	65360322	6	43897	72866.9636	108	1
2_MACS_peak_6473_lociStitched	chr12	125394786	125413848	2	15804	72832.0896	109	1
6_MACS_peak_13282_lociStitched	chr2	64415088	64463407	6	34897	72695.9355	110	1
5_MACS_peak_8461_lociStitched	chr15	63762238	63803922	5	37748	72142.4988	111	1
2_MACS_peak_24084_lociStitched	chr8	6262081	6291363	2	28657	72013.2226	112	1
7_MACS_peak_9581_lociStitched	chr16	67546577	67603071	7	43575	71956.4078	113	1
7_MACS_peak_3787_lociStitched	chr10	126365392	126434175	7	47901	70660.7759	114	1
3_MACS_peak_8291_lociStitched	chr15	45001502	45031143	3	26464	70607.8261	115	1
6_MACS_peak_14583_lociStitched	chr2	204537385	204607446	6	53442	70117.0488	116	1
1_MACS_peak_15247_lociStitched	chr20	35916722	35947847	1	31126	70000.125	117	1
3_MACS_peak_22906_lociStitched	chr7	18533300	18579602	3	42486	69679.8798	118	1
2_MACS_peak_13046_lociStitched	chr2	43382297	43409573	2	22764	69000.0972	119	1
6_MACS_peak_4462_lociStitched	chr11	67157828	67215552	6	40541	68622.2912	120	1
5_MACS_peak_26239_lociStitched	chr9	134516184	134562838	5	39544	68436.7526	121	1
2_MACS_peak_1470_lociStitched	chr1	145426267	145458627	2	29923	68324.904	122	1
4_MACS_peak_11028_lociStitched	chr17	76688071	76747144	4	52913	68063.9106	123	1
1_MACS_peak_26156_lociStitched	chr9	130658172	130681913	1	23742	67417.3177	124	1
6_MACS_peak_17291_lociStitched	chr3	98447692	98508578	6	49213	67315.5616	125	1
3_MACS_peak_15807_lociStitched	chr21	44722643	44747985	3	24345	67057.4662	126	1
1_MACS_peak_11962_lociStitched	chr19	13943467	13963259	1	19793	66564.4544	127	1
3_MACS_peak_13034_lociStitched	chr2	42322955	42361822	3	32864	66229.368	128	1
4_MACS_peak_1761_lociStitched	chr1	161007098	161041678	4	27198	66193.036	129	1
2_MACS_peak_6405_lociStitched	chr12	122218549	122250828	2	29684	65716.8161	130	1
3_MACS_peak_10444_lociStitched	chr17	38464596	38510180	3	40887	65403.9232	131	1
4_MACS_peak_24549_lociStitched	chr8	61811577	61842904	4	28554	65229.0794	132	1
2_MACS_peak_12253_lociStitched	chr19	39879555	39905271	2	22288	64688.598	133	1
2_MACS_peak_20903_lociStitched	chr5	173306800	173360800	2	52200	64616.4	134	1
6_MACS_peak_2917_lociStitched	chr10	24728017	24793714	6	54866	64488.1752	135	1
1_MACS_peak_14315_lociStitched	chr2	182164623	182181011	1	16389	64067.2472	136	1
11_MACS_peak_9981_lociStitched	chr17	4234627	4312656	11	47141	63944.7655	137	1
9_MACS_peak_8577_lociStitched	chr15	70324211	70394704	9	59065	63944.2003	138	1
2_MACS_peak_24802_lociStitched	chr8	95952419	95978449	2	23447	63835.972	139	1
4_MACS_peak_25507_lociStitched	chr9	33123369	33169802	4	42843	63334.612	140	1
5_MACS_peak_16302_lociStitched	chr22	42305715	42343829	5	30717	63086.2928	141	1
8_MACS_peak_2245_lociStitched	chr1	206836422	206902565	8	51165	62935.0645	142	1
1_MACS_peak_25246_lociStitched	chr8	144593604	144614643	1	21040	62715.1551	143	1
5_MACS_peak_14543_lociStitched	chr2	202039154	202102609	5	53684	62693.54	144	1
2_MACS_peak_523_lociStitched	chr1	36613136	36644751	2	31410	62664.0915	145	1
2_MACS_peak_15834_lociStitched	chr21	45551905	45582183	2	27312	62502.8754	146	1
2_MACS_peak_23623_lociStitched	chr7	104642843	104662405	2	14832	62457.5536	147	1
6_MACS_peak_11639_lociStitched	chr19	1239066	1277648	6	29229	62321.5046	148	1
2_MACS_peak_23730_lociStitched	chr7	115774625	115811315	2	35617	62244.585	149	1
6_MACS_peak_1145_lociStitched	chr1	93393977	93442536	6	35093	61791.3275	150	1
5_MACS_peak_18121_lociStitched	chr3	183219761	183275150	5	48643	61094.067	151	1
4_MACS_peak_1674_lociStitched	chr1	156065715	156101061	4	28603	60865.812	152	1
6_MACS_peak_25033_lociStitched	chr8	125604621	125656087	6	45342	60580.6286	153	1
12_MACS_peak_6257_lociStitched	chr12	111042074	111128406	12	54705	60432.4	154	1
4_MACS_peak_16368_lociStitched	chr22	46422270	46469453	4	31747	60285.7191	155	1
3_MACS_peak_3346_lociStitched	chr10	80825470	80879554	3	46592	60168.45	156	1
4_MACS_peak_20894_lociStitched	chr5	173138609	173179709	4	38024	59853.93	157	1
2_MACS_peak_12931_lociStitched	chr2	33699064	33726551	2	26938	59756.738	158	1
3_MACS_peak_20973_lociStitched	chr5	180223592	180261835	3	32478	59670.5529	159	1
4_MACS_peak_11682_lociStitched	chr19	2254389	2290690	4	24447	59631.6527	160	1
5_MACS_peak_11935_lociStitched	chr19	12885235	12918739	5	25254	59583.5136	161	1
1_MACS_peak_21482_lociStitched	chr6	32934107	32943230	1	9124	59516.6274	162	1
6_MACS_peak_16201_lociStitched	chr22	38609152	38673738	6	48360	59244.7378	163	1
4_MACS_peak_5089_lociStitched	chr12	6532348	6581218	4	35868	59113.152	164	1
2_MACS_peak_23879_lociStitched	chr7	134830474	134858973	2	24770	59021.429	165	1
4_MACS_peak_15564_lociStitched	chr21	15888336	15921827	4	31218	58733.1667	166	1
8_MACS_peak_8437_lociStitched	chr15	60832708	60886139	8	43663	58645.8656	167	1
2_MACS_peak_13049_lociStitched	chr2	43438906	43457531	2	18503	58529.0625	168	1
5_MACS_peak_22067_lociStitched	chr6	108877727	108920879	5	36086	58527.0576	169	1
3_MACS_peak_15106_lociStitched	chr20	25258942	25301514	3	34385	58319.3828	170	1
3_MACS_peak_22036_lociStitched	chr6	106427529	106461023	3	28661	58219.2708	171	1
2_MACS_peak_19901_lociStitched	chr5	56108043	56153437	2	43982	58063.4654	172	1
2_MACS_peak_19546_lociStitched	chr4	185184072	185215052	2	27465	57876.836	173	1
2_MACS_peak_12176_lociStitched	chr19	35694019	35717280	2	17399	57596.5621	174	1
4_MACS_peak_25711_lociStitched	chr9	73011306	73037758	4	16930	57517.2288	175	1
3_MACS_peak_13098_lociStitched	chr2	46761058	46804635	3	35595	57464.9899	176	1
1_MACS_peak_3689_lociStitched	chr10	112250635	112274481	1	23847	57464.0908	177	1
5_MACS_peak_15346_lociStitched	chr20	46094453	46139136	5	37800	57417.655	178	1
6_MACS_peak_8750_lociStitched	chr15	81574695	81630612	6	45599	57387.6171	179	1
4_MACS_peak_8829_lociStitched	chr15	89163653	89201682	4	32204	57317.3088	180	1
5_MACS_peak_11499_lociStitched	chr18	56594376	56644957	5	31950	57282.9825	181	1
3_MACS_peak_12999_lociStitched	chr2	39713154	39742550	3	25785	57207.5556	182	1
2_MACS_peak_24150_lociStitched	chr8	12606517	12626215	2	16705	57128.1396	183	1
4_MACS_peak_26113_lociStitched	chr9	127015586	127063611	4	44787	57101.725	184	1
5_MACS_peak_19548_lociStitched	chr4	185230734	185277477	5	30122	57068.5287	185	1
4_MACS_peak_2189_lociStitched	chr1	203705413	203746696	4	35573	57044.8494	186	1
3_MACS_peak_22619_lociStitched	chr6	157968955	158009374	3	36150	56816.9883	187	1
2_MACS_peak_9257_lociStitched	chr16	21495925	21532887	2	31995	56647.9612	188	1
4_MACS_peak_17971_lociStitched	chr3	171752266	171788612	4	30877	56478.0494	189	1
4_MACS_peak_25074_lociStitched	chr8	126587089	126623460	4	23732	56393.2355	190	1
3_MACS_peak_12077_lociStitched	chr19	18388078	18417595	3	18290	56386.3251	191	1
1_MACS_peak_17021_lociStitched	chr3	53193317	53231840	1	38524	56386.1151	192	1
1_MACS_peak_6468_lociStitched	chr12	125021488	125054894	1	33407	56342.5596	193	1
1_MACS_peak_10057_lociStitched	chr17	8052499	8068463	1	15965	56229.9972	194	1
4_MACS_peak_7692_lociStitched	chr14	74206566	74257619	4	42205	55903.035	195	1
3_MACS_peak_3936_lociStitched	chr11	7530184	7560697	3	27185	55902.8673	196	1
5_MACS_peak_21208_lociStitched	chr6	16468331	16521042	5	40077	55894.7444	197	1
3_MACS_peak_4860_lociStitched	chr11	115087149	115111329	3	18127	55763.916	198	1
4_MACS_peak_1525_lociStitched	chr1	149801928	149835128	4	22385	55573.48	199	1
2_MACS_peak_23716_lociStitched	chr7	114555226	114580672	2	25430	55510.449	200	1
3_MACS_peak_17975_lociStitched	chr3	171797621	171834782	3	33129	55440.4959	201	1
3_MACS_peak_12222_lociStitched	chr19	38521597	38553310	3	23989	55326.4998	202	1
10_MACS_peak_25974_lociStitched	chr9	112809068	112878664	10	51464	55252.2644	203	1
9_MACS_peak_13273_lociStitched	chr2	64312073	64372748	9	34895	55250.655	204	1
6_MACS_peak_3542_lociStitched	chr10	98403882	98467550	6	48954	55085.5536	205	1
6_MACS_peak_6201_lociStitched	chr12	109009866	109048243	6	32783	55028.7803	206	1
1_MACS_peak_26568_lociStitched	chrX	25018909	25042587	1	23679	54814.57	207	1
5_MACS_peak_21616_lociStitched	chr6	41669353	41704174	5	31646	54738.612	208	1
4_MACS_peak_12791_lociStitched	chr2	20384908	20428398	4	35761	54732.165	209	1
3_MACS_peak_15814_lociStitched	chr21	44828666	44861692	3	24451	54549.0442	210	1
4_MACS_peak_21567_lociStitched	chr6	36684668	36727865	4	36092	54518.9337	211	1
12_MACS_peak_26083_lociStitched	chr9	125977549	126054435	12	51756	54258.4502	212	1
1_MACS_peak_1703_lociStitched	chr1	157474054	157499443	1	25390	54175.0482	213	1
3_MACS_peak_5531_lociStitched	chr12	48190989	48232044	3	32895	53868.2655	214	1
1_MACS_peak_6173_lociStitched	chr12	106692363	106711049	1	18687	53727.8558	215	1
4_MACS_peak_21104_lociStitched	chr6	7957993	7995141	4	27550	53567.416	216	1
8_MACS_peak_8887_lociStitched	chr15	93345999	93397773	8	33131	53477.3646	217	1
1_MACS_peak_345_lociStitched	chr1	25343860	25362784	1	18925	53475.4392	218	1
2_MACS_peak_8638_lociStitched	chr15	75062947	75093862	2	30829	53291.277	219	1
3_MACS_peak_11504_lociStitched	chr18	56656559	56684334	3	23625	53272.45	220	1
4_MACS_peak_18744_lociStitched	chr4	71512999	71556283	4	36997	53157.0804	221	1
6_MACS_peak_13165_lociStitched	chr2	54775905	54833372	6	44311	53151.2283	222	1
2_MACS_peak_3685_lociStitched	chr10	112166119	112191419	2	24780	52940.25	223	1
7_MACS_peak_11617_lociStitched	chr19	905394	956188	7	35790	52932.4274	224	1
1_MACS_peak_15604_lociStitched	chr21	26931595	26950713	1	19119	52845.9756	225	1
2_MACS_peak_11891_lociStitched	chr19	11195404	11211077	2	14608	52747.4815	226	1
6_MACS_peak_21074_lociStitched	chr6	7128921	7175096	6	38931	52634.8825	227	1
1_MACS_peak_20168_lociStitched	chr5	88168272	88187836	1	19565	52552.8168	228	1
4_MACS_peak_7805_lociStitched	chr14	89756753	89785755	4	26356	52276.105	229	1
3_MACS_peak_26940_lociStitched	chrX	106952683	106987640	3	26306	52201.2881	230	1
4_MACS_peak_16467_lociStitched	chr3	3120291	3154292	4	32195	52198.3352	231	1
1_MACS_peak_21741_lociStitched	chr6	52353797	52371568	1	17772	52186.3186	232	1
3_MACS_peak_18891_lociStitched	chr4	87854449	87885069	3	24547	52176.48	233	1
3_MACS_peak_13563_lociStitched	chr2	89038281	89070364	3	25075	52131.6667	234	1
3_MACS_peak_3680_lociStitched	chr10	112103036	112128669	3	17512	52001.6671	235	1
1_MACS_peak_1601_lociStitched	chr1	153810367	153841250	1	30884	51945.206	236	1
3_MACS_peak_2229_lociStitched	chr1	206078871	206117120	3	33263	51919.1926	237	1
5_MACS_peak_22691_lociStitched	chr6	164122092	164163865	5	40447	51740.0378	238	1
4_MACS_peak_22213_lociStitched	chr6	126100698	126142717	4	35352	51548.9092	239	1
2_MACS_peak_10994_lociStitched	chr17	75122764	75154052	2	28463	51434.3432	240	1
2_MACS_peak_2460_lociStitched	chr1	228268339	228279064	2	10334	51086.3925	241	1
4_MACS_peak_26095_lociStitched	chr9	126079178	126112941	4	29599	51015.893	242	1
2_MACS_peak_4289_lociStitched	chr11	62305261	62329332	2	22839	51008.8561	243	1
2_MACS_peak_22432_lociStitched	chr6	143158173	143180970	2	22793	50971.8123	244	1
2_MACS_peak_1733_lociStitched	chr1	159023499	159049065	2	22146	50927.472	245	1
3_MACS_peak_24280_lociStitched	chr8	28181291	28211300	3	24633	50880.2595	246	1
1_MACS_peak_20213_lociStitched	chr5	90672904	90681052	1	8149	50762.8548	247	1
1_MACS_peak_14810_lociStitched	chr2	232569627	232579975	1	10349	50753.8356	248	1
3_MACS_peak_1548_lociStitched	chr1	150579410	150603625	3	19262	50698.9455	249	1
4_MACS_peak_23457_lociStitched	chr7	90329001	90371391	4	33958	50685.723	250	1
5_MACS_peak_21970_lociStitched	chr6	90048920	90086626	5	28978	50642.9286	251	1
4_MACS_peak_6425_lociStitched	chr12	123401315	123437764	4	32867	50576.6324	252	1
7_MACS_peak_16804_lociStitched	chr3	42088660	42142032	7	41639	50447.2144	253	1
7_MACS_peak_16434_lociStitched	chr22	50728908	50785490	7	42035	50397.5874	254	1
3_MACS_peak_19983_lociStitched	chr5	66481526	66514430	3	27930	50027.2416	255	1
2_MACS_peak_4455_lociStitched	chr11	67032431	67058684	2	24360	49728.4326	256	1
2_MACS_peak_23226_lociStitched	chr7	50342578	50370965	2	25098	49563.702	257	1
2_MACS_peak_6066_lociStitched	chr12	96580793	96610663	2	28564	49294.461	258	1
3_MACS_peak_3032_lociStitched	chr10	45911982	45938428	3	25845	49067.9084	259	1
7_MACS_peak_11547_lociStitched	chr18	60944534	60989783	7	31530	48963.9429	260	1
4_MACS_peak_13302_lociStitched	chr2	64859720	64897019	4	36276	48913.9086	261	1
1_MACS_peak_20966_lociStitched	chr5	179242976	179250884	1	7909	48910.98	262	1
1_MACS_peak_20872_lociStitched	chr5	172190257	172206822	1	16566	48880.002	263	1
3_MACS_peak_23618_lociStitched	chr7	104578149	104598965	3	15213	48842.6624	264	1
4_MACS_peak_9615_lociStitched	chr16	68269383	68322469	4	43502	48621.4674	265	1
6_MACS_peak_20716_lociStitched	chr5	150431261	150478978	6	33942	48552.0475	266	1
3_MACS_peak_1438_lociStitched	chr1	143942721	143972561	3	27447	48391.528	267	1
3_MACS_peak_55_lociStitched	chr1	2219467	2248237	3	21717	48186.873	268	1
7_MACS_peak_15231_lociStitched	chr20	35447534	35505957	7	36288	48128.8674	269	1
3_MACS_peak_20249_lociStitched	chr5	95646938	95681950	3	29542	48123.994	270	1
3_MACS_peak_8624_lociStitched	chr15	74665574	74698017	3	20814	48061.0602	271	1
1_MACS_peak_22841_lociStitched	chr7	7998773	8031047	1	32275	47972.0736	272	1
3_MACS_peak_2205_lociStitched	chr1	204474090	204503104	3	26679	47878.9028	273	1
2_MACS_peak_20265_lociStitched	chr5	96254814	96273762	2	14822	47739.486	274	1
1_MACS_peak_2116_lociStitched	chr1	197739487	197749205	1	9719	47689.1414	275	1
4_MACS_peak_5160_lociStitched	chr12	11897751	11937994	4	33014	47559.1774	276	1
2_MACS_peak_19657_lociStitched	chr5	6476959	6497280	2	15991	47482.0486	277	1
3_MACS_peak_738_lociStitched	chr1	51954937	51987133	3	27674	47450.4648	278	1
3_MACS_peak_16971_lociStitched	chr3	50626936	50656448	3	22881	47292.98	279	1
4_MACS_peak_1422_lociStitched	chr1	120779256	120817762	4	29880	47135.1946	280	1
6_MACS_peak_4650_lociStitched	chr11	82669714	82720544	6	37884	47083.829	281	1
6_MACS_peak_22372_lociStitched	chr6	139570095	139616868	6	29832	46988.1558	282	1
1_MACS_peak_12351_lociStitched	chr19	44255905	44290234	1	34330	46917.4443	283	1
1_MACS_peak_352_lociStitched	chr1	25869170	25895411	1	26242	46863.8019	284	1
4_MACS_peak_3877_lociStitched	chr11	1858552	1897903	4	35055	46863.1059	285	1
4_MACS_peak_14159_lociStitched	chr2	165590380	165620452	4	24410	46825.1112	286	1
3_MACS_peak_23594_lociStitched	chr7	102062686	102093400	3	25116	46786.6362	287	1
2_MACS_peak_10424_lociStitched	chr17	37908706	37938487	2	26234	46726.389	288	1
1_MACS_peak_15433_lociStitched	chr20	52194158	52214142	1	19985	46592.696	289	1
3_MACS_peak_14576_lociStitched	chr2	204442431	204466017	3	20119	46513.9506	290	1
1_MACS_peak_15514_lociStitched	chr20	61272263	61294581	1	22319	46483.9304	291	1
2_MACS_peak_22184_lociStitched	chr6	119655248	119684365	2	26695	46275.6481	292	1
4_MACS_peak_18419_lociStitched	chr4	14153774	14190660	4	30839	46251.3554	293	1
4_MACS_peak_16237_lociStitched	chr22	39825770	39870815	4	39754	46198.152	294	1
2_MACS_peak_21408_lociStitched	chr6	30577196	30595833	2	13189	46134.0298	295	1
5_MACS_peak_1704_lociStitched	chr1	157507090	157552484	5	35773	45684.5216	296	1
1_MACS_peak_10537_lociStitched	chr17	43297566	43310095	1	12530	45639.3883	297	1
2_MACS_peak_18939_lociStitched	chr4	90203584	90230560	2	25450	45627.2064	298	1
2_MACS_peak_7558_lociStitched	chr14	64318519	64338642	2	14177	45302.9099	299	1
2_MACS_peak_3353_lociStitched	chr10	81000654	81030921	2	30252	45173.4975	300	1
1_MACS_peak_18631_lociStitched	chr4	48190644	48209954	1	19311	45079.195	301	1
6_MACS_peak_5376_lociStitched	chr12	31714606	31757906	6	35260	45066.64	302	1
4_MACS_peak_275_lociStitched	chr1	22098766	22121014	4	17477	45001.0296	303	1
5_MACS_peak_13317_lociStitched	chr2	65131002	65178880	5	34169	44818.5958	304	1
2_MACS_peak_24220_lociStitched	chr8	22296322	22316000	2	17912	44684.8024	305	1
5_MACS_peak_24824_lociStitched	chr8	98633908	98671368	5	33769	44656.066	306	1
4_MACS_peak_25984_lociStitched	chr9	112885254	112928148	4	36629	44584.0236	307	1
1_MACS_peak_19746_lociStitched	chr5	32569685	32598442	1	28758	44576.2257	308	1
7_MACS_peak_20425_lociStitched	chr5	118643328	118705378	7	46639	44527.08	309	1
3_MACS_peak_102_lociStitched	chr1	8467863	8501082	3	26888	44354.0088	310	1
2_MACS_peak_456_lociStitched	chr1	31213130	31239419	2	23786	44304.8517	311	1
2_MACS_peak_25260_lociStitched	chr8	145001518	145028564	2	25509	44268.8928	312	1
3_MACS_peak_16592_lociStitched	chr3	15833179	15860782	3	25412	44145.4779	313	1
2_MACS_peak_15473_lociStitched	chr20	56038379	56059807	2	19485	44139.5372	314	1
2_MACS_peak_17951_lociStitched	chr3	169754635	169778524	2	22511	43965.3156	315	1
1_MACS_peak_12738_lociStitched	chr2	11882493	11899684	1	17192	43874.8702	316	1
2_MACS_peak_4519_lociStitched	chr11	69451548	69470866	2	19150	43873.1098	317	1
3_MACS_peak_12840_lociStitched	chr2	25621811	25649558	3	21943	43646.031	318	1
2_MACS_peak_8121_lociStitched	chr15	31505816	31532624	2	21746	43563	319	1
2_MACS_peak_8682_lociStitched	chr15	76626387	76646361	2	19663	43545.3174	320	1
1_MACS_peak_21228_lociStitched	chr6	16756622	16766120	1	9499	43544.5308	321	1
3_MACS_peak_1713_lociStitched	chr1	157690097	157710562	3	17342	43520.869	322	1
4_MACS_peak_26119_lociStitched	chr9	127614464	127644346	4	19465	43451.4162	323	1
2_MACS_peak_17947_lociStitched	chr3	169646922	169673537	2	25192	42991.2095	324	1
2_MACS_peak_19384_lociStitched	chr4	153576263	153602614	2	21801	42791.3889	325	1
2_MACS_peak_7815_lociStitched	chr14	89880476	89902109	2	18126	42751.1346	326	1
4_MACS_peak_1792_lociStitched	chr1	161673953	161721371	4	29071	42671.4582	327	1
6_MACS_peak_12233_lociStitched	chr19	39137532	39187360	6	33645	42627.854	328	1
1_MACS_peak_16337_lociStitched	chr22	43647935	43671218	1	23284	42617.2032	329	1
5_MACS_peak_21176_lociStitched	chr6	15232178	15267973	5	26076	42578.1525	330	1
4_MACS_peak_26688_lociStitched	chrX	48767485	48804861	4	33974	42545.1008	331	1
2_MACS_peak_2387_lociStitched	chr1	223898089	223928364	2	26018	42524.265	332	1
4_MACS_peak_6019_lociStitched	chr12	94540221	94573683	4	29107	42389.6616	333	1
3_MACS_peak_3811_lociStitched	chr10	134207933	134238576	3	19424	42247.5041	334	1
1_MACS_peak_12413_lociStitched	chr19	47608776	47618507	1	9732	42207.2394	335	1
1_MACS_peak_1943_lociStitched	chr1	178541013	178555683	1	14671	42196.788	336	1
4_MACS_peak_9837_lociStitched	chr16	88699100	88735510	4	23157	42144.575	337	1
3_MACS_peak_23173_lociStitched	chr7	45015087	45048896	3	26768	42109.1095	338	1
3_MACS_peak_3837_lociStitched	chr11	266661	290605	3	13902	42067.2136	339	1
6_MACS_peak_15304_lociStitched	chr20	43587504	43627758	6	30681	42065.43	340	1
1_MACS_peak_15340_lociStitched	chr20	45973510	45990986	1	17477	41993.0804	341	1
1_MACS_peak_2674_lociStitched	chr10	3822452	3829636	1	7185	41989.7616	342	1
5_MACS_peak_1768_lociStitched	chr1	161122459	161161327	5	30157	41623.7412	343	1
1_MACS_peak_16850_lociStitched	chr3	45632363	45661024	1	28662	41435.2077	344	1
4_MACS_peak_3840_lociStitched	chr11	306721	334137	4	23433	41398.16	345	1
1_MACS_peak_1441_lociStitched	chr1	143990784	144016036	1	25253	41360.2508	346	1
5_MACS_peak_17957_lociStitched	chr3	169861047	169900453	5	31164	41344.7752	347	1
3_MACS_peak_22671_lociStitched	chr6	160388852	160412422	3	21778	41301.711	348	1
2_MACS_peak_1717_lociStitched	chr1	157730392	157754550	2	23018	41240.1218	349	1
2_MACS_peak_10977_lociStitched	chr17	74472233	74499099	2	26304	41067.3676	350	1
1_MACS_peak_25086_lociStitched	chr8	128217688	128230270	1	12583	41065.1316	351	1
4_MACS_peak_13358_lociStitched	chr2	68988700	69025073	4	30013	40996.0083	352	1
3_MACS_peak_7410_lociStitched	chr14	50083895	50109800	3	16172	40963.5765	353	1
4_MACS_peak_4367_lociStitched	chr11	64877465	64904422	4	19058	40918.0303	354	1
4_MACS_peak_314_lociStitched	chr1	24502894	24532116	4	22103	40910.8	355	1
4_MACS_peak_1624_lociStitched	chr1	154800839	154836382	4	33238	40892.2215	356	1
5_MACS_peak_13588_lociStitched	chr2	96889463	96933735	5	29201	40809.9296	357	1
2_MACS_peak_3271_lociStitched	chr10	74075496	74097841	2	19168	40797.501	358	1
3_MACS_peak_4657_lociStitched	chr11	82763055	82791735	3	23685	40671.108	359	1
1_MACS_peak_23703_lociStitched	chr7	113722038	113729475	1	7438	40653.6168	360	1
3_MACS_peak_5345_lociStitched	chr12	29300156	29324907	3	17444	40584.2147	361	1
4_MACS_peak_16157_lociStitched	chr22	36745863	36785487	4	36475	40571.0136	362	1
3_MACS_peak_13927_lociStitched	chr2	137132701	137153691	3	16427	40510.7	363	1
3_MACS_peak_25423_lociStitched	chr9	20352425	20386752	3	31846	40468.1003	364	1
4_MACS_peak_12580_lociStitched	chr19	56145084	56171073	4	19383	40394.7027	365	1
6_MACS_peak_16445_lociStitched	chr22	50962574	50988407	6	22258	40358.8959	366	1
2_MACS_peak_13937_lociStitched	chr2	141764561	141788899	2	19702	40208.8098	367	1
2_MACS_peak_21666_lociStitched	chr6	43669073	43694511	2	20954	40141.164	368	1
2_MACS_peak_9517_lociStitched	chr16	56962940	56986356	2	23100	40062.4344	369	1
2_MACS_peak_13829_lociStitched	chr2	127412177	127435611	2	21077	40036.989	370	1
1_MACS_peak_5445_lociStitched	chr12	40614436	40628538	1	14103	39943.915	371	1
4_MACS_peak_11418_lociStitched	chr18	46443061	46481331	4	35442	39927.091	372	1
1_MACS_peak_9807_lociStitched	chr16	85778539	85794179	1	15641	39889.82	373	1
1_MACS_peak_4825_lociStitched	chr11	111278825	111295261	1	16437	39860.5872	374	1
5_MACS_peak_11102_lociStitched	chr17	80391075	80424172	5	22514	39809.0716	375	1
3_MACS_peak_19631_lociStitched	chr5	1311593	1346658	3	26287	39791.762	376	1
4_MACS_peak_793_lociStitched	chr1	54819209	54852248	4	27674	39785.5638	377	1
3_MACS_peak_17978_lociStitched	chr3	171843600	171879205	3	35055	39760.1035	378	1
2_MACS_peak_20568_lociStitched	chr5	133966774	133987305	2	20056	39692.5823	379	1
4_MACS_peak_21424_lociStitched	chr6	31152139	31173571	4	15058	39677.0616	380	1
4_MACS_peak_18038_lociStitched	chr3	176898479	176921334	4	19016	39664.8525	381	1
3_MACS_peak_11950_lociStitched	chr19	13260026	13285377	3	22998	39659.1044	382	1
4_MACS_peak_2748_lociStitched	chr10	11186451	11223484	4	31005	39632.7166	383	1
2_MACS_peak_16429_lociStitched	chr22	50622996	50641206	2	15295	39342.705	384	1
4_MACS_peak_24890_lociStitched	chr8	103805874	103844736	4	25104	39336.1164	385	1
4_MACS_peak_1596_lociStitched	chr1	153746813	153781047	4	19510	39331.4426	386	1
1_MACS_peak_2609_lociStitched	chr1	245131718	245136202	1	4485	39249.3488	387	1
1_MACS_peak_24374_lociStitched	chr8	38235844	38245354	1	9511	39223.995	388	1
3_MACS_peak_24203_lociStitched	chr8	19551540	19578433	3	21909	39172.3438	389	1
4_MACS_peak_18532_lociStitched	chr4	37968667	38002458	4	26948	39160.3899	390	1
1_MACS_peak_23841_lociStitched	chr7	129586062	129593732	1	7671	39062.543	391	1
2_MACS_peak_25948_lociStitched	chr9	108003370	108028434	2	23934	38997.0776	392	1
1_MACS_peak_1944_lociStitched	chr1	178566808	178579848	1	13041	38958.304	393	1
1_MACS_peak_5979_lociStitched	chr12	92852876	92868278	1	15403	38905.452	394	1
1_MACS_peak_10313_lociStitched	chr17	29633442	29651332	1	17891	38905.383	395	1
3_MACS_peak_22590_lociStitched	chr6	157164556	157193160	3	26378	38827.0696	396	1
8_MACS_peak_13879_lociStitched	chr2	135002762	135053137	8	39260	38723.2625	397	1
3_MACS_peak_203_lociStitched	chr1	16155407	16181147	3	20114	38700.09	398	1
2_MACS_peak_9966_lociStitched	chr17	3807235	3834327	2	20855	38692.7944	399	1
4_MACS_peak_8897_lociStitched	chr15	93442239	93471413	4	24222	38658.4674	400	1
1_MACS_peak_6851_lociStitched	chr13	49548445	49557742	1	9298	38618.8083	401	1
3_MACS_peak_14067_lociStitched	chr2	157187866	157208383	3	11752	38578.1151	402	1
1_MACS_peak_16776_lociStitched	chr3	39186908	39196685	1	9778	38470.5396	403	1
3_MACS_peak_4488_lociStitched	chr11	68024374	68050664	3	19185	38467.528	404	1
6_MACS_peak_15478_lociStitched	chr20	56241931	56292897	6	33097	38443.6538	405	1
4_MACS_peak_15706_lociStitched	chr21	36234429	36263439	4	25814	38426.646	406	1
3_MACS_peak_10818_lociStitched	chr17	62959752	62986657	3	16430	38385.3635	407	1
1_MACS_peak_4060_lociStitched	chr11	22676508	22703894	1	27387	38337.6614	408	1
4_MACS_peak_13289_lociStitched	chr2	64485835	64518785	4	23860	38284.605	409	1
2_MACS_peak_5417_lociStitched	chr12	32684939	32723386	2	37492	38227.8521	410	1
4_MACS_peak_13354_lociStitched	chr2	68940736	68980414	4	30685	38201.9784	411	1
1_MACS_peak_18250_lociStitched	chr3	195619565	195637868	1	18304	38187.3792	412	1
3_MACS_peak_6837_lociStitched	chr13	49048963	49085531	3	30794	38155.0512	413	1
1_MACS_peak_16382_lociStitched	chr22	46971646	46991327	1	19682	38021.7239	414	1
1_MACS_peak_6171_lociStitched	chr12	106636098	106648848	1	12751	38001.375	415	1
4_MACS_peak_26027_lociStitched	chr9	117124948	117161623	4	35672	37921.95	416	1
4_MACS_peak_25808_lociStitched	chr9	92018516	92064207	4	36703	37864.1317	417	1
5_MACS_peak_25301_lociStitched	chr8	146095035	146129400	5	16785	37828.992	418	1
3_MACS_peak_25591_lociStitched	chr9	37177050	37213682	3	29326	37818.8768	419	1
1_MACS_peak_11813_lociStitched	chr19	7396917	7419539	1	22623	37627.1726	420	1
3_MACS_peak_5983_lociStitched	chr12	92930973	92966108	3	27969	37590.9365	421	1
5_MACS_peak_19405_lociStitched	chr4	156576546	156614988	5	24450	37553.9898	422	1
8_MACS_peak_24195_lociStitched	chr8	19485708	19542513	8	36356	37542.4245	423	1
4_MACS_peak_13014_lociStitched	chr2	40339495	40372784	4	27412	37450.125	424	1
1_MACS_peak_8805_lociStitched	chr15	85943554	85962730	1	19177	37385.5296	425	1
1_MACS_peak_16212_lociStitched	chr22	38897493	38904217	1	6725	37361.2336	426	1
1_MACS_peak_3743_lociStitched	chr10	121060402	121079589	1	19188	37305.2841	427	1
1_MACS_peak_9526_lociStitched	chr16	57070574	57085161	1	14588	37275.6198	428	1
7_MACS_peak_12283_lociStitched	chr19	40908903	40951732	7	24410	37269.7958	429	1
2_MACS_peak_1711_lociStitched	chr1	157658966	157681282	2	22233	37142.7504	430	1
2_MACS_peak_18264_lociStitched	chr3	196356181	196373925	2	15275	37042.3744	431	1
2_MACS_peak_15403_lociStitched	chr20	50014383	50035432	2	20992	36997.8273	432	1
4_MACS_peak_14871_lociStitched	chr2	241490262	241527868	4	22962	36955.4162	433	1
3_MACS_peak_18762_lociStitched	chr4	74453410	74487367	3	26343	36928.2375	434	1
1_MACS_peak_22576_lociStitched	chr6	156709405	156722747	1	13343	36911.9772	435	1
2_MACS_peak_1420_lociStitched	chr1	120747762	120770721	2	20034	36693.0738	436	1
3_MACS_peak_8162_lociStitched	chr15	34609485	34636069	3	18916	36582.2424	437	1
6_MACS_peak_7627_lociStitched	chr14	70077057	70122073	6	35287	36575.5	438	1
1_MACS_peak_1880_lociStitched	chr1	172782688	172797742	1	15055	36534.5526	439	1
2_MACS_peak_20176_lociStitched	chr5	88561689	88580516	2	18813	36482.9606	440	1
3_MACS_peak_18588_lociStitched	chr4	40300462	40328385	3	20362	36442.3073	441	1
2_MACS_peak_20898_lociStitched	chr5	173201938	173226663	2	21516	36335.86	442	1
3_MACS_peak_22683_lociStitched	chr6	163825694	163849354	3	15366	36303.904	443	1
5_MACS_peak_12685_lociStitched	chr2	8650362	8694227	5	29514	36293.901	444	1
4_MACS_peak_12448_lociStitched	chr19	49119809	49153971	4	21179	36242.4658	445	1
1_MACS_peak_15207_lociStitched	chr20	34187481	34208774	1	21294	36206.6172	446	1
1_MACS_peak_12701_lociStitched	chr2	9681122	9697735	1	16614	36113.3394	447	1
1_MACS_peak_15210_lociStitched	chr20	34327180	34333708	1	6529	36107.0208	448	1
1_MACS_peak_15688_lociStitched	chr21	35317889	35324650	1	6762	36067.9067	449	1
3_MACS_peak_14468_lociStitched	chr2	197013598	197049061	3	29252	36048.1395	450	1
2_MACS_peak_12595_lociStitched	chr19	57778574	57797261	2	14718	36024.7986	451	1
1_MACS_peak_863_lociStitched	chr1	65417118	65435247	1	18130	35987.8779	452	1
5_MACS_peak_26244_lociStitched	chr9	134578868	134616665	5	29585	35986.5237	453	1
5_MACS_peak_2771_lociStitched	chr10	11635955	11679654	5	31311	35977.3867	454	1
6_MACS_peak_13539_lociStitched	chr2	87891792	87946408	6	34374	35959.1744	455	1
2_MACS_peak_14324_lociStitched	chr2	182319500	182339370	2	19487	35932.908	456	1
3_MACS_peak_21467_lociStitched	chr6	32142821	32165486	3	18405	35797.101	457	1
2_MACS_peak_11969_lociStitched	chr19	14110186	14130769	2	15533	35789.7204	458	1
4_MACS_peak_9272_lociStitched	chr16	22194645	22220376	4	21983	35789.2479	459	1
3_MACS_peak_11656_lociStitched	chr19	1644177	1672952	3	22170	35781.7125	460	1
1_MACS_peak_14059_lociStitched	chr2	155995652	156012246	1	16595	35718.585	461	1
3_MACS_peak_20900_lociStitched	chr5	173237539	173261200	3	21992	35687.8863	462	1
4_MACS_peak_22572_lociStitched	chr6	156589220	156621464	4	20617	35665.0884	463	1
3_MACS_peak_12994_lociStitched	chr2	39651209	39668261	3	14553	35664.258	464	1
5_MACS_peak_14820_lociStitched	chr2	233923085	233966308	5	31697	35633.0412	465	1
4_MACS_peak_16280_lociStitched	chr22	41796559	41823058	4	19058	35577.5574	466	1
1_MACS_peak_15590_lociStitched	chr21	19151515	19170520	1	19006	35575.4595	467	1
1_MACS_peak_21965_lociStitched	chr6	89788301	89793891	1	5591	35390.29	468	1
2_MACS_peak_15802_lociStitched	chr21	44577657	44599599	2	20127	35383.6692	469	1
5_MACS_peak_6137_lociStitched	chr12	104866096	104903365	5	24737	35293.743	470	1
2_MACS_peak_10812_lociStitched	chr17	62492157	62504534	2	7384	35265.7861	471	1
1_MACS_peak_19383_lociStitched	chr4	153551984	153568647	1	16664	35257.2417	472	1
1_MACS_peak_6118_lociStitched	chr12	102869386	102882548	1	13163	35226.7768	473	1
1_MACS_peak_12807_lociStitched	chr2	20773375	20783603	1	10229	35215.004	474	1
2_MACS_peak_16292_lociStitched	chr22	42138352	42159784	2	19522	35174.1984	475	1
3_MACS_peak_25587_lociStitched	chr9	37119075	37149498	3	22123	35135.5227	476	1
7_MACS_peak_7191_lociStitched	chr13	114862023	114915811	7	34765	35075.1548	477	1
3_MACS_peak_18608_lociStitched	chr4	42628679	42661054	3	21326	35062.125	478	1
2_MACS_peak_10949_lociStitched	chr17	73772523	73784019	2	11079	35040.9576	479	1
2_MACS_peak_22136_lociStitched	chr6	113945916	113975530	2	25824	35033.362	480	1
3_MACS_peak_21450_lociStitched	chr6	31742329	31765201	3	21929	35033.0424	481	1
3_MACS_peak_23770_lociStitched	chr7	121006445	121039461	3	26318	34967.2456	482	1
2_MACS_peak_16365_lociStitched	chr22	46163536	46183610	2	16716	34904.6712	483	1
3_MACS_peak_11801_lociStitched	chr19	7173882	7201823	3	23043	34859.1916	484	1
2_MACS_peak_2267_lociStitched	chr1	208036313	208059124	2	18492	34825.5537	485	1
4_MACS_peak_17829_lociStitched	chr3	150454783	150486171	4	25884	34777.904	486	1
2_MACS_peak_15981_lociStitched	chr22	23475545	23502615	2	23856	34663.135	487	1
3_MACS_peak_14086_lociStitched	chr2	158321835	158346479	3	12540	34639.6064	488	1
2_MACS_peak_23408_lociStitched	chr7	78105092	78128802	2	21782	34614.229	489	1
1_MACS_peak_14533_lociStitched	chr2	201725789	201730810	1	5022	34589.669	490	1
2_MACS_peak_23858_lociStitched	chr7	130782454	130798390	2	14953	34533.312	491	1
1_MACS_peak_16525_lociStitched	chr3	10229044	10243325	1	14282	34494.3274	492	1
2_MACS_peak_22385_lociStitched	chr6	139683241	139698916	2	13697	34455.2175	493	1
3_MACS_peak_10991_lociStitched	chr17	75083519	75114051	3	26949	34440.096	494	1
1_MACS_peak_8400_lociStitched	chr15	56655819	56667859	1	12041	34381.424	495	1
6_MACS_peak_15419_lociStitched	chr20	51615256	51659198	6	25020	34296.731	496	1
4_MACS_peak_10628_lociStitched	chr17	47813448	47842445	4	24292	34271.5543	497	1
1_MACS_peak_768_lociStitched	chr1	53093449	53108751	1	15303	34256.5874	498	1
2_MACS_peak_15265_lociStitched	chr20	37486192	37513162	2	23155	34230.324	499	1
2_MACS_peak_5977_lociStitched	chr12	92823982	92843365	2	16035	34220.6865	500	1
4_MACS_peak_6971_lociStitched	chr13	72431329	72454308	4	19934	34211.1352	501	1
5_MACS_peak_16241_lociStitched	chr22	39896906	39929580	5	25303	34065.9124	502	1
5_MACS_peak_12241_lociStitched	chr19	39338155	39371319	5	18892	34036.2132	503	1
2_MACS_peak_7742_lociStitched	chr14	77487778	77511477	2	22158	34003.3252	504	1
5_MACS_peak_15121_lociStitched	chr20	30261390	30312312	5	33050	33939.513	505	1
4_MACS_peak_22829_lociStitched	chr7	7799082	7831301	4	22759	33907.2756	506	1
2_MACS_peak_2342_lociStitched	chr1	219345805	219364169	2	12348	33877.9072	507	1
2_MACS_peak_1885_lociStitched	chr1	172976276	172992240	2	12106	33802.1736	508	1
2_MACS_peak_4911_lociStitched	chr11	118655248	118664803	2	8460	33789.3465	509	1
1_MACS_peak_9148_lociStitched	chr16	11663989	11682429	1	18441	33697.256	510	1
6_MACS_peak_23415_lociStitched	chr7	81397152	81444333	6	32068	33668.3616	511	1
3_MACS_peak_15436_lociStitched	chr20	52257598	52280342	3	16253	33620.1808	512	1
2_MACS_peak_8123_lociStitched	chr15	31546240	31564141	2	17028	33589.4364	513	1
1_MACS_peak_818_lociStitched	chr1	59246356	59252347	1	5992	33498.0774	514	1
6_MACS_peak_11110_lociStitched	chr17	80475942	80513792	6	31142	33478.325	515	1
2_MACS_peak_12324_lociStitched	chr19	42614153	42638256	2	22978	33438.0919	516	1
2_MACS_peak_12330_lociStitched	chr19	42771182	42791643	2	15012	33359.6144	517	1
4_MACS_peak_17335_lociStitched	chr3	101495548	101531753	4	28154	33341.1845	518	1
5_MACS_peak_15782_lociStitched	chr21	43638335	43671207	5	22068	33335.4952	519	1
2_MACS_peak_11075_lociStitched	chr17	79816288	79831173	2	9064	33294.768	520	1
3_MACS_peak_14052_lociStitched	chr2	155808335	155836990	3	21274	33294.2445	521	1
7_MACS_peak_8908_lociStitched	chr15	94798269	94858259	7	30664	33288.451	522	1
3_MACS_peak_10429_lociStitched	chr17	37996132	38025651	3	22320	33267.913	523	1
1_MACS_peak_2606_lociStitched	chr1	245021796	245029643	1	7848	33206.9346	524	1
4_MACS_peak_21310_lociStitched	chr6	26183295	26207320	4	15412	33200.1475	525	1
2_MACS_peak_14981_lociStitched	chr20	5568601	5593175	2	21343	33152.7834	526	1
4_MACS_peak_13671_lociStitched	chr2	109203017	109239656	4	25543	33125.3199	527	1
2_MACS_peak_2331_lociStitched	chr1	218517110	218533540	2	14819	33080.162	528	1
2_MACS_peak_12438_lociStitched	chr19	48823258	48838410	2	14805	33019.2384	529	1
2_MACS_peak_9680_lociStitched	chr16	71913516	71931705	2	11982	32996.6649	530	1
1_MACS_peak_22045_lociStitched	chr6	106606784	106619843	1	13060	32964.8337	531	1
3_MACS_peak_9536_lociStitched	chr16	57555907	57585109	3	24468	32872.6914	532	1
5_MACS_peak_9653_lociStitched	chr16	70433352	70474336	5	29934	32848.676	533	1
5_MACS_peak_1458_lociStitched	chr1	145127367	145161189	5	20972	32793.8112	534	1
3_MACS_peak_22525_lociStitched	chr6	152001477	152028222	3	15197	32786.6955	535	1
2_MACS_peak_583_lociStitched	chr1	40235509	40255904	2	16168	32774.765	536	1
5_MACS_peak_14216_lociStitched	chr2	172172676	172205308	5	23072	32762.528	537	1
1_MACS_peak_8501_lociStitched	chr15	65182380	65192299	1	9920	32686.0807	538	1
2_MACS_peak_8087_lociStitched	chr15	23658152	23684766	2	23604	32655.378	539	1
3_MACS_peak_14256_lociStitched	chr2	175443255	175479229	3	29915	32581.6518	540	1
1_MACS_peak_19651_lociStitched	chr5	5749554	5758133	1	8580	32569.3156	541	1
2_MACS_peak_18796_lociStitched	chr4	77115186	77138396	2	20004	32531.136	542	1
1_MACS_peak_1731_lociStitched	chr1	158977915	158989407	1	11493	32521.2108	543	1
4_MACS_peak_1751_lociStitched	chr1	160694752	160727258	4	25942	32483.2458	544	1
5_MACS_peak_21558_lociStitched	chr6	36558731	36598811	5	25802	32416.704	545	1
4_MACS_peak_3464_lociStitched	chr10	92948880	92983140	4	24218	32379.126	546	1
2_MACS_peak_17556_lociStitched	chr3	119811076	119823510	2	7632	32310.9924	547	1
4_MACS_peak_27174_lociStitched	chrX	153595737	153629422	4	17278	32283.704	548	1
3_MACS_peak_21353_lociStitched	chr6	27790993	27808318	3	10824	32276.475	549	1
6_MACS_peak_27280_lociStitched	chrY	23387518	23423595	6	32499	32202.3302	550	1
3_MACS_peak_14492_lociStitched	chr2	198151620	198177307	3	21701	32198.6545	551	1
2_MACS_peak_12489_lociStitched	chr19	50369103	50382652	2	10138	32195.1338	552	1
1_MACS_peak_25582_lociStitched	chr9	37021071	37039253	1	18183	32174.8672	553	1
1_MACS_peak_8896_lociStitched	chr15	93423358	93430089	1	6732	32162.0642	554	1
1_MACS_peak_877_lociStitched	chr1	66735660	66751256	1	15597	32154.2732	555	1
3_MACS_peak_4500_lociStitched	chr11	68592071	68612730	3	19912	32114.4155	556	1
5_MACS_peak_6988_lociStitched	chr13	74516414	74548670	5	24107	32088.2688	557	1
3_MACS_peak_10540_lociStitched	chr17	43366771	43396182	3	26078	32055.0489	558	1
2_MACS_peak_8634_lociStitched	chr15	74905959	74925180	2	15505	32024.1081	559	1
1_MACS_peak_10702_lociStitched	chr17	55427608	55448719	1	21112	32021.1648	560	1
3_MACS_peak_416_lociStitched	chr1	28194977	28220526	3	21478	31941.3598	561	1
1_MACS_peak_19616_lociStitched	chr5	9671	12129	1	2459	31915.6552	562	1
2_MACS_peak_7769_lociStitched	chr14	81930546	81958180	2	26285	31881.3458	563	1
3_MACS_peak_25059_lociStitched	chr8	126284860	126309169	3	22391	31864.2372	564	1
2_MACS_peak_3626_lociStitched	chr10	104401225	104421939	2	14703	31849.8464	565	1
4_MACS_peak_23506_lociStitched	chr7	97828579	97853588	4	18636	31846.4606	566	1
3_MACS_peak_2430_lociStitched	chr1	226410162	226440020	3	21626	31840.5712	567	1
2_MACS_peak_26111_lociStitched	chr9	126958833	126985116	2	22852	31831.3413	568	1
4_MACS_peak_20777_lociStitched	chr5	156996852	157030899	4	21832	31799.898	569	1
1_MACS_peak_2019_lociStitched	chr1	185123818	185130328	1	6511	31692.633	570	1
3_MACS_peak_21477_lociStitched	chr6	32804684	32824297	3	15018	31686.7628	571	1
1_MACS_peak_22340_lociStitched	chr6	136608142	136612782	1	4641	31672.64	572	1
1_MACS_peak_12304_lociStitched	chr19	41800043	41817750	1	17708	31661.8867	573	1
2_MACS_peak_4958_lociStitched	chr11	122929270	122944068	2	13256	31627.7654	574	1
2_MACS_peak_11493_lociStitched	chr18	56527815	56539903	2	9221	31507.372	575	1
1_MACS_peak_7573_lociStitched	chr14	64965822	64976100	1	10279	31507.209	576	1
4_MACS_peak_7187_lociStitched	chr13	114807792	114837997	4	22766	31482.6715	577	1
3_MACS_peak_13715_lociStitched	chr2	111872531	111894208	3	16372	31472.8363	578	1
1_MACS_peak_1529_lociStitched	chr1	149855271	149861487	1	6217	31417.5288	579	1
3_MACS_peak_20355_lociStitched	chr5	109023526	109041316	3	17351	31401.129	580	1
1_MACS_peak_8386_lociStitched	chr15	52964460	52977605	1	13146	31375.8005	581	1
1_MACS_peak_4377_lociStitched	chr11	65143297	65158364	1	15068	31372.5074	582	1
2_MACS_peak_23550_lociStitched	chr7	100025396	100035427	2	7329	31344.8688	583	1
5_MACS_peak_5411_lociStitched	chr12	32608057	32648689	5	27832	31306.956	584	1
4_MACS_peak_10204_lociStitched	chr17	20934323	20966968	4	21950	31267.381	585	1
2_MACS_peak_26228_lociStitched	chr9	134126443	134153816	2	26751	31257.2287	586	1
3_MACS_peak_20165_lociStitched	chr5	88099984	88135208	3	30036	31250.7328	587	1
1_MACS_peak_5497_lociStitched	chr12	46118978	46128228	1	9251	31151.225	588	1
2_MACS_peak_9873_lociStitched	chr16	89540661	89559041	2	16128	31144.91	589	1
3_MACS_peak_10213_lociStitched	chr17	21178178	21200721	3	15008	31131.883	590	1
2_MACS_peak_16847_lociStitched	chr3	45591197	45615504	2	20672	31120.2521	591	1
5_MACS_peak_7898_lociStitched	chr14	95696403	95734122	5	28026	31103.0874	592	1
3_MACS_peak_13596_lociStitched	chr2	97191592	97206455	3	12529	31077.0467	593	1
5_MACS_peak_18715_lociStitched	chr4	68409049	68448019	5	29220	31043.502	594	1
3_MACS_peak_1921_lociStitched	chr1	175137558	175163371	3	25229	30983.3439	595	1
4_MACS_peak_21453_lociStitched	chr6	31773202	31806591	4	24068	30941.5863	596	1
1_MACS_peak_9516_lociStitched	chr16	56943168	56956120	1	12953	30929.376	597	1
3_MACS_peak_8033_lociStitched	chr14	105939821	105959154	3	17424	30925.0668	598	1
2_MACS_peak_20996_lociStitched	chr6	381057	405674	2	19812	30896.7967	599	1
3_MACS_peak_903_lociStitched	chr1	68198842	68226971	3	24496	30891.2678	600	1
4_MACS_peak_17902_lociStitched	chr3	156794606	156826474	4	23675	30835.4768	601	1
1_MACS_peak_24989_lociStitched	chr8	120915205	120935184	1	19980	30801.6243	602	1
2_MACS_peak_23784_lociStitched	chr7	122519494	122542667	2	17700	30789.9651	603	1
4_MACS_peak_10373_lociStitched	chr17	34408294	34432308	4	14267	30778.7438	604	1
3_MACS_peak_17582_lociStitched	chr3	121773018	121800555	3	19333	30775.3512	605	1
2_MACS_peak_21526_lociStitched	chr6	35264147	35280756	2	15465	30749.9026	606	1
4_MACS_peak_12315_lociStitched	chr19	42363041	42393033	4	25424	30723.8048	607	1
1_MACS_peak_13936_lociStitched	chr2	141709955	141722186	1	12232	30707.1486	608	1
1_MACS_peak_27041_lociStitched	chrX	128901643	128923874	1	22232	30627.6487	609	1
2_MACS_peak_3159_lociStitched	chr10	63745022	63765281	2	17097	30605.2713	610	1
2_MACS_peak_22625_lociStitched	chr6	158180762	158195862	2	13419	30583.54	611	1
3_MACS_peak_15099_lociStitched	chr20	25012451	25040834	3	23371	30568.491	612	1
2_MACS_peak_1963_lociStitched	chr1	179845486	179854733	2	7275	30540.0669	613	1
4_MACS_peak_24381_lociStitched	chr8	38792389	38822117	4	24122	30471.2	614	1
3_MACS_peak_20434_lociStitched	chr5	119419479	119446018	3	24133	30355.3082	615	1
1_MACS_peak_25924_lociStitched	chr9	101982267	101987965	1	5699	30344.1292	616	1
3_MACS_peak_19997_lociStitched	chr5	67663664	67693198	3	20359	30316.651	617	1
3_MACS_peak_8790_lociStitched	chr15	85276558	85308337	3	21346	30301.2765	618	1
2_MACS_peak_17518_lociStitched	chr3	114854491	114868207	2	12952	30287.6712	619	1
1_MACS_peak_6107_lociStitched	chr12	102322665	102336857	1	14193	30237.4752	620	1
4_MACS_peak_20178_lociStitched	chr5	88588576	88612043	4	16071	30218.4559	621	1
2_MACS_peak_5215_lociStitched	chr12	14919631	14929416	2	9217	30204.338	622	1
2_MACS_peak_2910_lociStitched	chr10	23726520	23739784	2	9797	30176.9264	623	1
2_MACS_peak_21872_lociStitched	chr6	74223619	74234926	2	10617	30143.3313	624	1
3_MACS_peak_9016_lociStitched	chr16	1754657	1774203	3	16550	30128.2044	625	1
3_MACS_peak_19576_lociStitched	chr4	185724857	185748732	3	18080	30103.9875	626	1
2_MACS_peak_17433_lociStitched	chr3	111831334	111859434	2	27462	30024.85	627	1
1_MACS_peak_2427_lociStitched	chr1	226307926	226323037	1	15112	30022.5348	628	1
3_MACS_peak_10258_lociStitched	chr17	27251637	27280391	3	22093	29984.6712	629	1
3_MACS_peak_2127_lociStitched	chr1	198885343	198907895	3	19225	29967.0976	630	1
2_MACS_peak_1917_lociStitched	chr1	174957879	174971092	2	8133	29947.2645	631	1
3_MACS_peak_15088_lociStitched	chr20	23329071	23348401	3	15145	29917.041	632	1
1_MACS_peak_22816_lociStitched	chr7	7285946	7300760	1	14815	29909.466	633	1
3_MACS_peak_21205_lociStitched	chr6	16408604	16434767	3	22054	29899.0764	634	1
1_MACS_peak_19908_lociStitched	chr5	56466549	56477159	1	10611	29879.882	635	1
1_MACS_peak_8369_lociStitched	chr15	52508515	52530776	1	22262	29852.001	636	1
2_MACS_peak_5965_lociStitched	chr12	92526777	92541578	2	14549	29847.6966	637	1
3_MACS_peak_8947_lociStitched	chr15	101457229	101490637	3	28826	29823.3216	638	1
5_MACS_peak_19726_lociStitched	chr5	32153686	32183574	5	16184	29753.504	639	1
4_MACS_peak_13703_lociStitched	chr2	111609303	111636486	4	23982	29732.7654	640	1
5_MACS_peak_632_lociStitched	chr1	43388985	43426073	5	24660	29692.6528	641	1
1_MACS_peak_14607_lociStitched	chr2	206947527	206952882	1	5356	29688.12	642	1
2_MACS_peak_22530_lociStitched	chr6	152069743	152087146	2	15648	29656.4523	643	1
2_MACS_peak_25219_lociStitched	chr8	142122997	142143934	2	17349	29594.4495	644	1
1_MACS_peak_7621_lociStitched	chr14	69258007	69264466	1	6460	29586.0954	645	1
2_MACS_peak_7891_lociStitched	chr14	94420724	94446456	2	24548	29573.7876	646	1
1_MACS_peak_15754_lociStitched	chr21	38736926	38744067	1	7142	29503.0415	647	1
2_MACS_peak_16802_lociStitched	chr3	42052819	42069371	2	10609	29480.7672	648	1
2_MACS_peak_13018_lociStitched	chr2	40384250	40397416	2	12460	29451.0254	649	1
4_MACS_peak_20773_lociStitched	chr5	156954078	156983623	4	24628	29429.7745	650	1
5_MACS_peak_20158_lociStitched	chr5	88023919	88059428	5	26392	29419.2065	651	1
1_MACS_peak_5184_lociStitched	chr12	12712928	12717283	1	4356	29394.9435	652	1
1_MACS_peak_15290_lociStitched	chr20	42306470	42314534	1	8065	29377.9584	653	1
