#MM3 Enhancers
#Created from /data/projects/IRF4_mm_trn_data/myeloma_public_data/rose/MM3.H3K27ac_ROSE/MM3_6KB_STITCHED_ENHANCER_REGION_MAP.txt
#Ranked by MM3.jin.bam
#Using cutoff of 29316.9957 for Super-Enhancers
#Created on Jul 16 2024 
REGION_ID	CHROM	START	STOP	NUM_LOCI	CONSTITUENT_SIZE	MM3.jin.bam	enhancerRank	isStretch
12_MACS_peak_11370_lociStitched	chr18	42257975	42434398	12	160156	236195.1124	1	1
5_MACS_peak_15975_lociStitched	chr22	23189073	23297240	5	102626	318519.3649	2	1
5_MACS_peak_19374_lociStitched	chr4	153367161	153486131	5	102076	132746.726	3	1
6_MACS_peak_9765_lociStitched	chr16	81803290	81910028	6	100806	180397.8938	4	1
6_MACS_peak_13532_lociStitched	chr2	87741030	87850456	6	100525	362911.329	5	1
12_MACS_peak_21276_lociStitched	chr6	25291563	25420931	12	100064	140325.4696	6	1
9_MACS_peak_19553_lociStitched	chr4	185296438	185404021	9	98373	170691.1878	7	1
4_MACS_peak_7856_lociStitched	chr14	91780987	91886549	4	97241	200990.048	8	1
12_MACS_peak_20231_lociStitched	chr5	95168802	95299381	12	96680	165299.9561	9	1
4_MACS_peak_1392_lociStitched	chr1	118135662	118238613	4	95053	239258.124	10	1
5_MACS_peak_13733_lociStitched	chr2	112157460	112266186	5	92518	268183.5516	11	1
3_MACS_peak_20536_lociStitched	chr5	131741134	131837789	3	91698	177535.904	12	1
5_MACS_peak_18173_lociStitched	chr3	186692388	186795711	5	91544	234780.8529	13	1
10_MACS_peak_23187_lociStitched	chr7	47511061	47630244	10	89588	121042.2548	14	1
6_MACS_peak_24266_lociStitched	chr8	27181299	27282468	6	83837	102342.5604	15	1
9_MACS_peak_11700_lociStitched	chr19	2606480	2712819	9	83012	143791.5958	16	1
7_MACS_peak_24689_lociStitched	chr8	80986564	81085319	7	82513	97135.418	17	1
8_MACS_peak_17756_lociStitched	chr3	141078953	141171687	8	80940	168312.21	18	1
4_MACS_peak_20992_lociStitched	chr6	285758	366858	4	76330	170796.6	19	1
9_MACS_peak_2438_lociStitched	chr1	226818536	226929066	9	75118	143368.463	20	1
6_MACS_peak_10802_lociStitched	chr17	62132431	62210845	6	72744	98597.7636	21	1
3_MACS_peak_13624_lociStitched	chr2	99060224	99136963	3	72482	101487.3275	22	1
7_MACS_peak_1990_lociStitched	chr1	182990362	183077005	7	71799	86443.7211	23	1
4_MACS_peak_2484_lociStitched	chr1	230236663	230314048	4	71278	167228.985	24	1
10_MACS_peak_23898_lociStitched	chr7	137636668	137727017	10	69009	92499.3062	25	1
7_MACS_peak_9151_lociStitched	chr16	11760942	11838583	7	68462	103091.7198	26	1
4_MACS_peak_12018_lociStitched	chr19	16425288	16498735	4	68113	190066.1466	27	1
6_MACS_peak_8527_lociStitched	chr15	67356379	67431787	6	66708	93136.4208	28	1
5_MACS_peak_17843_lociStitched	chr3	151958991	152029190	5	62378	96109.4509	29	1
5_MACS_peak_20622_lociStitched	chr5	139012372	139092615	5	62254	110631.0241	30	1
6_MACS_peak_23261_lociStitched	chr7	55569415	55643268	6	61278	106532.9525	31	1
7_MACS_peak_4378_lociStitched	chr11	65169942	65246618	7	60973	230227.3576	32	1
7_MACS_peak_10097_lociStitched	chr17	16817827	16896050	7	60615	106735.2835	33	1
3_MACS_peak_13568_lociStitched	chr2	89126699	89188993	3	60227	238966.0134	34	1
5_MACS_peak_22040_lociStitched	chr6	106528029	106596389	5	59816	143221.036	35	1
3_MACS_peak_23585_lociStitched	chr7	101920248	101984218	3	59802	85438.332	36	1
6_MACS_peak_11539_lociStitched	chr18	60839345	60904591	6	59657	86653.2126	37	1
9_MACS_peak_8577_lociStitched	chr15	70324211	70394704	9	59065	63944.2003	38	1
9_MACS_peak_24302_lociStitched	chr8	29048971	29126129	9	58982	109749.5392	39	1
6_MACS_peak_4819_lociStitched	chr11	111196895	111271731	6	58215	124691.7432	40	1
7_MACS_peak_17494_lociStitched	chr3	114122773	114189257	7	57176	88676.3592	41	1
2_MACS_peak_3771_lociStitched	chr10	125811415	125869733	2	56719	111527.3432	42	1
4_MACS_peak_2183_lociStitched	chr1	203239736	203299537	4	55380	195082.8222	43	1
8_MACS_peak_11669_lociStitched	chr19	2030800	2098915	8	55171	91212.7965	44	1
4_MACS_peak_22088_lociStitched	chr6	109182807	109242948	4	55163	150328.4436	45	1
6_MACS_peak_2917_lociStitched	chr10	24728017	24793714	6	54866	64488.1752	46	1
12_MACS_peak_6257_lociStitched	chr12	111042074	111128406	12	54705	60432.4	47	1
5_MACS_peak_14543_lociStitched	chr2	202039154	202102609	5	53684	62693.54	48	1
6_MACS_peak_14583_lociStitched	chr2	204537385	204607446	6	53442	70117.0488	49	1
4_MACS_peak_11028_lociStitched	chr17	76688071	76747144	4	52913	68063.9106	50	1
3_MACS_peak_15248_lociStitched	chr20	35963359	36023061	3	52908	78955.895	51	1
2_MACS_peak_20903_lociStitched	chr5	173306800	173360800	2	52200	64616.4	52	1
6_MACS_peak_19278_lociStitched	chr4	141627905	141700869	6	52197	92664.28	53	1
2_MACS_peak_8127_lociStitched	chr15	31614139	31671810	2	52157	123271.7625	54	1
12_MACS_peak_26083_lociStitched	chr9	125977549	126054435	12	51756	54258.4502	55	1
10_MACS_peak_25974_lociStitched	chr9	112809068	112878664	10	51464	55252.2644	56	1
4_MACS_peak_21098_lociStitched	chr6	7858093	7922847	4	51214	177691.4514	57	1
8_MACS_peak_2245_lociStitched	chr1	206836422	206902565	8	51165	62935.0645	58	1
3_MACS_peak_22649_lociStitched	chr6	159188584	159241905	3	49897	93631.676	59	1
7_MACS_peak_17575_lociStitched	chr3	121687618	121756242	7	49353	74861.9216	60	1
6_MACS_peak_17291_lociStitched	chr3	98447692	98508578	6	49213	67315.5616	61	1
6_MACS_peak_3542_lociStitched	chr10	98403882	98467550	6	48954	55085.5536	62	1
6_MACS_peak_1167_lociStitched	chr1	94127356	94184070	6	48867	80738.0504	63	1
3_MACS_peak_18582_lociStitched	chr4	40182120	40241750	3	48761	100899.923	64	1
5_MACS_peak_18121_lociStitched	chr3	183219761	183275150	5	48643	61094.067	65	1
6_MACS_peak_16201_lociStitched	chr22	38609152	38673738	6	48360	59244.7378	66	1
4_MACS_peak_2217_lociStitched	chr1	205242049	205292073	4	48284	104495.1336	67	1
3_MACS_peak_1668_lociStitched	chr1	155899851	155955896	3	48239	87054.6985	68	1
4_MACS_peak_16173_lociStitched	chr22	37593435	37645413	4	48114	79781.0322	69	1
7_MACS_peak_3787_lociStitched	chr10	126365392	126434175	7	47901	70660.7759	70	1
2_MACS_peak_11008_lociStitched	chr17	75428460	75477610	2	47638	78350.015	71	1
4_MACS_peak_12761_lociStitched	chr2	16794538	16849266	4	47445	86355.3112	72	1
11_MACS_peak_9981_lociStitched	chr17	4234627	4312656	11	47141	63944.7655	73	1
1_MACS_peak_6424_lociStitched	chr12	123343534	123390426	1	46893	131297.6	74	1
3_MACS_peak_5003_lociStitched	chr11	128582270	128632704	3	46670	73754.6816	75	1
7_MACS_peak_20425_lociStitched	chr5	118643328	118705378	7	46639	44527.08	76	1
3_MACS_peak_3346_lociStitched	chr10	80825470	80879554	3	46592	60168.45	77	1
3_MACS_peak_18492_lociStitched	chr4	25841774	25893137	3	46041	73305.2736	78	1
6_MACS_peak_8750_lociStitched	chr15	81574695	81630612	6	45599	57387.6171	79	1
6_MACS_peak_25033_lociStitched	chr8	125604621	125656087	6	45342	60580.6286	80	1
5_MACS_peak_5110_lociStitched	chr12	7022277	7081424	5	45285	97793.6498	81	1
5_MACS_peak_19297_lociStitched	chr4	144255971	144311444	5	45067	84879.2373	82	1
4_MACS_peak_26113_lociStitched	chr9	127015586	127063611	4	44787	57101.725	83	1
5_MACS_peak_880_lociStitched	chr1	66794944	66850172	5	44317	97206.8028	84	1
6_MACS_peak_13165_lociStitched	chr2	54775905	54833372	6	44311	53151.2283	85	1
2_MACS_peak_19901_lociStitched	chr5	56108043	56153437	2	43982	58063.4654	86	1
6_MACS_peak_4388_lociStitched	chr11	65306494	65360322	6	43897	72866.9636	87	1
6_MACS_peak_6460_lociStitched	chr12	124922437	124983747	6	43854	83430.648	88	1
8_MACS_peak_8437_lociStitched	chr15	60832708	60886139	8	43663	58645.8656	89	1
7_MACS_peak_9581_lociStitched	chr16	67546577	67603071	7	43575	71956.4078	90	1
4_MACS_peak_9615_lociStitched	chr16	68269383	68322469	4	43502	48621.4674	91	1
4_MACS_peak_25507_lociStitched	chr9	33123369	33169802	4	42843	63334.612	92	1
3_MACS_peak_22906_lociStitched	chr7	18533300	18579602	3	42486	69679.8798	93	1
4_MACS_peak_7692_lociStitched	chr14	74206566	74257619	4	42205	55903.035	94	1
7_MACS_peak_16434_lociStitched	chr22	50728908	50785490	7	42035	50397.5874	95	1
7_MACS_peak_16804_lociStitched	chr3	42088660	42142032	7	41639	50447.2144	96	1
2_MACS_peak_5133_lociStitched	chr12	9854153	9897373	2	41299	86249.832	97	1
5_MACS_peak_1628_lociStitched	chr1	154907122	154957474	5	40974	93020.2848	98	1
3_MACS_peak_10444_lociStitched	chr17	38464596	38510180	3	40887	65403.9232	99	1
3_MACS_peak_16054_lociStitched	chr22	29182676	29228170	3	40798	86056.4504	100	1
6_MACS_peak_4462_lociStitched	chr11	67157828	67215552	6	40541	68622.2912	101	1
5_MACS_peak_22691_lociStitched	chr6	164122092	164163865	5	40447	51740.0378	102	1
5_MACS_peak_21208_lociStitched	chr6	16468331	16521042	5	40077	55894.7444	103	1
4_MACS_peak_16237_lociStitched	chr22	39825770	39870815	4	39754	46198.152	104	1
8_MACS_peak_13379_lociStitched	chr2	70308646	70371942	8	39708	100165.92	105	1
1_MACS_peak_13561_lociStitched	chr2	88890032	88929590	1	39559	100845.2094	106	1
5_MACS_peak_26239_lociStitched	chr9	134516184	134562838	5	39544	68436.7526	107	1
8_MACS_peak_13879_lociStitched	chr2	135002762	135053137	8	39260	38723.2625	108	1
6_MACS_peak_21074_lociStitched	chr6	7128921	7175096	6	38931	52634.8825	109	1
1_MACS_peak_17021_lociStitched	chr3	53193317	53231840	1	38524	56386.1151	110	1
4_MACS_peak_20894_lociStitched	chr5	173138609	173179709	4	38024	59853.93	111	1
4_MACS_peak_2488_lociStitched	chr1	230326465	230370903	4	37906	86045.2994	112	1
6_MACS_peak_4650_lociStitched	chr11	82669714	82720544	6	37884	47083.829	113	1
5_MACS_peak_15346_lociStitched	chr20	46094453	46139136	5	37800	57417.655	114	1
5_MACS_peak_8461_lociStitched	chr15	63762238	63803922	5	37748	72142.4988	115	1
2_MACS_peak_5417_lociStitched	chr12	32684939	32723386	2	37492	38227.8521	116	1
1_MACS_peak_8039_lociStitched	chr14	106143294	106180466	1	37173	552535.7596	117	1
4_MACS_peak_18744_lociStitched	chr4	71512999	71556283	4	36997	53157.0804	118	1
5_MACS_peak_1901_lociStitched	chr1	174124390	174176229	5	36991	74166.0573	119	1
1_MACS_peak_8036_lociStitched	chr14	106022767	106059654	1	36888	553511.5672	120	1
4_MACS_peak_25808_lociStitched	chr9	92018516	92064207	4	36703	37864.1317	121	1
4_MACS_peak_25984_lociStitched	chr9	112885254	112928148	4	36629	44584.0236	122	1
4_MACS_peak_16157_lociStitched	chr22	36745863	36785487	4	36475	40571.0136	123	1
4_MACS_peak_3696_lociStitched	chr10	112599177	112645029	4	36409	89140.8732	124	1
8_MACS_peak_24195_lociStitched	chr8	19485708	19542513	8	36356	37542.4245	125	1
7_MACS_peak_15231_lociStitched	chr20	35447534	35505957	7	36288	48128.8674	126	1
4_MACS_peak_13302_lociStitched	chr2	64859720	64897019	4	36276	48913.9086	127	1
3_MACS_peak_22619_lociStitched	chr6	157968955	158009374	3	36150	56816.9883	128	1
4_MACS_peak_21567_lociStitched	chr6	36684668	36727865	4	36092	54518.9337	129	1
5_MACS_peak_22067_lociStitched	chr6	108877727	108920879	5	36086	58527.0576	130	1
3_MACS_peak_4355_lociStitched	chr11	64610865	64648752	3	35952	86689.2447	131	1
4_MACS_peak_5089_lociStitched	chr12	6532348	6581218	4	35868	59113.152	132	1
7_MACS_peak_11617_lociStitched	chr19	905394	956188	7	35790	52932.4274	133	1
5_MACS_peak_1704_lociStitched	chr1	157507090	157552484	5	35773	45684.5216	134	1
4_MACS_peak_12791_lociStitched	chr2	20384908	20428398	4	35761	54732.165	135	1
4_MACS_peak_26027_lociStitched	chr9	117124948	117161623	4	35672	37921.95	136	1
2_MACS_peak_23730_lociStitched	chr7	115774625	115811315	2	35617	62244.585	137	1
3_MACS_peak_13098_lociStitched	chr2	46761058	46804635	3	35595	57464.9899	138	1
4_MACS_peak_2189_lociStitched	chr1	203705413	203746696	4	35573	57044.8494	139	1
4_MACS_peak_11418_lociStitched	chr18	46443061	46481331	4	35442	39927.091	140	1
4_MACS_peak_22213_lociStitched	chr6	126100698	126142717	4	35352	51548.9092	141	1
6_MACS_peak_7627_lociStitched	chr14	70077057	70122073	6	35287	36575.5	142	1
6_MACS_peak_5376_lociStitched	chr12	31714606	31757906	6	35260	45066.64	143	1
6_MACS_peak_1145_lociStitched	chr1	93393977	93442536	6	35093	61791.3275	144	1
3_MACS_peak_17978_lociStitched	chr3	171843600	171879205	3	35055	39760.1035	145	1
4_MACS_peak_3877_lociStitched	chr11	1858552	1897903	4	35055	46863.1059	146	1
6_MACS_peak_13282_lociStitched	chr2	64415088	64463407	6	34897	72695.9355	147	1
9_MACS_peak_13273_lociStitched	chr2	64312073	64372748	9	34895	55250.655	148	1
3_MACS_peak_15451_lociStitched	chr20	52521902	52560745	3	34872	79022.1992	149	1
7_MACS_peak_7191_lociStitched	chr13	114862023	114915811	7	34765	35075.1548	150	1
5_MACS_peak_25209_lociStitched	chr8	141567768	141612363	5	34739	81359.118	151	1
2_MACS_peak_2264_lociStitched	chr1	207970407	208008300	2	34638	88404.369	152	1
3_MACS_peak_15106_lociStitched	chr20	25258942	25301514	3	34385	58319.3828	153	1
6_MACS_peak_13539_lociStitched	chr2	87891792	87946408	6	34374	35959.1744	154	1
3_MACS_peak_13710_lociStitched	chr2	111787236	111830125	3	34371	74845.5939	155	1
1_MACS_peak_12351_lociStitched	chr19	44255905	44290234	1	34330	46917.4443	156	1
5_MACS_peak_13317_lociStitched	chr2	65131002	65178880	5	34169	44818.5958	157	1
4_MACS_peak_13916_lociStitched	chr2	136863900	136900409	4	34157	116591.4915	158	1
4_MACS_peak_26688_lociStitched	chrX	48767485	48804861	4	33974	42545.1008	159	1
4_MACS_peak_23457_lociStitched	chr7	90329001	90371391	4	33958	50685.723	160	1
6_MACS_peak_20716_lociStitched	chr5	150431261	150478978	6	33942	48552.0475	161	1
5_MACS_peak_24824_lociStitched	chr8	98633908	98671368	5	33769	44656.066	162	1
5_MACS_peak_16851_lociStitched	chr3	45669997	45710004	5	33670	23876.1776	163	1
6_MACS_peak_12233_lociStitched	chr19	39137532	39187360	6	33645	42627.854	164	1
3_MACS_peak_11536_lociStitched	chr18	60797601	60832701	3	33603	121049.37	165	1
4_MACS_peak_16688_lociStitched	chr3	30663349	30704243	4	33516	23779.861	166	1
1_MACS_peak_603_lociStitched	chr1	40838331	40871749	1	33419	103385.2666	167	1
1_MACS_peak_6468_lociStitched	chr12	125021488	125054894	1	33407	56342.5596	168	1
3_MACS_peak_2229_lociStitched	chr1	206078871	206117120	3	33263	51919.1926	169	1
6_MACS_peak_26770_lociStitched	chrX	64886329	64928359	6	33260	26306.577	170	1
4_MACS_peak_1624_lociStitched	chr1	154800839	154836382	4	33238	40892.2215	171	1
8_MACS_peak_8887_lociStitched	chr15	93345999	93397773	8	33131	53477.3646	172	1
3_MACS_peak_17975_lociStitched	chr3	171797621	171834782	3	33129	55440.4959	173	1
6_MACS_peak_15478_lociStitched	chr20	56241931	56292897	6	33097	38443.6538	174	1
5_MACS_peak_15121_lociStitched	chr20	30261390	30312312	5	33050	33939.513	175	1
4_MACS_peak_5160_lociStitched	chr12	11897751	11937994	4	33014	47559.1774	176	1
3_MACS_peak_5531_lociStitched	chr12	48190989	48232044	3	32895	53868.2655	177	1
4_MACS_peak_6425_lociStitched	chr12	123401315	123437764	4	32867	50576.6324	178	1
3_MACS_peak_13034_lociStitched	chr2	42322955	42361822	3	32864	66229.368	179	1
6_MACS_peak_6201_lociStitched	chr12	109009866	109048243	6	32783	55028.7803	180	1
1_MACS_peak_24363_lociStitched	chr8	37730131	37762889	1	32759	75215.6438	181	1
6_MACS_peak_27280_lociStitched	chrY	23387518	23423595	6	32499	32202.3302	182	1
4_MACS_peak_9553_lociStitched	chr16	66546987	66590108	4	32495	81938.5242	183	1
3_MACS_peak_20973_lociStitched	chr5	180223592	180261835	3	32478	59670.5529	184	1
1_MACS_peak_22841_lociStitched	chr7	7998773	8031047	1	32275	47972.0736	185	1
4_MACS_peak_8829_lociStitched	chr15	89163653	89201682	4	32204	57317.3088	186	1
4_MACS_peak_16467_lociStitched	chr3	3120291	3154292	4	32195	52198.3352	187	1
1_MACS_peak_1688_lociStitched	chr1	156448275	156480449	1	32175	98478.1792	188	1
6_MACS_peak_23415_lociStitched	chr7	81397152	81444333	6	32068	33668.3616	189	1
3_MACS_peak_21742_lociStitched	chr6	52381707	52420223	3	32054	27642.9332	190	1
2_MACS_peak_9257_lociStitched	chr16	21495925	21532887	2	31995	56647.9612	191	1
5_MACS_peak_11499_lociStitched	chr18	56594376	56644957	5	31950	57282.9825	192	1
6_MACS_peak_22436_lociStitched	chr6	143222911	143270730	6	31928	91257.7796	193	1
3_MACS_peak_25423_lociStitched	chr9	20352425	20386752	3	31846	40468.1003	194	1
4_MACS_peak_16368_lociStitched	chr22	46422270	46469453	4	31747	60285.7191	195	1
5_MACS_peak_14820_lociStitched	chr2	233923085	233966308	5	31697	35633.0412	196	1
5_MACS_peak_21616_lociStitched	chr6	41669353	41704174	5	31646	54738.612	197	1
7_MACS_peak_11547_lociStitched	chr18	60944534	60989783	7	31530	48963.9429	198	1
2_MACS_peak_523_lociStitched	chr1	36613136	36644751	2	31410	62664.0915	199	1
5_MACS_peak_2771_lociStitched	chr10	11635955	11679654	5	31311	35977.3867	200	1
4_MACS_peak_15564_lociStitched	chr21	15888336	15921827	4	31218	58733.1667	201	1
5_MACS_peak_17957_lociStitched	chr3	169861047	169900453	5	31164	41344.7752	202	1
6_MACS_peak_11110_lociStitched	chr17	80475942	80513792	6	31142	33478.325	203	1
1_MACS_peak_15247_lociStitched	chr20	35916722	35947847	1	31126	70000.125	204	1
4_MACS_peak_2748_lociStitched	chr10	11186451	11223484	4	31005	39632.7166	205	1
1_MACS_peak_1601_lociStitched	chr1	153810367	153841250	1	30884	51945.206	206	1
4_MACS_peak_17971_lociStitched	chr3	171752266	171788612	4	30877	56478.0494	207	1
4_MACS_peak_18419_lociStitched	chr4	14153774	14190660	4	30839	46251.3554	208	1
2_MACS_peak_8638_lociStitched	chr15	75062947	75093862	2	30829	53291.277	209	1
3_MACS_peak_6837_lociStitched	chr13	49048963	49085531	3	30794	38155.0512	210	1
5_MACS_peak_16302_lociStitched	chr22	42305715	42343829	5	30717	63086.2928	211	1
4_MACS_peak_13354_lociStitched	chr2	68940736	68980414	4	30685	38201.9784	212	1
6_MACS_peak_15304_lociStitched	chr20	43587504	43627758	6	30681	42065.43	213	1
7_MACS_peak_8908_lociStitched	chr15	94798269	94858259	7	30664	33288.451	214	1
2_MACS_peak_3353_lociStitched	chr10	81000654	81030921	2	30252	45173.4975	215	1
2_MACS_peak_16545_lociStitched	chr3	13033689	13063950	2	30202	82397.6769	216	1
5_MACS_peak_1768_lociStitched	chr1	161122459	161161327	5	30157	41623.7412	217	1
5_MACS_peak_7809_lociStitched	chr14	89795219	89839671	5	30122	27057.9324	218	1
5_MACS_peak_19548_lociStitched	chr4	185230734	185277477	5	30122	57068.5287	219	1
3_MACS_peak_20165_lociStitched	chr5	88099984	88135208	3	30036	31250.7328	220	1
4_MACS_peak_13358_lociStitched	chr2	68988700	69025073	4	30013	40996.0083	221	1
5_MACS_peak_15182_lociStitched	chr20	32972684	33009616	5	30012	26820.0184	222	1
2_MACS_peak_15811_lociStitched	chr21	44769979	44806190	2	30001	85830.9333	223	1
5_MACS_peak_9653_lociStitched	chr16	70433352	70474336	5	29934	32848.676	224	1
2_MACS_peak_1470_lociStitched	chr1	145426267	145458627	2	29923	68324.904	225	1
3_MACS_peak_14256_lociStitched	chr2	175443255	175479229	3	29915	32581.6518	226	1
4_MACS_peak_1422_lociStitched	chr1	120779256	120817762	4	29880	47135.1946	227	1
6_MACS_peak_22372_lociStitched	chr6	139570095	139616868	6	29832	46988.1558	228	1
2_MACS_peak_17841_lociStitched	chr3	151909529	151944923	2	29824	88831.8612	229	1
6_MACS_peak_13725_lociStitched	chr2	112070894	112115891	6	29790	25094.8269	230	1
2_MACS_peak_6405_lociStitched	chr12	122218549	122250828	2	29684	65716.8161	231	1
4_MACS_peak_26095_lociStitched	chr9	126079178	126112941	4	29599	51015.893	232	1
5_MACS_peak_26244_lociStitched	chr9	134578868	134616665	5	29585	35986.5237	233	1
3_MACS_peak_20249_lociStitched	chr5	95646938	95681950	3	29542	48123.994	234	1
5_MACS_peak_12685_lociStitched	chr2	8650362	8694227	5	29514	36293.901	235	1
2_MACS_peak_21698_lociStitched	chr6	45771956	45806156	2	29411	74463.66	236	1
3_MACS_peak_25591_lociStitched	chr9	37177050	37213682	3	29326	37818.8768	237	1
3_MACS_peak_14468_lociStitched	chr2	197013598	197049061	3	29252	36048.1395	238	1
6_MACS_peak_11639_lociStitched	chr19	1239066	1277648	6	29229	62321.5046	239	1
5_MACS_peak_18715_lociStitched	chr4	68409049	68448019	5	29220	31043.502	240	1
5_MACS_peak_13588_lociStitched	chr2	96889463	96933735	5	29201	40809.9296	241	1
7_MACS_peak_7245_lociStitched	chr14	23254623	23300327	7	29177	28724.964	242	1
3_MACS_peak_11382_lociStitched	chr18	42441513	42474456	3	29171	24852.1992	243	1
4_MACS_peak_17700_lociStitched	chr3	133179030	133211612	4	29165	28685.1928	244	1
4_MACS_peak_6019_lociStitched	chr12	94540221	94573683	4	29107	42389.6616	245	1
4_MACS_peak_1792_lociStitched	chr1	161673953	161721371	4	29071	42671.4582	246	1
5_MACS_peak_27209_lociStitched	chrY	1534867	1575947	5	29031	26529.464	247	1
5_MACS_peak_21970_lociStitched	chr6	90048920	90086626	5	28978	50642.9286	248	1
3_MACS_peak_21142_lociStitched	chr6	13271370	13311104	3	28926	81558.0084	249	1
5_MACS_peak_26375_lociStitched	chrX	1584837	1625599	5	28884	26874.3866	250	1
3_MACS_peak_8947_lociStitched	chr15	101457229	101490637	3	28826	29823.3216	251	1
1_MACS_peak_19746_lociStitched	chr5	32569685	32598442	1	28758	44576.2257	252	1
1_MACS_peak_16850_lociStitched	chr3	45632363	45661024	1	28662	41435.2077	253	1
3_MACS_peak_22036_lociStitched	chr6	106427529	106461023	3	28661	58219.2708	254	1
2_MACS_peak_24084_lociStitched	chr8	6262081	6291363	2	28657	72013.2226	255	1
4_MACS_peak_1674_lociStitched	chr1	156065715	156101061	4	28603	60865.812	256	1
5_MACS_peak_14081_lociStitched	chr2	158268756	158311443	5	28599	83367.711	257	1
4_MACS_peak_22465_lociStitched	chr6	144650311	144684499	4	28598	28615.356	258	1
2_MACS_peak_6066_lociStitched	chr12	96580793	96610663	2	28564	49294.461	259	1
4_MACS_peak_24549_lociStitched	chr8	61811577	61842904	4	28554	65229.0794	260	1
2_MACS_peak_10994_lociStitched	chr17	75122764	75154052	2	28463	51434.3432	261	1
4_MACS_peak_5187_lociStitched	chr12	12843475	12880443	4	28247	114589.7096	262	1
7_MACS_peak_8808_lociStitched	chr15	86010796	86049153	7	28164	20110.5751	263	1
4_MACS_peak_17335_lociStitched	chr3	101495548	101531753	4	28154	33341.1845	264	1
3_MACS_peak_379_lociStitched	chr1	27045954	27077808	3	28147	22189.4964	265	1
5_MACS_peak_7898_lociStitched	chr14	95696403	95734122	5	28026	31103.0874	266	1
3_MACS_peak_5983_lociStitched	chr12	92930973	92966108	3	27969	37590.9365	267	1
3_MACS_peak_19983_lociStitched	chr5	66481526	66514430	3	27930	50027.2416	268	1
5_MACS_peak_5411_lociStitched	chr12	32608057	32648689	5	27832	31306.956	269	1
3_MACS_peak_738_lociStitched	chr1	51954937	51987133	3	27674	47450.4648	270	1
4_MACS_peak_793_lociStitched	chr1	54819209	54852248	4	27674	39785.5638	271	1
4_MACS_peak_21104_lociStitched	chr6	7957993	7995141	4	27550	53567.416	272	1
2_MACS_peak_19546_lociStitched	chr4	185184072	185215052	2	27465	57876.836	273	1
2_MACS_peak_17433_lociStitched	chr3	111831334	111859434	2	27462	30024.85	274	1
3_MACS_peak_1438_lociStitched	chr1	143942721	143972561	3	27447	48391.528	275	1
4_MACS_peak_13014_lociStitched	chr2	40339495	40372784	4	27412	37450.125	276	1
1_MACS_peak_4060_lociStitched	chr11	22676508	22703894	1	27387	38337.6614	277	1
2_MACS_peak_15834_lociStitched	chr21	45551905	45582183	2	27312	62502.8754	278	1
4_MACS_peak_3767_lociStitched	chr10	125772216	125804807	4	27243	29178.7223	279	1
2_MACS_peak_2435_lociStitched	chr1	226535854	226563218	2	27216	28830.7104	280	1
4_MACS_peak_1761_lociStitched	chr1	161007098	161041678	4	27198	66193.036	281	1
3_MACS_peak_3936_lociStitched	chr11	7530184	7560697	3	27185	55902.8673	282	1
3_MACS_peak_22983_lociStitched	chr7	25979246	26013001	3	27166	95141.843	283	1
3_MACS_peak_10991_lociStitched	chr17	75083519	75114051	3	26949	34440.096	284	1
4_MACS_peak_18532_lociStitched	chr4	37968667	38002458	4	26948	39160.3899	285	1
2_MACS_peak_12931_lociStitched	chr2	33699064	33726551	2	26938	59756.738	286	1
3_MACS_peak_102_lociStitched	chr1	8467863	8501082	3	26888	44354.0088	287	1
3_MACS_peak_23173_lociStitched	chr7	45015087	45048896	3	26768	42109.1095	288	1
2_MACS_peak_26228_lociStitched	chr9	134126443	134153816	2	26751	31257.2287	289	1
2_MACS_peak_22184_lociStitched	chr6	119655248	119684365	2	26695	46275.6481	290	1
3_MACS_peak_2205_lociStitched	chr1	204474090	204503104	3	26679	47878.9028	291	1
3_MACS_peak_8291_lociStitched	chr15	45001502	45031143	3	26464	70607.8261	292	1
5_MACS_peak_20158_lociStitched	chr5	88023919	88059428	5	26392	29419.2065	293	1
3_MACS_peak_22590_lociStitched	chr6	157164556	157193160	3	26378	38827.0696	294	1
4_MACS_peak_7805_lociStitched	chr14	89756753	89785755	4	26356	52276.105	295	1
3_MACS_peak_18762_lociStitched	chr4	74453410	74487367	3	26343	36928.2375	296	1
3_MACS_peak_23770_lociStitched	chr7	121006445	121039461	3	26318	34967.2456	297	1
3_MACS_peak_26940_lociStitched	chrX	106952683	106987640	3	26306	52201.2881	298	1
2_MACS_peak_10977_lociStitched	chr17	74472233	74499099	2	26304	41067.3676	299	1
3_MACS_peak_19631_lociStitched	chr5	1311593	1346658	3	26287	39791.762	300	1
2_MACS_peak_7769_lociStitched	chr14	81930546	81958180	2	26285	31881.3458	301	1
1_MACS_peak_352_lociStitched	chr1	25869170	25895411	1	26242	46863.8019	302	1
2_MACS_peak_10424_lociStitched	chr17	37908706	37938487	2	26234	46726.389	303	1
3_MACS_peak_2734_lociStitched	chr10	7509174	7536943	3	26151	23237.0992	304	1
2_MACS_peak_17981_lociStitched	chr3	171887521	171914530	2	26114	18617.3037	305	1
3_MACS_peak_12214_lociStitched	chr19	38396343	38424457	3	26100	24498.5396	306	1
3_MACS_peak_10540_lociStitched	chr17	43366771	43396182	3	26078	32055.0489	307	1
5_MACS_peak_21176_lociStitched	chr6	15232178	15267973	5	26076	42578.1525	308	1
2_MACS_peak_2387_lociStitched	chr1	223898089	223928364	2	26018	42524.265	309	1
4_MACS_peak_1751_lociStitched	chr1	160694752	160727258	4	25942	32483.2458	310	1
1_MACS_peak_17234_lociStitched	chr3	83260997	83286937	1	25941	25096.95	311	1
7_MACS_peak_2794_lociStitched	chr10	12374607	12415638	7	25935	27572.832	312	1
4_MACS_peak_6756_lociStitched	chr13	41534867	41570848	4	25934	26179.7756	313	1
3_MACS_peak_25700_lociStitched	chr9	71543643	71571417	3	25890	23088.5262	314	1
4_MACS_peak_17829_lociStitched	chr3	150454783	150486171	4	25884	34777.904	315	1
3_MACS_peak_3032_lociStitched	chr10	45911982	45938428	3	25845	49067.9084	316	1
2_MACS_peak_22136_lociStitched	chr6	113945916	113975530	2	25824	35033.362	317	1
4_MACS_peak_15706_lociStitched	chr21	36234429	36263439	4	25814	38426.646	318	1
5_MACS_peak_21558_lociStitched	chr6	36558731	36598811	5	25802	32416.704	319	1
3_MACS_peak_12999_lociStitched	chr2	39713154	39742550	3	25785	57207.5556	320	1
3_MACS_peak_9841_lociStitched	chr16	88744683	88774428	3	25758	29159.0235	321	1
2_MACS_peak_10438_lociStitched	chr17	38249790	38281606	2	25739	78432.8032	322	1
4_MACS_peak_1846_lociStitched	chr1	167616921	167655796	4	25736	21738.9	323	1
3_MACS_peak_19660_lociStitched	chr5	6711461	6741514	3	25590	27002.6205	324	1
3_MACS_peak_12319_lociStitched	chr19	42431363	42464399	3	25555	87707.2764	325	1
4_MACS_peak_13671_lociStitched	chr2	109203017	109239656	4	25543	33125.3199	326	1
2_MACS_peak_25260_lociStitched	chr8	145001518	145028564	2	25509	44268.8928	327	1
2_MACS_peak_18939_lociStitched	chr4	90203584	90230560	2	25450	45627.2064	328	1
6_MACS_peak_16714_lociStitched	chr3	31977680	32023971	6	25436	24270.3713	329	1
2_MACS_peak_23716_lociStitched	chr7	114555226	114580672	2	25430	55510.449	330	1
4_MACS_peak_12315_lociStitched	chr19	42363041	42393033	4	25424	30723.8048	331	1
3_MACS_peak_16592_lociStitched	chr3	15833179	15860782	3	25412	44145.4779	332	1
1_MACS_peak_1703_lociStitched	chr1	157474054	157499443	1	25390	54175.0482	333	1
5_MACS_peak_16241_lociStitched	chr22	39896906	39929580	5	25303	34065.9124	334	1
5_MACS_peak_11935_lociStitched	chr19	12885235	12918739	5	25254	59583.5136	335	1
1_MACS_peak_1441_lociStitched	chr1	143990784	144016036	1	25253	41360.2508	336	1
3_MACS_peak_1921_lociStitched	chr1	175137558	175163371	3	25229	30983.3439	337	1
3_MACS_peak_25440_lociStitched	chr9	20597031	20625868	3	25214	23130.1577	338	1
4_MACS_peak_16748_lociStitched	chr3	36932295	36966972	4	25203	25085.3418	339	1
2_MACS_peak_17947_lociStitched	chr3	169646922	169673537	2	25192	42991.2095	340	1
7_MACS_peak_22378_lociStitched	chr6	139626997	139666972	7	25129	27183	341	1
3_MACS_peak_23594_lociStitched	chr7	102062686	102093400	3	25116	46786.6362	342	1
5_MACS_peak_20727_lociStitched	chr5	150587496	150619580	5	25111	27890.6212	343	1
4_MACS_peak_24890_lociStitched	chr8	103805874	103844736	4	25104	39336.1164	344	1
2_MACS_peak_23226_lociStitched	chr7	50342578	50370965	2	25098	49563.702	345	1
3_MACS_peak_13563_lociStitched	chr2	89038281	89070364	3	25075	52131.6667	346	1
5_MACS_peak_25435_lociStitched	chr9	20549938	20583768	5	25058	16394.018	347	1
6_MACS_peak_15419_lociStitched	chr20	51615256	51659198	6	25020	34296.731	348	1
6_MACS_peak_8718_lociStitched	chr15	78341661	78381824	6	24896	19804.3753	349	1
3_MACS_peak_21550_lociStitched	chr6	36327635	36358206	3	24792	74461.7847	350	1
2_MACS_peak_3685_lociStitched	chr10	112166119	112191419	2	24780	52940.25	351	1
2_MACS_peak_23879_lociStitched	chr7	134830474	134858973	2	24770	59021.429	352	1
5_MACS_peak_6137_lociStitched	chr12	104866096	104903365	5	24737	35293.743	353	1
5_MACS_peak_632_lociStitched	chr1	43388985	43426073	5	24660	29692.6528	354	1
3_MACS_peak_24280_lociStitched	chr8	28181291	28211300	3	24633	50880.2595	355	1
4_MACS_peak_20773_lociStitched	chr5	156954078	156983623	4	24628	29429.7745	356	1
6_MACS_peak_18167_lociStitched	chr3	186647050	186684149	6	24612	25679.9278	357	1
2_MACS_peak_7891_lociStitched	chr14	94420724	94446456	2	24548	29573.7876	358	1
3_MACS_peak_18891_lociStitched	chr4	87854449	87885069	3	24547	52176.48	359	1
2_MACS_peak_3249_lociStitched	chr10	73504531	73534325	2	24514	28414.5378	360	1
3_MACS_peak_903_lociStitched	chr1	68198842	68226971	3	24496	30891.2678	361	1
4_MACS_peak_1249_lociStitched	chr1	108318706	108351625	4	24491	25571.4792	362	1
3_MACS_peak_9536_lociStitched	chr16	57555907	57585109	3	24468	32872.6914	363	1
3_MACS_peak_15814_lociStitched	chr21	44828666	44861692	3	24451	54549.0442	364	1
5_MACS_peak_19405_lociStitched	chr4	156576546	156614988	5	24450	37553.9898	365	1
4_MACS_peak_11682_lociStitched	chr19	2254389	2290690	4	24447	59631.6527	366	1
4_MACS_peak_14159_lociStitched	chr2	165590380	165620452	4	24410	46825.1112	367	1
7_MACS_peak_12283_lociStitched	chr19	40908903	40951732	7	24410	37269.7958	368	1
5_MACS_peak_3655_lociStitched	chr10	106076238	106114142	5	24405	25604.152	369	1
5_MACS_peak_16696_lociStitched	chr3	31461787	31493358	5	24386	15210.9078	370	1
2_MACS_peak_4455_lociStitched	chr11	67032431	67058684	2	24360	49728.4326	371	1
3_MACS_peak_15807_lociStitched	chr21	44722643	44747985	3	24345	67057.4662	372	1
4_MACS_peak_10628_lociStitched	chr17	47813448	47842445	4	24292	34271.5543	373	1
4_MACS_peak_8897_lociStitched	chr15	93442239	93471413	4	24222	38658.4674	374	1
4_MACS_peak_3464_lociStitched	chr10	92948880	92983140	4	24218	32379.126	375	1
3_MACS_peak_20434_lociStitched	chr5	119419479	119446018	3	24133	30355.3082	376	1
4_MACS_peak_24381_lociStitched	chr8	38792389	38822117	4	24122	30471.2	377	1
5_MACS_peak_6988_lociStitched	chr13	74516414	74548670	5	24107	32088.2688	378	1
4_MACS_peak_21453_lociStitched	chr6	31773202	31806591	4	24068	30941.5863	379	1
1_MACS_peak_16021_lociStitched	chr22	24818720	24842743	1	24024	79069.3022	380	1
3_MACS_peak_12222_lociStitched	chr19	38521597	38553310	3	23989	55326.4998	381	1
4_MACS_peak_13703_lociStitched	chr2	111609303	111636486	4	23982	29732.7654	382	1
5_MACS_peak_5165_lociStitched	chr12	11958809	11993775	5	23944	21944.6616	383	1
2_MACS_peak_25948_lociStitched	chr9	108003370	108028434	2	23934	38997.0776	384	1
4_MACS_peak_13289_lociStitched	chr2	64485835	64518785	4	23860	38284.605	385	1
2_MACS_peak_15981_lociStitched	chr22	23475545	23502615	2	23856	34663.135	386	1
1_MACS_peak_3689_lociStitched	chr10	112250635	112274481	1	23847	57464.0908	387	1
2_MACS_peak_14539_lociStitched	chr2	201978600	202002431	2	23797	85229.1884	388	1
4_MACS_peak_3233_lociStitched	chr10	72236783	72270560	4	23792	25734.6963	389	1
2_MACS_peak_456_lociStitched	chr1	31213130	31239419	2	23786	44304.8517	390	1
1_MACS_peak_26156_lociStitched	chr9	130658172	130681913	1	23742	67417.3177	391	1
4_MACS_peak_25074_lociStitched	chr8	126587089	126623460	4	23732	56393.2355	392	1
7_MACS_peak_25262_lociStitched	chr8	145046513	145087747	7	23693	25210.4676	393	1
3_MACS_peak_4657_lociStitched	chr11	82763055	82791735	3	23685	40671.108	394	1
1_MACS_peak_26568_lociStitched	chrX	25018909	25042587	1	23679	54814.57	395	1
4_MACS_peak_17902_lociStitched	chr3	156794606	156826474	4	23675	30835.4768	396	1
3_MACS_peak_11504_lociStitched	chr18	56656559	56684334	3	23625	53272.45	397	1
2_MACS_peak_8087_lociStitched	chr15	23658152	23684766	2	23604	32655.378	398	1
1_MACS_peak_2891_lociStitched	chr10	22593190	22616728	1	23539	94048.4328	399	1
2_MACS_peak_3069_lociStitched	chr10	52982964	53007583	2	23501	29269.5291	400	1
4_MACS_peak_8061_lociStitched	chr15	21975511	22005776	4	23459	20546.9085	401	1
2_MACS_peak_24802_lociStitched	chr8	95952419	95978449	2	23447	63835.972	402	1
4_MACS_peak_3840_lociStitched	chr11	306721	334137	4	23433	41398.16	403	1
6_MACS_peak_4849_lociStitched	chr11	114028886	114069337	6	23427	26519.6756	404	1
2_MACS_peak_9366_lociStitched	chr16	29601868	29625997	2	23418	28204.3881	405	1
2_MACS_peak_4385_lociStitched	chr11	65254190	65279192	2	23391	81243.999	406	1
3_MACS_peak_15099_lociStitched	chr20	25012451	25040834	3	23371	30568.491	407	1
4_MACS_peak_10911_lociStitched	chr17	72732125	72760573	4	23341	23179.4304	408	1
1_MACS_peak_16337_lociStitched	chr22	43647935	43671218	1	23284	42617.2032	409	1
4_MACS_peak_22100_lociStitched	chr6	109390817	109418113	4	23282	24405.3536	410	1
3_MACS_peak_9165_lociStitched	chr16	12043213	12075717	3	23278	23074.5896	411	1
4_MACS_peak_8055_lociStitched	chr15	20969219	20998964	4	23198	19518.669	412	1
4_MACS_peak_9837_lociStitched	chr16	88699100	88735510	4	23157	42144.575	413	1
2_MACS_peak_15265_lociStitched	chr20	37486192	37513162	2	23155	34230.324	414	1
6_MACS_peak_24607_lociStitched	chr8	67415006	67449416	6	23148	23405.682	415	1
2_MACS_peak_9517_lociStitched	chr16	56962940	56986356	2	23100	40062.4344	416	1
3_MACS_peak_3162_lociStitched	chr10	63796017	63820370	3	23076	76090.9485	417	1
5_MACS_peak_14216_lociStitched	chr2	172172676	172205308	5	23072	32762.528	418	1
3_MACS_peak_11801_lociStitched	chr19	7173882	7201823	3	23043	34859.1916	419	1
2_MACS_peak_1717_lociStitched	chr1	157730392	157754550	2	23018	41240.1218	420	1
5_MACS_peak_10348_lociStitched	chr17	32695565	32727067	5	23011	20429.047	421	1
3_MACS_peak_11950_lociStitched	chr19	13260026	13285377	3	22998	39659.1044	422	1
2_MACS_peak_12324_lociStitched	chr19	42614153	42638256	2	22978	33438.0919	423	1
1_MACS_peak_1547_lociStitched	chr1	150531238	150554203	1	22966	110875.02	424	1
4_MACS_peak_14871_lociStitched	chr2	241490262	241527868	4	22962	36955.4162	425	1
5_MACS_peak_5371_lociStitched	chr12	31659232	31692549	5	22957	22179.1269	426	1
3_MACS_peak_16971_lociStitched	chr3	50626936	50656448	3	22881	47292.98	427	1
2_MACS_peak_26111_lociStitched	chr9	126958833	126985116	2	22852	31831.3413	428	1
5_MACS_peak_11808_lociStitched	chr19	7262550	7296761	5	22843	26369.8388	429	1
2_MACS_peak_4289_lociStitched	chr11	62305261	62329332	2	22839	51008.8561	430	1
2_MACS_peak_22432_lociStitched	chr6	143158173	143180970	2	22793	50971.8123	431	1
5_MACS_peak_9295_lociStitched	chr16	23846747	23879225	5	22783	12783.3408	432	1
3_MACS_peak_8650_lociStitched	chr15	75298104	75323529	3	22772	26785.2375	433	1
4_MACS_peak_7187_lociStitched	chr13	114807792	114837997	4	22766	31482.6715	434	1
2_MACS_peak_13046_lociStitched	chr2	43382297	43409573	2	22764	69000.0972	435	1
4_MACS_peak_22829_lociStitched	chr7	7799082	7831301	4	22759	33907.2756	436	1
3_MACS_peak_26364_lociStitched	chr9	140629706	140658919	3	22723	25830.1346	437	1
3_MACS_peak_2240_lociStitched	chr1	206728354	206756149	3	22707	22447.242	438	1
5_MACS_peak_8872_lociStitched	chr15	91379806	91417728	5	22693	22817.6674	439	1
4_MACS_peak_15988_lociStitched	chr22	23592599	23624899	4	22636	16534.37	440	1
1_MACS_peak_11813_lociStitched	chr19	7396917	7419539	1	22623	37627.1726	441	1
5_MACS_peak_16603_lociStitched	chr3	16924479	16956359	5	22564	25602.828	442	1
2_MACS_peak_2707_lociStitched	chr10	5929813	5953741	2	22551	22942.1664	443	1
4_MACS_peak_21401_lociStitched	chr6	30455980	30485585	4	22543	25750.429	444	1
5_MACS_peak_11102_lociStitched	chr17	80391075	80424172	5	22514	39809.0716	445	1
2_MACS_peak_17951_lociStitched	chr3	169754635	169778524	2	22511	43965.3156	446	1
3_MACS_peak_25059_lociStitched	chr8	126284860	126309169	3	22391	31864.2372	447	1
4_MACS_peak_1525_lociStitched	chr1	149801928	149835128	4	22385	55573.48	448	1
3_MACS_peak_10429_lociStitched	chr17	37996132	38025651	3	22320	33267.913	449	1
1_MACS_peak_15514_lociStitched	chr20	61272263	61294581	1	22319	46483.9304	450	1
2_MACS_peak_12253_lociStitched	chr19	39879555	39905271	2	22288	64688.598	451	1
1_MACS_peak_8369_lociStitched	chr15	52508515	52530776	1	22262	29852.001	452	1
6_MACS_peak_16445_lociStitched	chr22	50962574	50988407	6	22258	40358.8959	453	1
2_MACS_peak_1711_lociStitched	chr1	157658966	157681282	2	22233	37142.7504	454	1
1_MACS_peak_27041_lociStitched	chrX	128901643	128923874	1	22232	30627.6487	455	1
2_MACS_peak_5528_lociStitched	chr12	48130313	48154324	2	22177	26236.8197	456	1
3_MACS_peak_11656_lociStitched	chr19	1644177	1672952	3	22170	35781.7125	457	1
2_MACS_peak_7742_lociStitched	chr14	77487778	77511477	2	22158	34003.3252	458	1
2_MACS_peak_1733_lociStitched	chr1	159023499	159049065	2	22146	50927.472	459	1
5_MACS_peak_10317_lociStitched	chr17	29851686	29896378	5	22135	28580.534	460	1
3_MACS_peak_25587_lociStitched	chr9	37119075	37149498	3	22123	35135.5227	461	1
4_MACS_peak_314_lociStitched	chr1	24502894	24532116	4	22103	40910.8	462	1
4_MACS_peak_11495_lociStitched	chr18	56552233	56584139	4	22094	27206.2462	463	1
3_MACS_peak_10258_lociStitched	chr17	27251637	27280391	3	22093	29984.6712	464	1
5_MACS_peak_15782_lociStitched	chr21	43638335	43671207	5	22068	33335.4952	465	1
3_MACS_peak_21205_lociStitched	chr6	16408604	16434767	3	22054	29899.0764	466	1
4_MACS_peak_25696_lociStitched	chr9	71501052	71536957	4	22036	17338.5245	467	1
3_MACS_peak_20900_lociStitched	chr5	173237539	173261200	3	21992	35687.8863	468	1
4_MACS_peak_9272_lociStitched	chr16	22194645	22220376	4	21983	35789.2479	469	1
6_MACS_peak_19224_lociStitched	chr4	129723816	129761391	6	21957	24675.5025	470	1
4_MACS_peak_10204_lociStitched	chr17	20934323	20966968	4	21950	31267.381	471	1
3_MACS_peak_12840_lociStitched	chr2	25621811	25649558	3	21943	43646.031	472	1
3_MACS_peak_21450_lociStitched	chr6	31742329	31765201	3	21929	35033.0424	473	1
3_MACS_peak_24203_lociStitched	chr8	19551540	19578433	3	21909	39172.3438	474	1
4_MACS_peak_20874_lociStitched	chr5	172259355	172287475	4	21874	25929.452	475	1
4_MACS_peak_20777_lociStitched	chr5	156996852	157030899	4	21832	31799.898	476	1
3_MACS_peak_20986_lociStitched	chr6	208846	237349	3	21829	24615.1908	477	1
3_MACS_peak_7745_lociStitched	chr14	77544363	77568985	3	21827	29236.1628	478	1
4_MACS_peak_17661_lociStitched	chr3	129023502	129050945	4	21808	23397.9018	479	1
2_MACS_peak_19384_lociStitched	chr4	153576263	153602614	2	21801	42791.3889	480	1
2_MACS_peak_23408_lociStitched	chr7	78105092	78128802	2	21782	34614.229	481	1
3_MACS_peak_22671_lociStitched	chr6	160388852	160412422	3	21778	41301.711	482	1
2_MACS_peak_5298_lociStitched	chr12	26265074	26289452	2	21767	86261.553	483	1
2_MACS_peak_8121_lociStitched	chr15	31505816	31532624	2	21746	43563	484	1
3_MACS_peak_55_lociStitched	chr1	2219467	2248237	3	21717	48186.873	485	1
3_MACS_peak_14492_lociStitched	chr2	198151620	198177307	3	21701	32198.6545	486	1
6_MACS_peak_24170_lociStitched	chr8	18584465	18615773	6	21697	21558.6888	487	1
3_MACS_peak_19430_lociStitched	chr4	159728706	159750605	3	21652	21940.6081	488	1
3_MACS_peak_2430_lociStitched	chr1	226410162	226440020	3	21626	31840.5712	489	1
3_MACS_peak_8213_lociStitched	chr15	40837374	40863404	3	21595	26053.427	490	1
3_MACS_peak_24569_lociStitched	chr8	64660210	64683455	3	21580	22531.3785	491	1
4_MACS_peak_10274_lociStitched	chr17	28023889	28051910	4	21558	25639.215	492	1
4_MACS_peak_17223_lociStitched	chr3	83077206	83107536	4	21553	15222.627	493	1
2_MACS_peak_20898_lociStitched	chr5	173201938	173226663	2	21516	36335.86	494	1
3_MACS_peak_416_lociStitched	chr1	28194977	28220526	3	21478	31941.3598	495	1
4_MACS_peak_1833_lociStitched	chr1	167295266	167329864	4	21400	18305.8018	496	1
3_MACS_peak_8790_lociStitched	chr15	85276558	85308337	3	21346	30301.2765	497	1
2_MACS_peak_14981_lociStitched	chr20	5568601	5593175	2	21343	33152.7834	498	1
3_MACS_peak_18608_lociStitched	chr4	42628679	42661054	3	21326	35062.125	499	1
5_MACS_peak_24466_lociStitched	chr8	52782115	52816221	5	21295	27121.0912	500	1
1_MACS_peak_15207_lociStitched	chr20	34187481	34208774	1	21294	36206.6172	501	1
3_MACS_peak_14052_lociStitched	chr2	155808335	155836990	3	21274	33294.2445	502	1
1_MACS_peak_12104_lociStitched	chr19	19260800	19282048	1	21249	19975.2448	503	1
2_MACS_peak_1844_lociStitched	chr1	167584643	167608651	2	21190	24917.9032	504	1
4_MACS_peak_11866_lociStitched	chr19	10512395	10544496	4	21181	23385.5785	505	1
4_MACS_peak_12448_lociStitched	chr19	49119809	49153971	4	21179	36242.4658	506	1
1_MACS_peak_10702_lociStitched	chr17	55427608	55448719	1	21112	32021.1648	507	1
5_MACS_peak_24387_lociStitched	chr8	39795987	39824673	5	21098	15407.2506	508	1
2_MACS_peak_13829_lociStitched	chr2	127412177	127435611	2	21077	40036.989	509	1
1_MACS_peak_25246_lociStitched	chr8	144593604	144614643	1	21040	62715.1551	510	1
2_MACS_peak_5514_lociStitched	chr12	47598806	47620729	2	21024	28563.4767	511	1
3_MACS_peak_21752_lociStitched	chr6	52839205	52862186	3	20995	25777.7877	512	1
2_MACS_peak_15403_lociStitched	chr20	50014383	50035432	2	20992	36997.8273	513	1
5_MACS_peak_1458_lociStitched	chr1	145127367	145161189	5	20972	32793.8112	514	1
3_MACS_peak_9794_lociStitched	chr16	85586087	85613018	3	20963	26238.8733	515	1
2_MACS_peak_21666_lociStitched	chr6	43669073	43694511	2	20954	40141.164	516	1
3_MACS_peak_26439_lociStitched	chrX	10064880	10091765	3	20938	22233.895	517	1
3_MACS_peak_22344_lociStitched	chr6	137069438	137097564	3	20892	27490.3524	518	1
3_MACS_peak_23233_lociStitched	chr7	50458550	50485661	3	20882	16854.9087	519	1
3_MACS_peak_4585_lociStitched	chr11	74646068	74675187	3	20871	25595.601	520	1
2_MACS_peak_9966_lociStitched	chr17	3807235	3834327	2	20855	38692.7944	521	1
4_MACS_peak_19379_lociStitched	chr4	153497685	153524131	4	20842	26937.8956	522	1
3_MACS_peak_8624_lociStitched	chr15	74665574	74698017	3	20814	48061.0602	523	1
2_MACS_peak_10315_lociStitched	chr17	29813533	29839809	2	20788	27419.006	524	1
4_MACS_peak_9602_lociStitched	chr16	67997908	68030084	4	20768	23308.2944	525	1
4_MACS_peak_26605_lociStitched	chrX	39941280	39969785	4	20758	17390.9005	526	1
3_MACS_peak_15354_lociStitched	chr20	46187391	46215768	3	20685	14330.385	527	1
2_MACS_peak_16847_lociStitched	chr3	45591197	45615504	2	20672	31120.2521	528	1
3_MACS_peak_20339_lociStitched	chr5	107853987	107883016	3	20649	19571.3518	529	1
4_MACS_peak_16355_lociStitched	chr22	45621227	45646740	4	20621	19917.9991	530	1
4_MACS_peak_22572_lociStitched	chr6	156589220	156621464	4	20617	35665.0884	531	1
3_MACS_peak_3137_lociStitched	chr10	61631489	61654819	3	20564	13825.358	532	1
1_MACS_peak_1891_lociStitched	chr1	173157233	173177795	1	20563	28013.6688	533	1
4_MACS_peak_6350_lociStitched	chr12	120537666	120573250	4	20544	17265.3568	534	1
4_MACS_peak_10712_lociStitched	chr17	55613784	55636478	4	20525	16396.415	535	1
5_MACS_peak_19990_lociStitched	chr5	67546793	67573114	5	20489	18253.6135	536	1
2_MACS_peak_10721_lociStitched	chr17	55728185	55749366	2	20488	22682.7329	537	1
6_MACS_peak_4339_lociStitched	chr11	63992123	64020159	6	20436	28955.5808	538	1
4_MACS_peak_4222_lociStitched	chr11	48012007	48043230	4	20430	15717.6582	539	1
5_MACS_peak_5060_lociStitched	chr12	1682504	1716703	5	20427	19452.3912	540	1
3_MACS_peak_2764_lociStitched	chr10	11556922	11582888	3	20426	26516.4792	541	1
3_MACS_peak_9854_lociStitched	chr16	89020125	89046862	3	20407	26116.7016	542	1
5_MACS_peak_16407_lociStitched	chr22	48464449	48498430	5	20390	19851.7002	543	1
1_MACS_peak_16492_lociStitched	chr3	5222354	5242726	1	20373	27995.2024	544	1
2_MACS_peak_16552_lociStitched	chr3	13362858	13383274	2	20371	27330.8992	545	1
3_MACS_peak_17007_lociStitched	chr3	52718086	52746496	3	20369	29222.526	546	1
3_MACS_peak_18588_lociStitched	chr4	40300462	40328385	3	20362	36442.3073	547	1
3_MACS_peak_19997_lociStitched	chr5	67663664	67693198	3	20359	30316.651	548	1
6_MACS_peak_3254_lociStitched	chr10	73619030	73658064	6	20343	17900.9924	549	1
3_MACS_peak_14858_lociStitched	chr2	240173357	240198748	3	20273	28275.4176	550	1
3_MACS_peak_247_lociStitched	chr1	19784506	19813921	3	20242	22640.7255	551	1
3_MACS_peak_2776_lociStitched	chr10	11703644	11731531	3	20184	26414.5664	552	1
2_MACS_peak_25140_lociStitched	chr8	131039102	131059929	2	20128	22743.084	553	1
2_MACS_peak_15802_lociStitched	chr21	44577657	44599599	2	20127	35383.6692	554	1
3_MACS_peak_14576_lociStitched	chr2	204442431	204466017	3	20119	46513.9506	555	1
3_MACS_peak_203_lociStitched	chr1	16155407	16181147	3	20114	38700.09	556	1
6_MACS_peak_8194_lociStitched	chr15	40329195	40363222	6	20094	21865.7502	557	1
2_MACS_peak_20568_lociStitched	chr5	133966774	133987305	2	20056	39692.5823	558	1
3_MACS_peak_9113_lociStitched	chr16	9031551	9058823	3	20052	19390.392	559	1
2_MACS_peak_1420_lociStitched	chr1	120747762	120770721	2	20034	36693.0738	560	1
2_MACS_peak_18796_lociStitched	chr4	77115186	77138396	2	20004	32531.136	561	1
5_MACS_peak_19369_lociStitched	chr4	153328289	153356454	5	19996	11212.4865	562	1
1_MACS_peak_15433_lociStitched	chr20	52194158	52214142	1	19985	46592.696	563	1
1_MACS_peak_24989_lociStitched	chr8	120915205	120935184	1	19980	30801.6243	564	1
4_MACS_peak_4620_lociStitched	chr11	77146136	77172074	4	19975	17767.53	565	1
3_MACS_peak_19893_lociStitched	chr5	55978578	56003492	3	19940	24129.209	566	1
4_MACS_peak_6971_lociStitched	chr13	72431329	72454308	4	19934	34211.1352	567	1
6_MACS_peak_20509_lociStitched	chr5	130587454	130626195	6	19920	17735.6298	568	1
1_MACS_peak_20026_lociStitched	chr5	71585181	71605097	1	19917	25775.2872	569	1
3_MACS_peak_4500_lociStitched	chr11	68592071	68612730	3	19912	32114.4155	570	1
2_MACS_peak_20996_lociStitched	chr6	381057	405674	2	19812	30896.7967	571	1
6_MACS_peak_22559_lociStitched	chr6	155634286	155675262	6	19812	16812.4528	572	1
3_MACS_peak_23056_lociStitched	chr7	31724406	31749258	3	19802	25716.8496	573	1
3_MACS_peak_21636_lociStitched	chr6	42736921	42759152	3	19796	73818.0355	574	1
1_MACS_peak_11962_lociStitched	chr19	13943467	13963259	1	19793	66564.4544	575	1
3_MACS_peak_22622_lociStitched	chr6	158015999	158038337	3	19775	14396.841	576	1
2_MACS_peak_25279_lociStitched	chr8	145491711	145517187	2	19772	27274.6056	577	1
3_MACS_peak_20616_lociStitched	chr5	138939637	138962781	3	19771	23035.2232	578	1
4_MACS_peak_17891_lociStitched	chr3	156381399	156406325	4	19758	18014.0202	579	1
2_MACS_peak_13937_lociStitched	chr2	141764561	141788899	2	19702	40208.8098	580	1
4_MACS_peak_5140_lociStitched	chr12	10299582	10324468	4	19694	19090.0506	581	1
3_MACS_peak_13217_lociStitched	chr2	60756738	60783528	3	19684	19326.306	582	1
1_MACS_peak_16382_lociStitched	chr22	46971646	46991327	1	19682	38021.7239	583	1
3_MACS_peak_3265_lociStitched	chr10	74003180	74024658	3	19671	20747.748	584	1
2_MACS_peak_8682_lociStitched	chr15	76626387	76646361	2	19663	43545.3174	585	1
7_MACS_peak_7992_lociStitched	chr14	103556844	103591365	7	19617	18151.1418	586	1
5_MACS_peak_22583_lociStitched	chr6	157087798	157118017	5	19593	29206.6635	587	1
3_MACS_peak_23228_lociStitched	chr7	50410311	50433582	3	19589	17669.6703	588	1
2_MACS_peak_25580_lociStitched	chr9	36992191	37013263	2	19567	24367.6608	589	1
1_MACS_peak_20168_lociStitched	chr5	88168272	88187836	1	19565	52552.8168	590	1
5_MACS_peak_1364_lociStitched	chr1	115232049	115260465	5	19561	19345.6128	591	1
3_MACS_peak_14235_lociStitched	chr2	173442966	173466446	3	19545	20063.66	592	1
3_MACS_peak_6670_lociStitched	chr13	33759927	33783364	3	19529	27725.971	593	1
2_MACS_peak_16292_lociStitched	chr22	42138352	42159784	2	19522	35174.1984	594	1
4_MACS_peak_1596_lociStitched	chr1	153746813	153781047	4	19510	39331.4426	595	1
4_MACS_peak_18438_lociStitched	chr4	15766298	15797187	4	19506	19416.8254	596	1
2_MACS_peak_14324_lociStitched	chr2	182319500	182339370	2	19487	35932.908	597	1
2_MACS_peak_15473_lociStitched	chr20	56038379	56059807	2	19485	44139.5372	598	1
4_MACS_peak_26119_lociStitched	chr9	127614464	127644346	4	19465	43451.4162	599	1
3_MACS_peak_3811_lociStitched	chr10	134207933	134238576	3	19424	42247.5041	600	1
5_MACS_peak_11976_lociStitched	chr19	14211707	14249577	5	19424	17738.308	601	1
2_MACS_peak_15135_lociStitched	chr20	30937053	30958907	2	19422	19749.4598	602	1
4_MACS_peak_11625_lociStitched	chr19	1016120	1050282	4	19422	26663.441	603	1
2_MACS_peak_17111_lociStitched	chr3	64143106	64168683	2	19420	17855.3037	604	1
2_MACS_peak_2211_lociStitched	chr1	204641223	204663393	2	19390	23141.046	605	1
4_MACS_peak_12580_lociStitched	chr19	56145084	56171073	4	19383	40394.7027	606	1
3_MACS_peak_17582_lociStitched	chr3	121773018	121800555	3	19333	30775.3512	607	1
1_MACS_peak_18631_lociStitched	chr4	48190644	48209954	1	19311	45079.195	608	1
2_MACS_peak_4555_lociStitched	chr11	72850171	72871823	2	19302	26642.786	609	1
3_MACS_peak_1548_lociStitched	chr1	150579410	150603625	3	19262	50698.9455	610	1
4_MACS_peak_3372_lociStitched	chr10	82208416	82234896	4	19244	20093.024	611	1
3_MACS_peak_20422_lociStitched	chr5	118602860	118627435	3	19231	25501.4775	612	1
3_MACS_peak_2127_lociStitched	chr1	198885343	198907895	3	19225	29967.0976	613	1
1_MACS_peak_3743_lociStitched	chr10	121060402	121079589	1	19188	37305.2841	614	1
3_MACS_peak_4488_lociStitched	chr11	68024374	68050664	3	19185	38467.528	615	1
4_MACS_peak_24487_lociStitched	chr8	54791950	54819721	4	19183	23194.3392	616	1
4_MACS_peak_6077_lociStitched	chr12	96882725	96911384	4	19180	25566.6939	617	1
1_MACS_peak_8805_lociStitched	chr15	85943554	85962730	1	19177	37385.5296	618	1
2_MACS_peak_3271_lociStitched	chr10	74075496	74097841	2	19168	40797.501	619	1
1_MACS_peak_3035_lociStitched	chr10	45947684	45966841	1	19158	27283.3994	620	1
2_MACS_peak_4519_lociStitched	chr11	69451548	69470866	2	19150	43873.1098	621	1
4_MACS_peak_2896_lociStitched	chr10	22884671	22906262	4	19134	21819.8646	622	1
3_MACS_peak_22303_lociStitched	chr6	133549820	133577058	3	19124	23007.9386	623	1
1_MACS_peak_15604_lociStitched	chr21	26931595	26950713	1	19119	52845.9756	624	1
4_MACS_peak_12831_lociStitched	chr2	25495181	25521886	4	19094	16880.2305	625	1
4_MACS_peak_16280_lociStitched	chr22	41796559	41823058	4	19058	35577.5574	626	1
4_MACS_peak_4367_lociStitched	chr11	64877465	64904422	4	19058	40918.0303	627	1
4_MACS_peak_18038_lociStitched	chr3	176898479	176921334	4	19016	39664.8525	628	1
1_MACS_peak_15590_lociStitched	chr21	19151515	19170520	1	19006	35575.4595	629	1
4_MACS_peak_26289_lociStitched	chr9	137273444	137300406	4	19005	19102.577	630	1
3_MACS_peak_8200_lociStitched	chr15	40384401	40409154	3	18990	23022.7653	631	1
2_MACS_peak_8822_lociStitched	chr15	86228605	86252559	2	18935	22749.1138	632	1
2_MACS_peak_9483_lociStitched	chr16	50298933	50319674	2	18929	22097.4614	633	1
1_MACS_peak_345_lociStitched	chr1	25343860	25362784	1	18925	53475.4392	634	1
3_MACS_peak_8162_lociStitched	chr15	34609485	34636069	3	18916	36582.2424	635	1
5_MACS_peak_12241_lociStitched	chr19	39338155	39371319	5	18892	34036.2132	636	1
3_MACS_peak_24283_lociStitched	chr8	28219994	28245530	3	18882	26549.7792	637	1
4_MACS_peak_6743_lociStitched	chr13	41217932	41248146	4	18842	26757.5184	638	1
1_MACS_peak_367_lociStitched	chr1	26435940	26454771	1	18832	24591.4029	639	1
3_MACS_peak_19841_lociStitched	chr5	53812743	53839113	3	18823	17483.31	640	1
2_MACS_peak_20176_lociStitched	chr5	88561689	88580516	2	18813	36482.9606	641	1
2_MACS_peak_12219_lociStitched	chr19	38463814	38483194	2	18801	27230.838	642	1
5_MACS_peak_13461_lociStitched	chr2	85144894	85174632	5	18800	19853.0888	643	1
4_MACS_peak_23163_lociStitched	chr7	44656439	44686914	4	18796	25160.16	644	1
3_MACS_peak_5980_lociStitched	chr12	92878133	92901571	3	18769	23909.1038	645	1
2_MACS_peak_16706_lociStitched	chr3	31791167	31810917	2	18766	25216.8	646	1
3_MACS_peak_24925_lociStitched	chr8	107603201	107631976	3	18747	23943.6775	647	1
2_MACS_peak_16001_lociStitched	chr22	24176484	24201215	2	18739	28433.2307	648	1
4_MACS_peak_6003_lociStitched	chr12	93808030	93837599	4	18735	21952.0256	649	1
1_MACS_peak_10257_lociStitched	chr17	27212997	27231700	1	18704	25763.3825	650	1
1_MACS_peak_6173_lociStitched	chr12	106692363	106711049	1	18687	53727.8558	651	1
1_MACS_peak_1296_lociStitched	chr1	109901211	109919895	1	18685	20989.6056	652	1
3_MACS_peak_12008_lociStitched	chr19	16243291	16267685	3	18676	18300.3788	653	1
2_MACS_peak_650_lociStitched	chr1	44286942	44307783	2	18662	26136.6981	654	1
3_MACS_peak_6834_lociStitched	chr13	48999367	49024724	3	18658	19322.034	655	1
4_MACS_peak_23506_lociStitched	chr7	97828579	97853588	4	18636	31846.4606	656	1
4_MACS_peak_26159_lociStitched	chr9	130732669	130754976	4	18633	22610.3752	657	1
4_MACS_peak_6236_lociStitched	chr12	110430968	110454324	4	18633	24255.206	658	1
3_MACS_peak_19085_lociStitched	chr4	113194232	113219299	3	18631	23357.4306	659	1
2_MACS_peak_14417_lociStitched	chr2	191322171	191345603	2	18566	23996.7112	660	1
2_MACS_peak_1070_lociStitched	chr1	87508931	87530362	2	18564	21611.0204	661	1
2_MACS_peak_27156_lociStitched	chrX	153230598	153253288	2	18549	26510.996	662	1
4_MACS_peak_9844_lociStitched	chr16	88823619	88858300	4	18536	20180.8739	663	1
3_MACS_peak_10168_lociStitched	chr17	19196952	19221971	3	18515	21116.036	664	1
2_MACS_peak_13049_lociStitched	chr2	43438906	43457531	2	18503	58529.0625	665	1
1_MACS_peak_20445_lociStitched	chr5	122846457	122864951	1	18495	27016.0352	666	1
2_MACS_peak_2267_lociStitched	chr1	208036313	208059124	2	18492	34825.5537	667	1
5_MACS_peak_26265_lociStitched	chr9	135994859	136026058	5	18487	18341.8921	668	1
2_MACS_peak_7589_lociStitched	chr14	65780843	65804517	2	18473	16836.9488	669	1
3_MACS_peak_3246_lociStitched	chr10	73471654	73497331	3	18469	28683.7767	670	1
3_MACS_peak_16012_lociStitched	chr22	24535881	24561169	3	18464	15863.1624	671	1
2_MACS_peak_15663_lociStitched	chr21	34601150	34620920	2	18449	24714.477	672	1
1_MACS_peak_9148_lociStitched	chr16	11663989	11682429	1	18441	33697.256	673	1
4_MACS_peak_9797_lociStitched	chr16	85632372	85651937	4	18427	14746.1405	674	1
3_MACS_peak_21467_lociStitched	chr6	32142821	32165486	3	18405	35797.101	675	1
2_MACS_peak_8959_lociStitched	chr15	101732133	101752011	2	18392	25306.6818	676	1
2_MACS_peak_14845_lociStitched	chr2	238594995	238613969	2	18328	23440.4796	677	1
3_MACS_peak_4401_lociStitched	chr11	65546237	65572716	3	18305	19475.3045	678	1
1_MACS_peak_18250_lociStitched	chr3	195619565	195637868	1	18304	38187.3792	679	1
3_MACS_peak_25066_lociStitched	chr8	126429161	126453282	3	18295	89435.8438	680	1
3_MACS_peak_12077_lociStitched	chr19	18388078	18417595	3	18290	56386.3251	681	1
3_MACS_peak_25003_lociStitched	chr8	124036242	124055743	3	18258	24996.3818	682	1
5_MACS_peak_1415_lociStitched	chr1	120658781	120688433	5	18257	15617.7084	683	1
5_MACS_peak_4292_lociStitched	chr11	62357305	62390985	5	18246	23831.968	684	1
3_MACS_peak_6146_lociStitched	chr12	104959015	104978974	3	18220	18723.5379	685	1
1_MACS_peak_25582_lociStitched	chr9	37021071	37039253	1	18183	32174.8672	686	1
2_MACS_peak_17611_lociStitched	chr3	124856056	124875018	2	18173	26080.3348	687	1
3_MACS_peak_2834_lociStitched	chr10	14685915	14705406	3	18142	26714.3646	688	1
1_MACS_peak_863_lociStitched	chr1	65417118	65435247	1	18130	35987.8779	689	1
3_MACS_peak_4860_lociStitched	chr11	115087149	115111329	3	18127	55763.916	690	1
5_MACS_peak_8278_lociStitched	chr15	44578764	44612486	5	18127	23747.0324	691	1
2_MACS_peak_7815_lociStitched	chr14	89880476	89902109	2	18126	42751.1346	692	1
4_MACS_peak_21120_lociStitched	chr6	11365129	11389156	4	18113	16730.0001	693	1
2_MACS_peak_14486_lociStitched	chr2	198062468	198084575	2	18102	27551.9541	694	1
3_MACS_peak_19576_lociStitched	chr4	185724857	185748732	3	18080	30103.9875	695	1
2_MACS_peak_14548_lociStitched	chr2	202116056	202134567	2	18066	25869.1225	696	1
1_MACS_peak_14234_lociStitched	chr2	173409842	173427891	1	18050	18049	697	1
4_MACS_peak_24990_lociStitched	chr8	120942007	120965944	4	17983	28372.5261	698	1
2_MACS_peak_26850_lociStitched	chrX	78194622	78215580	2	17973	19407.108	699	1
2_MACS_peak_5534_lociStitched	chr12	48256289	48280491	2	17929	24596.4926	700	1
2_MACS_peak_24220_lociStitched	chr8	22296322	22316000	2	17912	44684.8024	701	1
4_MACS_peak_5171_lociStitched	chr12	12033678	12060904	4	17908	15230.2244	702	1
1_MACS_peak_10313_lociStitched	chr17	29633442	29651332	1	17891	38905.383	703	1
3_MACS_peak_9394_lociStitched	chr16	30342289	30368640	3	17844	21942.4777	704	1
3_MACS_peak_4031_lociStitched	chr11	19449647	19473533	3	17827	23226.7464	705	1
5_MACS_peak_4002_lociStitched	chr11	17164763	17192690	5	17795	19099.2753	706	1
2_MACS_peak_2493_lociStitched	chr1	230404628	230428868	2	17784	16175.352	707	1
1_MACS_peak_21741_lociStitched	chr6	52353797	52371568	1	17772	52186.3186	708	1
4_MACS_peak_15455_lociStitched	chr20	52678972	52703396	4	17709	17961.4096	709	1
1_MACS_peak_12304_lociStitched	chr19	41800043	41817750	1	17708	31661.8867	710	1
4_MACS_peak_1913_lociStitched	chr1	174921012	174942834	4	17703	20204.9898	711	1
2_MACS_peak_23784_lociStitched	chr7	122519494	122542667	2	17700	30789.9651	712	1
3_MACS_peak_3536_lociStitched	chr10	98016789	98035299	3	17685	22147.215	713	1
5_MACS_peak_1605_lociStitched	chr1	153927905	153951419	5	17650	26041.755	714	1
2_MACS_peak_6199_lociStitched	chr12	108952622	108971050	2	17622	26265.4284	715	1
3_MACS_peak_20708_lociStitched	chr5	149854434	149880985	3	17618	24142.8243	716	1
3_MACS_peak_2377_lociStitched	chr1	222939412	222965437	3	17580	19992.405	717	1
3_MACS_peak_24276_lociStitched	chr8	27929135	27952219	3	17565	22933.954	718	1
2_MACS_peak_7583_lociStitched	chr14	65659074	65679740	2	17546	23050.8564	719	1
3_MACS_peak_3680_lociStitched	chr10	112103036	112128669	3	17512	52001.6671	720	1
1_MACS_peak_15340_lociStitched	chr20	45973510	45990986	1	17477	41993.0804	721	1
3_MACS_peak_23184_lociStitched	chr7	47480661	47499795	3	17477	11702.3544	722	1
4_MACS_peak_275_lociStitched	chr1	22098766	22121014	4	17477	45001.0296	723	1
3_MACS_peak_6782_lociStitched	chr13	43613592	43633220	3	17464	22375.92	724	1
3_MACS_peak_5345_lociStitched	chr12	29300156	29324907	3	17444	40584.2147	725	1
3_MACS_peak_1850_lociStitched	chr1	167672115	167693076	3	17443	23467.9356	726	1
3_MACS_peak_8033_lociStitched	chr14	105939821	105959154	3	17424	30925.0668	727	1
1_MACS_peak_6949_lociStitched	chr13	67794780	67812196	1	17417	20368.012	728	1
3_MACS_peak_24500_lociStitched	chr8	56782768	56807407	3	17403	27450.3099	729	1
2_MACS_peak_12176_lociStitched	chr19	35694019	35717280	2	17399	57596.5621	730	1
4_MACS_peak_8852_lociStitched	chr15	90721006	90746367	4	17382	19702.9609	731	1
3_MACS_peak_20355_lociStitched	chr5	109023526	109041316	3	17351	31401.129	732	1
2_MACS_peak_25219_lociStitched	chr8	142122997	142143934	2	17349	29594.4495	733	1
3_MACS_peak_1713_lociStitched	chr1	157690097	157710562	3	17342	43520.869	734	1
3_MACS_peak_9831_lociStitched	chr16	88514494	88534111	3	17300	22367.3034	735	1
3_MACS_peak_6284_lociStitched	chr12	112194368	112216031	3	17288	20488.8654	736	1
4_MACS_peak_27174_lociStitched	chrX	153595737	153629422	4	17278	32283.704	737	1
3_MACS_peak_18985_lociStitched	chr4	100764537	100783919	3	17266	18604.7818	738	1
3_MACS_peak_22159_lociStitched	chr6	117308805	117332399	3	17259	14632.9988	739	1
2_MACS_peak_15337_lociStitched	chr20	45885981	45905110	2	17250	23540.1474	740	1
5_MACS_peak_10587_lociStitched	chr17	45770199	45799105	5	17238	11799.4292	741	1
1_MACS_peak_12738_lociStitched	chr2	11882493	11899684	1	17192	43874.8702	742	1
2_MACS_peak_19744_lociStitched	chr5	32529829	32547096	2	17187	20008.9996	743	1
3_MACS_peak_4750_lociStitched	chr11	103757019	103780098	3	17184	21615.7914	744	1
1_MACS_peak_5710_lociStitched	chr12	58224537	58241684	1	17148	23523.9693	745	1
1_MACS_peak_6172_lociStitched	chr12	106666962	106684106	1	17145	18584.096	746	1
3_MACS_peak_8844_lociStitched	chr15	90573408	90593212	3	17141	21057.5932	747	1
3_MACS_peak_20866_lociStitched	chr5	171591177	171616447	3	17139	23488.465	748	1
3_MACS_peak_26415_lociStitched	chrX	7019149	7041026	3	17123	14425.6938	749	1
2_MACS_peak_24052_lociStitched	chr7	155532505	155550496	2	17112	17337.9267	750	1
3_MACS_peak_691_lociStitched	chr1	45855042	45878869	3	17109	21577.7312	751	1
2_MACS_peak_3159_lociStitched	chr10	63745022	63765281	2	17097	30605.2713	752	1
4_MACS_peak_7050_lociStitched	chr13	79955847	79982039	4	17096	20264.7504	753	1
3_MACS_peak_17094_lociStitched	chr3	61877414	61898971	3	17091	14195.2845	754	1
1_MACS_peak_5223_lociStitched	chr12	15099956	15117030	1	17075	18846.2812	755	1
1_MACS_peak_6833_lociStitched	chr13	48971472	48988542	1	17071	21260.685	756	1
3_MACS_peak_1356_lociStitched	chr1	114400249	114425168	3	17049	15093.4383	757	1
4_MACS_peak_6269_lociStitched	chr12	111154430	111181608	4	17036	18866.9676	758	1
6_MACS_peak_14247_lociStitched	chr2	174876460	174905571	6	17031	13589.0148	759	1
2_MACS_peak_8123_lociStitched	chr15	31546240	31564141	2	17028	33589.4364	760	1
3_MACS_peak_1253_lociStitched	chr1	108367674	108388217	3	17014	13396.0903	761	1
1_MACS_peak_8576_lociStitched	chr15	70300655	70317661	1	17007	25961.3596	762	1
4_MACS_peak_10336_lociStitched	chr17	30829338	30852615	4	17006	18125.7999	763	1
3_MACS_peak_25019_lociStitched	chr8	125024402	125045640	3	16997	14080.794	764	1
2_MACS_peak_6769_lociStitched	chr13	42060995	42079267	2	16992	21396.512	765	1
3_MACS_peak_14807_lociStitched	chr2	232525721	232547286	3	16985	23975.967	766	1
1_MACS_peak_2526_lociStitched	chr1	234733483	234750466	1	16984	82007.5104	767	1
2_MACS_peak_6297_lociStitched	chr12	113359326	113380601	2	16982	22885.5175	768	1
4_MACS_peak_22939_lociStitched	chr7	22374062	22397710	4	16977	14810.7424	769	1
3_MACS_peak_2374_lociStitched	chr1	222903475	222927574	3	16971	14379.8733	770	1
3_MACS_peak_16391_lociStitched	chr22	47156857	47174446	3	16965	19828.0797	771	1
2_MACS_peak_11438_lociStitched	chr18	47832996	47850410	2	16962	17443.6038	772	1
2_MACS_peak_13105_lociStitched	chr2	47193463	47215249	2	16961	28426.3728	773	1
4_MACS_peak_25711_lociStitched	chr9	73011306	73037758	4	16930	57517.2288	774	1
2_MACS_peak_19603_lociStitched	chr4	186649683	186666946	2	16923	16539.6803	775	1
2_MACS_peak_24348_lociStitched	chr8	33406910	33425997	2	16909	20762.8386	776	1
3_MACS_peak_5272_lociStitched	chr12	25203155	25229476	3	16899	25110.234	777	1
4_MACS_peak_20929_lociStitched	chr5	176716662	176740221	4	16849	16498.3677	778	1
5_MACS_peak_9760_lociStitched	chr16	81763124	81793482	5	16813	16365.9978	779	1
2_MACS_peak_26413_lociStitched	chrX	6991315	7012442	2	16793	18627.6759	780	1
5_MACS_peak_25301_lociStitched	chr8	146095035	146129400	5	16785	37828.992	781	1
2_MACS_peak_18708_lociStitched	chr4	66517376	66539315	2	16779	20848.6317	782	1
4_MACS_peak_3365_lociStitched	chr10	81945785	81966801	4	16767	22651.0448	783	1
4_MACS_peak_26518_lociStitched	chrX	19752685	19779294	4	16748	11314.1468	784	1
2_MACS_peak_25597_lociStitched	chr9	37323286	37340007	2	16720	12351.8027	785	1
2_MACS_peak_16365_lociStitched	chr22	46163536	46183610	2	16716	34904.6712	786	1
5_MACS_peak_14481_lociStitched	chr2	197993593	198023978	5	16708	15304.9245	787	1
2_MACS_peak_24150_lociStitched	chr8	12606517	12626215	2	16705	57128.1396	788	1
2_MACS_peak_12768_lociStitched	chr2	16892741	16912429	2	16704	19865.192	789	1
4_MACS_peak_24503_lociStitched	chr8	56831180	56854906	4	16698	27681.1242	790	1
5_MACS_peak_22909_lociStitched	chr7	18589573	18618188	5	16679	11156.9885	791	1
4_MACS_peak_23222_lociStitched	chr7	50301068	50324526	4	16666	17699.061	792	1
3_MACS_peak_571_lociStitched	chr1	39955731	39981884	3	16666	25598.5564	793	1
1_MACS_peak_19383_lociStitched	chr4	153551984	153568647	1	16664	35257.2417	794	1
3_MACS_peak_1116_lociStitched	chr1	90113831	90138364	3	16650	15794.3454	795	1
3_MACS_peak_6482_lociStitched	chr12	129294069	129316217	3	16640	18542.3056	796	1
4_MACS_peak_2726_lociStitched	chr10	6953626	6974306	4	16617	18297.664	797	1
1_MACS_peak_12701_lociStitched	chr2	9681122	9697735	1	16614	36113.3394	798	1
1_MACS_peak_14059_lociStitched	chr2	155995652	156012246	1	16595	35718.585	799	1
2_MACS_peak_19930_lociStitched	chr5	58878291	58895420	2	16585	19306.0959	800	1
2_MACS_peak_7238_lociStitched	chr14	23023118	23040408	2	16575	22999.158	801	1
1_MACS_peak_20872_lociStitched	chr5	172190257	172206822	1	16566	48880.002	802	1
3_MACS_peak_7115_lociStitched	chr13	100521748	100548678	3	16556	16001.806	803	1
2_MACS_peak_25823_lociStitched	chr9	93670283	93689912	2	16552	18816.3594	804	1
3_MACS_peak_9016_lociStitched	chr16	1754657	1774203	3	16550	30128.2044	805	1
3_MACS_peak_18243_lociStitched	chr3	195258250	195279241	3	16546	19057.7289	806	1
4_MACS_peak_20722_lociStitched	chr5	150510742	150538358	4	16536	14639.2416	807	1
2_MACS_peak_17949_lociStitched	chr3	169681809	169700485	2	16530	27492.9396	808	1
3_MACS_peak_25826_lociStitched	chr9	93719547	93740034	3	16502	25543.1916	809	1
2_MACS_peak_20333_lociStitched	chr5	106992535	107010149	2	16456	18781.8082	810	1
3_MACS_peak_3130_lociStitched	chr10	60789718	60810786	3	16441	17869.8776	811	1
1_MACS_peak_4825_lociStitched	chr11	111278825	111295261	1	16437	39860.5872	812	1
3_MACS_peak_10818_lociStitched	chr17	62959752	62986657	3	16430	38385.3635	813	1
3_MACS_peak_13927_lociStitched	chr2	137132701	137153691	3	16427	40510.7	814	1
2_MACS_peak_25430_lociStitched	chr9	20461880	20483213	2	16420	11767.2828	815	1
1_MACS_peak_1452_lociStitched	chr1	144920982	144937396	1	16415	26997.7472	816	1
4_MACS_peak_10434_lociStitched	chr17	38209303	38232801	4	16403	22170.363	817	1
1_MACS_peak_3211_lociStitched	chr10	70381550	70397951	1	16402	12805.9008	818	1
1_MACS_peak_14315_lociStitched	chr2	182164623	182181011	1	16389	64067.2472	819	1
5_MACS_peak_17165_lociStitched	chr3	72303323	72325084	5	16389	14773.5429	820	1
2_MACS_peak_14229_lociStitched	chr2	173291135	173308414	2	16377	13164.8701	821	1
3_MACS_peak_13715_lociStitched	chr2	111872531	111894208	3	16372	31472.8363	822	1
1_MACS_peak_16871_lociStitched	chr3	46388281	46404646	1	16366	18895.029	823	1
2_MACS_peak_14231_lociStitched	chr2	173344225	173362699	2	16359	11195.244	824	1
5_MACS_peak_8555_lociStitched	chr15	68496363	68523554	5	16349	21304.1485	825	1
2_MACS_peak_14680_lociStitched	chr2	219080426	219096926	2	16343	17513.1	826	1
3_MACS_peak_9823_lociStitched	chr16	87885529	87903941	3	16339	18741.5748	827	1
2_MACS_peak_19876_lociStitched	chr5	55436802	55453897	2	16337	19002.802	828	1
2_MACS_peak_24804_lociStitched	chr8	95986276	96003654	2	16325	20980.4594	829	1
3_MACS_peak_22203_lociStitched	chr6	125665284	125685835	3	16320	23796.0029	830	1
2_MACS_peak_17848_lociStitched	chr3	152037576	152055633	2	16279	14339.0637	831	1
2_MACS_peak_13754_lociStitched	chr2	112684192	112706424	2	16274	20864.732	832	1
2_MACS_peak_13752_lociStitched	chr2	112654836	112671338	2	16269	16737.9786	833	1
2_MACS_peak_9094_lociStitched	chr16	4553084	4569398	2	16265	21630.7326	834	1
3_MACS_peak_15436_lociStitched	chr20	52257598	52280342	3	16253	33620.1808	835	1
3_MACS_peak_10230_lociStitched	chr17	26367579	26386312	3	16243	13334.1494	836	1
3_MACS_peak_12752_lociStitched	chr2	12847934	12870116	3	16233	18996.6648	837	1
2_MACS_peak_13572_lociStitched	chr2	89441162	89461080	2	16218	12849.1018	838	1
3_MACS_peak_10823_lociStitched	chr17	63032512	63054422	3	16209	19892.089	839	1
4_MACS_peak_398_lociStitched	chr1	27754117	27773149	4	16186	9160.1016	840	1
5_MACS_peak_19726_lociStitched	chr5	32153686	32183574	5	16184	29753.504	841	1
3_MACS_peak_7410_lociStitched	chr14	50083895	50109800	3	16172	40963.5765	842	1
2_MACS_peak_8499_lociStitched	chr15	65132363	65153758	2	16171	17075.3495	843	1
2_MACS_peak_583_lociStitched	chr1	40235509	40255904	2	16168	32774.765	844	1
4_MACS_peak_21499_lociStitched	chr6	33537098	33562204	4	16150	26632.4448	845	1
3_MACS_peak_2419_lociStitched	chr1	226172607	226190899	3	16147	21535.1716	846	1
2_MACS_peak_1678_lociStitched	chr1	156115553	156132290	2	16146	22245.1467	847	1
1_MACS_peak_19098_lociStitched	chr4	114551504	114567641	1	16138	28259.1144	848	1
2_MACS_peak_9873_lociStitched	chr16	89540661	89559041	2	16128	31144.91	849	1
1_MACS_peak_24929_lociStitched	chr8	107668011	107684135	1	16125	26473.9956	850	1
3_MACS_peak_2829_lociStitched	chr10	14595085	14614789	3	16121	9359.4	851	1
3_MACS_peak_13742_lociStitched	chr2	112415905	112437458	3	16121	12272.2782	852	1
2_MACS_peak_1493_lociStitched	chr1	147069891	147088321	2	16085	28000.699	853	1
3_MACS_peak_22612_lociStitched	chr6	157875259	157891805	3	16079	17194.6032	854	1
4_MACS_peak_20178_lociStitched	chr5	88588576	88612043	4	16071	30218.4559	855	1
4_MACS_peak_21673_lociStitched	chr6	44204343	44234668	4	16062	27662.465	856	1
3_MACS_peak_9968_lociStitched	chr17	3856655	3877303	3	16058	15880.3768	857	1
3_MACS_peak_4918_lociStitched	chr11	118782137	118801764	3	16054	20437.5951	858	1
3_MACS_peak_824_lociStitched	chr1	59477454	59494876	3	16046	23786.2566	859	1
2_MACS_peak_5977_lociStitched	chr12	92823982	92843365	2	16035	34220.6865	860	1
3_MACS_peak_20261_lociStitched	chr5	96205050	96223284	3	16034	17249.364	861	1
4_MACS_peak_4326_lociStitched	chr11	63617670	63642738	4	16024	10170.0876	862	1
4_MACS_peak_10190_lociStitched	chr17	20572745	20593042	4	16014	18577.8441	863	1
3_MACS_peak_4728_lociStitched	chr11	100536761	100559526	3	16013	18838.0375	864	1
1_MACS_peak_5402_lociStitched	chr12	32284811	32300818	1	16008	20617.016	865	1
5_MACS_peak_12470_lociStitched	chr19	49953502	49979061	5	16008	17127.0859	866	1
2_MACS_peak_19657_lociStitched	chr5	6476959	6497280	2	15991	47482.0486	867	1
2_MACS_peak_3114_lociStitched	chr10	58027136	58045106	2	15988	10158.441	868	1
2_MACS_peak_61_lociStitched	chr1	2470812	2489817	2	15972	27253.17	869	1
1_MACS_peak_10057_lociStitched	chr17	8052499	8068463	1	15965	56229.9972	870	1
3_MACS_peak_15096_lociStitched	chr20	24988785	25005731	3	15909	12089.2764	871	1
2_MACS_peak_1633_lociStitched	chr1	154970489	154991672	2	15906	26080.5096	872	1
3_MACS_peak_11982_lociStitched	chr19	14476717	14497373	3	15861	20806.7888	873	1
3_MACS_peak_19520_lociStitched	chr4	180971487	180989024	3	15847	12202.2446	874	1
3_MACS_peak_15139_lociStitched	chr20	31054541	31074383	3	15838	14405.292	875	1
2_MACS_peak_11330_lociStitched	chr18	30336952	30354203	2	15831	12964.1265	876	1
3_MACS_peak_25221_lociStitched	chr8	142152742	142176103	3	15812	14808.5379	877	1
2_MACS_peak_6473_lociStitched	chr12	125394786	125413848	2	15804	72832.0896	878	1
2_MACS_peak_25515_lociStitched	chr9	33285857	33301725	2	15799	24954.0168	879	1
4_MACS_peak_16866_lociStitched	chr3	46328173	46347020	4	15791	11803.8761	880	1
3_MACS_peak_3830_lociStitched	chr10	135200979	135220881	3	15778	23846.5764	881	1
4_MACS_peak_6628_lociStitched	chr13	30982008	31007202	4	15769	15743.7306	882	1
4_MACS_peak_9521_lociStitched	chr16	57021194	57040192	4	15765	16659.3462	883	1
2_MACS_peak_22779_lociStitched	chr7	5256642	5276387	2	15765	29143.62	884	1
2_MACS_peak_4942_lociStitched	chr11	120571194	120587682	2	15751	14425.3512	885	1
2_MACS_peak_21496_lociStitched	chr6	33376596	33396934	2	15751	24942.5232	886	1
5_MACS_peak_19425_lociStitched	chr4	159688137	159721915	5	15708	14156.3598	887	1
3_MACS_peak_2033_lociStitched	chr1	186722142	186745818	3	15704	15003.4812	888	1
2_MACS_peak_1120_lociStitched	chr1	90156915	90174956	2	15696	17117.3008	889	1
2_MACS_peak_4506_lociStitched	chr11	69060004	69080859	2	15693	26552.586	890	1
2_MACS_peak_15488_lociStitched	chr20	57019764	57035890	2	15687	15797.0296	891	1
3_MACS_peak_6000_lociStitched	chr12	93770510	93794458	3	15686	26122.4784	892	1
3_MACS_peak_3672_lociStitched	chr10	111966520	111988379	3	15652	26711.698	893	1
2_MACS_peak_22530_lociStitched	chr6	152069743	152087146	2	15648	29656.4523	894	1
1_MACS_peak_9807_lociStitched	chr16	85778539	85794179	1	15641	39889.82	895	1
3_MACS_peak_26801_lociStitched	chrX	70836265	70858557	3	15628	8769.6728	896	1
3_MACS_peak_6045_lociStitched	chr12	95208529	95229049	3	15622	17526.132	897	1
2_MACS_peak_8806_lociStitched	chr15	85982786	86002813	2	15612	18268.6294	898	1
2_MACS_peak_1085_lociStitched	chr1	88050945	88067921	2	15598	23146.776	899	1
1_MACS_peak_877_lociStitched	chr1	66735660	66751256	1	15597	32154.2732	900	1
3_MACS_peak_16626_lociStitched	chr3	20079933	20099557	3	15597	22546.0136	901	1
2_MACS_peak_15278_lociStitched	chr20	39780225	39797902	2	15566	16842.6456	902	1
5_MACS_peak_23589_lociStitched	chr7	102022048	102050813	5	15564	13522.4265	903	1
4_MACS_peak_26037_lociStitched	chr9	117327804	117357150	4	15562	18951.6468	904	1
2_MACS_peak_11969_lociStitched	chr19	14110186	14130769	2	15533	35789.7204	905	1
2_MACS_peak_8066_lociStitched	chr15	22537728	22555259	2	15520	20714.6296	906	1
3_MACS_peak_13866_lociStitched	chr2	132330474	132348320	3	15520	13864.5574	907	1
3_MACS_peak_22072_lociStitched	chr6	108928501	108951376	3	15509	11952.1875	908	1
2_MACS_peak_8634_lociStitched	chr15	74905959	74925180	2	15505	32024.1081	909	1
4_MACS_peak_6814_lociStitched	chr13	47212365	47243747	4	15501	12044.4116	910	1
3_MACS_peak_10972_lociStitched	chr17	74400879	74426159	3	15492	14346.4	911	1
3_MACS_peak_21411_lociStitched	chr6	30638990	30659768	3	15482	28287.1692	912	1
3_MACS_peak_9712_lociStitched	chr16	75132343	75151936	3	15477	21136.9284	913	1
2_MACS_peak_10730_lociStitched	chr17	56400753	56418230	2	15467	26951.2817	914	1
2_MACS_peak_21526_lociStitched	chr6	35264147	35280756	2	15465	30749.9026	915	1
4_MACS_peak_7922_lociStitched	chr14	97346359	97370032	4	15459	13929.1932	916	1
2_MACS_peak_7635_lociStitched	chr14	70150246	70169901	2	15442	13685.7765	917	1
4_MACS_peak_17885_lociStitched	chr3	156263485	156280200	4	15439	15804.0325	918	1
3_MACS_peak_4547_lociStitched	chr11	72523117	72544293	3	15439	25385.7888	919	1
3_MACS_peak_10988_lociStitched	chr17	74773469	74789683	3	15438	18479.0958	920	1
3_MACS_peak_3967_lociStitched	chr11	10461588	10482877	3	15421	22425.8326	921	1
4_MACS_peak_21310_lociStitched	chr6	26183295	26207320	4	15412	33200.1475	922	1
4_MACS_peak_14651_lociStitched	chr2	213387092	213411009	4	15406	17830.1235	923	1
1_MACS_peak_5979_lociStitched	chr12	92852876	92868278	1	15403	38905.452	924	1
2_MACS_peak_7185_lociStitched	chr13	114778244	114795687	2	15396	20950.7873	925	1
3_MACS_peak_17359_lociStitched	chr3	105538392	105558095	3	15393	15078.7059	926	1
3_MACS_peak_26149_lociStitched	chr9	130531533	130550288	3	15388	21528.8645	927	1
4_MACS_peak_9373_lociStitched	chr16	29814946	29834599	4	15388	19122.369	928	1
2_MACS_peak_18426_lociStitched	chr4	14305086	14320528	2	15387	22668.856	929	1
2_MACS_peak_13138_lociStitched	chr2	51088106	51108901	2	15380	16979.1175	930	1
4_MACS_peak_10118_lociStitched	chr17	17651711	17673312	4	15378	11800.6263	931	1
3_MACS_peak_22683_lociStitched	chr6	163825694	163849354	3	15366	36303.904	932	1
2_MACS_peak_3109_lociStitched	chr10	57927999	57943538	2	15362	19423.75	933	1
3_MACS_peak_2023_lociStitched	chr1	186372356	186391697	3	15353	19600.1694	934	1
5_MACS_peak_24594_lociStitched	chr8	66920511	66946689	5	15342	10405.755	935	1
3_MACS_peak_22855_lociStitched	chr7	8212708	8231473	3	15330	21609.774	936	1
3_MACS_peak_11474_lociStitched	chr18	55756704	55775634	3	15325	13820.793	937	1
3_MACS_peak_11160_lociStitched	chr18	3245408	3264219	3	15317	23792.1528	938	1
1_MACS_peak_11093_lociStitched	chr17	80185016	80200328	1	15313	27481.9776	939	1
5_MACS_peak_9621_lociStitched	chr16	68389561	68418170	5	15310	9698.451	940	1
2_MACS_peak_24725_lociStitched	chr8	86098632	86115957	2	15307	23293.4625	941	1
3_MACS_peak_12799_lociStitched	chr2	20614719	20631716	3	15306	22585.6136	942	1
1_MACS_peak_768_lociStitched	chr1	53093449	53108751	1	15303	34256.5874	943	1
3_MACS_peak_742_lociStitched	chr1	52028860	52045676	3	15298	19185.3744	944	1
2_MACS_peak_16429_lociStitched	chr22	50622996	50641206	2	15295	39342.705	945	1
1_MACS_peak_10932_lociStitched	chr17	73307840	73323133	1	15294	26635.8181	946	1
2_MACS_peak_17131_lociStitched	chr3	69127932	69146405	2	15289	15574.5863	947	1
2_MACS_peak_18264_lociStitched	chr3	196356181	196373925	2	15275	37042.3744	948	1
3_MACS_peak_12013_lociStitched	chr19	16357852	16376174	3	15252	21504.5314	949	1
3_MACS_peak_4139_lociStitched	chr11	35183361	35206701	3	15228	24065.874	950	1
3_MACS_peak_12872_lociStitched	chr2	27292094	27310401	3	15225	12697.7352	951	1
2_MACS_peak_24006_lociStitched	chr7	150097829	150114206	2	15217	24678.5013	952	1
3_MACS_peak_23618_lociStitched	chr7	104578149	104598965	3	15213	48842.6624	953	1
2_MACS_peak_9662_lociStitched	chr16	70819262	70835901	2	15212	27436.0471	954	1
3_MACS_peak_22525_lociStitched	chr6	152001477	152028222	3	15197	32786.6955	955	1
1_MACS_peak_9513_lociStitched	chr16	56891292	56906484	1	15193	13660.6464	956	1
4_MACS_peak_15837_lociStitched	chr21	45614866	45641794	4	15170	24744.1392	957	1
2_MACS_peak_17851_lociStitched	chr3	152091725	152107163	2	15161	12276.2976	958	1
3_MACS_peak_18339_lociStitched	chr4	2786599	2803909	3	15151	19549.914	959	1
3_MACS_peak_15088_lociStitched	chr20	23329071	23348401	3	15145	29917.041	960	1
1_MACS_peak_18545_lociStitched	chr4	38663613	38678754	1	15142	28257.6483	961	1
1_MACS_peak_5159_lociStitched	chr12	11874244	11889381	1	15138	15382.2194	962	1
4_MACS_peak_21339_lociStitched	chr6	27093991	27116357	4	15130	21245.4634	963	1
3_MACS_peak_20071_lociStitched	chr5	75837771	75862160	3	15130	29144.855	964	1
2_MACS_peak_18549_lociStitched	chr4	38803053	38823503	2	15128	21705.63	965	1
3_MACS_peak_27004_lociStitched	chrX	118811128	118828536	3	15125	14601.8304	966	1
4_MACS_peak_4415_lociStitched	chr11	65834951	65857030	4	15119	16835.2375	967	1
4_MACS_peak_8287_lociStitched	chr15	44953691	44976972	4	15115	18655.0653	968	1
1_MACS_peak_2427_lociStitched	chr1	226307926	226323037	1	15112	30022.5348	969	1
1_MACS_peak_5618_lociStitched	chr12	53590308	53605416	1	15109	10920.0624	970	1
3_MACS_peak_11107_lociStitched	chr17	80446747	80466853	3	15104	15073.4682	971	1
2_MACS_peak_15392_lociStitched	chr20	49120679	49138011	2	15093	19550.496	972	1
2_MACS_peak_22024_lociStitched	chr6	105927094	105942969	2	15092	15943.2625	973	1
4_MACS_peak_23204_lociStitched	chr7	47747669	47766416	4	15091	13790.2932	974	1
1_MACS_peak_17838_lociStitched	chr3	151864753	151879827	1	15075	28073.8176	975	1
1_MACS_peak_4377_lociStitched	chr11	65143297	65158364	1	15068	31372.5074	976	1
3_MACS_peak_22812_lociStitched	chr7	7220196	7245672	3	15068	25539.69	977	1
4_MACS_peak_21424_lociStitched	chr6	31152139	31173571	4	15058	39677.0616	978	1
3_MACS_peak_11125_lociStitched	chr17	80816141	80832571	3	15057	21766.464	979	1
1_MACS_peak_1880_lociStitched	chr1	172782688	172797742	1	15055	36534.5526	980	1
2_MACS_peak_12992_lociStitched	chr2	39625899	39642439	2	15054	13858.866	981	1
4_MACS_peak_22652_lociStitched	chr6	159256139	159278835	4	15054	24005.5592	982	1
3_MACS_peak_26636_lociStitched	chrX	42792495	42816704	3	15046	18444.8371	983	1
3_MACS_peak_21477_lociStitched	chr6	32804684	32824297	3	15018	31686.7628	984	1
2_MACS_peak_12330_lociStitched	chr19	42771182	42791643	2	15012	33359.6144	985	1
3_MACS_peak_10213_lociStitched	chr17	21178178	21200721	3	15008	31131.883	986	1
2_MACS_peak_5676_lociStitched	chr12	57020164	57040998	2	15007	25723.7398	987	1
4_MACS_peak_12255_lociStitched	chr19	39920860	39940897	4	15004	15288.231	988	1
3_MACS_peak_11659_lociStitched	chr19	1846533	1866412	3	14989	25419.2773	989	1
3_MACS_peak_15669_lociStitched	chr21	34695872	34714084	3	14985	22992.65	990	1
3_MACS_peak_11255_lociStitched	chr18	20803387	20823562	3	14976	12383.415	991	1
2_MACS_peak_4480_lociStitched	chr11	67763946	67779068	2	14954	19085.4762	992	1
2_MACS_peak_23858_lociStitched	chr7	130782454	130798390	2	14953	34533.312	993	1
1_MACS_peak_6307_lociStitched	chr12	113565144	113580075	1	14932	13660.3719	994	1
3_MACS_peak_114_lociStitched	chr1	8648217	8666133	3	14917	12181.0884	995	1
2_MACS_peak_377_lociStitched	chr1	27018011	27034236	2	14915	18882.655	996	1
5_MACS_peak_18576_lociStitched	chr4	39946653	39980526	5	14902	16303.0749	997	1
3_MACS_peak_11299_lociStitched	chr18	24027160	24046376	3	14887	13380.1008	998	1
3_MACS_peak_21537_lociStitched	chr6	35685470	35705424	3	14886	23671.4302	999	1
2_MACS_peak_25078_lociStitched	chr8	126645696	126662335	2	14873	25447.6866	1000	1
2_MACS_peak_26589_lociStitched	chrX	37634599	37650494	2	14871	12496.649	1001	1
3_MACS_peak_10027_lociStitched	chr17	7136491	7157060	3	14870	29316.9957	1002	1
2_MACS_peak_17083_lociStitched	chr3	61613902	61628838	2	14867	11024.2616	1003	1
3_MACS_peak_25098_lociStitched	chr8	128799902	128823354	3	14865	14331.5172	1004	1
4_MACS_peak_23042_lociStitched	chr7	30348615	30372005	4	14864	14525.19	1005	1
2_MACS_peak_4217_lociStitched	chr11	47868099	47885952	2	14854	14298.4677	1006	1
2_MACS_peak_15218_lociStitched	chr20	34728065	34745957	2	14845	18707.8752	1007	1
2_MACS_peak_23623_lociStitched	chr7	104642843	104662405	2	14832	62457.5536	1008	1
3_MACS_peak_22532_lociStitched	chr6	152127647	152148569	3	14827	16174.7982	1009	1
2_MACS_peak_20265_lociStitched	chr5	96254814	96273762	2	14822	47739.486	1010	1
2_MACS_peak_15046_lociStitched	chr20	15956508	15972004	2	14819	25636.5824	1011	1
2_MACS_peak_2331_lociStitched	chr1	218517110	218533540	2	14819	33080.162	1012	1
1_MACS_peak_22816_lociStitched	chr7	7285946	7300760	1	14815	29909.466	1013	1
4_MACS_peak_3863_lociStitched	chr11	818508	844335	4	14809	18528.2898	1014	1
2_MACS_peak_12438_lociStitched	chr19	48823258	48838410	2	14805	33019.2384	1015	1
2_MACS_peak_12957_lociStitched	chr2	37871112	37886085	2	14804	12789.9366	1016	1
4_MACS_peak_22092_lociStitched	chr6	109263001	109282802	4	14799	10607.3957	1017	1
4_MACS_peak_10531_lociStitched	chr17	43208604	43229787	4	14793	19734.0828	1018	1
4_MACS_peak_15897_lociStitched	chr22	18537607	18562576	4	14754	16287.2787	1019	1
3_MACS_peak_25594_lociStitched	chr9	37288618	37310088	3	14749	12220.724	1020	1
2_MACS_peak_596_lociStitched	chr1	40518308	40533990	2	14744	12605.1916	1021	1
1_MACS_peak_24242_lociStitched	chr8	23302060	23316797	1	14738	24062.5736	1022	1
2_MACS_peak_14056_lociStitched	chr2	155860302	155880492	2	14738	27486.666	1023	1
3_MACS_peak_17966_lociStitched	chr3	170066723	170087282	3	14726	20717.3043	1024	1
2_MACS_peak_8547_lociStitched	chr15	68224442	68241577	2	14723	20400.931	1025	1
2_MACS_peak_12595_lociStitched	chr19	57778574	57797261	2	14718	36024.7986	1026	1
2_MACS_peak_14749_lociStitched	chr2	225831857	225849908	2	14714	28067.4999	1027	1
4_MACS_peak_17121_lociStitched	chr3	67039590	67070089	4	14713	17356.9809	1028	1
4_MACS_peak_25050_lociStitched	chr8	126161371	126189103	4	14712	13813.3092	1029	1
3_MACS_peak_3078_lociStitched	chr10	53618115	53640510	3	14711	19364.9565	1030	1
2_MACS_peak_3626_lociStitched	chr10	104401225	104421939	2	14703	31849.8464	1031	1
3_MACS_peak_23198_lociStitched	chr7	47660360	47677897	3	14701	15092.3422	1032	1
3_MACS_peak_2686_lociStitched	chr10	4162457	4180018	3	14701	12482.3588	1033	1
2_MACS_peak_5583_lociStitched	chr12	51311281	51326339	2	14691	15255.2598	1034	1
1_MACS_peak_19564_lociStitched	chr4	185446991	185461676	1	14686	26524.047	1035	1
1_MACS_peak_1943_lociStitched	chr1	178541013	178555683	1	14671	42196.788	1036	1
2_MACS_peak_14760_lociStitched	chr2	227767884	227784767	2	14664	19398.567	1037	1
2_MACS_peak_26764_lociStitched	chrX	64060389	64078415	2	14653	14108.9502	1038	1
2_MACS_peak_16389_lociStitched	chr22	47121711	47137550	2	14652	15176.9298	1039	1
2_MACS_peak_7018_lociStitched	chr13	77897372	77916625	2	14643	28273.0305	1040	1
4_MACS_peak_13311_lociStitched	chr2	65044829	65068147	4	14635	16294.6184	1041	1
1_MACS_peak_9251_lociStitched	chr16	21367031	21381660	1	14630	14684.5902	1042	1
3_MACS_peak_3390_lociStitched	chr10	83618194	83637890	3	14628	28255.8816	1043	1
1_MACS_peak_14796_lociStitched	chr2	231728974	231743600	1	14627	28048.2802	1044	1
2_MACS_peak_13181_lociStitched	chr2	55224287	55242996	2	14620	25352.5659	1045	1
1_MACS_peak_1955_lociStitched	chr1	179048281	179062892	1	14612	28437.3893	1046	1
1_MACS_peak_1297_lociStitched	chr1	109927434	109942045	1	14612	19212.0039	1047	1
2_MACS_peak_11891_lociStitched	chr19	11195404	11211077	2	14608	52747.4815	1048	1
2_MACS_peak_3957_lociStitched	chr11	9585970	9600987	2	14598	23413.0047	1049	1
1_MACS_peak_9526_lociStitched	chr16	57070574	57085161	1	14588	37275.6198	1050	1
2_MACS_peak_4468_lociStitched	chr11	67222844	67238187	2	14577	23603.6712	1051	1
3_MACS_peak_23577_lociStitched	chr7	101578785	101601003	3	14561	8653.911	1052	1
2_MACS_peak_2915_lociStitched	chr10	24702909	24719053	2	14555	15578.96	1053	1
3_MACS_peak_12994_lociStitched	chr2	39651209	39668261	3	14553	35664.258	1054	1
2_MACS_peak_6212_lociStitched	chr12	109161261	109181008	2	14553	10505.404	1055	1
2_MACS_peak_5965_lociStitched	chr12	92526777	92541578	2	14549	29847.6966	1056	1
3_MACS_peak_2015_lociStitched	chr1	184703812	184725426	3	14542	16469.868	1057	1
3_MACS_peak_17571_lociStitched	chr3	121509379	121531438	3	14497	12774.3669	1058	1
2_MACS_peak_2723_lociStitched	chr10	6792740	6807408	2	14492	28604.0668	1059	1
4_MACS_peak_35_lociStitched	chr1	1654359	1679280	4	14475	18989.802	1060	1
3_MACS_peak_14309_lociStitched	chr2	182025364	182051241	3	14469	20116.7798	1061	1
2_MACS_peak_9159_lociStitched	chr16	11873914	11893866	2	14465	24147.9056	1062	1
2_MACS_peak_10555_lociStitched	chr17	44217995	44234114	2	14450	9329.6772	1063	1
2_MACS_peak_8849_lociStitched	chr15	90632492	90647393	2	14431	26592.3246	1064	1
3_MACS_peak_26575_lociStitched	chrX	30577686	30597253	3	14424	12317.4265	1065	1
2_MACS_peak_24544_lociStitched	chr8	61678310	61695704	2	14416	9707.5914	1066	1
2_MACS_peak_1892_lociStitched	chr1	173375334	173390382	2	14410	24231.7944	1067	1
3_MACS_peak_5057_lociStitched	chr12	1653721	1670410	3	14406	15675.9777	1068	1
3_MACS_peak_269_lociStitched	chr1	21654111	21673191	3	14396	12854.196	1069	1
3_MACS_peak_8620_lociStitched	chr15	74448019	74467473	3	14385	13923.2278	1070	1
2_MACS_peak_21565_lociStitched	chr6	36644562	36660900	2	14373	27067.1646	1071	1
4_MACS_peak_20642_lociStitched	chr5	139926080	139951296	4	14361	21884.9664	1072	1
1_MACS_peak_1323_lociStitched	chr1	111412232	111426582	1	14351	20715.66	1073	1
2_MACS_peak_3763_lociStitched	chr10	125149136	125163898	2	14329	17549.0656	1074	1
2_MACS_peak_26482_lociStitched	chrX	13706092	13720525	2	14321	15695.8875	1075	1
3_MACS_peak_15131_lociStitched	chr20	30864342	30885689	3	14310	14742.2382	1076	1
2_MACS_peak_18959_lociStitched	chr4	96455030	96472868	2	14302	11906.865	1077	1
1_MACS_peak_12100_lociStitched	chr19	19172929	19187219	1	14291	14732.99	1078	1
2_MACS_peak_9280_lociStitched	chr16	22446765	22465824	2	14290	16741.4256	1079	1
1_MACS_peak_16525_lociStitched	chr3	10229044	10243325	1	14282	34494.3274	1080	1
2_MACS_peak_23922_lociStitched	chr7	139412878	139433030	2	14277	14692.8232	1081	1
2_MACS_peak_12026_lociStitched	chr19	16681527	16701765	2	14277	24071.0772	1082	1
2_MACS_peak_18344_lociStitched	chr4	2838523	2856091	2	14271	14252.9184	1083	1
4_MACS_peak_10373_lociStitched	chr17	34408294	34432308	4	14267	30778.7438	1084	1
3_MACS_peak_24332_lociStitched	chr8	29891827	29909795	3	14266	22115.0144	1085	1
2_MACS_peak_14266_lociStitched	chr2	175994934	176009359	2	14265	18622.675	1086	1
1_MACS_peak_19568_lociStitched	chr4	185558092	185572345	1	14254	16919.7363	1087	1
3_MACS_peak_21745_lociStitched	chr6	52428101	52443575	3	14251	18168.0234	1088	1
4_MACS_peak_19937_lociStitched	chr5	59039131	59065769	4	14251	19443.0762	1089	1
1_MACS_peak_24230_lociStitched	chr8	22827674	22841917	1	14244	27390.7133	1090	1
3_MACS_peak_7912_lociStitched	chr14	95951847	95972485	3	14238	12017.5074	1091	1
4_MACS_peak_16957_lociStitched	chr3	50263671	50285101	4	14237	12542.979	1092	1
4_MACS_peak_4701_lociStitched	chr11	95760680	95788820	4	14208	11990.454	1093	1
2_MACS_peak_25104_lociStitched	chr8	128896952	128911776	2	14201	10308.6096	1094	1
3_MACS_peak_21225_lociStitched	chr6	16727527	16743941	3	14197	12359.742	1095	1
1_MACS_peak_6107_lociStitched	chr12	102322665	102336857	1	14193	30237.4752	1096	1
2_MACS_peak_1693_lociStitched	chr1	156708710	156723172	2	14189	28287.672	1097	1
1_MACS_peak_10343_lociStitched	chr17	31153276	31167459	1	14184	23047.375	1098	1
2_MACS_peak_7558_lociStitched	chr14	64318519	64338642	2	14177	45302.9099	1099	1
3_MACS_peak_6993_lociStitched	chr13	74557194	74575076	3	14175	13558.1324	1100	1
4_MACS_peak_27158_lociStitched	chrX	153266260	153287433	4	14153	13984.7665	1101	1
4_MACS_peak_13654_lociStitched	chr2	106391509	106417356	4	14139	13016.5492	1102	1
3_MACS_peak_17244_lociStitched	chr3	83566630	83585987	3	14138	8797.7565	1103	1
5_MACS_peak_21238_lociStitched	chr6	18380704	18402680	5	14110	11328.628	1104	1
1_MACS_peak_5445_lociStitched	chr12	40614436	40628538	1	14103	39943.915	1105	1
4_MACS_peak_6636_lociStitched	chr13	31180794	31203350	4	14100	28497.2504	1106	1
2_MACS_peak_994_lociStitched	chr1	82258390	82272670	2	14075	19904.892	1107	1
3_MACS_peak_2233_lociStitched	chr1	206271517	206294260	3	14061	22324.5288	1108	1
3_MACS_peak_16329_lociStitched	chr22	43505936	43526569	3	14054	13064.8156	1109	1
2_MACS_peak_22838_lociStitched	chr7	7947590	7965980	2	14046	20155.44	1110	1
3_MACS_peak_18046_lociStitched	chr3	177062216	177081356	3	14033	26185.434	1111	1
3_MACS_peak_10248_lociStitched	chr17	27037150	27056954	3	14032	22321.0884	1112	1
3_MACS_peak_20462_lociStitched	chr5	123983116	123998933	3	14020	13403.3258	1113	1
1_MACS_peak_14427_lociStitched	chr2	191743826	191757838	1	14013	26341.1588	1114	1
1_MACS_peak_4267_lociStitched	chr11	60671495	60685505	1	14011	21121.476	1115	1
3_MACS_peak_17449_lociStitched	chr3	112200609	112220167	3	14011	15497.7592	1116	1
4_MACS_peak_15530_lociStitched	chr20	62247137	62275099	4	14010	25193.762	1117	1
3_MACS_peak_16018_lociStitched	chr22	24792818	24807050	3	13998	23736.1296	1118	1
2_MACS_peak_17116_lociStitched	chr3	64333627	64350102	2	13996	9812.51	1119	1
2_MACS_peak_17274_lociStitched	chr3	96530599	96548099	2	13990	11387.25	1120	1
1_MACS_peak_6804_lociStitched	chr13	46267528	46281515	1	13988	23805.874	1121	1
2_MACS_peak_346_lociStitched	chr1	25557261	25575342	2	13982	19827.6246	1122	1
3_MACS_peak_10393_lociStitched	chr17	36175927	36194118	3	13975	13082.9672	1123	1
2_MACS_peak_16111_lociStitched	chr22	33960642	33976799	2	13965	20818.2945	1124	1
2_MACS_peak_16180_lociStitched	chr22	37761574	37776270	2	13964	23005.1184	1125	1
3_MACS_peak_1756_lociStitched	chr1	160750041	160771142	3	13951	20989.1647	1126	1
3_MACS_peak_13694_lociStitched	chr2	111413728	111438258	3	13951	25906.133	1127	1
3_MACS_peak_4884_lociStitched	chr11	116849430	116866041	3	13947	10873.5606	1128	1
3_MACS_peak_12481_lociStitched	chr19	50165023	50184679	3	13929	20233.8864	1129	1
2_MACS_peak_21448_lociStitched	chr6	31693940	31709330	2	13921	23980.698	1130	1
3_MACS_peak_25368_lociStitched	chr9	5608469	5631249	3	13914	24262.978	1131	1
2_MACS_peak_8694_lociStitched	chr15	77030869	77048841	2	13904	13840.2372	1132	1
3_MACS_peak_3837_lociStitched	chr11	266661	290605	3	13902	42067.2136	1133	1
2_MACS_peak_26878_lociStitched	chrX	88437059	88452719	2	13889	8533.134	1134	1
2_MACS_peak_13987_lociStitched	chr2	149400648	149418700	2	13878	21534.2308	1135	1
2_MACS_peak_18022_lociStitched	chr3	175191479	175208973	2	13876	20719.8936	1136	1
1_MACS_peak_23924_lociStitched	chr7	139465584	139479456	1	13873	22972.032	1137	1
2_MACS_peak_10999_lociStitched	chr17	75200634	75214539	2	13861	22152.0555	1138	1
2_MACS_peak_21492_lociStitched	chr6	33279401	33293324	2	13849	18963.126	1139	1
3_MACS_peak_17595_lociStitched	chr3	122327641	122347818	3	13849	12475.4391	1140	1
2_MACS_peak_5504_lociStitched	chr12	46753444	46768145	2	13846	18273.343	1141	1
2_MACS_peak_21129_lociStitched	chr6	11721969	11736742	2	13808	14080.1463	1142	1
1_MACS_peak_7395_lociStitched	chr14	48135050	48148838	1	13789	20341.4364	1143	1
2_MACS_peak_534_lociStitched	chr1	36849053	36864675	2	13741	25976.2616	1144	1
2_MACS_peak_11033_lociStitched	chr17	76766618	76780824	2	13738	19587.2328	1145	1
2_MACS_peak_10997_lociStitched	chr17	75172840	75188581	2	13731	8870.0535	1146	1
2_MACS_peak_15475_lociStitched	chr20	56183295	56199057	2	13729	25353.177	1147	1
3_MACS_peak_9260_lociStitched	chr16	21609601	21632184	3	13728	15729.0595	1148	1
3_MACS_peak_15619_lociStitched	chr21	30434955	30453988	3	13720	17087.8274	1149	1
3_MACS_peak_16964_lociStitched	chr3	50357309	50379369	3	13717	27650.004	1150	1
3_MACS_peak_1263_lociStitched	chr1	108490256	108509296	3	13713	16658.096	1151	1
3_MACS_peak_23095_lociStitched	chr7	37374588	37394358	3	13712	13953.666	1152	1
1_MACS_peak_805_lociStitched	chr1	55716999	55730697	1	13699	16663.617	1153	1
2_MACS_peak_22385_lociStitched	chr6	139683241	139698916	2	13697	34455.2175	1154	1
3_MACS_peak_8739_lociStitched	chr15	80343612	80358863	3	13696	13791.4793	1155	1
4_MACS_peak_6565_lociStitched	chr13	24367171	24387036	4	13696	13035.413	1156	1
3_MACS_peak_16228_lociStitched	chr22	39456669	39474808	3	13686	14222.7899	1157	1
3_MACS_peak_10747_lociStitched	chr17	57437928	57454394	3	13684	13426.3764	1158	1
2_MACS_peak_14959_lociStitched	chr20	4128549	4144825	2	13683	15095.99	1159	1
2_MACS_peak_16145_lociStitched	chr22	36295287	36312944	2	13672	15790.6551	1160	1
4_MACS_peak_18256_lociStitched	chr3	195997748	196020875	4	13672	15421.0836	1161	1
1_MACS_peak_6191_lociStitched	chr12	108119885	108133552	1	13668	19799.3829	1162	1
3_MACS_peak_25382_lociStitched	chr9	6629788	6646829	3	13660	11676.4932	1163	1
3_MACS_peak_22646_lociStitched	chr6	159124557	159143062	3	13659	15755.157	1164	1
4_MACS_peak_4926_lociStitched	chr11	118954681	118979694	4	13642	18744.7422	1165	1
4_MACS_peak_16567_lociStitched	chr3	15028643	15050379	4	13621	10868	1166	1
2_MACS_peak_19274_lociStitched	chr4	141581964	141598378	2	13609	13963.3898	1167	1
2_MACS_peak_5001_lociStitched	chr11	128554834	128572490	2	13601	19569.9104	1168	1
1_MACS_peak_924_lociStitched	chr1	72787134	72800709	1	13576	11424.72	1169	1
4_MACS_peak_6383_lociStitched	chr12	121646842	121666734	4	13573	27331.608	1170	1
3_MACS_peak_22290_lociStitched	chr6	132672314	132692449	3	13562	13349.505	1171	1
1_MACS_peak_12998_lociStitched	chr2	39691589	39705145	1	13557	20343.4892	1172	1
2_MACS_peak_8545_lociStitched	chr15	68193958	68211461	2	13550	15085.8357	1173	1
3_MACS_peak_688_lociStitched	chr1	45824931	45843248	3	13550	9962.6163	1174	1
1_MACS_peak_268_lociStitched	chr1	21614101	21627630	1	13530	28900.6498	1175	1
