#MM12 Enhancers
#Created from /data/projects/IRF4_mm_trn_data/myeloma_public_data/rose/MM12.H3K27ac_ROSE/MM12_0KB_STITCHED_ENHANCER_REGION_MAP.txt
#Ranked by MM12.jin.bam
#Using cutoff of 11100.9132 for Super-Enhancers
#Created on Jul 16 2024 
REGION_ID	CHROM	START	STOP	NUM_LOCI	CONSTITUENT_SIZE	MM12.jin.bam	enhancerRank	isStretch
11_MACS_peak_8943_lociStitched	chr14	106025287	106049423	11	22683	58710.82	1	1
1_MACS_peak_24005_lociStitched	chr6	388942	405813	1	16872	61815.344	2	1
4_MACS_peak_23992_lociStitched	chr6	315982	331032	4	14982	48417.355	3	1
8_MACS_peak_18370_lociStitched	chr22	23222747	23238838	8	14570	36290.0323	4	1
3_MACS_peak_8709_lociStitched	chr14	91829926	91844764	3	14467	40311.8784	5	1
4_MACS_peak_4793_lociStitched	chr11	65183589	65198970	4	14260	95134.5612	6	1
4_MACS_peak_20473_lociStitched	chr3	141097354	141112438	4	14134	38034.306	7	1
8_MACS_peak_9811_lociStitched	chr15	81583689	81598334	8	14044	30498.2125	8	1
8_MACS_peak_24140_lociStitched	chr6	7905276	7918676	8	12437	37171.6	9	1
4_MACS_peak_4807_lociStitched	chr11	65263563	65276239	4	12058	64735.0644	10	1
6_MACS_peak_29644_lociStitched	chr9	134543324	134555240	6	11092	28481.6232	11	1
1_MACS_peak_14056_lociStitched	chr19	39891502	39902342	1	10841	57801.048	12	1
2_MACS_peak_8972_lociStitched	chr14	106157305	106168486	2	10811	25785.6222	13	1
2_MACS_peak_15068_lociStitched	chr2	43445025	43455796	2	10748	30137.258	14	1
4_MACS_peak_19129_lociStitched	chr3	13050077	13061578	4	10622	26841.0338	15	1
13_MACS_peak_15672_lociStitched	chr2	89135225	89147410	13	10257	18327.4585	16	1
7_MACS_peak_1606_lociStitched	chr1	118147613	118158148	7	10236	24762.5175	17	1
3_MACS_peak_23655_lociStitched	chr5	150457065	150467189	3	9889	32621.5528	18	1
3_MACS_peak_25167_lociStitched	chr6	106531205	106541197	3	9790	29017.7672	19	1
1_MACS_peak_28206_lociStitched	chr8	126441077	126450796	1	9720	46313.9507	20	1
1_MACS_peak_19744_lociStitched	chr3	55514855	55524322	1	9468	28305.3833	21	1
2_MACS_peak_13220_lociStitched	chr19	2082078	2091524	2	9432	30435.9566	22	1
4_MACS_peak_7279_lociStitched	chr12	125397040	125406471	4	9312	32319.0939	23	1
1_MACS_peak_18386_lociStitched	chr22	23269631	23278884	1	9254	25731.6677	24	1
7_MACS_peak_19723_lociStitched	chr3	53199711	53209518	7	9197	15113.5677	25	1
9_MACS_peak_8730_lociStitched	chr14	91875173	91885557	9	9178	17863.5952	26	1
10_MACS_peak_8962_lociStitched	chr14	106145993	106156443	10	9134	16601.915	27	1
1_MACS_peak_4354_lociStitched	chr11	10323553	10332641	1	9089	31858.8928	28	1
7_MACS_peak_12475_lociStitched	chr17	75449673	75458995	7	8931	15043.8436	29	1
2_MACS_peak_14501_lociStitched	chr19	55762456	55771552	2	8901	26203.7568	30	1
2_MACS_peak_3755_lociStitched	chr10	81001656	81010586	2	8821	18696.741	31	1
4_MACS_peak_14781_lociStitched	chr2	20417010	20425950	4	8815	14948.574	32	1
4_MACS_peak_30420_lociStitched	chrX	106953583	106962662	4	8751	36784.4764	33	1
3_MACS_peak_18154_lociStitched	chr21	45572826	45581474	3	8570	38035.6336	34	1
3_MACS_peak_17518_lociStitched	chr20	46384265	46392850	3	8526	17610.4105	35	1
2_MACS_peak_13055_lociStitched	chr18	60822098	60830568	2	8406	21182.623	36	1
6_MACS_peak_4818_lociStitched	chr11	65336338	65345555	6	8331	22590.867	37	1
5_MACS_peak_20479_lociStitched	chr3	141125394	141134599	5	8296	21110.747	38	1
3_MACS_peak_27114_lociStitched	chr7	137664504	137672848	3	8165	22632.2656	39	1
3_MACS_peak_23571_lociStitched	chr5	142430715	142439045	3	8138	23673.027	40	1
3_MACS_peak_9914_lociStitched	chr15	89177685	89185588	3	7873	29831.4541	41	1
6_MACS_peak_30712_lociStitched	chrX	153231270	153239173	6	7739	26840.9589	42	1
4_MACS_peak_9948_lociStitched	chr15	90638822	90646733	4	7735	25334.9775	43	1
7_MACS_peak_23126_lociStitched	chr5	109024142	109032259	7	7691	26103.4603	44	1
4_MACS_peak_19056_lociStitched	chr3	5226194	5234382	4	7645	32304.9352	45	1
5_MACS_peak_14954_lociStitched	chr2	33717553	33725699	5	7602	15650.0952	46	1
1_MACS_peak_5987_lociStitched	chr12	26272722	26280298	1	7577	22365.8672	47	1
6_MACS_peak_25981_lociStitched	chr7	8007017	8015000	6	7560	14004.5769	48	1
2_MACS_peak_14277_lociStitched	chr19	47216832	47224735	2	7550	21854.9562	49	1
3_MACS_peak_11829_lociStitched	chr17	38476053	38483513	3	7331	25035.014	50	1
1_MACS_peak_25788_lociStitched	chr6	159458857	159466137	1	7281	18475.184	51	1
7_MACS_peak_12313_lociStitched	chr17	66451271	66459086	7	7272	19775.8575	52	1
7_MACS_peak_11415_lociStitched	chr17	16872461	16880665	7	7268	15553.9636	53	1
5_MACS_peak_6245_lociStitched	chr12	48200779	48208663	5	7259	16837.0704	54	1
3_MACS_peak_23462_lociStitched	chr5	139037351	139045143	3	7255	15759.32	55	1
2_MACS_peak_4628_lociStitched	chr11	58340317	58347871	2	7122	30458.4834	56	1
3_MACS_peak_5889_lociStitched	chr12	12866622	12873878	3	7061	23265.6384	57	1
2_MACS_peak_23439_lociStitched	chr5	138723266	138730314	2	7035	30709.5456	58	1
4_MACS_peak_9701_lociStitched	chr15	75334641	75341954	4	7028	21487.0566	59	1
2_MACS_peak_3569_lociStitched	chr10	63805112	63812157	2	7018	16357.7855	60	1
3_MACS_peak_10713_lociStitched	chr16	56963985	56971097	3	7017	30189.7288	61	1
1_MACS_peak_4270_lociStitched	chr11	1871241	1878228	1	6988	25322.9841	62	1
2_MACS_peak_22364_lociStitched	chr5	6480188	6487210	2	6966	21957.794	63	1
2_MACS_peak_15870_lociStitched	chr2	111874024	111881281	2	6955	23458.9782	64	1
5_MACS_peak_17725_lociStitched	chr20	57463348	57470794	5	6921	18398.3214	65	1
2_MACS_peak_15228_lociStitched	chr2	60776132	60783101	2	6876	11811.0612	66	1
4_MACS_peak_23005_lociStitched	chr5	95152819	95160407	4	6856	19727.2824	67	1
5_MACS_peak_19093_lociStitched	chr3	10230762	10238710	5	6827	17953.7372	68	1
2_MACS_peak_13259_lociStitched	chr19	2618227	2625123	2	6821	28076.3744	69	1
2_MACS_peak_2661_lociStitched	chr1	207993759	208000973	2	6776	29549.2654	70	1
5_MACS_peak_11948_lociStitched	chr17	43302113	43309316	5	6769	24472.1925	71	1
1_MACS_peak_27079_lociStitched	chr7	130789880	130796641	1	6762	27678.8579	72	1
1_MACS_peak_25215_lociStitched	chr6	108878458	108885195	1	6738	24961.2587	73	1
1_MACS_peak_14299_lociStitched	chr19	47728676	47735404	1	6729	39477.2128	74	1
12_MACS_peak_1198_lociStitched	chr1	81771334	81779596	12	6728	8989.8822	75	1
6_MACS_peak_27142_lociStitched	chr7	139466723	139474179	6	6644	17611.072	76	1
4_MACS_peak_2926_lociStitched	chr1	234742294	234749278	4	6643	23966.9928	77	1
1_MACS_peak_16085_lociStitched	chr2	136888907	136895539	1	6633	14321.1408	78	1
2_MACS_peak_19060_lociStitched	chr3	5235528	5242408	2	6615	27927.984	79	1
2_MACS_peak_29585_lociStitched	chr9	132749127	132755755	2	6608	17699.4112	80	1
2_MACS_peak_9155_lociStitched	chr15	40387576	40394283	2	6592	19294.0269	81	1
2_MACS_peak_22048_lociStitched	chr4	153452422	153459074	2	6562	19218.9584	82	1
1_MACS_peak_13571_lociStitched	chr19	12899020	12905553	1	6534	33413.6818	83	1
3_MACS_peak_5793_lociStitched	chr12	7059988	7066526	3	6496	10477.7988	84	1
3_MACS_peak_29016_lociStitched	chr9	82182089	82189276	3	6478	24633.4425	85	1
4_MACS_peak_3075_lociStitched	chr10	6794469	6801616	4	6454	13474.9538	86	1
2_MACS_peak_24227_lociStitched	chr6	13301969	13308790	2	6429	18443.984	87	1
1_MACS_peak_13700_lociStitched	chr19	16694233	16700576	1	6344	22528.4331	88	1
3_MACS_peak_28326_lociStitched	chr8	142125467	142132135	3	6320	13659.398	89	1
3_MACS_peak_12922_lociStitched	chr18	46473290	46479943	3	6316	17860.6438	90	1
3_MACS_peak_13590_lociStitched	chr19	13260407	13266885	3	6315	21654.6584	91	1
2_MACS_peak_5280_lociStitched	chr11	98890012	98896389	2	6313	10867.6834	92	1
3_MACS_peak_3552_lociStitched	chr10	63658556	63665295	3	6310	16113.6229	93	1
2_MACS_peak_504_lociStitched	chr1	28570634	28576946	2	6308	17948.8032	94	1
4_MACS_peak_23084_lociStitched	chr5	100234826	100241469	4	6289	13883.2057	95	1
2_MACS_peak_649_lociStitched	chr1	37939507	37946033	2	6280	14738.971	96	1
5_MACS_peak_388_lociStitched	chr1	25069492	25076196	5	6274	15765.7968	97	1
2_MACS_peak_20477_lociStitched	chr3	141117998	141124402	2	6264	17704.4984	98	1
5_MACS_peak_12416_lociStitched	chr17	74257755	74264770	5	6259	15596.4495	99	1
2_MACS_peak_23459_lociStitched	chr5	139027282	139033562	2	6249	21577.452	100	1
5_MACS_peak_10315_lociStitched	chr16	11831174	11837865	5	6247	17762.5977	101	1
1_MACS_peak_13683_lociStitched	chr19	16434127	16440355	1	6229	36922.0752	102	1
4_MACS_peak_11357_lociStitched	chr17	8053884	8060875	4	6215	17800.4842	103	1
2_MACS_peak_9716_lociStitched	chr15	75742563	75748942	2	6210	20121.2797	104	1
3_MACS_peak_9282_lociStitched	chr15	45016473	45023051	3	6188	21877.1124	105	1
1_MACS_peak_22163_lociStitched	chr4	170906888	170913072	1	6185	18401.7288	106	1
2_MACS_peak_18087_lociStitched	chr21	44579874	44586420	2	6165	17172.1218	107	1
2_MACS_peak_4994_lociStitched	chr11	68605502	68612134	2	6145	23976.6696	108	1
1_MACS_peak_17994_lociStitched	chr21	36257360	36263479	1	6120	29434.2257	109	1
1_MACS_peak_22982_lociStitched	chr5	90674632	90680731	1	6100	50883.957	110	1
1_MACS_peak_24605_lociStitched	chr6	32935671	32941757	1	6087	36427.753	111	1
3_MACS_peak_28610_lociStitched	chr9	20353006	20359093	3	6031	23369.2104	112	1
4_MACS_peak_4325_lociStitched	chr11	7531857	7538481	4	6024	31645.4976	113	1
4_MACS_peak_6457_lociStitched	chr12	57076905	57083199	4	6014	17546.4132	114	1
10_MACS_peak_18387_lociStitched	chr22	23280407	23288029	10	6014	9161.644	115	1
1_MACS_peak_16193_lociStitched	chr2	158295485	158301487	1	6003	24500.164	116	1
3_MACS_peak_23028_lociStitched	chr5	95292798	95298944	3	5976	28306.0176	117	1
2_MACS_peak_2521_lociStitched	chr1	203255089	203261103	2	5960	22831.5496	118	1
6_MACS_peak_3667_lociStitched	chr10	73526884	73533867	6	5957	15635.6353	119	1
3_MACS_peak_13609_lociStitched	chr19	13949236	13955320	3	5947	20879.6796	120	1
2_MACS_peak_29463_lociStitched	chr9	127630467	127636534	2	5946	21085.8585	121	1
1_MACS_peak_9060_lociStitched	chr15	31636391	31642324	1	5934	13839.9091	122	1
2_MACS_peak_8664_lociStitched	chr14	90082346	90088395	2	5922	17494.9178	123	1
1_MACS_peak_9999_lociStitched	chr15	93443179	93449081	1	5903	26535.392	124	1
2_MACS_peak_29168_lociStitched	chr9	98268015	98273927	2	5896	15018.2536	125	1
2_MACS_peak_26101_lociStitched	chr7	26003298	26009294	2	5892	14435.37	126	1
2_MACS_peak_18115_lociStitched	chr21	44842442	44848443	2	5889	28053.4748	127	1
2_MACS_peak_20150_lociStitched	chr3	113462766	113468654	2	5878	22548.6848	128	1
2_MACS_peak_1102_lociStitched	chr1	66797333	66803362	2	5862	14072.2889	129	1
2_MACS_peak_16856_lociStitched	chr2	231734258	231740181	2	5858	12219.7413	130	1
4_MACS_peak_23465_lociStitched	chr5	139045644	139052377	4	5838	20467.6467	131	1
1_MACS_peak_15661_lociStitched	chr2	88922670	88928498	1	5829	26288.9424	132	1
5_MACS_peak_20404_lociStitched	chr3	133290710	133297266	5	5828	21626.2772	133	1
8_MACS_peak_3270_lociStitched	chr10	22608034	22615275	8	5825	10147.5374	134	1
4_MACS_peak_24564_lociStitched	chr6	31702071	31708426	4	5813	10897.554	135	1
2_MACS_peak_21393_lociStitched	chr4	40198023	40203857	2	5803	13116.5822	136	1
2_MACS_peak_7682_lociStitched	chr13	49549239	49555136	2	5792	28537.3521	137	1
3_MACS_peak_22217_lociStitched	chr4	185200607	185206547	3	5756	12643.29	138	1
2_MACS_peak_22358_lociStitched	chr5	5751030	5756779	2	5735	12950.7723	139	1
7_MACS_peak_25185_lociStitched	chr6	106610697	106617274	7	5734	12836.3309	140	1
2_MACS_peak_24208_lociStitched	chr6	12008253	12014252	2	5720	16689.218	141	1
3_MACS_peak_15627_lociStitched	chr2	87816123	87821886	3	5707	11858.5251	142	1
5_MACS_peak_19178_lociStitched	chr3	15368787	15374546	5	5702	12410.0691	143	1
2_MACS_peak_15665_lociStitched	chr2	89050718	89056448	2	5680	17788.785	144	1
3_MACS_peak_24310_lociStitched	chr6	16758489	16764231	3	5678	24495.372	145	1
2_MACS_peak_26633_lociStitched	chr7	86844904	86850597	2	5672	20541.4826	146	1
2_MACS_peak_7176_lociStitched	chr12	122237525	122243294	2	5654	22896.5841	147	1
1_MACS_peak_12980_lociStitched	chr18	52984571	52990209	1	5639	10007.45	148	1
2_MACS_peak_26864_lociStitched	chr7	104581307	104587014	2	5630	26092.404	149	1
2_MACS_peak_553_lociStitched	chr1	31225206	31231287	2	5627	14262.9855	150	1
4_MACS_peak_26408_lociStitched	chr7	55599445	55605193	4	5623	13799.7984	151	1
6_MACS_peak_8795_lociStitched	chr14	95980916	95986962	6	5614	9591.979	152	1
1_MACS_peak_14282_lociStitched	chr19	47286392	47291997	1	5606	39625.108	153	1
8_MACS_peak_24711_lociStitched	chr6	36720063	36726906	8	5604	10071.5274	154	1
4_MACS_peak_16416_lociStitched	chr2	183727336	183733134	4	5603	9206.6442	155	1
2_MACS_peak_17908_lociStitched	chr21	30604834	30610800	2	5602	13734.3286	156	1
2_MACS_peak_22937_lociStitched	chr5	88175276	88180996	2	5601	14727.856	157	1
2_MACS_peak_1859_lociStitched	chr1	150581457	150587060	2	5599	17685.8695	158	1
4_MACS_peak_1854_lociStitched	chr1	150547207	150553037	4	5559	18616.939	159	1
3_MACS_peak_24708_lociStitched	chr6	36646020	36651642	3	5558	18079.7898	160	1
2_MACS_peak_22623_lociStitched	chr5	56467943	56473791	2	5555	19559.2208	161	1
2_MACS_peak_16875_lociStitched	chr2	232570484	232576133	2	5533	19083.4518	162	1
3_MACS_peak_22464_lociStitched	chr5	32582429	32588489	3	5529	21789.942	163	1
2_MACS_peak_14949_lociStitched	chr2	33700319	33705846	2	5526	15059.9696	164	1
1_MACS_peak_9058_lociStitched	chr15	31616536	31622055	1	5520	36988.8899	165	1
3_MACS_peak_2552_lociStitched	chr1	204376290	204381941	3	5511	17666.1562	166	1
4_MACS_peak_24382_lociStitched	chr6	26194893	26200541	4	5496	11682.3232	167	1
2_MACS_peak_1619_lociStitched	chr1	118171391	118177075	2	5489	11805.668	168	1
4_MACS_peak_5003_lociStitched	chr11	69452455	69458109	4	5479	9164.0032	169	1
3_MACS_peak_13164_lociStitched	chr19	1247846	1253850	3	5471	18811.1324	170	1
1_MACS_peak_28641_lociStitched	chr9	20619850	20625309	1	5460	27268.2509	171	1
2_MACS_peak_29246_lociStitched	chr9	108004336	108010262	2	5454	17171.1776	172	1
4_MACS_peak_12111_lociStitched	chr17	55332772	55338640	4	5448	11792.9196	173	1
1_MACS_peak_26930_lociStitched	chr7	113722763	113728206	1	5444	23298.2172	174	1
1_MACS_peak_26869_lociStitched	chr7	104651099	104656540	1	5442	31549.0944	175	1
3_MACS_peak_9473_lociStitched	chr15	63793135	63798953	3	5440	30261.1634	176	1
3_MACS_peak_16602_lociStitched	chr2	201987175	201992645	3	5437	12226.544	177	1
1_MACS_peak_15882_lociStitched	chr2	112186034	112191453	1	5420	11328.4195	178	1
1_MACS_peak_14187_lociStitched	chr19	44280408	44285812	1	5405	11257.0724	179	1
6_MACS_peak_17478_lociStitched	chr20	45976984	45982849	6	5405	8107.776	180	1
1_MACS_peak_11542_lociStitched	chr17	21187283	21192669	1	5387	13004.497	181	1
5_MACS_peak_22065_lociStitched	chr4	153554165	153559835	5	5387	9327.15	182	1
2_MACS_peak_11765_lociStitched	chr17	36857169	36862597	2	5377	13814.8028	183	1
3_MACS_peak_14407_lociStitched	chr19	50178703	50184237	3	5363	16236.2026	184	1
2_MACS_peak_29634_lociStitched	chr9	134502165	134507541	2	5352	19417.5744	185	1
3_MACS_peak_9107_lociStitched	chr15	34624974	34630535	3	5346	14055.9836	186	1
5_MACS_peak_27547_lociStitched	chr8	38238983	38244662	5	5345	15535.4724	187	1
3_MACS_peak_11050_lociStitched	chr16	87885636	87891114	3	5338	18436.7568	188	1
3_MACS_peak_14837_lociStitched	chr2	25640334	25645724	3	5327	11744.271	189	1
3_MACS_peak_18712_lociStitched	chr22	38709097	38714678	3	5322	11770.8871	190	1
3_MACS_peak_29576_lociStitched	chr9	132646571	132651989	3	5316	16212.2814	191	1
2_MACS_peak_6193_lociStitched	chr12	46120013	46125328	2	5311	13424.0955	192	1
4_MACS_peak_16598_lociStitched	chr2	201980233	201985707	4	5303	12407.3684	193	1
1_MACS_peak_21047_lociStitched	chr3	195631911	195637197	1	5287	26372.3826	194	1
1_MACS_peak_14104_lociStitched	chr19	41767792	41773077	1	5286	27198.1955	195	1
3_MACS_peak_23601_lociStitched	chr5	142780196	142785595	3	5277	22040.8776	196	1
2_MACS_peak_11662_lociStitched	chr17	29643825	29649144	2	5275	12037.4289	197	1
3_MACS_peak_22527_lociStitched	chr5	43038185	43043703	3	5267	16960.1248	198	1
5_MACS_peak_15613_lociStitched	chr2	87795790	87801315	5	5264	8980.335	199	1
4_MACS_peak_5320_lociStitched	chr11	102186838	102192494	4	5262	11960.1776	200	1
1_MACS_peak_25367_lociStitched	chr6	126067601	126072828	1	5228	19000.145	201	1
2_MACS_peak_28161_lociStitched	chr8	126162063	126167576	2	5205	11025.4487	202	1
6_MACS_peak_6947_lociStitched	chr12	109025619	109031590	6	5205	9410.8931	203	1
5_MACS_peak_9671_lociStitched	chr15	75077582	75083290	5	5197	7079.0616	204	1
5_MACS_peak_11881_lociStitched	chr17	40827239	40832602	5	5192	9593.3344	205	1
1_MACS_peak_29592_lociStitched	chr9	132768309	132773498	1	5190	17666.9883	206	1
2_MACS_peak_14120_lociStitched	chr19	42055384	42060598	2	5188	15889.1436	207	1
2_MACS_peak_12306_lociStitched	chr17	66283878	66289170	2	5171	22555.0332	208	1
3_MACS_peak_4060_lociStitched	chr10	112255546	112261155	3	5171	8948.5986	209	1
1_MACS_peak_14708_lociStitched	chr2	11886638	11891798	1	5161	18684.36	210	1
1_MACS_peak_13557_lociStitched	chr19	12720773	12725920	1	5148	20596.2352	211	1
2_MACS_peak_21073_lociStitched	chr3	196365799	196371254	2	5137	12993.81	212	1
2_MACS_peak_20859_lociStitched	chr3	183268888	183274050	2	5129	13234.3356	213	1
3_MACS_peak_28362_lociStitched	chr8	144594504	144599852	3	5128	18375.728	214	1
1_MACS_peak_2574_lociStitched	chr1	204679774	204684893	1	5120	11780.8666	215	1
2_MACS_peak_5467_lociStitched	chr11	115089893	115095358	2	5120	19187.615	216	1
2_MACS_peak_1967_lociStitched	chr1	154971490	154976826	2	5117	10018.34	217	1
2_MACS_peak_22138_lociStitched	chr4	160023182	160028412	2	5110	20574.82	218	1
1_MACS_peak_18508_lociStitched	chr22	29193943	29199050	1	5108	36203.0123	219	1
2_MACS_peak_14349_lociStitched	chr19	49137058	49142158	2	5096	12566.4	220	1
3_MACS_peak_28329_lociStitched	chr8	142137656	142143170	3	5093	13594.2156	221	1
2_MACS_peak_24993_lociStitched	chr6	74228937	74234058	2	5083	20501.9235	222	1
2_MACS_peak_9278_lociStitched	chr15	45002287	45007438	2	5073	26043.9711	223	1
3_MACS_peak_13380_lociStitched	chr19	6736193	6741300	3	5062	13614.2406	224	1
1_MACS_peak_29640_lociStitched	chr9	134529697	134534747	1	5051	12640.15	225	1
2_MACS_peak_5411_lociStitched	chr11	111284746	111289868	2	5044	14213.0378	226	1
5_MACS_peak_19471_lociStitched	chr3	44036229	44041617	5	5044	8987.7228	227	1
1_MACS_peak_9157_lociStitched	chr15	40397002	40402037	1	5036	16303.33	228	1
2_MACS_peak_2104_lociStitched	chr1	159890489	159895774	2	5035	12480.5275	229	1
3_MACS_peak_23350_lociStitched	chr5	131822313	131827974	3	5029	16928.0883	230	1
1_MACS_peak_19069_lociStitched	chr3	9436987	9442013	1	5027	26588.5452	231	1
4_MACS_peak_9602_lociStitched	chr15	70387672	70393332	4	5027	15001.264	232	1
4_MACS_peak_26096_lociStitched	chr7	25986866	25991938	4	5024	13358.1264	233	1
1_MACS_peak_20038_lociStitched	chr3	104237622	104242644	1	5023	21829.6296	234	1
1_MACS_peak_23012_lociStitched	chr5	95194366	95199383	1	5018	15217.0627	235	1
1_MACS_peak_14010_lociStitched	chr19	38535710	38540717	1	5008	16867.5816	236	1
1_MACS_peak_1334_lociStitched	chr1	92947909	92952909	1	5001	12645.5	237	1
1_MACS_peak_19810_lociStitched	chr3	61545611	61550601	1	4991	9828.304	238	1
4_MACS_peak_25289_lociStitched	chr6	114175674	114180893	4	4989	11996.9153	239	1
1_MACS_peak_9592_lociStitched	chr15	69109234	69114218	1	4985	18890.8552	240	1
3_MACS_peak_13641_lociStitched	chr19	14491423	14496826	3	4985	13803.0441	241	1
1_MACS_peak_14906_lociStitched	chr2	30368361	30373340	1	4980	19833.3486	242	1
3_MACS_peak_4999_lociStitched	chr11	69060937	69066851	3	4977	19247.113	243	1
2_MACS_peak_18101_lociStitched	chr21	44772059	44777111	2	4975	30450.93	244	1
3_MACS_peak_17102_lociStitched	chr20	10650960	10655941	3	4974	13913.9254	245	1
3_MACS_peak_22930_lociStitched	chr5	88120787	88126183	3	4967	8527.8384	246	1
4_MACS_peak_6511_lociStitched	chr12	58289125	58294126	4	4965	11161.2318	247	1
2_MACS_peak_27806_lociStitched	chr8	80634357	80639364	2	4959	12025.8126	248	1
5_MACS_peak_9623_lociStitched	chr15	72519228	72524632	5	4955	11929.8704	249	1
6_MACS_peak_14736_lociStitched	chr2	16834199	16840125	6	4955	7597.7246	250	1
1_MACS_peak_23343_lociStitched	chr5	131791281	131796230	1	4950	13752.2812	251	1
1_MACS_peak_25579_lociStitched	chr6	143264708	143269656	1	4949	32276.2988	252	1
3_MACS_peak_7559_lociStitched	chr13	41554696	41559852	3	4942	9751.0272	253	1
5_MACS_peak_21969_lociStitched	chr4	144276035	144281318	5	4941	9136.4202	254	1
1_MACS_peak_28897_lociStitched	chr9	66454645	66459581	1	4937	40201.7456	255	1
1_MACS_peak_11423_lociStitched	chr17	16889994	16894920	1	4927	13340.1006	256	1
2_MACS_peak_12217_lociStitched	chr17	61774533	61779833	2	4902	11965.28	257	1
4_MACS_peak_11452_lociStitched	chr17	18085666	18090733	4	4899	19863.6534	258	1
2_MACS_peak_23841_lociStitched	chr5	173169098	173174003	2	4891	10760.0985	259	1
4_MACS_peak_3691_lociStitched	chr10	74031712	74036731	4	4890	16563.7038	260	1
5_MACS_peak_16344_lociStitched	chr2	175457894	175463344	5	4890	8984.87	261	1
1_MACS_peak_6692_lociStitched	chr12	89744402	89749280	1	4879	12818.8962	262	1
1_MACS_peak_13670_lociStitched	chr19	16186317	16191184	1	4868	28696.8054	263	1
5_MACS_peak_21445_lociStitched	chr4	48194886	48200469	5	4867	8442.6126	264	1
2_MACS_peak_22335_lociStitched	chr5	1341064	1346067	2	4856	12977.2817	265	1
2_MACS_peak_13793_lociStitched	chr19	18628234	18633085	2	4845	20003.0985	266	1
3_MACS_peak_28881_lociStitched	chr9	44989715	44994603	3	4845	12964.9312	267	1
1_MACS_peak_9055_lociStitched	chr15	31554879	31559707	1	4829	15334.2108	268	1
1_MACS_peak_1937_lociStitched	chr1	154297202	154302026	1	4825	15526.044	269	1
6_MACS_peak_29613_lociStitched	chr9	134148546	134153453	6	4815	7096.5034	270	1
2_MACS_peak_4001_lociStitched	chr10	104401692	104406521	2	4813	11105.7342	271	1
1_MACS_peak_3023_lociStitched	chr10	3823957	3828768	1	4812	29011.7733	272	1
2_MACS_peak_20996_lociStitched	chr3	192607069	192612052	2	4802	11984.6133	273	1
2_MACS_peak_10980_lociStitched	chr16	81847874	81852985	2	4802	11639.2803	274	1
3_MACS_peak_15706_lociStitched	chr2	96810016	96815092	3	4800	11598.66	275	1
2_MACS_peak_9387_lociStitched	chr15	52968709	52973602	2	4797	21290.4216	276	1
2_MACS_peak_23153_lociStitched	chr5	111855757	111860713	2	4796	8750.3136	277	1
7_MACS_peak_54_lociStitched	chr1	1709099	1714612	7	4794	10938.3433	278	1
2_MACS_peak_18085_lociStitched	chr21	44526257	44531059	2	4792	20834.9176	279	1
6_MACS_peak_8604_lociStitched	chr14	81421224	81427323	6	4791	9171.0663	280	1
2_MACS_peak_323_lociStitched	chr1	22105648	22110472	2	4790	18257.8752	281	1
3_MACS_peak_23987_lociStitched	chr6	295503	300400	3	4787	10055.9895	282	1
6_MACS_peak_14709_lociStitched	chr2	11892343	11897970	6	4773	8863.6504	283	1
4_MACS_peak_25620_lociStitched	chr6	149801812	149807182	4	4764	7815.498	284	1
1_MACS_peak_1518_lociStitched	chr1	111213706	111218441	1	4736	12186.943	285	1
2_MACS_peak_17691_lociStitched	chr20	55964063	55968915	2	4735	9824.3296	286	1
2_MACS_peak_7817_lociStitched	chr13	78489426	78494298	2	4735	10183.9416	287	1
4_MACS_peak_11791_lociStitched	chr17	37909572	37914941	4	4733	15777.8803	288	1
3_MACS_peak_16082_lociStitched	chr2	136872235	136877143	3	4717	11781.1632	289	1
3_MACS_peak_1510_lociStitched	chr1	111173459	111178621	3	4710	9926.526	290	1
2_MACS_peak_20273_lociStitched	chr3	122397382	122402265	2	4705	17205.7388	291	1
2_MACS_peak_14897_lociStitched	chr2	28612648	28617587	2	4704	12858.1926	292	1
2_MACS_peak_18671_lociStitched	chr22	37622865	37627782	2	4701	7370.0913	293	1
2_MACS_peak_9519_lociStitched	chr15	65183978	65188701	2	4698	16050.6432	294	1
2_MACS_peak_30539_lociStitched	chrX	123093105	123097925	2	4698	14368.902	295	1
4_MACS_peak_11089_lociStitched	chr16	88847050	88852142	4	4689	8139.0528	296	1
1_MACS_peak_14358_lociStitched	chr19	49375292	49379969	1	4678	31429.44	297	1
1_MACS_peak_11018_lociStitched	chr16	85587038	85591714	1	4677	11235.4928	298	1
4_MACS_peak_24116_lociStitched	chr6	7726232	7731005	4	4672	12047.5293	299	1
1_MACS_peak_19510_lociStitched	chr3	45634802	45639470	1	4669	13048.9272	300	1
2_MACS_peak_14293_lociStitched	chr19	47612611	47617733	2	4663	29619.5016	301	1
2_MACS_peak_5_lociStitched	chr1	876739	881480	2	4659	12492.535	302	1
1_MACS_peak_13122_lociStitched	chr19	659294	663948	1	4655	17693.5772	303	1
2_MACS_peak_5892_lociStitched	chr12	12875109	12879873	2	4650	14434.4436	304	1
1_MACS_peak_28805_lociStitched	chr9	37033608	37038255	1	4648	22851.6225	305	1
1_MACS_peak_29213_lociStitched	chr9	102580959	102585605	1	4647	22387.2156	306	1
2_MACS_peak_25093_lociStitched	chr6	90059729	90064787	2	4647	21958.2954	307	1
2_MACS_peak_8199_lociStitched	chr14	50466187	50470888	2	4644	11229.2787	308	1
3_MACS_peak_22324_lociStitched	chr5	1312849	1317645	3	4631	9295.6072	309	1
2_MACS_peak_9149_lociStitched	chr15	40336338	40340976	2	4630	12715.077	310	1
2_MACS_peak_5582_lociStitched	chr11	122931242	122935890	2	4625	13843.6032	311	1
3_MACS_peak_17952_lociStitched	chr21	34751935	34756956	3	4623	10359.8293	312	1
2_MACS_peak_5834_lociStitched	chr12	9799863	9804507	2	4621	9236.916	313	1
3_MACS_peak_22612_lociStitched	chr5	56109039	56113877	3	4621	18385.8514	314	1
1_MACS_peak_11422_lociStitched	chr17	16881358	16885977	1	4620	11717.0173	315	1
2_MACS_peak_26418_lociStitched	chr7	55636559	55641211	2	4616	11003.8408	316	1
2_MACS_peak_12247_lociStitched	chr17	62204149	62208978	2	4611	15857.4702	317	1
2_MACS_peak_15426_lociStitched	chr2	70312058	70316842	2	4604	20307.1232	318	1
2_MACS_peak_28542_lociStitched	chr9	5626117	5630753	2	4597	19753.996	319	1
1_MACS_peak_29106_lociStitched	chr9	94183207	94187799	1	4593	15092.5264	320	1
1_MACS_peak_27912_lociStitched	chr8	95958561	95963153	1	4593	13916.9744	321	1
4_MACS_peak_9691_lociStitched	chr15	75300067	75304958	4	4593	8591.0415	322	1
2_MACS_peak_25522_lociStitched	chr6	139452897	139457908	2	4586	12748.9862	323	1
1_MACS_peak_9471_lociStitched	chr15	63775826	63780410	1	4585	15127.2	324	1
1_MACS_peak_11351_lociStitched	chr17	7744158	7748740	1	4583	27234.0334	325	1
4_MACS_peak_14097_lociStitched	chr19	41220347	41225073	4	4580	13697.3658	326	1
2_MACS_peak_5408_lociStitched	chr11	111247168	111251749	2	4579	19270.8927	327	1
3_MACS_peak_22503_lociStitched	chr5	39072938	39077630	3	4578	14687.3676	328	1
2_MACS_peak_5746_lociStitched	chr12	6551676	6556675	2	4576	8035.8925	329	1
3_MACS_peak_8854_lociStitched	chr14	102340937	102345843	3	4571	10333.9984	330	1
3_MACS_peak_420_lociStitched	chr1	26436914	26441791	3	4565	11136.1418	331	1
2_MACS_peak_13236_lociStitched	chr19	2269243	2273915	2	4564	27015.84	332	1
2_MACS_peak_14979_lociStitched	chr2	37548734	37553330	2	4563	10488.9912	333	1
1_MACS_peak_21596_lociStitched	chr4	78738529	78743080	1	4552	19651.218	334	1
2_MACS_peak_18828_lociStitched	chr22	41839994	41844721	2	4548	15440.2728	335	1
1_MACS_peak_24507_lociStitched	chr6	30582010	30586550	1	4541	16873.364	336	1
2_MACS_peak_24373_lociStitched	chr6	26122621	26127217	2	4535	14715.0132	337	1
2_MACS_peak_17174_lociStitched	chr20	25035048	25040037	2	4531	15635.0271	338	1
2_MACS_peak_26119_lociStitched	chr7	26237784	26242386	2	4526	15527.148	339	1
2_MACS_peak_26811_lociStitched	chr7	101927118	101931996	2	4526	10017.4608	340	1
3_MACS_peak_14147_lociStitched	chr19	42633236	42637934	3	4523	10182.915	341	1
2_MACS_peak_28838_lociStitched	chr9	37528180	37532731	2	4517	23147.7513	342	1
3_MACS_peak_27832_lociStitched	chr8	81080102	81084640	3	4512	13237.346	343	1
2_MACS_peak_2804_lociStitched	chr1	226183618	226188126	2	4504	10576.2188	344	1
2_MACS_peak_14038_lociStitched	chr19	39338975	39343646	2	4504	17995.0275	345	1
2_MACS_peak_22252_lociStitched	chr4	185393104	185397807	2	4503	14197.8867	346	1
1_MACS_peak_10562_lociStitched	chr16	30193941	30198440	1	4500	12065.8681	347	1
2_MACS_peak_16010_lociStitched	chr2	127413319	127417992	2	4500	12503.5461	348	1
2_MACS_peak_5175_lociStitched	chr11	82705284	82709779	2	4496	14853.278	349	1
1_MACS_peak_5076_lociStitched	chr11	73690474	73694967	1	4494	13479	350	1
3_MACS_peak_7959_lociStitched	chr13	114829637	114834451	3	4494	6759.3374	351	1
2_MACS_peak_3637_lociStitched	chr10	72237701	72242230	2	4487	10404.9246	352	1
2_MACS_peak_7933_lociStitched	chr13	111364236	111369025	2	4482	10256.1224	353	1
4_MACS_peak_4840_lociStitched	chr11	65624078	65629043	4	4479	9215.5365	354	1
2_MACS_peak_22812_lociStitched	chr5	75696787	75701292	2	4471	18626.8235	355	1
3_MACS_peak_8362_lociStitched	chr14	64660949	64665588	3	4470	8789.9772	356	1
1_MACS_peak_21261_lociStitched	chr4	15002844	15007305	1	4462	16155.9576	357	1
2_MACS_peak_11660_lociStitched	chr17	29636977	29641776	2	4455	7508.0355	358	1
3_MACS_peak_20559_lociStitched	chr3	150477738	150482289	3	4453	26181.4479	359	1
1_MACS_peak_27057_lociStitched	chr7	129588661	129593110	1	4450	20661.156	360	1
1_MACS_peak_8446_lociStitched	chr14	69258936	69263384	1	4449	20613.3664	361	1
2_MACS_peak_27996_lociStitched	chr8	103665631	103670115	2	4442	13414.3344	362	1
2_MACS_peak_5399_lociStitched	chr11	111230674	111235297	2	4437	8590.9209	363	1
4_MACS_peak_10310_lociStitched	chr16	11773396	11778774	4	4435	9906.276	364	1
2_MACS_peak_23340_lociStitched	chr5	131760192	131764828	2	4429	14989.5788	365	1
2_MACS_peak_26693_lociStitched	chr7	92460118	92464606	2	4428	10843.9056	366	1
3_MACS_peak_19235_lociStitched	chr3	17780456	17784971	3	4428	14787.528	367	1
5_MACS_peak_6782_lociStitched	chr12	94598285	94602945	5	4428	8076.712	368	1
4_MACS_peak_4824_lociStitched	chr11	65353713	65358544	4	4425	10651.3888	369	1
1_MACS_peak_2154_lociStitched	chr1	161013650	161018071	1	4422	14480.9855	370	1
1_MACS_peak_9998_lociStitched	chr15	93424390	93428786	1	4397	23101.8592	371	1
2_MACS_peak_16099_lociStitched	chr2	137137887	137142341	2	4393	15731.528	372	1
1_MACS_peak_20039_lociStitched	chr3	105084699	105089090	1	4392	27938.6157	373	1
3_MACS_peak_23061_lociStitched	chr5	96268356	96272859	3	4392	11981.5824	374	1
2_MACS_peak_13222_lociStitched	chr19	2093858	2098248	2	4390	11300.299	375	1
2_MACS_peak_19202_lociStitched	chr3	15835436	15839923	2	4388	19942.9202	376	1
3_MACS_peak_4469_lociStitched	chr11	28128399	28132924	3	4385	18924.455	377	1
2_MACS_peak_1267_lociStitched	chr1	87793319	87798001	2	4384	13314.6716	378	1
3_MACS_peak_12431_lociStitched	chr17	74493527	74498322	3	4384	7603.4315	379	1
3_MACS_peak_2494_lociStitched	chr1	201705213	201709916	3	4381	9053.275	380	1
2_MACS_peak_10982_lociStitched	chr16	81853975	81858367	2	4380	9079.5816	381	1
4_MACS_peak_1717_lociStitched	chr1	144928904	144933561	4	4380	15321.0643	382	1
1_MACS_peak_490_lociStitched	chr1	28198950	28203328	1	4379	13524.5176	383	1
1_MACS_peak_6492_lociStitched	chr12	57913109	57917476	1	4368	18088.9874	384	1
3_MACS_peak_6876_lociStitched	chr12	104321392	104325827	3	4366	15568.1805	385	1
1_MACS_peak_28496_lociStitched	chr9	2014294	2018656	1	4363	14930.6898	386	1
3_MACS_peak_3622_lociStitched	chr10	70846919	70851641	3	4361	11777.1402	387	1
1_MACS_peak_28244_lociStitched	chr8	128746896	128751255	1	4360	9359.2089	388	1
4_MACS_peak_28795_lociStitched	chr9	36993360	36998176	4	4353	12943	389	1
1_MACS_peak_14262_lociStitched	chr19	46270522	46274869	1	4348	16100.8533	390	1
1_MACS_peak_242_lociStitched	chr1	14025897	14030236	1	4340	17146.8602	391	1
4_MACS_peak_16958_lociStitched	chr2	241504576	241508993	4	4333	9687.8061	392	1
2_MACS_peak_17706_lociStitched	chr20	56192421	56196852	2	4333	8816.3607	393	1
2_MACS_peak_5052_lociStitched	chr11	72862041	72866489	2	4328	6673.3344	394	1
1_MACS_peak_20706_lociStitched	chr3	170073009	170077335	1	4327	28480.221	395	1
2_MACS_peak_20428_lociStitched	chr3	135912217	135916542	2	4326	15770.2475	396	1
3_MACS_peak_8376_lociStitched	chr14	64968347	64972704	3	4309	19934.5821	397	1
2_MACS_peak_6863_lociStitched	chr12	102871719	102876325	2	4309	8911.2282	398	1
2_MACS_peak_9067_lociStitched	chr15	31656026	31660681	2	4306	9116.352	399	1
3_MACS_peak_28112_lociStitched	chr8	124046075	124050664	3	4305	10413.3588	400	1
1_MACS_peak_18892_lociStitched	chr22	44419456	44423756	1	4301	23551.1	401	1
1_MACS_peak_11125_lociStitched	chr16	89553747	89558035	1	4289	20098.2848	402	1
2_MACS_peak_25334_lociStitched	chr6	119667917	119672419	2	4287	19002.0416	403	1
2_MACS_peak_29650_lociStitched	chr9	134582773	134587185	2	4286	11973.7268	404	1
1_MACS_peak_24849_lociStitched	chr6	44229851	44234122	1	4272	15719.4155	405	1
4_MACS_peak_11502_lociStitched	chr17	19205815	19210552	4	4272	6309.2103	406	1
1_MACS_peak_20545_lociStitched	chr3	150125059	150129329	1	4271	19599.3	407	1
3_MACS_peak_897_lociStitched	chr1	51699738	51704206	3	4265	14476.7668	408	1
2_MACS_peak_20851_lociStitched	chr3	183243349	183248061	2	4265	9620.9616	409	1
1_MACS_peak_14797_lociStitched	chr2	20775774	20780037	1	4264	7819.6209	410	1
2_MACS_peak_13322_lociStitched	chr19	4063645	4067941	2	4261	12956.3064	411	1
2_MACS_peak_29503_lociStitched	chr9	130538260	130542582	2	4256	18122.146	412	1
3_MACS_peak_8659_lociStitched	chr14	89893562	89898144	3	4252	8729.6264	413	1
1_MACS_peak_23381_lociStitched	chr5	133859688	133863937	1	4250	17747.6481	414	1
3_MACS_peak_10749_lociStitched	chr16	66554941	66559258	3	4249	8478.1563	415	1
3_MACS_peak_6895_lociStitched	chr12	104973500	104977931	3	4249	6899.067	416	1
1_MACS_peak_13941_lociStitched	chr19	35701797	35706044	1	4248	19432.1485	417	1
3_MACS_peak_20720_lociStitched	chr3	171816129	171820647	3	4245	9795.024	418	1
2_MACS_peak_13505_lociStitched	chr19	11199658	11204194	2	4241	11804.4864	419	1
1_MACS_peak_17711_lociStitched	chr20	56253717	56257953	1	4237	8057.2956	420	1
1_MACS_peak_13167_lociStitched	chr19	1258323	1262553	1	4231	18405.153	421	1
1_MACS_peak_7792_lociStitched	chr13	74706385	74710611	1	4227	11293.5624	422	1
1_MACS_peak_1824_lociStitched	chr1	149856392	149860618	1	4227	10933.5072	423	1
3_MACS_peak_24782_lociStitched	chr6	41699268	41703544	3	4224	17429.4036	424	1
4_MACS_peak_22650_lociStitched	chr5	58857572	58862609	4	4223	8720.0544	425	1
2_MACS_peak_27040_lociStitched	chr7	128577307	128581536	2	4219	8985.3563	426	1
1_MACS_peak_8337_lociStitched	chr14	61942655	61946872	1	4218	13168.8476	427	1
2_MACS_peak_14361_lociStitched	chr19	49465422	49469672	2	4218	11007.075	428	1
2_MACS_peak_29427_lociStitched	chr9	126027640	126031890	2	4215	12471.2	429	1
2_MACS_peak_22004_lociStitched	chr4	146856127	146860373	2	4213	9720.3678	430	1
3_MACS_peak_16314_lociStitched	chr2	173419468	173423829	3	4213	11620.7567	431	1
2_MACS_peak_14528_lociStitched	chr19	56151496	56155757	2	4203	7411.5834	432	1
1_MACS_peak_15561_lociStitched	chr2	86262352	86266549	1	4198	10538.2473	433	1
1_MACS_peak_20951_lociStitched	chr3	186781159	186785353	1	4195	14610.2184	434	1
1_MACS_peak_4715_lociStitched	chr11	62606242	62610432	1	4191	18408.765	435	1
3_MACS_peak_12565_lociStitched	chr17	79478078	79482688	3	4191	7734.658	436	1
2_MACS_peak_21064_lociStitched	chr3	196226992	196231308	2	4189	12672.6392	437	1
3_MACS_peak_6888_lociStitched	chr12	104849861	104854229	3	4186	11770.8864	438	1
1_MACS_peak_15688_lociStitched	chr2	89156806	89160990	1	4185	14159.0744	439	1
3_MACS_peak_20394_lociStitched	chr3	133192899	133197438	3	4184	7618.7115	440	1
2_MACS_peak_4704_lociStitched	chr11	62492416	62496726	2	4180	12861.902	441	1
5_MACS_peak_20170_lociStitched	chr3	114166537	114171020	5	4168	7829.1112	442	1
1_MACS_peak_4845_lociStitched	chr11	65655305	65659471	1	4167	10072.5548	443	1
5_MACS_peak_28196_lociStitched	chr8	126350883	126355428	5	4167	6830.226	444	1
4_MACS_peak_23697_lociStitched	chr5	154133653	154138213	4	4167	11622.984	445	1
2_MACS_peak_4318_lociStitched	chr11	6981675	6985860	2	4164	21747.771	446	1
1_MACS_peak_3490_lociStitched	chr10	52381493	52385655	1	4163	14937.0018	447	1
2_MACS_peak_22076_lociStitched	chr4	153584298	153588798	2	4162	10402.65	448	1
2_MACS_peak_87_lociStitched	chr1	2477178	2481457	2	4161	11809.6121	449	1
3_MACS_peak_23838_lociStitched	chr5	173160307	173164969	3	4159	11321.2008	450	1
1_MACS_peak_5511_lociStitched	chr11	118659219	118663371	1	4153	20669.4864	451	1
2_MACS_peak_19872_lociStitched	chr3	72031143	72035658	2	4149	7607.775	452	1
1_MACS_peak_7643_lociStitched	chr13	46273082	46277228	1	4147	12680.541	453	1
1_MACS_peak_23458_lociStitched	chr5	139014978	139019121	1	4144	25196.4831	454	1
1_MACS_peak_13316_lociStitched	chr19	3983536	3987677	1	4142	15964.3832	455	1
1_MACS_peak_12455_lociStitched	chr17	75139540	75143681	1	4142	8354.4675	456	1
1_MACS_peak_3081_lociStitched	chr10	6820180	6824318	1	4139	7746.7498	457	1
1_MACS_peak_10412_lociStitched	chr16	21528085	21532219	1	4135	18549.258	458	1
1_MACS_peak_23146_lociStitched	chr5	111681640	111685767	1	4128	10945.2167	459	1
7_MACS_peak_23885_lociStitched	chr5	176726538	176731725	7	4127	8505.1239	460	1
1_MACS_peak_22019_lociStitched	chr4	149363063	149367187	1	4125	10197.0024	461	1
2_MACS_peak_9072_lociStitched	chr15	31726302	31730586	2	4121	13825.7532	462	1
1_MACS_peak_22844_lociStitched	chr5	78530410	78534528	1	4119	26332.551	463	1
3_MACS_peak_23408_lociStitched	chr5	137087209	137091468	3	4119	25053.9934	464	1
1_MACS_peak_9052_lociStitched	chr15	31519948	31524060	1	4113	13545.3392	465	1
3_MACS_peak_3352_lociStitched	chr10	31606997	31611255	3	4113	8101.2708	466	1
1_MACS_peak_27756_lociStitched	chr8	70744548	70748658	1	4111	12318.903	467	1
2_MACS_peak_28800_lociStitched	chr9	37001391	37005796	2	4110	9003.3795	468	1
1_MACS_peak_23273_lociStitched	chr5	126111940	126116048	1	4109	18956.366	469	1
2_MACS_peak_5031_lociStitched	chr11	72430019	72434268	2	4104	11548.782	470	1
6_MACS_peak_3088_lociStitched	chr10	7450176	7455068	6	4100	6410.4768	471	1
1_MACS_peak_11309_lociStitched	chr17	6915176	6919274	1	4099	13641.4224	472	1
1_MACS_peak_25806_lociStitched	chr6	163833864	163837961	1	4098	14222.7355	473	1
1_MACS_peak_24842_lociStitched	chr6	43737224	43741320	1	4097	20627.8656	474	1
1_MACS_peak_21097_lociStitched	chr3	197460696	197464792	1	4097	12094.6688	475	1
1_MACS_peak_6197_lociStitched	chr12	46659952	46664043	1	4092	19950.9888	476	1
3_MACS_peak_2228_lociStitched	chr1	167596947	167601393	3	4090	8990.2566	477	1
1_MACS_peak_25540_lociStitched	chr6	139693601	139697686	1	4086	10716.1805	478	1
1_MACS_peak_17541_lociStitched	chr20	47537438	47541522	1	4085	15733.61	479	1
2_MACS_peak_10535_lociStitched	chr16	29621353	29625464	2	4083	9760.3362	480	1
6_MACS_peak_22236_lociStitched	chr4	185302994	185307632	6	4080	5654.6496	481	1
1_MACS_peak_19979_lociStitched	chr3	98488260	98492338	1	4079	9268.4784	482	1
3_MACS_peak_11924_lociStitched	chr17	42295627	42299753	3	4078	8045.7	483	1
1_MACS_peak_1626_lociStitched	chr1	118195808	118199884	1	4077	9357.2732	484	1
2_MACS_peak_19339_lociStitched	chr3	31986148	31990241	2	4077	11457.5349	485	1
2_MACS_peak_21752_lociStitched	chr4	103746329	103750491	2	4077	18987.044	486	1
2_MACS_peak_27935_lociStitched	chr8	98655074	98659427	2	4077	13901.3055	487	1
1_MACS_peak_5652_lociStitched	chr11	128587769	128591835	1	4067	7048.0044	488	1
1_MACS_peak_29198_lociStitched	chr9	100744316	100748378	1	4063	25585.3194	489	1
3_MACS_peak_13688_lociStitched	chr19	16479760	16484100	3	4059	11819.99	490	1
1_MACS_peak_19891_lociStitched	chr3	72493024	72497073	1	4050	13347.9334	491	1
2_MACS_peak_21307_lociStitched	chr4	25861507	25865703	2	4050	12162.5256	492	1
4_MACS_peak_18456_lociStitched	chr22	24828991	24833501	4	4048	9888.175	493	1
2_MACS_peak_29611_lociStitched	chr9	134143636	134148032	2	4047	7030.9624	494	1
3_MACS_peak_19141_lociStitched	chr3	13372322	13376430	3	4044	7232.9556	495	1
1_MACS_peak_23986_lociStitched	chr6	290285	294326	1	4042	26134.3593	496	1
5_MACS_peak_25817_lociStitched	chr6	167368438	167373026	5	4042	9338.4152	497	1
1_MACS_peak_992_lociStitched	chr1	59247475	59251511	1	4037	15570.0808	498	1
3_MACS_peak_1843_lociStitched	chr1	150532680	150536878	3	4036	7773.4366	499	1
3_MACS_peak_8147_lociStitched	chr14	35871122	35875299	3	4035	11698.9416	500	1
2_MACS_peak_23338_lociStitched	chr5	131755524	131759674	2	4033	6976.15	501	1
1_MACS_peak_13773_lociStitched	chr19	18389870	18393901	1	4032	27430.5519	502	1
1_MACS_peak_24978_lociStitched	chr6	73329506	73333531	1	4026	6817.1425	503	1
3_MACS_peak_24375_lociStitched	chr6	26155989	26160383	3	4024	9824.5446	504	1
1_MACS_peak_13672_lociStitched	chr19	16227348	16231370	1	4023	9393.7832	505	1
1_MACS_peak_3217_lociStitched	chr10	15828785	15832802	1	4018	8403.9657	506	1
2_MACS_peak_28699_lociStitched	chr9	33164040	33168552	2	4017	9795.552	507	1
1_MACS_peak_22524_lociStitched	chr5	42991424	42995436	1	4013	19842.5496	508	1
1_MACS_peak_10453_lociStitched	chr16	23345089	23349100	1	4012	9189.6021	509	1
1_MACS_peak_4553_lociStitched	chr11	46140277	46144281	1	4005	11033.022	510	1
1_MACS_peak_6293_lociStitched	chr12	49759806	49763809	1	4004	12677.1007	511	1
1_MACS_peak_11108_lociStitched	chr16	89041975	89045977	1	4003	7327.662	512	1
1_MACS_peak_29308_lociStitched	chr9	113016988	113020989	1	4002	15570.6917	513	1
3_MACS_peak_14603_lociStitched	chr19	59083655	59087784	3	3983	17145.6725	514	1
1_MACS_peak_25078_lociStitched	chr6	89789176	89793157	1	3982	22006.968	515	1
1_MACS_peak_3235_lociStitched	chr10	17269389	17273368	1	3980	14552.7946	516	1
1_MACS_peak_17308_lociStitched	chr20	34328546	34332516	1	3971	18876.159	517	1
1_MACS_peak_20750_lociStitched	chr3	176913173	176917142	1	3970	11465.6472	518	1
2_MACS_peak_18151_lociStitched	chr21	45562304	45566276	2	3970	11248.3068	519	1
6_MACS_peak_28713_lociStitched	chr9	33454598	33459435	6	3968	6542.0425	520	1
1_MACS_peak_254_lociStitched	chr1	16160306	16164265	1	3960	12243.9993	521	1
1_MACS_peak_2527_lociStitched	chr1	203273377	203277329	1	3953	12231.44	522	1
1_MACS_peak_14105_lociStitched	chr19	41802459	41806410	1	3952	19674.7947	523	1
4_MACS_peak_7182_lociStitched	chr12	122515907	122520120	4	3952	7346.6294	524	1
2_MACS_peak_13278_lociStitched	chr19	2782269	2786555	2	3949	13764.9176	525	1
2_MACS_peak_4778_lociStitched	chr11	64899361	64903691	2	3949	23461.239	526	1
1_MACS_peak_642_lociStitched	chr1	36850231	36854177	1	3947	20213.7796	527	1
4_MACS_peak_16512_lociStitched	chr2	197032676	197037216	4	3946	10593.636	528	1
2_MACS_peak_27696_lociStitched	chr8	61820921	61825065	2	3943	11353.7312	529	1
1_MACS_peak_22682_lociStitched	chr5	60626058	60629995	1	3938	12959.0292	530	1
2_MACS_peak_2017_lociStitched	chr1	156072938	156077097	2	3935	11926.7643	531	1
3_MACS_peak_14511_lociStitched	chr19	55894763	55899009	3	3935	9693.1934	532	1
2_MACS_peak_18973_lociStitched	chr22	50627531	50631493	2	3933	14113.0402	533	1
3_MACS_peak_23812_lociStitched	chr5	171611418	171615958	3	3933	6602.522	534	1
2_MACS_peak_21778_lociStitched	chr4	108639067	108643112	2	3931	6789.5325	535	1
4_MACS_peak_2008_lociStitched	chr1	155946614	155950788	4	3931	7441.4072	536	1
3_MACS_peak_2418_lociStitched	chr1	186768353	186772854	3	3931	5642.0035	537	1
1_MACS_peak_18833_lociStitched	chr22	42014450	42018370	1	3921	12377.792	538	1
3_MACS_peak_17301_lociStitched	chr20	34203093	34207059	3	3921	10354.0362	539	1
1_MACS_peak_7548_lociStitched	chr13	41237893	41241812	1	3920	9115.2021	540	1
5_MACS_peak_20551_lociStitched	chr3	150318485	150323271	5	3918	11037.9518	541	1
1_MACS_peak_19402_lociStitched	chr3	38177160	38181075	1	3916	13740.084	542	1
1_MACS_peak_5507_lociStitched	chr11	118305871	118309785	1	3915	13862.6052	543	1
2_MACS_peak_20849_lociStitched	chr3	183232990	183237167	2	3909	6448.4526	544	1
2_MACS_peak_1348_lociStitched	chr1	93425241	93429268	2	3906	13541.9956	545	1
5_MACS_peak_15145_lociStitched	chr2	51103028	51107416	5	3906	5968.9964	546	1
1_MACS_peak_120_lociStitched	chr1	6660410	6664314	1	3905	13827.968	547	1
1_MACS_peak_5051_lociStitched	chr11	72851322	72855225	1	3904	9939.7701	548	1
2_MACS_peak_11279_lociStitched	chr17	4850205	4854264	2	3893	15095.421	549	1
2_MACS_peak_16370_lociStitched	chr2	178126828	178130877	2	3890	22487.7411	550	1
2_MACS_peak_29095_lociStitched	chr9	93733553	93737480	2	3889	7704.3813	551	1
1_MACS_peak_30502_lociStitched	chrX	118824065	118827951	1	3887	11270.1772	552	1
2_MACS_peak_3086_lociStitched	chr10	6967515	6971429	2	3887	8174.7804	553	1
3_MACS_peak_27828_lociStitched	chr8	81056720	81060651	3	3885	5623.6886	554	1
1_MACS_peak_22594_lociStitched	chr5	55287943	55291823	1	3881	11536.792	555	1
3_MACS_peak_10731_lociStitched	chr16	57569247	57573300	3	3880	7655.3064	556	1
3_MACS_peak_29287_lociStitched	chr9	112863104	112867234	3	3880	6293.294	557	1
2_MACS_peak_18430_lociStitched	chr22	24184917	24188823	2	3879	10698.534	558	1
1_MACS_peak_23941_lociStitched	chr5	179245241	179249118	1	3878	27494.1332	559	1
1_MACS_peak_316_lociStitched	chr1	21618912	21622789	1	3878	9115.2147	560	1
3_MACS_peak_28231_lociStitched	chr8	126709104	126713665	3	3878	7582.6625	561	1
3_MACS_peak_9364_lociStitched	chr15	52524120	52528296	3	3872	8289.7776	562	1
1_MACS_peak_22450_lociStitched	chr5	32274182	32278050	1	3869	10230.86	563	1
2_MACS_peak_13825_lociStitched	chr19	19269431	19273513	2	3869	16975.8134	564	1
1_MACS_peak_26245_lociStitched	chr7	39988128	39991992	1	3865	14855.148	565	1
3_MACS_peak_9710_lociStitched	chr15	75493060	75497054	3	3862	16365.0156	566	1
5_MACS_peak_15327_lociStitched	chr2	65141022	65145454	5	3862	6235.3808	567	1
3_MACS_peak_17385_lociStitched	chr20	37500807	37504818	3	3861	6769.3647	568	1
5_MACS_peak_7019_lociStitched	chr12	111840663	111844788	5	3857	8993.7375	569	1
2_MACS_peak_845_lociStitched	chr1	46151060	46154974	2	3855	10361.1408	570	1
1_MACS_peak_19413_lociStitched	chr3	39191925	39195775	1	3851	34546.82	571	1
2_MACS_peak_30705_lociStitched	chrX	152988591	152992875	2	3851	9350.2584	572	1
2_MACS_peak_16971_lociStitched	chr2	242210016	242214041	2	3850	14421.575	573	1
3_MACS_peak_27971_lociStitched	chr8	101731300	101735486	3	3846	11205.5034	574	1
2_MACS_peak_19146_lociStitched	chr3	13459214	13463188	2	3845	13479.808	575	1
1_MACS_peak_25225_lociStitched	chr6	109053959	109057802	1	3844	8766.2673	576	1
1_MACS_peak_19988_lociStitched	chr3	99822211	99826048	1	3838	16106.5749	577	1
1_MACS_peak_2858_lociStitched	chr1	228269438	228273274	1	3837	26718.8908	578	1
3_MACS_peak_19971_lociStitched	chr3	98449460	98453550	3	3836	11156.293	579	1
1_MACS_peak_18947_lociStitched	chr22	48492586	48496420	1	3835	8112.744	580	1
2_MACS_peak_11531_lociStitched	chr17	20943870	20947722	2	3828	14427.2808	581	1
5_MACS_peak_5796_lociStitched	chr12	7067508	7071959	5	3828	7665.5122	582	1
3_MACS_peak_15592_lociStitched	chr2	87754271	87758196	3	3827	8293.1325	583	1
2_MACS_peak_3660_lociStitched	chr10	73484931	73489091	2	3820	10443.264	584	1
1_MACS_peak_22526_lociStitched	chr5	43017214	43021031	1	3818	14371.005	585	1
3_MACS_peak_27418_lociStitched	chr8	22297681	22301690	3	3818	6504.2016	586	1
3_MACS_peak_3448_lociStitched	chr10	45913945	45918071	3	3817	7019.1512	587	1
2_MACS_peak_2333_lociStitched	chr1	179049355	179053280	2	3814	16551.3325	588	1
2_MACS_peak_9392_lociStitched	chr15	53020206	53024500	2	3814	11676.2448	589	1
1_MACS_peak_29510_lociStitched	chr9	130665944	130669754	1	3811	14128.623	590	1
1_MACS_peak_27974_lociStitched	chr8	101962414	101966223	1	3810	20437.1895	591	1
2_MACS_peak_26823_lociStitched	chr7	102071256	102075253	2	3810	13589.4003	592	1
3_MACS_peak_2578_lociStitched	chr1	205252833	205257296	3	3810	6327.1951	593	1
3_MACS_peak_22921_lociStitched	chr5	88027455	88031350	3	3807	5807.445	594	1
1_MACS_peak_28517_lociStitched	chr9	4296795	4300598	1	3804	12286.3521	595	1
1_MACS_peak_17878_lociStitched	chr21	19189655	19193456	1	3802	11013.3975	596	1
2_MACS_peak_12238_lociStitched	chr17	62151101	62154914	2	3802	10660.0041	597	1
2_MACS_peak_30043_lociStitched	chrX	41190929	41195012	2	3801	14990.3262	598	1
1_MACS_peak_11217_lociStitched	chr17	2302313	2306110	1	3798	17848.5579	599	1
4_MACS_peak_10976_lociStitched	chr16	81842837	81847008	4	3796	5350.5588	600	1
1_MACS_peak_28105_lociStitched	chr8	121821082	121824872	1	3791	11915.002	601	1
2_MACS_peak_4234_lociStitched	chr11	534579	538421	2	3790	11292.7906	602	1
2_MACS_peak_1622_lociStitched	chr1	118178995	118182787	2	3784	7915.8	603	1
2_MACS_peak_23193_lociStitched	chr5	114877188	114880965	2	3778	14173.5702	604	1
5_MACS_peak_23282_lociStitched	chr5	127294078	127298188	5	3778	7150.167	605	1
2_MACS_peak_25054_lociStitched	chr6	86351227	86355069	2	3777	14230.3838	606	1
3_MACS_peak_25568_lociStitched	chr6	143163207	143167413	3	3775	6681.231	607	1
2_MACS_peak_24339_lociStitched	chr6	24718693	24722499	2	3773	16349.8148	608	1
1_MACS_peak_14157_lociStitched	chr19	42771733	42775503	1	3771	14582.36	609	1
1_MACS_peak_7213_lociStitched	chr12	123371491	123375260	1	3770	10363.6193	610	1
1_MACS_peak_20051_lociStitched	chr3	107241376	107245144	1	3769	16426.9728	611	1
2_MACS_peak_4828_lociStitched	chr11	65380495	65384469	2	3766	13764.7438	612	1
4_MACS_peak_4913_lociStitched	chr11	66884772	66889007	4	3764	16478.385	613	1
1_MACS_peak_4209_lociStitched	chr11	206058	209815	1	3758	26271.9496	614	1
2_MACS_peak_13069_lociStitched	chr18	60984721	60988669	2	3757	9588.1128	615	1
3_MACS_peak_23307_lociStitched	chr5	130598580	130602644	3	3754	10536.7328	616	1
5_MACS_peak_17363_lociStitched	chr20	35942586	35946822	5	3754	9024.3744	617	1
1_MACS_peak_19869_lociStitched	chr3	71630349	71634100	1	3752	11656.6076	618	1
1_MACS_peak_18039_lociStitched	chr21	38737741	38741489	1	3749	25458.6648	619	1
5_MACS_peak_2824_lociStitched	chr1	226840804	226844884	5	3749	6336.24	620	1
5_MACS_peak_2044_lociStitched	chr1	156457083	156461449	5	3745	5295.5214	621	1
2_MACS_peak_3852_lociStitched	chr10	92957529	92961500	2	3743	10433.4054	622	1
1_MACS_peak_11240_lociStitched	chr17	3816902	3820643	1	3742	10377.1599	623	1
4_MACS_peak_23790_lociStitched	chr5	162930066	162934148	4	3740	8868.5532	624	1
2_MACS_peak_27122_lociStitched	chr7	137683132	137687053	2	3738	8797.9398	625	1
3_MACS_peak_23345_lociStitched	chr5	131799592	131803411	3	3735	6090.9231	626	1
5_MACS_peak_14769_lociStitched	chr2	20405187	20409521	5	3732	4968.0642	627	1
1_MACS_peak_3334_lociStitched	chr10	27528687	27532415	1	3729	8187.8064	628	1
1_MACS_peak_14240_lociStitched	chr19	45970232	45973958	1	3727	27536.2578	629	1
2_MACS_peak_14144_lociStitched	chr19	42617840	42621597	2	3725	6957.2126	630	1
3_MACS_peak_3524_lociStitched	chr10	60025616	60029462	3	3725	11035.7124	631	1
3_MACS_peak_2609_lociStitched	chr1	206287224	206291357	3	3724	8101.0933	632	1
1_MACS_peak_8323_lociStitched	chr14	61187724	61191446	1	3723	10975.0614	633	1
3_MACS_peak_23208_lociStitched	chr5	118405764	118410117	3	3722	11871.5016	634	1
7_MACS_peak_23520_lociStitched	chr5	140886489	140890932	7	3721	6001.6044	635	1
3_MACS_peak_9911_lociStitched	chr15	89164306	89168512	3	3719	9792.4092	636	1
3_MACS_peak_26687_lociStitched	chr7	92395679	92399459	3	3718	7228.872	637	1
2_MACS_peak_3811_lociStitched	chr10	89621342	89625086	2	3717	12282.192	638	1
4_MACS_peak_16994_lociStitched	chr20	304599	308452	4	3716	6744.2912	639	1
3_MACS_peak_18103_lociStitched	chr21	44779274	44783557	3	3716	13946.7329	640	1
2_MACS_peak_14108_lociStitched	chr19	41813287	41817036	2	3715	9850.8724	641	1
5_MACS_peak_24277_lociStitched	chr6	16470994	16475124	5	3714	5370.652	642	1
3_MACS_peak_2322_lociStitched	chr1	178547353	178551615	3	3713	6100.6268	643	1
1_MACS_peak_1581_lociStitched	chr1	115297595	115301306	1	3712	12054.4413	644	1
3_MACS_peak_24775_lociStitched	chr6	41672140	41675989	3	3711	8143.7142	645	1
4_MACS_peak_6215_lociStitched	chr12	47608273	47612500	4	3711	6520.1475	646	1
3_MACS_peak_18409_lociStitched	chr22	23522040	23526358	3	3708	6998.1826	647	1
7_MACS_peak_15606_lociStitched	chr2	87783639	87788902	7	3707	6245.0758	648	1
1_MACS_peak_11169_lociStitched	chr17	1388315	1392015	1	3701	10308.57	649	1
4_MACS_peak_23913_lociStitched	chr5	176934809	176938684	4	3700	6219.7625	650	1
3_MACS_peak_13829_lociStitched	chr19	19279717	19283781	3	3699	8064.1952	651	1
1_MACS_peak_3698_lociStitched	chr10	74078301	74081996	1	3696	18588.067	652	1
2_MACS_peak_21386_lociStitched	chr4	40056392	40060189	2	3695	16500.2432	653	1
3_MACS_peak_108_lociStitched	chr1	6051374	6055368	3	3694	7936.4774	654	1
2_MACS_peak_28995_lociStitched	chr9	74977159	74981165	2	3689	23631.7946	655	1
2_MACS_peak_9061_lociStitched	chr15	31643921	31647892	2	3688	14749.8824	656	1
2_MACS_peak_2431_lociStitched	chr1	192775738	192779515	2	3684	11338.9317	657	1
1_MACS_peak_26170_lociStitched	chr7	30065292	30068972	1	3681	10600.24	658	1
3_MACS_peak_12652_lociStitched	chr18	2654514	2658530	3	3679	12715.8608	659	1
4_MACS_peak_24701_lociStitched	chr6	36559864	36564060	4	3679	11893.9816	660	1
4_MACS_peak_8523_lociStitched	chr14	74225147	74229230	4	3678	8597.9814	661	1
2_MACS_peak_25281_lociStitched	chr6	113950808	113954492	2	3675	7331.16	662	1
1_MACS_peak_2199_lociStitched	chr1	162599743	162603416	1	3674	8808.9559	663	1
1_MACS_peak_4685_lociStitched	chr11	62321694	62325366	1	3673	13229.8488	664	1
5_MACS_peak_25172_lociStitched	chr6	106547984	106552275	5	3673	5444.4208	665	1
2_MACS_peak_29284_lociStitched	chr9	112809838	112813548	2	3668	7452.648	666	1
2_MACS_peak_29512_lociStitched	chr9	130676783	130680556	2	3668	15065.589	667	1
3_MACS_peak_246_lociStitched	chr1	15850037	15854047	3	3666	9023.302	668	1
4_MACS_peak_21035_lociStitched	chr3	195266612	195270944	4	3664	12336.2364	669	1
2_MACS_peak_19946_lociStitched	chr3	96531266	96534950	2	3660	13373.2884	670	1
4_MACS_peak_30114_lociStitched	chrX	48773799	48777607	4	3657	6759.9616	671	1
1_MACS_peak_12954_lociStitched	chr18	48677661	48681316	1	3656	9833.0465	672	1
2_MACS_peak_11605_lociStitched	chr17	27275770	27279555	2	3653	9558.2605	673	1
1_MACS_peak_16184_lociStitched	chr2	157188189	157191836	1	3648	20058.5	674	1
3_MACS_peak_6431_lociStitched	chr12	56520032	56523884	3	3648	6734.4516	675	1
2_MACS_peak_11077_lociStitched	chr16	88715160	88719241	2	3643	14914.0145	676	1
1_MACS_peak_15107_lociStitched	chr2	46768564	46772203	1	3640	13415.1735	677	1
3_MACS_peak_6296_lociStitched	chr12	50055107	50058850	3	3640	7442.5812	678	1
2_MACS_peak_26159_lociStitched	chr7	29602572	29606326	2	3639	9262.2442	679	1
1_MACS_peak_14488_lociStitched	chr19	54692441	54696078	1	3638	17077.1698	680	1
1_MACS_peak_21736_lociStitched	chr4	102266555	102270186	1	3632	9812.4144	681	1
2_MACS_peak_13216_lociStitched	chr19	2048669	2052414	2	3630	9977.8035	682	1
1_MACS_peak_27772_lociStitched	chr8	71313495	71317121	1	3627	9732.5466	683	1
2_MACS_peak_10787_lociStitched	chr16	67595397	67599029	2	3627	11798.1888	684	1
1_MACS_peak_22523_lociStitched	chr5	42949365	42952990	1	3626	17264.425	685	1
1_MACS_peak_17582_lociStitched	chr20	48806624	48810248	1	3625	21151.8384	686	1
1_MACS_peak_29140_lociStitched	chr9	96212680	96216298	1	3619	12876.462	687	1
3_MACS_peak_29656_lociStitched	chr9	134602600	134606286	3	3618	7471.522	688	1
1_MACS_peak_10043_lociStitched	chr15	100104397	100108008	1	3612	21586.558	689	1
1_MACS_peak_8650_lociStitched	chr14	89769285	89772894	1	3610	14346.4968	690	1
1_MACS_peak_19265_lociStitched	chr3	23850513	23854121	1	3609	11078.364	691	1
1_MACS_peak_25572_lociStitched	chr6	143205561	143209167	1	3607	7587.7452	692	1
1_MACS_peak_19782_lociStitched	chr3	57581203	57584809	1	3607	23889.3894	693	1
1_MACS_peak_4717_lociStitched	chr11	62647190	62650794	1	3605	25833.8324	694	1
1_MACS_peak_18066_lociStitched	chr21	43481510	43485113	1	3604	12824.8785	695	1
1_MACS_peak_23107_lociStitched	chr5	107715644	107719245	1	3602	29372.9969	696	1
1_MACS_peak_7706_lociStitched	chr13	50697177	50700777	1	3601	19328.4	697	1
1_MACS_peak_18136_lociStitched	chr21	45283834	45287433	1	3600	10944.9189	698	1
2_MACS_peak_11370_lociStitched	chr17	8149798	8153514	2	3600	15413.968	699	1
3_MACS_peak_20064_lociStitched	chr3	107843061	107847059	3	3599	11361.5164	700	1
2_MACS_peak_18839_lociStitched	chr22	42146948	42150744	2	3598	6007.5496	701	1
3_MACS_peak_1630_lociStitched	chr1	118205562	118209246	3	3595	7525.6752	702	1
3_MACS_peak_27148_lociStitched	chr7	139474723	139478723	3	3595	8895.6	703	1
1_MACS_peak_20082_lociStitched	chr3	108788501	108792094	1	3594	7358.464	704	1
2_MACS_peak_24766_lociStitched	chr6	41039104	41042709	2	3594	12027.722	705	1
2_MACS_peak_19411_lociStitched	chr3	39187744	39191406	2	3594	12329.954	706	1
1_MACS_peak_23478_lociStitched	chr5	139088391	139091982	1	3592	14347.4814	707	1
1_MACS_peak_18967_lociStitched	chr22	50353415	50357006	1	3592	9601.2567	708	1
1_MACS_peak_23818_lociStitched	chr5	172196522	172200112	1	3591	23425.468	709	1
1_MACS_peak_5648_lociStitched	chr11	128562294	128565882	1	3589	13000.7592	710	1
1_MACS_peak_30807_lociStitched	chrY	1603366	1606951	1	3586	5691.9045	711	1
1_MACS_peak_10664_lociStitched	chr16	49495909	49499494	1	3586	11612.532	712	1
2_MACS_peak_3301_lociStitched	chr10	24737337	24740946	2	3585	6251.8707	713	1
1_MACS_peak_20756_lociStitched	chr3	177075385	177078968	1	3584	8361.6471	714	1
1_MACS_peak_13586_lociStitched	chr19	13213080	13216660	1	3581	8487.464	715	1
1_MACS_peak_11969_lociStitched	chr17	43660271	43663850	1	3580	26101.647	716	1
5_MACS_peak_24733_lociStitched	chr6	37136630	37141008	5	3580	7951.7614	717	1
1_MACS_peak_28505_lociStitched	chr9	3524283	3527860	1	3578	23372.4757	718	1
2_MACS_peak_12471_lociStitched	chr17	75435140	75438789	2	3577	10046.7917	719	1
2_MACS_peak_2529_lociStitched	chr1	203293430	203297457	2	3577	6912.7482	720	1
1_MACS_peak_12688_lociStitched	chr18	9135607	9139181	1	3575	10411.7768	721	1
2_MACS_peak_20694_lociStitched	chr3	169772489	169776249	2	3575	5645.64	722	1
3_MACS_peak_6714_lociStitched	chr12	92536306	92540516	3	3575	11296.693	723	1
1_MACS_peak_9884_lociStitched	chr15	85871800	85875371	1	3572	7303.7663	724	1
1_MACS_peak_27623_lociStitched	chr8	52809711	52813281	1	3571	12052.32	725	1
1_MACS_peak_29138_lociStitched	chr9	95855693	95859262	1	3570	13035.0587	726	1
2_MACS_peak_25873_lociStitched	chr7	1569689	1573264	2	3570	5743.595	727	1
3_MACS_peak_29544_lociStitched	chr9	131444570	131448626	3	3568	9269.5824	728	1
2_MACS_peak_4248_lociStitched	chr11	795118	798715	2	3566	9350.4015	729	1
3_MACS_peak_7523_lociStitched	chr13	37572219	37575824	3	3566	13656.461	730	1
3_MACS_peak_15598_lociStitched	chr2	87767746	87771637	3	3565	6715.866	731	1
3_MACS_peak_28792_lociStitched	chr9	36986268	36990042	3	3563	5782.9002	732	1
1_MACS_peak_22374_lociStitched	chr5	6727210	6730771	1	3562	7966.3131	733	1
2_MACS_peak_9722_lociStitched	chr15	76013678	76017373	2	3560	8417.5795	734	1
3_MACS_peak_24514_lociStitched	chr6	30651861	30656072	3	3559	8899.9485	735	1
2_MACS_peak_14112_lociStitched	chr19	41856633	41860236	2	3558	10599.3054	736	1
2_MACS_peak_9491_lociStitched	chr15	64385024	64388939	2	3551	9341.5815	737	1
1_MACS_peak_5204_lociStitched	chr11	85777944	85781490	1	3547	12573.0522	738	1
2_MACS_peak_20069_lociStitched	chr3	107939849	107943390	2	3540	11762.4938	739	1
2_MACS_peak_10077_lociStitched	chr15	101738701	101742296	2	3540	7546.9835	740	1
4_MACS_peak_27960_lociStitched	chr8	101504637	101508450	4	3538	9154.6317	741	1
3_MACS_peak_25260_lociStitched	chr6	109775278	109778854	3	3537	8228.376	742	1
3_MACS_peak_9902_lociStitched	chr15	86232730	86236810	3	3537	5967.408	743	1
1_MACS_peak_30459_lociStitched	chrX	112119184	112122719	1	3536	7374.3635	744	1
2_MACS_peak_12919_lociStitched	chr18	46458741	46462297	2	3535	6357.4168	745	1
1_MACS_peak_22953_lociStitched	chr5	88565883	88569414	1	3532	9326.0772	746	1
1_MACS_peak_9477_lociStitched	chr15	63891130	63894661	1	3532	16445.2794	747	1
2_MACS_peak_25705_lociStitched	chr6	157097829	157101375	2	3531	9828.4482	748	1
1_MACS_peak_20600_lociStitched	chr3	152877829	152881355	1	3527	9115.4152	749	1
1_MACS_peak_29432_lociStitched	chr9	126100121	126103646	1	3526	16688.4075	750	1
1_MACS_peak_3034_lociStitched	chr10	3914889	3918413	1	3525	11054.0832	751	1
2_MACS_peak_22987_lociStitched	chr5	91736692	91740236	2	3525	7225.1528	752	1
1_MACS_peak_14244_lociStitched	chr19	46009152	46012675	1	3524	10962.1668	753	1
3_MACS_peak_7272_lociStitched	chr12	125050085	125053946	3	3521	8492.6556	754	1
1_MACS_peak_21502_lociStitched	chr4	57842675	57846190	1	3516	6379.3735	755	1
1_MACS_peak_25485_lociStitched	chr6	136608937	136612449	1	3513	26813.7688	756	1
1_MACS_peak_20490_lociStitched	chr3	141205228	141208738	1	3511	15977.52	757	1
1_MACS_peak_21822_lociStitched	chr4	114681177	114684682	1	3506	10235.301	758	1
2_MACS_peak_15364_lociStitched	chr2	65656931	65660499	2	3503	10908.4464	759	1
4_MACS_peak_24899_lociStitched	chr6	52438482	52442753	4	3503	8100.8057	760	1
1_MACS_peak_29056_lociStitched	chr9	88966704	88970205	1	3502	6696.3627	761	1
1_MACS_peak_13212_lociStitched	chr19	1939940	1943441	1	3502	15353.6355	762	1
1_MACS_peak_11019_lociStitched	chr16	85602776	85606276	1	3501	7366.8	763	1
1_MACS_peak_19176_lociStitched	chr3	15331518	15335017	1	3500	9751.713	764	1
1_MACS_peak_17526_lociStitched	chr20	46412491	46415990	1	3500	7508.1542	765	1
2_MACS_peak_12374_lociStitched	chr17	73291216	73294715	2	3500	6467.5516	766	1
1_MACS_peak_22548_lociStitched	chr5	49961423	49964921	1	3499	22366.9116	767	1
2_MACS_peak_6609_lociStitched	chr12	72079224	72082731	2	3498	5592.2622	768	1
2_MACS_peak_5354_lociStitched	chr11	107728092	107731616	2	3497	9800.244	769	1
1_MACS_peak_23590_lociStitched	chr5	142599779	142603274	1	3496	11347.2165	770	1
2_MACS_peak_19012_lociStitched	chr22	50977416	50980940	2	3495	10392.9808	771	1
3_MACS_peak_7907_lociStitched	chr13	102524880	102528481	3	3495	5108.7387	772	1
3_MACS_peak_16285_lociStitched	chr2	172174596	172178330	3	3495	7284.6606	773	1
1_MACS_peak_10781_lociStitched	chr16	67562191	67565684	1	3494	12896.8546	774	1
2_MACS_peak_1176_lociStitched	chr1	78442549	78446057	2	3493	11620.6008	775	1
3_MACS_peak_23220_lociStitched	chr5	118667969	118671797	3	3493	6657.2748	776	1
4_MACS_peak_22654_lociStitched	chr5	58879389	58883409	4	3492	5207.508	777	1
1_MACS_peak_1057_lociStitched	chr1	65531414	65534903	1	3490	14263.032	778	1
3_MACS_peak_22329_lociStitched	chr5	1328116	1331726	3	3489	7526.489	779	1
3_MACS_peak_16589_lociStitched	chr2	201726414	201730084	3	3488	20672.009	780	1
1_MACS_peak_23315_lociStitched	chr5	130714296	130717782	1	3487	13186.1436	781	1
2_MACS_peak_12537_lociStitched	chr17	77810252	77813799	2	3485	7851.6392	782	1
2_MACS_peak_20432_lociStitched	chr3	136469070	136472755	2	3485	18828.5075	783	1
3_MACS_peak_936_lociStitched	chr1	53067103	53070603	3	3482	8914.85	784	1
2_MACS_peak_24591_lociStitched	chr6	32156843	32160671	2	3481	6589.5192	785	1
1_MACS_peak_28313_lociStitched	chr8	141520632	141524108	1	3477	8110.2032	786	1
1_MACS_peak_17494_lociStitched	chr20	46043071	46046547	1	3477	6699.99	787	1
1_MACS_peak_3787_lociStitched	chr10	83633234	83636706	1	3473	10157.336	788	1
2_MACS_peak_22708_lociStitched	chr5	65220478	65224073	2	3472	13449.9735	789	1
1_MACS_peak_4864_lociStitched	chr11	65902879	65906349	1	3471	8703.454	790	1
2_MACS_peak_17638_lociStitched	chr20	52208386	52211956	2	3469	8230.992	791	1
3_MACS_peak_27977_lociStitched	chr8	102215692	102219297	3	3469	9087.8445	792	1
2_MACS_peak_1554_lociStitched	chr1	113497740	113501280	2	3466	11228.88	793	1
1_MACS_peak_23152_lociStitched	chr5	111753165	111756625	1	3461	10306.648	794	1
2_MACS_peak_11592_lociStitched	chr17	27052784	27056389	2	3461	10719.828	795	1
3_MACS_peak_17764_lociStitched	chr20	61281086	61285201	3	3459	6423.9265	796	1
2_MACS_peak_7452_lociStitched	chr13	31037389	31040868	2	3458	10951.5441	797	1
2_MACS_peak_30727_lociStitched	chrX	153283303	153287140	2	3454	7873.1403	798	1
4_MACS_peak_20585_lociStitched	chr3	151985626	151989537	4	3454	10047.359	799	1
1_MACS_peak_15136_lociStitched	chr2	48131460	48134911	1	3452	14520.0825	800	1
2_MACS_peak_5653_lociStitched	chr11	128593694	128597199	2	3451	5506.0045	801	1
1_MACS_peak_4976_lociStitched	chr11	67805571	67809020	1	3450	11838.3476	802	1
1_MACS_peak_8110_lociStitched	chr14	32669870	32673317	1	3448	8738.145	803	1
2_MACS_peak_15338_lociStitched	chr2	65214803	65218607	2	3446	16745.9688	804	1
1_MACS_peak_29004_lociStitched	chr9	77701216	77704659	1	3444	15877.0502	805	1
1_MACS_peak_5182_lociStitched	chr11	82780975	82784418	1	3444	14824.1808	806	1
1_MACS_peak_19621_lociStitched	chr3	49447795	49451236	1	3442	22249.1619	807	1
1_MACS_peak_22954_lociStitched	chr5	88596176	88599614	1	3439	9484.0668	808	1
4_MACS_peak_19483_lociStitched	chr3	44168406	44172217	4	3436	6801.4917	809	1
1_MACS_peak_11981_lociStitched	chr17	44269036	44272469	1	3434	12126.3859	810	1
1_MACS_peak_1822_lociStitched	chr1	149821414	149824847	1	3434	9401.2705	811	1
4_MACS_peak_20349_lociStitched	chr3	129032613	129036689	4	3433	12430.5772	812	1
3_MACS_peak_12955_lociStitched	chr18	48721473	48725108	3	3429	9979.529	813	1
1_MACS_peak_8186_lociStitched	chr14	50099435	50102862	1	3428	15675.7834	814	1
1_MACS_peak_25117_lociStitched	chr6	96024345	96027768	1	3424	10133.7915	815	1
6_MACS_peak_6935_lociStitched	chr12	108959972	108964484	6	3424	6183.2448	816	1
1_MACS_peak_9993_lociStitched	chr15	93373675	93377097	1	3423	14989.3866	817	1
3_MACS_peak_12439_lociStitched	chr17	74730976	74734741	3	3422	10008.4995	818	1
1_MACS_peak_7721_lociStitched	chr13	52025206	52028626	1	3421	9802.404	819	1
2_MACS_peak_13201_lociStitched	chr19	1861914	1865400	2	3420	6753.4278	820	1
2_MACS_peak_17863_lociStitched	chr21	16123177	16126599	2	3419	7118.7866	821	1
1_MACS_peak_24093_lociStitched	chr6	7106783	7110200	1	3418	9877.8636	822	1
1_MACS_peak_21924_lociStitched	chr4	129730689	129734100	1	3412	12884.7114	823	1
2_MACS_peak_25267_lociStitched	chr6	111194241	111197872	2	3411	12360.6502	824	1
3_MACS_peak_18674_lociStitched	chr22	37637693	37641435	3	3407	5330.8532	825	1
2_MACS_peak_6472_lociStitched	chr12	57480101	57483708	2	3403	9484.2458	826	1
2_MACS_peak_4719_lociStitched	chr11	63331643	63335520	2	3403	6573.8412	827	1
4_MACS_peak_16475_lociStitched	chr2	191331457	191335481	4	3402	5052.132	828	1
3_MACS_peak_29829_lociStitched	chrX	1653446	1656903	3	3401	5821.2423	829	1
3_MACS_peak_15619_lociStitched	chr2	87806504	87809957	3	3400	5433.2955	830	1
2_MACS_peak_18454_lociStitched	chr22	24822255	24825866	2	3400	10046.1631	831	1
1_MACS_peak_20665_lociStitched	chr3	160116148	160119545	1	3398	10054.1009	832	1
1_MACS_peak_19009_lociStitched	chr22	50967987	50971383	1	3397	19028.8068	833	1
1_MACS_peak_7661_lociStitched	chr13	48806579	48809974	1	3396	13155.625	834	1
2_MACS_peak_10253_lociStitched	chr16	4663804	4667281	2	3396	8929.6314	835	1
1_MACS_peak_16664_lociStitched	chr2	208392765	208396158	1	3394	18000.2043	836	1
2_MACS_peak_13471_lociStitched	chr19	10512914	10516379	2	3393	13256.397	837	1
1_MACS_peak_9734_lociStitched	chr15	76627360	76630750	1	3391	16041.141	838	1
2_MACS_peak_29693_lociStitched	chr9	136022329	136025770	2	3391	13479.4293	839	1
1_MACS_peak_13357_lociStitched	chr19	5621492	5624881	1	3390	16063.5211	840	1
2_MACS_peak_28889_lociStitched	chr9	45726524	45729953	2	3390	6620.7132	841	1
1_MACS_peak_23287_lociStitched	chr5	127417291	127420679	1	3389	14350.5516	842	1
1_MACS_peak_21270_lociStitched	chr4	17577310	17580697	1	3388	13177.4622	843	1
1_MACS_peak_12241_lociStitched	chr17	62158738	62162124	1	3387	8122.6754	844	1
3_MACS_peak_5401_lociStitched	chr11	111236561	111240561	3	3386	5861.2	845	1
2_MACS_peak_20639_lociStitched	chr3	156821283	156824942	2	3384	6250.3038	846	1
2_MACS_peak_22205_lociStitched	chr4	184424396	184427806	2	3383	10108.604	847	1
1_MACS_peak_19373_lociStitched	chr3	33480002	33483383	1	3382	10940.916	848	1
1_MACS_peak_23067_lociStitched	chr5	98262820	98266199	1	3380	19641.4512	849	1
3_MACS_peak_13811_lociStitched	chr19	19056970	19060845	3	3379	6476.675	850	1
1_MACS_peak_23998_lociStitched	chr6	336070	339444	1	3375	10081.8494	851	1
4_MACS_peak_17223_lociStitched	chr20	30792833	30796454	4	3375	7889.7969	852	1
1_MACS_peak_17723_lociStitched	chr20	57225037	57228410	1	3374	6262.6491	853	1
1_MACS_peak_13661_lociStitched	chr19	15441603	15444976	1	3374	12125.2604	854	1
1_MACS_peak_6934_lociStitched	chr12	108954116	108957488	1	3373	10212.102	855	1
2_MACS_peak_20031_lociStitched	chr3	101545120	101548651	2	3373	8587.7451	856	1
2_MACS_peak_14274_lociStitched	chr19	47103395	47106769	2	3371	17156.79	857	1
2_MACS_peak_21257_lociStitched	chr4	14166770	14170286	2	3371	6572.4588	858	1
3_MACS_peak_16390_lociStitched	chr2	182168714	182172308	3	3371	5360.0916	859	1
1_MACS_peak_19722_lociStitched	chr3	53194154	53197518	1	3365	12774.79	860	1
2_MACS_peak_21137_lociStitched	chr4	1240963	1244421	2	3365	8949.9956	861	1
2_MACS_peak_22530_lociStitched	chr5	43064500	43068107	2	3365	11862.3409	862	1
1_MACS_peak_3505_lociStitched	chr10	54072459	54075820	1	3362	6960.9671	863	1
1_MACS_peak_13851_lociStitched	chr19	19771755	19775115	1	3361	10756.704	864	1
1_MACS_peak_28108_lociStitched	chr8	123792154	123795513	1	3360	21715.935	865	1
1_MACS_peak_255_lociStitched	chr1	16173395	16176753	1	3359	9035.3706	866	1
2_MACS_peak_11557_lociStitched	chr17	25798314	25801685	2	3357	6558.9547	867	1
1_MACS_peak_4242_lociStitched	chr11	693875	697230	1	3356	11216.1005	868	1
1_MACS_peak_25777_lociStitched	chr6	159237748	159241102	1	3355	11243.9496	869	1
1_MACS_peak_9405_lociStitched	chr15	56535032	56538386	1	3355	9890.6106	870	1
1_MACS_peak_6818_lociStitched	chr12	96587341	96590695	1	3355	9753.0966	871	1
2_MACS_peak_15277_lociStitched	chr2	64368859	64372258	2	3354	9299.664	872	1
1_MACS_peak_23425_lociStitched	chr5	137877394	137880746	1	3353	28436.0216	873	1
2_MACS_peak_17715_lociStitched	chr20	56282823	56286192	2	3353	11164.866	874	1
3_MACS_peak_13093_lociStitched	chr18	72920216	72923947	3	3353	5822.2255	875	1
1_MACS_peak_30699_lociStitched	chrX	152599354	152602705	1	3352	8473.3386	876	1
1_MACS_peak_17938_lociStitched	chr21	34609208	34612556	1	3349	7086.3768	877	1
1_MACS_peak_23660_lociStitched	chr5	150502806	150506152	1	3347	6384.8372	878	1
1_MACS_peak_7595_lociStitched	chr13	43564060	43567406	1	3347	12212.5654	879	1
1_MACS_peak_9805_lociStitched	chr15	81291671	81295016	1	3346	19186.251	880	1
1_MACS_peak_23477_lociStitched	chr5	139075750	139079093	1	3344	8946.8709	881	1
1_MACS_peak_1695_lociStitched	chr1	143742391	143745734	1	3344	17586.5201	882	1
1_MACS_peak_14405_lociStitched	chr19	50166467	50169809	1	3343	9349.9134	883	1
1_MACS_peak_9295_lociStitched	chr15	45490530	45493871	1	3342	8090.8997	884	1
1_MACS_peak_3333_lociStitched	chr10	27442419	27445760	1	3342	16264.9903	885	1
1_MACS_peak_8834_lociStitched	chr14	100704002	100707342	1	3341	10436.498	886	1
4_MACS_peak_28082_lociStitched	chr8	119575397	119579079	4	3341	4955.2356	887	1
3_MACS_peak_627_lociStitched	chr1	36614026	36617834	3	3341	11944.5536	888	1
4_MACS_peak_12458_lociStitched	chr17	75205591	75209304	4	3340	5108.3454	889	1
4_MACS_peak_28092_lociStitched	chr8	120929651	120933451	4	3339	10354.62	890	1
1_MACS_peak_5658_lociStitched	chr11	128626666	128630003	1	3338	10012.6685	891	1
1_MACS_peak_27100_lociStitched	chr7	134853989	134857325	1	3337	9059.2416	892	1
2_MACS_peak_19038_lociStitched	chr3	3150418	3153761	2	3337	17427.3933	893	1
3_MACS_peak_6258_lociStitched	chr12	48275457	48278981	3	3337	5339.2124	894	1
3_MACS_peak_6428_lociStitched	chr12	56509300	56512885	3	3337	10011.1125	895	1
1_MACS_peak_23292_lociStitched	chr5	129239006	129242339	1	3334	10915.575	896	1
3_MACS_peak_4329_lociStitched	chr11	7539951	7543319	3	3334	11878.5992	897	1
1_MACS_peak_28245_lociStitched	chr8	128806184	128809515	1	3332	5920.5194	898	1
2_MACS_peak_3292_lociStitched	chr10	23727283	23730638	2	3331	14538.2215	899	1
2_MACS_peak_10104_lociStitched	chr16	430822	434167	2	3329	6316.698	900	1
1_MACS_peak_5590_lociStitched	chr11	123172092	123175419	1	3328	9214.4592	901	1
3_MACS_peak_18847_lociStitched	chr22	42319790	42323530	3	3328	8754.966	902	1
2_MACS_peak_15164_lociStitched	chr2	54784580	54788004	2	3327	7034.9504	903	1
2_MACS_peak_4981_lociStitched	chr11	68037790	68041330	2	3326	14488.512	904	1
1_MACS_peak_17969_lociStitched	chr21	35319363	35322687	1	3325	17043.1452	905	1
1_MACS_peak_7866_lociStitched	chr13	97874109	97877433	1	3325	11903.5764	906	1
1_MACS_peak_15667_lociStitched	chr2	89064337	89067660	1	3324	8373.2954	907	1
2_MACS_peak_19543_lociStitched	chr3	46400873	46404259	2	3321	7537.236	908	1
1_MACS_peak_20931_lociStitched	chr3	186647881	186651200	1	3320	9302.4932	909	1
1_MACS_peak_12254_lociStitched	chr17	62500796	62504115	1	3320	21854.2874	910	1
1_MACS_peak_9991_lociStitched	chr15	93351244	93354562	1	3319	11496.5382	911	1
1_MACS_peak_6915_lociStitched	chr12	106695152	106698469	1	3318	14375.2146	912	1
2_MACS_peak_23391_lociStitched	chr5	133983143	133986481	2	3318	18649.0722	913	1
1_MACS_peak_28818_lociStitched	chr9	37288706	37292022	1	3317	16360.1492	914	1
1_MACS_peak_16057_lociStitched	chr2	133023959	133027275	1	3317	20509.1284	915	1
2_MACS_peak_22570_lociStitched	chr5	53813337	53816927	2	3315	8380.137	916	1
3_MACS_peak_28241_lociStitched	chr8	128221026	128225010	3	3315	6527.784	917	1
2_MACS_peak_13191_lociStitched	chr19	1650210	1653592	2	3311	10931.6386	918	1
1_MACS_peak_22444_lociStitched	chr5	32172262	32175571	1	3310	29703.5694	919	1
1_MACS_peak_20233_lociStitched	chr3	119812021	119815330	1	3310	18261.3783	920	1
1_MACS_peak_30665_lociStitched	chrX	148584035	148587343	1	3309	24594.3184	921	1
2_MACS_peak_20089_lociStitched	chr3	111392774	111396411	2	3307	7570.7792	922	1
1_MACS_peak_26184_lociStitched	chr7	30633192	30636497	1	3306	25755.204	923	1
1_MACS_peak_25811_lociStitched	chr6	166794375	166797679	1	3305	13126.1312	924	1
3_MACS_peak_12447_lociStitched	chr17	75102680	75106308	3	3305	6431.3556	925	1
4_MACS_peak_18324_lociStitched	chr22	22451264	22455195	4	3305	6054.1331	926	1
1_MACS_peak_20346_lociStitched	chr3	128999966	129003268	1	3303	9569.5262	927	1
1_MACS_peak_17327_lociStitched	chr20	35200721	35204023	1	3303	15330.8558	928	1
2_MACS_peak_13734_lociStitched	chr19	17515486	17518809	2	3303	7613.3253	929	1
2_MACS_peak_6700_lociStitched	chr12	90101280	90104586	2	3302	11918.13	930	1
1_MACS_peak_23213_lociStitched	chr5	118609095	118612395	1	3301	5855.52	931	1
1_MACS_peak_21660_lociStitched	chr4	89203681	89206980	1	3300	11749.3885	932	1
1_MACS_peak_20914_lociStitched	chr3	185653149	185656448	1	3300	20548.1514	933	1
1_MACS_peak_4069_lociStitched	chr10	112600552	112603851	1	3300	9574.3578	934	1
2_MACS_peak_5960_lociStitched	chr12	25148513	25151850	2	3299	5777.6818	935	1
2_MACS_peak_1318_lociStitched	chr1	90285786	90289228	2	3296	14886.65	936	1
4_MACS_peak_6751_lociStitched	chr12	93771121	93774903	4	3294	9449.327	937	1
2_MACS_peak_5989_lociStitched	chr12	26308553	26311845	2	3292	5851.2008	938	1
1_MACS_peak_3164_lociStitched	chr10	12083507	12086796	1	3290	10297.859	939	1
1_MACS_peak_8162_lociStitched	chr14	39899902	39903190	1	3289	14235.0672	940	1
2_MACS_peak_2644_lociStitched	chr1	207094901	207098275	2	3289	6804.3458	941	1
1_MACS_peak_20315_lociStitched	chr3	127770079	127773364	1	3286	20536.506	942	1
1_MACS_peak_14080_lociStitched	chr19	40789695	40792979	1	3285	12336.0176	943	1
2_MACS_peak_18519_lociStitched	chr22	29662781	29666076	2	3285	16368.901	944	1
1_MACS_peak_20338_lociStitched	chr3	128838115	128841396	1	3282	8223.1703	945	1
2_MACS_peak_11046_lociStitched	chr16	87811255	87814779	2	3282	15023.1644	946	1
1_MACS_peak_16195_lociStitched	chr2	158324926	158328205	1	3280	9770.7642	947	1
1_MACS_peak_5184_lociStitched	chr11	82866705	82869984	1	3280	17003.9103	948	1
1_MACS_peak_16485_lociStitched	chr2	191744623	191747900	1	3278	11137.2122	949	1
1_MACS_peak_22347_lociStitched	chr5	1799080	1802353	1	3274	13019.3394	950	1
1_MACS_peak_3259_lociStitched	chr10	22290826	22294099	1	3274	14620.8183	951	1
2_MACS_peak_22459_lociStitched	chr5	32535744	32539062	2	3272	7319.8398	952	1
1_MACS_peak_21316_lociStitched	chr4	26320409	26323679	1	3271	14149.944	953	1
3_MACS_peak_24646_lociStitched	chr6	34202981	34206531	3	3270	6816	954	1
1_MACS_peak_5040_lociStitched	chr11	72523734	72527002	1	3269	13878.8692	955	1
2_MACS_peak_12062_lociStitched	chr17	48225534	48228913	2	3269	5959.5423	956	1
4_MACS_peak_19734_lociStitched	chr3	53223972	53228048	4	3269	4551.2616	957	1
2_MACS_peak_23353_lociStitched	chr5	131830189	131833640	2	3268	10314.0037	958	1
2_MACS_peak_3860_lociStitched	chr10	93555953	93559327	2	3267	9922.5966	959	1
1_MACS_peak_4536_lociStitched	chr11	43941391	43944656	1	3266	10036.9365	960	1
2_MACS_peak_13133_lociStitched	chr19	924373	927642	2	3266	9822.0374	961	1
2_MACS_peak_9821_lociStitched	chr15	81614691	81617979	2	3266	7004.4264	962	1
1_MACS_peak_4747_lociStitched	chr11	64036300	64039564	1	3265	11356.1088	963	1
1_MACS_peak_14156_lociStitched	chr19	42756980	42760243	1	3264	9368.3993	964	1
1_MACS_peak_29208_lociStitched	chr9	101983064	101986326	1	3263	30318.3328	965	1
1_MACS_peak_19652_lociStitched	chr3	50373074	50376336	1	3263	18954.5034	966	1
2_MACS_peak_1111_lociStitched	chr1	66845181	66848452	2	3261	6346.3942	967	1
1_MACS_peak_5249_lociStitched	chr11	95521806	95525062	1	3257	26837.2544	968	1
2_MACS_peak_16756_lociStitched	chr2	220142216	220145478	2	3257	13819.463	969	1
2_MACS_peak_15186_lociStitched	chr2	55275172	55278714	2	3257	8235.8584	970	1
3_MACS_peak_26377_lociStitched	chr7	50417742	50421402	3	3257	4735.308	971	1
1_MACS_peak_16331_lociStitched	chr2	174827731	174830986	1	3256	9833.6805	972	1
3_MACS_peak_29673_lociStitched	chr9	135257137	135260410	3	3256	4726.5393	973	1
4_MACS_peak_17768_lociStitched	chr20	61424770	61428299	4	3255	6184.2196	974	1
1_MACS_peak_23371_lociStitched	chr5	133338656	133341908	1	3253	18324.0444	975	1
2_MACS_peak_5487_lociStitched	chr11	116967128	116970393	2	3251	18420.1505	976	1
1_MACS_peak_22606_lociStitched	chr5	55774739	55777988	1	3250	9116.3691	977	1
2_MACS_peak_13674_lociStitched	chr19	16253125	16256444	2	3248	10649.6753	978	1
1_MACS_peak_29177_lociStitched	chr9	99178846	99182092	1	3247	11247.7146	979	1
1_MACS_peak_10004_lociStitched	chr15	94772418	94775664	1	3247	15986.2254	980	1
1_MACS_peak_3426_lociStitched	chr10	43902380	43905625	1	3246	16379.7865	981	1
2_MACS_peak_21989_lociStitched	chr4	146099236	146102546	2	3245	11285.445	982	1
2_MACS_peak_30749_lociStitched	chrX	153625281	153628630	2	3244	19831.7733	983	1
4_MACS_peak_30021_lociStitched	chrX	39955054	39958504	4	3242	4654.05	984	1
3_MACS_peak_14402_lociStitched	chr19	50142907	50146363	3	3241	15478.3872	985	1
4_MACS_peak_16609_lociStitched	chr2	202047138	202050958	4	3241	6392.388	986	1
1_MACS_peak_25274_lociStitched	chr6	111803035	111806272	1	3238	16520.0295	987	1
1_MACS_peak_9357_lociStitched	chr15	52310681	52313918	1	3238	10796.0424	988	1
1_MACS_peak_10507_lociStitched	chr16	28833443	28836679	1	3237	13218.4128	989	1
1_MACS_peak_8568_lociStitched	chr14	75759915	75763151	1	3237	10606.9608	990	1
2_MACS_peak_19552_lociStitched	chr3	46578537	46581832	2	3237	10147.941	991	1
2_MACS_peak_20649_lociStitched	chr3	156876146	156879414	2	3234	27561.0048	992	1
1_MACS_peak_20712_lociStitched	chr3	171756569	171759801	1	3233	27185.6448	993	1
1_MACS_peak_6914_lociStitched	chr12	106640328	106643560	1	3233	14856.5344	994	1
2_MACS_peak_22817_lociStitched	chr5	75841430	75844680	2	3233	11640.85	995	1
1_MACS_peak_15910_lociStitched	chr2	112250276	112253507	1	3232	6418.3815	996	1
2_MACS_peak_23229_lociStitched	chr5	118689484	118692764	2	3232	5472.68	997	1
1_MACS_peak_19275_lociStitched	chr3	25822666	25825893	1	3228	9099.4946	998	1
4_MACS_peak_3154_lociStitched	chr10	11724558	11728036	4	3228	5923.034	999	1
1_MACS_peak_21274_lociStitched	chr4	18021719	18024941	1	3223	11762.8776	1000	1
1_MACS_peak_14138_lociStitched	chr19	42442452	42445674	1	3223	12314.484	1001	1
1_MACS_peak_22409_lociStitched	chr5	17216300	17219520	1	3221	11192.398	1002	1
2_MACS_peak_22308_lociStitched	chr5	217756	221023	2	3221	9521.0181	1003	1
3_MACS_peak_27522_lociStitched	chr8	33421859	33425162	3	3221	5917.6548	1004	1
1_MACS_peak_12309_lociStitched	chr17	66394363	66397582	1	3220	9939.9501	1005	1
2_MACS_peak_27286_lociStitched	chr7	155088461	155091719	2	3218	5802.498	1006	1
