#MM7_jia_peaks Enhancers
#Created from /data/projects/IRF4_mm_trn_data/myeloma_public_data/rose/MM7_jia_ROSE/MM7_jia_peaks_3KB_STITCHED_ENHANCER_REGION_MAP.txt
#Ranked by MM7_jia.bam
#Using cutoff of 10097.264 for Super-Enhancers
#Created on Jul 16 2024 
REGION_ID	CHROM	START	STOP	NUM_LOCI	CONSTITUENT_SIZE	MM7_jia.bam	enhancerRank	isStretch
19_MACS_peak_17365_lociStitched	chr2	99060714	99138205	19	64459	88719.4459	1	1
16_MACS_peak_23204_lociStitched	chr3	141079294	141147455	16	58571	109534.727	2	1
22_MACS_peak_31376_lociStitched	chr8	27206582	27267140	22	46362	44934.036	3	1
10_MACS_peak_1582_lociStitched	chr1	118147412	118188368	10	37913	47422.9524	4	1
10_MACS_peak_16519_lociStitched	chr2	46761640	46806801	10	33580	53524.8172	5	1
4_MACS_peak_17286_lociStitched	chr2	88896378	88928917	4	30294	42853.863	6	1
13_MACS_peak_22691_lociStitched	chr3	112039051	112072578	13	29279	31542.2016	7	1
14_MACS_peak_26283_lociStitched	chr5	95258952	95298839	14	28594	31654.3232	8	1
18_MACS_peak_23564_lociStitched	chr3	171840053	171879533	18	28591	24394.692	9	1
10_MACS_peak_23554_lociStitched	chr3	171801552	171833971	10	28438	37537.9601	10	1
10_MACS_peak_23745_lociStitched	chr3	183224658	183260736	10	27650	35356.44	11	1
6_MACS_peak_2093_lociStitched	chr1	156449219	156479635	6	27516	48410.1056	12	1
9_MACS_peak_32770_lociStitched	chr9	20351193	20385035	9	27338	35493.4896	13	1
11_MACS_peak_28636_lociStitched	chr6	90046944	90085837	11	26751	31970.046	14	1
11_MACS_peak_1592_lociStitched	chr1	118192668	118230769	11	26557	36134.9884	15	1
13_MACS_peak_3047_lociStitched	chr1	218517722	218551452	13	25793	29915.137	16	1
5_MACS_peak_17266_lociStitched	chr2	87794206	87822790	5	25525	32694.3792	17	1
3_MACS_peak_27470_lociStitched	chr6	7894848	7921531	3	25350	34965.4032	18	1
11_MACS_peak_26803_lociStitched	chr5	139027271	139058142	11	25337	28682.2461	19	1
9_MACS_peak_25667_lociStitched	chr5	26860410	26890746	9	24956	23258.6112	20	1
7_MACS_peak_30952_lociStitched	chr7	137660101	137688051	7	24948	27242.865	21	1
6_MACS_peak_16280_lociStitched	chr2	33699712	33728787	6	24942	44903.43	22	1
10_MACS_peak_17543_lociStitched	chr2	112182120	112212904	10	24860	24768.8064	23	1
8_MACS_peak_9626_lociStitched	chr15	31630843	31660627	8	24580	37605.2784	24	1
5_MACS_peak_16063_lociStitched	chr2	20403550	20432309	5	24506	30869.9106	25	1
7_MACS_peak_10460_lociStitched	chr15	75063566	75093343	7	24039	38793.4756	26	1
10_MACS_peak_23582_lociStitched	chr3	171888096	171914438	10	24037	23881.6572	27	1
8_MACS_peak_6312_lociStitched	chr12	7052082	7081235	8	23586	38041.7497	28	1
15_MACS_peak_30089_lociStitched	chr7	55569361	55603846	15	23529	27522.4785	29	1
8_MACS_peak_16921_lociStitched	chr2	65140061	65167849	8	23214	30486.2148	30	1
9_MACS_peak_29660_lociStitched	chr7	8006763	8031503	9	22897	22627.204	31	1
10_MACS_peak_7568_lociStitched	chr12	109007042	109035268	10	22723	31841.7506	32	1
9_MACS_peak_27002_lociStitched	chr5	150510572	150537898	9	22560	22240.6314	33	1
5_MACS_peak_33631_lociStitched	chr9	112904508	112927532	5	22321	25556.64	34	1
14_MACS_peak_12049_lociStitched	chr16	81841676	81875745	14	21547	27752.6074	35	1
13_MACS_peak_16840_lociStitched	chr2	64340944	64372524	13	21209	25699.804	36	1
6_MACS_peak_9903_lociStitched	chr15	45001905	45030003	6	21179	49000.1022	37	1
4_MACS_peak_28729_lociStitched	chr6	106531542	106555476	4	21157	23146.5714	38	1
11_MACS_peak_20711_lociStitched	chr22	23260287	23286273	11	21029	30190.5348	39	1
6_MACS_peak_16766_lociStitched	chr2	60756661	60783409	6	21014	34047.5292	40	1
7_MACS_peak_26648_lociStitched	chr5	131745620	131774234	7	20835	26067.354	41	1
4_MACS_peak_32793_lociStitched	chr9	20457399	20481306	4	20831	25449.0015	42	1
13_MACS_peak_25888_lociStitched	chr5	56108999	56138498	13	20618	25230.4947	43	1
8_MACS_peak_28767_lociStitched	chr6	108895545	108921337	8	20531	19937.216	44	1
3_MACS_peak_15989_lociStitched	chr2	13786863	13807499	3	20502	31368.7836	45	1
6_MACS_peak_774_lociStitched	chr1	40846633	40870729	6	20414	27009.2064	46	1
3_MACS_peak_18756_lociStitched	chr2	201979411	202001078	3	20376	43888.6752	47	1
3_MACS_peak_1837_lociStitched	chr1	150532142	150553127	3	20280	53039.5875	48	1
16_MACS_peak_28315_lociStitched	chr6	52386659	52419048	16	20197	19355.6664	49	1
5_MACS_peak_17717_lociStitched	chr2	127830839	127855730	5	20051	25100.0844	50	1
9_MACS_peak_21012_lociStitched	chr22	37614458	37642319	9	19925	25972.0242	51	1
8_MACS_peak_22531_lociStitched	chr3	98475790	98498736	8	19918	20855.6194	52	1
5_MACS_peak_5640_lociStitched	chr11	76777228	76802412	5	19888	20786.8736	53	1
15_MACS_peak_22882_lociStitched	chr3	121540062	121574255	15	19878	20898.7616	54	1
11_MACS_peak_16658_lociStitched	chr2	54776852	54807877	11	19849	28713.6375	55	1
5_MACS_peak_5923_lociStitched	chr11	111230450	111251583	5	19762	26382.4372	56	1
5_MACS_peak_16863_lociStitched	chr2	64430457	64456628	5	19697	35435.534	57	1
5_MACS_peak_10732_lociStitched	chr15	89164382	89185723	5	19261	37532.4167	58	1
6_MACS_peak_15973_lociStitched	chr2	13670586	13694320	6	19174	26605.814	59	1
5_MACS_peak_1981_lociStitched	chr1	154370636	154394717	5	19067	27348.7917	60	1
8_MACS_peak_4224_lociStitched	chr10	92955336	92982304	8	18972	23912.5256	61	1
7_MACS_peak_4623_lociStitched	chr10	125819391	125841474	7	18716	18587.2611	62	1
11_MACS_peak_6140_lociStitched	chr11	128585588	128611892	11	18696	21953.3184	63	1
7_MACS_peak_5352_lociStitched	chr11	65254462	65278389	7	18670	26042.1468	64	1
9_MACS_peak_20544_lociStitched	chr21	45552815	45581242	9	18451	27844.2465	65	1
3_MACS_peak_3587_lociStitched	chr10	22595598	22616339	3	18310	23217.4754	66	1
8_MACS_peak_30316_lociStitched	chr7	81412195	81435238	8	18296	15185.337	67	1
6_MACS_peak_16335_lociStitched	chr2	37528472	37553868	6	18225	29154.608	68	1
5_MACS_peak_9693_lociStitched	chr15	37319963	37341390	5	18169	24923.8864	69	1
4_MACS_peak_6801_lociStitched	chr12	48195512	48214588	4	18044	26771.2584	70	1
6_MACS_peak_21426_lociStitched	chr3	5223138	5243153	6	17970	23207.3925	71	1
5_MACS_peak_32285_lociStitched	chr8	126285655	126308529	5	17831	22780.2166	72	1
10_MACS_peak_27309_lociStitched	chr5	180221709	180249016	10	17784	24357.844	73	1
6_MACS_peak_1096_lociStitched	chr1	66796763	66818664	6	17707	22759.5192	74	1
6_MACS_peak_18772_lociStitched	chr2	202083192	202105220	6	17657	23834.296	75	1
6_MACS_peak_18274_lociStitched	chr2	173410384	173429932	6	17584	23950.2096	76	1
8_MACS_peak_16903_lociStitched	chr2	64863307	64889185	8	17552	32748.609	77	1
5_MACS_peak_18955_lociStitched	chr2	219742177	219763076	5	17551	39170.9957	78	1
4_MACS_peak_14211_lociStitched	chr18	52973104	52991716	4	17515	21679.2576	79	1
6_MACS_peak_17708_lociStitched	chr2	127412844	127434808	6	17469	27584.5876	80	1
9_MACS_peak_2202_lociStitched	chr1	160695624	160721029	9	17267	20674.589	81	1
7_MACS_peak_23035_lociStitched	chr3	129023105	129043730	7	17257	26558.8125	82	1
12_MACS_peak_3236_lociStitched	chr1	230276759	230313621	12	17180	21457.3702	83	1
5_MACS_peak_20227_lociStitched	chr21	19147380	19169456	5	17007	19760.2276	84	1
8_MACS_peak_33877_lociStitched	chr9	130526565	130549662	8	16893	34885.7088	85	1
8_MACS_peak_4987_lociStitched	chr11	23590023	23609370	8	16690	14711.4588	86	1
5_MACS_peak_16004_lociStitched	chr2	16828738	16848184	5	16649	21892.3068	87	1
6_MACS_peak_10200_lociStitched	chr15	63788881	63810198	6	16634	27061.9315	88	1
5_MACS_peak_26065_lociStitched	chr5	71585989	71604963	5	16572	21298.315	89	1
2_MACS_peak_5341_lociStitched	chr11	65183382	65199940	2	16550	42719.64	90	1
6_MACS_peak_7876_lociStitched	chr12	123366713	123388523	6	16545	26926.626	91	1
6_MACS_peak_32935_lociStitched	chr9	33152681	33173126	6	16522	25568.517	92	1
7_MACS_peak_18079_lociStitched	chr2	161208314	161227907	7	16506	18111.7692	93	1
10_MACS_peak_12495_lociStitched	chr17	16864353	16885657	10	16489	18249.0064	94	1
2_MACS_peak_3286_lociStitched	chr1	234729560	234749457	2	16400	49223.1883	95	1
7_MACS_peak_21372_lociStitched	chr22	50962707	50987467	7	16356	33990.528	96	1
5_MACS_peak_22363_lociStitched	chr3	69128277	69145757	5	16346	20393.916	97	1
7_MACS_peak_11754_lociStitched	chr16	56963489	56981261	7	16326	24457.8264	98	1
13_MACS_peak_28779_lociStitched	chr6	108939121	108965175	13	16289	14809.0936	99	1
5_MACS_peak_2015_lociStitched	chr1	154925762	154949371	5	16261	37165.2878	100	1
6_MACS_peak_2752_lociStitched	chr1	198886835	198907251	6	16166	16614.5408	101	1
7_MACS_peak_745_lociStitched	chr1	40236372	40258816	7	16114	20462.1948	102	1
6_MACS_peak_16342_lociStitched	chr2	37570640	37588931	6	16077	22035.1677	103	1
7_MACS_peak_11428_lociStitched	chr16	22195164	22219848	7	16071	30956.2044	104	1
4_MACS_peak_18668_lociStitched	chr2	197023181	197042868	4	16068	20350.4519	105	1
7_MACS_peak_22184_lociStitched	chr3	53194503	53215420	7	15824	19697.5389	106	1
7_MACS_peak_20843_lociStitched	chr22	29181187	29199292	7	15753	26188.8825	107	1
3_MACS_peak_30056_lociStitched	chr7	50343716	50361953	3	15750	20828.4777	108	1
6_MACS_peak_5602_lociStitched	chr11	74659216	74675735	6	15645	17870.2542	109	1
8_MACS_peak_23856_lociStitched	chr3	186703533	186725185	8	15564	25759.3844	110	1
9_MACS_peak_2451_lociStitched	chr1	175142859	175165543	9	15552	19487.8244	111	1
5_MACS_peak_26205_lociStitched	chr5	88113129	88132880	5	15549	17323.6021	112	1
2_MACS_peak_26210_lociStitched	chr5	88171021	88186627	2	15498	18246.5352	113	1
5_MACS_peak_24446_lociStitched	chr4	40194196	40210335	5	15328	24787.8901	114	1
11_MACS_peak_18280_lociStitched	chr2	173443481	173472939	11	15312	18917.9276	115	1
7_MACS_peak_14033_lociStitched	chr18	33168830	33191435	7	15282	15097.8795	116	1
4_MACS_peak_12724_lociStitched	chr17	29633992	29649339	4	15118	18998.0513	117	1
5_MACS_peak_29116_lociStitched	chr6	137523178	137541647	5	15053	19935.4386	118	1
5_MACS_peak_18309_lociStitched	chr2	174814495	174831542	5	14832	25488.6744	119	1
6_MACS_peak_14829_lociStitched	chr19	12885872	12907571	6	14811	29421.6741	120	1
6_MACS_peak_32235_lociStitched	chr8	124034170	124055296	6	14791	22742.139	121	1
7_MACS_peak_9774_lociStitched	chr15	40833831	40851697	7	14782	14676.919	122	1
13_MACS_peak_27346_lociStitched	chr6	312125	339299	13	14765	14505.4812	123	1
7_MACS_peak_18256_lociStitched	chr2	173291439	173308852	7	14756	17635.8864	124	1
5_MACS_peak_19080_lociStitched	chr2	231726191	231743656	5	14718	22493.1735	125	1
5_MACS_peak_11226_lociStitched	chr16	11821422	11838065	5	14676	15516.2689	126	1
9_MACS_peak_28841_lociStitched	chr6	109392914	109418028	9	14647	15726.3868	127	1
10_MACS_peak_19874_lociStitched	chr20	46112793	46137255	10	14559	18302.4684	128	1
8_MACS_peak_7650_lociStitched	chr12	111866064	111887637	8	14535	18436.2858	129	1
9_MACS_peak_6882_lociStitched	chr12	51312021	51329165	9	14474	13718.6288	130	1
4_MACS_peak_33887_lociStitched	chr9	130660763	130680915	4	14341	34302.7344	131	1
5_MACS_peak_10938_lociStitched	chr15	101458370	101475809	5	14316	15215.5275	132	1
4_MACS_peak_4867_lociStitched	chr11	10323933	10344833	4	14228	16830.77	133	1
7_MACS_peak_18230_lociStitched	chr2	172170271	172192060	7	14226	21429.4815	134	1
3_MACS_peak_24410_lociStitched	chr4	38664548	38678951	3	14224	17509.7271	135	1
10_MACS_peak_32859_lociStitched	chr9	26063753	26086777	10	14217	17802.1568	136	1
7_MACS_peak_34023_lociStitched	chr9	134593854	134615524	7	14146	25850.143	137	1
2_MACS_peak_7566_lociStitched	chr12	108952829	108966838	2	13986	20112.7213	138	1
4_MACS_peak_14455_lociStitched	chr19	2081707	2098050	4	13979	22772.3362	139	1
7_MACS_peak_14869_lociStitched	chr19	13943828	13962096	7	13853	27323.4476	140	1
5_MACS_peak_31974_lociStitched	chr8	95947516	95964748	5	13809	20111.4672	141	1
4_MACS_peak_27360_lociStitched	chr6	389184	403840	4	13763	13659.392	142	1
2_MACS_peak_6410_lociStitched	chr12	12866199	12879956	2	13757	34117.36	143	1
5_MACS_peak_3903_lociStitched	chr10	63800529	63816012	5	13754	20292.0198	144	1
6_MACS_peak_11570_lociStitched	chr16	29815704	29837072	6	13717	22697.0896	145	1
5_MACS_peak_24124_lociStitched	chr4	2787175	2805308	5	13716	18939.9185	146	1
5_MACS_peak_18268_lociStitched	chr2	173346142	173362231	5	13677	14772.9198	147	1
8_MACS_peak_6350_lociStitched	chr12	9865307	9886363	8	13629	13454.784	148	1
9_MACS_peak_27906_lociStitched	chr6	31779848	31804711	9	13617	21136.0363	149	1
5_MACS_peak_18694_lociStitched	chr2	198157444	198176370	5	13613	20428.7244	150	1
4_MACS_peak_33337_lociStitched	chr9	91918741	91936235	4	13569	31354.4962	151	1
3_MACS_peak_23939_lociStitched	chr3	192604127	192617874	3	13546	23855.1691	152	1
4_MACS_peak_1726_lociStitched	chr1	145208210	145227204	4	13521	17955.0282	153	1
4_MACS_peak_19943_lociStitched	chr20	49121176	49140481	4	13517	18826.236	154	1
9_MACS_peak_13608_lociStitched	chr17	75131589	75151356	9	13515	19494.2154	155	1
8_MACS_peak_2122_lociStitched	chr1	157475092	157497822	8	13480	20079.682	156	1
10_MACS_peak_23544_lociStitched	chr3	171771730	171788947	10	13428	9934.209	157	1
5_MACS_peak_26428_lociStitched	chr5	109024114	109038767	5	13422	17124.9611	158	1
5_MACS_peak_9738_lociStitched	chr15	40212545	40234708	5	13388	24142.1559	159	1
2_MACS_peak_27201_lociStitched	chr5	173310741	173324173	2	13362	15008.9168	160	1
4_MACS_peak_10236_lociStitched	chr15	64443306	64459889	4	13337	13559.9191	161	1
3_MACS_peak_18598_lociStitched	chr2	191321669	191335497	3	13309	16640.6152	162	1
9_MACS_peak_22522_lociStitched	chr3	98448378	98469632	9	13269	15062.7098	163	1
7_MACS_peak_16874_lociStitched	chr2	64497238	64517299	7	13248	17172.216	164	1
10_MACS_peak_16182_lociStitched	chr2	27374686	27393590	10	13247	13230.9096	165	1
5_MACS_peak_9615_lociStitched	chr15	31516677	31531870	5	13199	19304.2258	166	1
2_MACS_peak_6544_lociStitched	chr12	26266173	26280478	2	13182	25847.7045	167	1
4_MACS_peak_30303_lociStitched	chr7	78113067	78127871	4	13130	13188.8836	168	1
4_MACS_peak_27093_lociStitched	chr5	156964816	156983060	4	13100	15370.57	169	1
8_MACS_peak_25710_lociStitched	chr5	32581062	32598566	8	13085	17537.2576	170	1
8_MACS_peak_25617_lociStitched	chr5	14204926	14230479	8	13082	15147.8184	171	1
3_MACS_peak_13034_lociStitched	chr17	43296623	43313263	3	13031	25144.704	172	1
4_MACS_peak_24773_lociStitched	chr4	90210694	90224483	4	13010	18950.2227	173	1
3_MACS_peak_15318_lociStitched	chr19	39888351	39902998	3	13003	31189.3218	174	1
3_MACS_peak_10613_lociStitched	chr15	81583758	81597033	3	12930	14528.16	175	1
9_MACS_peak_18433_lociStitched	chr2	182321126	182338991	9	12928	11326.41	176	1
2_MACS_peak_19860_lociStitched	chr20	45976150	45990187	2	12912	26448.5154	177	1
3_MACS_peak_22603_lociStitched	chr3	104228379	104246546	3	12886	24338.3299	178	1
2_MACS_peak_2926_lociStitched	chr1	206727858	206741025	2	12885	17130.267	179	1
9_MACS_peak_7079_lociStitched	chr12	58222449	58241261	9	12863	13964.1476	180	1
3_MACS_peak_23334_lociStitched	chr3	150315443	150328577	3	12764	19316.1738	181	1
2_MACS_peak_26924_lociStitched	chr5	142771741	142785751	2	12740	20259.861	182	1
5_MACS_peak_25271_lociStitched	chr4	153580649	153601886	5	12695	15961.7292	183	1
8_MACS_peak_12811_lociStitched	chr17	36570773	36587913	8	12665	16163.02	184	1
5_MACS_peak_18000_lociStitched	chr2	158288585	158302304	5	12662	22641.8376	185	1
8_MACS_peak_21118_lociStitched	chr22	39850165	39873263	8	12644	13376.0518	186	1
4_MACS_peak_9716_lociStitched	chr15	38844324	38857499	4	12532	16947.0025	187	1
9_MACS_peak_19512_lociStitched	chr20	30292952	30311896	9	12503	12741.7344	188	1
7_MACS_peak_7486_lociStitched	chr12	104320940	104337861	7	12475	20567.4755	189	1
6_MACS_peak_1867_lociStitched	chr1	151019689	151037578	6	12459	19243.1973	190	1
5_MACS_peak_32502_lociStitched	chr8	145007441	145027759	5	12458	23184.8698	191	1
1_MACS_peak_1709_lociStitched	chr1	144923431	144935827	1	12397	18044.8572	192	1
3_MACS_peak_21497_lociStitched	chr3	13049775	13064365	3	12285	19201.899	193	1
6_MACS_peak_9302_lociStitched	chr14	91829160	91844370	6	12250	12215.151	194	1
2_MACS_peak_23348_lociStitched	chr3	151910595	151923687	2	12223	20974.6932	195	1
9_MACS_peak_19661_lociStitched	chr20	34188948	34208159	9	12142	15891.3392	196	1
7_MACS_peak_2193_lociStitched	chr1	160640875	160659793	7	12125	17773.461	197	1
3_MACS_peak_24261_lociStitched	chr4	15772471	15787548	3	12088	12314.8936	198	1
7_MACS_peak_23876_lociStitched	chr3	186777015	186797894	7	12048	20252.63	199	1
6_MACS_peak_33799_lociStitched	chr9	127019785	127038130	6	12011	13272.6075	200	1
10_MACS_peak_21238_lociStitched	chr22	43506325	43526426	10	11988	11154.0449	201	1
2_MACS_peak_13920_lociStitched	chr18	13371411	13383397	2	11972	12556.5336	202	1
4_MACS_peak_13480_lociStitched	chr17	72744077	72757806	4	11962	9422.2127	203	1
4_MACS_peak_2880_lociStitched	chr1	205279979	205294715	4	11947	16445.376	204	1
5_MACS_peak_2063_lociStitched	chr1	155937243	155953967	5	11920	16168.7632	205	1
3_MACS_peak_25142_lociStitched	chr4	144272591	144284628	3	11886	17320.0393	206	1
5_MACS_peak_12428_lociStitched	chr17	8053620	8068179	5	11865	22171.9011	207	1
8_MACS_peak_25444_lociStitched	chr4	185359064	185380191	8	11837	11370.5514	208	1
10_MACS_peak_22711_lociStitched	chr3	112177032	112194583	10	11817	12196.1899	209	1
7_MACS_peak_2935_lociStitched	chr1	206845675	206865995	7	11794	16715.232	210	1
5_MACS_peak_1090_lociStitched	chr1	66736725	66750444	5	11780	18066.5511	211	1
7_MACS_peak_14007_lociStitched	chr18	30339524	30353415	7	11777	8309.5962	212	1
6_MACS_peak_3230_lociStitched	chr1	230255779	230270825	6	11748	20369.2748	213	1
4_MACS_peak_13351_lociStitched	chr17	62158568	62173543	4	11738	11493.3125	214	1
11_MACS_peak_17487_lociStitched	chr2	110337943	110358946	11	11723	11400.4284	215	1
5_MACS_peak_2423_lociStitched	chr1	174127342	174143997	5	11722	20935.335	216	1
6_MACS_peak_22083_lociStitched	chr3	50272820	50286913	6	11701	17743.087	217	1
6_MACS_peak_6451_lociStitched	chr12	15101254	15115876	6	11690	12570.5334	218	1
7_MACS_peak_3729_lociStitched	chr10	43889323	43905761	7	11613	25082.7442	219	1
9_MACS_peak_445_lociStitched	chr1	27058997	27077524	9	11573	11579.375	220	1
7_MACS_peak_20850_lociStitched	chr22	29204970	29221230	7	11541	10910.46	221	1
6_MACS_peak_2072_lociStitched	chr1	156083115	156100307	6	11539	17917.5024	222	1
5_MACS_peak_8690_lociStitched	chr13	114551038	114567587	5	11537	13934.258	223	1
4_MACS_peak_5844_lociStitched	chr11	102183412	102195707	4	11495	16271.203	224	1
8_MACS_peak_30327_lociStitched	chr7	81500852	81522639	8	11480	10671.2726	225	1
3_MACS_peak_20082_lociStitched	chr20	58401016	58417537	3	11476	13489.3965	226	1
6_MACS_peak_32009_lociStitched	chr8	98655190	98670575	6	11466	13957.272	227	1
3_MACS_peak_2824_lociStitched	chr1	203267450	203281264	3	11459	22678.4438	228	1
4_MACS_peak_2965_lociStitched	chr1	207988826	208006303	4	11448	33166.1029	229	1
9_MACS_peak_26702_lociStitched	chr5	133871080	133892126	9	11441	14835.3254	230	1
5_MACS_peak_32945_lociStitched	chr9	33286911	33301333	5	11392	22230.0708	231	1
7_MACS_peak_18537_lociStitched	chr2	188847286	188860643	7	11381	10403.7673	232	1
3_MACS_peak_2738_lociStitched	chr1	197737473	197752722	3	11341	20627.3223	233	1
8_MACS_peak_19997_lociStitched	chr20	52196281	52215665	8	11320	13442.804	234	1
7_MACS_peak_6289_lociStitched	chr12	6889947	6909407	7	11314	14719.544	235	1
2_MACS_peak_8180_lociStitched	chr13	35515331	35526842	2	11292	11855.1789	236	1
5_MACS_peak_15963_lociStitched	chr2	11883314	11897942	5	11292	22110.222	237	1
3_MACS_peak_22724_lociStitched	chr3	112207705	112219884	3	11287	15915.5172	238	1
6_MACS_peak_23453_lociStitched	chr3	160108214	160129426	6	11248	25492.5816	239	1
1_MACS_peak_7934_lociStitched	chr12	125395740	125406980	1	11241	29157.684	240	1
3_MACS_peak_26997_lociStitched	chr5	150455446	150467445	3	11226	24725.1394	241	1
2_MACS_peak_27686_lociStitched	chr6	25404093	25415424	2	11186	14284.9917	242	1
1_MACS_peak_18133_lociStitched	chr2	165608795	165619979	1	11185	20154.6864	243	1
3_MACS_peak_18427_lociStitched	chr2	182168630	182179852	3	11163	20783.144	244	1
4_MACS_peak_29429_lociStitched	chr6	159228533	159241014	4	11143	18045.0298	245	1
3_MACS_peak_22778_lociStitched	chr3	114164775	114176226	3	11142	16719.6051	246	1
5_MACS_peak_13359_lociStitched	chr17	62195441	62209570	5	11133	15071.4043	247	1
4_MACS_peak_15912_lociStitched	chr2	9683396	9697046	4	11117	20065.5	248	1
3_MACS_peak_17003_lociStitched	chr2	68988899	69004218	3	11101	18497.6925	249	1
2_MACS_peak_2108_lociStitched	chr1	156709433	156722914	2	11079	18397.5207	250	1
5_MACS_peak_16949_lociStitched	chr2	65609180	65624100	5	11058	16158.36	251	1
5_MACS_peak_21305_lociStitched	chr22	47157418	47173729	5	11033	15030.5865	252	1
3_MACS_peak_10357_lociStitched	chr15	68492181	68503499	3	11017	11336.1088	253	1
5_MACS_peak_1316_lociStitched	chr1	93415196	93428820	5	11008	15391.0328	254	1
7_MACS_peak_415_lociStitched	chr1	26436801	26453558	7	11002	12876.0788	255	1
6_MACS_peak_23824_lociStitched	chr3	185264122	185280162	6	10993	14307.68	256	1
3_MACS_peak_10657_lociStitched	chr15	83563421	83574750	3	10985	15136.6769	257	1
2_MACS_peak_17320_lociStitched	chr2	96864079	96875374	2	10980	16383.3975	258	1
8_MACS_peak_26661_lociStitched	chr5	131821542	131834192	8	10977	17012.985	259	1
4_MACS_peak_10307_lociStitched	chr15	67371922	67386620	4	10975	11890.682	260	1
3_MACS_peak_3518_lociStitched	chr10	15826458	15837780	3	10960	14147.9712	261	1
3_MACS_peak_29360_lociStitched	chr6	157166362	157178958	3	10945	12074.5256	262	1
3_MACS_peak_28797_lociStitched	chr6	108988100	108999854	3	10918	10793.6982	263	1
3_MACS_peak_2633_lociStitched	chr1	184711387	184725312	3	10875	14827.34	264	1
6_MACS_peak_2668_lociStitched	chr1	189119255	189134978	6	10861	10355.1678	265	1
10_MACS_peak_3429_lociStitched	chr10	5930018	5947848	10	10858	12439.991	266	1
5_MACS_peak_10348_lociStitched	chr15	68390137	68408428	5	10831	11340.42	267	1
7_MACS_peak_21845_lociStitched	chr3	42098762	42114876	7	10791	16610.3112	268	1
3_MACS_peak_20754_lociStitched	chr22	24176383	24191059	3	10773	16384.2864	269	1
6_MACS_peak_13668_lociStitched	chr17	76711596	76726442	6	10739	12034.1676	270	1
6_MACS_peak_33035_lociStitched	chr9	37186723	37200818	6	10620	12024.4445	271	1
14_MACS_peak_9471_lociStitched	chr14	106037558	106057534	14	10608	9834.1848	272	1
5_MACS_peak_20296_lociStitched	chr21	34601313	34614228	5	10579	12145.266	273	1
6_MACS_peak_14843_lociStitched	chr19	13043542	13057967	6	10524	13716.7325	274	1
5_MACS_peak_20270_lociStitched	chr21	30667453	30680711	5	10521	13989.8416	275	1
3_MACS_peak_15898_lociStitched	chr2	8653904	8667675	3	10510	13850.8718	276	1
4_MACS_peak_1730_lociStitched	chr1	145246316	145263792	4	10498	10319.578	277	1
2_MACS_peak_16247_lociStitched	chr2	31471012	31481693	2	10495	12624.942	278	1
5_MACS_peak_6546_lociStitched	chr12	26306045	26320793	5	10493	12139.0788	279	1
7_MACS_peak_25071_lociStitched	chr4	132115393	132131071	7	10479	9805.0212	280	1
5_MACS_peak_10561_lociStitched	chr15	78347864	78362990	5	10435	12043.3212	281	1
1_MACS_peak_1245_lociStitched	chr1	87793223	87803647	1	10425	15066.8496	282	1
4_MACS_peak_27897_lociStitched	chr6	31694563	31708756	4	10425	21354.7878	283	1
3_MACS_peak_17556_lociStitched	chr2	112230202	112242225	3	10419	9172.3467	284	1
5_MACS_peak_3225_lociStitched	chr1	230236832	230249760	5	10414	10016.6144	285	1
4_MACS_peak_11219_lociStitched	chr16	11771719	11783603	4	10370	10438.9056	286	1
2_MACS_peak_16552_lociStitched	chr2	47203758	47215495	2	10358	14624.302	287	1
3_MACS_peak_2365_lociStitched	chr1	167682412	167695989	3	10337	13900.1326	288	1
4_MACS_peak_21128_lociStitched	chr22	39903934	39919330	4	10337	14600.0268	289	1
8_MACS_peak_16890_lociStitched	chr2	64749568	64767371	8	10320	21726.7812	290	1
2_MACS_peak_23466_lociStitched	chr3	161656076	161669162	2	10314	11807.4978	291	1
10_MACS_peak_23258_lociStitched	chr3	142883016	142902513	10	10303	11162.0325	292	1
8_MACS_peak_14963_lociStitched	chr19	16471705	16485574	8	10298	13905.0594	293	1
3_MACS_peak_24667_lociStitched	chr4	80090268	80103886	3	10296	12017.885	294	1
1_MACS_peak_2827_lociStitched	chr1	203288254	203298538	1	10285	19699.002	295	1
3_MACS_peak_8321_lociStitched	chr13	46268656	46282493	3	10277	17246.4368	296	1
1_MACS_peak_14286_lociStitched	chr18	60821211	60831467	1	10257	21294.5328	297	1
2_MACS_peak_2980_lociStitched	chr1	209275639	209285916	2	10221	12313.9014	298	1
2_MACS_peak_16452_lociStitched	chr2	43445228	43455464	2	10212	22059.6036	299	1
3_MACS_peak_18685_lociStitched	chr2	198069665	198082325	3	10206	15560.406	300	1
2_MACS_peak_10855_lociStitched	chr15	93439304	93452118	2	10190	27988.3388	301	1
3_MACS_peak_17260_lociStitched	chr2	87765429	87777114	3	10185	12307.8105	302	1
6_MACS_peak_10032_lociStitched	chr15	52963703	52976893	6	10181	27402.225	303	1
3_MACS_peak_27515_lociStitched	chr6	11722139	11736300	3	10180	14985.1702	304	1
5_MACS_peak_3878_lociStitched	chr10	61587256	61598847	5	10175	9001.5706	305	1
1_MACS_peak_3590_lociStitched	chr10	22623727	22633887	1	10161	14114.272	306	1
3_MACS_peak_18966_lociStitched	chr2	220109404	220120629	3	10153	19441.7	307	1
4_MACS_peak_7218_lociStitched	chr12	72078023	72088839	4	10137	14100.8192	308	1
3_MACS_peak_27573_lociStitched	chr6	15244757	15257538	3	10130	15600.4886	309	1
3_MACS_peak_34783_lociStitched	chrX	106953566	106965030	3	10125	16360.2744	310	1
4_MACS_peak_81_lociStitched	chr1	2465724	2482084	4	10118	15136.272	311	1
8_MACS_peak_21580_lociStitched	chr3	16937576	16955861	8	10083	9915.9555	312	1
3_MACS_peak_27254_lociStitched	chr5	176726489	176740074	3	10063	14397.383	313	1
4_MACS_peak_659_lociStitched	chr1	36614150	36628839	4	10050	21199.1648	314	1
7_MACS_peak_14495_lociStitched	chr19	2617777	2633104	7	10024	11581.0812	315	1
7_MACS_peak_32780_lociStitched	chr9	20407218	20419219	7	10020	8391.0992	316	1
5_MACS_peak_17498_lociStitched	chr2	110364694	110380191	5	10018	14130.1646	317	1
4_MACS_peak_16422_lociStitched	chr2	40340382	40354235	4	10008	10428.5384	318	1
5_MACS_peak_6135_lociStitched	chr11	128562416	128575520	5	9999	10266.984	319	1
4_MACS_peak_16385_lociStitched	chr2	39340776	39357336	4	9989	19098.648	320	1
4_MACS_peak_32808_lociStitched	chr9	20551170	20564310	4	9988	9283.41	321	1
4_MACS_peak_33847_lociStitched	chr9	129592268	129606348	4	9985	15010.688	322	1
1_MACS_peak_14307_lociStitched	chr18	60978780	60988750	1	9971	9645.975	323	1
4_MACS_peak_438_lociStitched	chr1	27018709	27029987	4	9969	14415.5396	324	1
6_MACS_peak_31873_lociStitched	chr8	81046918	81060917	6	9938	8379.8014	325	1
5_MACS_peak_21065_lociStitched	chr22	38782587	38794952	5	9921	8828.61	326	1
4_MACS_peak_1840_lociStitched	chr1	150572655	150587131	4	9898	20629.7476	327	1
4_MACS_peak_27933_lociStitched	chr6	32152272	32164711	4	9884	18252.9886	328	1
4_MACS_peak_2960_lociStitched	chr1	207918565	207929666	4	9881	14937.5056	329	1
5_MACS_peak_31879_lociStitched	chr8	81073410	81084459	5	9867	10751.7819	330	1
3_MACS_peak_17695_lociStitched	chr2	126392169	126403069	3	9853	13384.11	331	1
5_MACS_peak_20197_lociStitched	chr21	15892662	15907680	5	9848	13432.0992	332	1
4_MACS_peak_29799_lociStitched	chr7	25998849	26011933	4	9837	18897.2212	333	1
4_MACS_peak_2189_lociStitched	chr1	160620966	160636490	4	9825	11212.9852	334	1
5_MACS_peak_14647_lociStitched	chr19	7401090	7417477	5	9818	12388.572	335	1
3_MACS_peak_21344_lociStitched	chr22	50353220	50364824	3	9768	16865.2536	336	1
4_MACS_peak_17656_lociStitched	chr2	120059457	120073738	4	9764	12385.9113	337	1
4_MACS_peak_404_lociStitched	chr1	25869931	25883459	4	9760	12348.3584	338	1
7_MACS_peak_28164_lociStitched	chr6	41683514	41703450	7	9745	13692.0448	339	1
4_MACS_peak_30556_lociStitched	chr7	101927491	101939217	4	9739	8496.6596	340	1
4_MACS_peak_26621_lociStitched	chr5	130709795	130720532	4	9720	15217.5501	341	1
3_MACS_peak_30379_lociStitched	chr7	90329899	90345126	3	9717	10960.3946	342	1
5_MACS_peak_12880_lociStitched	chr17	38251645	38265222	5	9693	15776.474	343	1
7_MACS_peak_8109_lociStitched	chr13	30326166	30342945	7	9664	9600.9438	344	1
4_MACS_peak_21192_lociStitched	chr22	42141808	42154625	4	9636	8696.3345	345	1
8_MACS_peak_23596_lociStitched	chr3	171928125	171946021	8	9636	9221.8088	346	1
2_MACS_peak_3186_lociStitched	chr1	228268823	228279489	2	9631	21341.5994	347	1
10_MACS_peak_9488_lociStitched	chr14	106158248	106176052	10	9627	8768.47	348	1
7_MACS_peak_21703_lociStitched	chr3	31572414	31590784	7	9618	13797.707	349	1
5_MACS_peak_29458_lociStitched	chr6	160389400	160405113	5	9616	14212.4085	350	1
2_MACS_peak_12347_lociStitched	chr17	4842526	4854434	2	9602	20293.6136	351	1
1_MACS_peak_5364_lociStitched	chr11	65336000	65345598	1	9599	18811.1202	352	1
9_MACS_peak_23395_lociStitched	chr3	156260640	156277079	9	9575	13029.5514	353	1
4_MACS_peak_20501_lociStitched	chr21	44771819	44783791	4	9572	18566.1776	354	1
1_MACS_peak_17813_lociStitched	chr2	136888874	136898441	1	9568	18437.5224	355	1
5_MACS_peak_8257_lociStitched	chr13	41547434	41560950	5	9565	11504.8192	356	1
3_MACS_peak_1994_lociStitched	chr1	154572211	154582550	3	9557	11651.0191	357	1
2_MACS_peak_27343_lociStitched	chr6	290299	300348	2	9548	17738.4948	358	1
3_MACS_peak_16379_lociStitched	chr2	39315440	39328662	3	9545	13371.4086	359	1
4_MACS_peak_14295_lociStitched	chr18	60871606	60885225	4	9531	10966.0188	360	1
4_MACS_peak_27697_lociStitched	chr6	26017512	26034739	4	9529	18689.5723	361	1
3_MACS_peak_27843_lociStitched	chr6	30646954	30659176	3	9499	13562.7534	362	1
8_MACS_peak_585_lociStitched	chr1	32392069	32405880	8	9487	9220.2236	363	1
5_MACS_peak_960_lociStitched	chr1	52413969	52430006	5	9485	10810.5417	364	1
3_MACS_peak_12895_lociStitched	chr17	38473823	38487194	3	9478	18425.238	365	1
7_MACS_peak_4498_lociStitched	chr10	112617527	112633975	7	9478	13600.8512	366	1
4_MACS_peak_21656_lociStitched	chr3	25820831	25832788	4	9474	15633.7775	367	1
3_MACS_peak_30609_lociStitched	chr7	104649817	104659293	3	9425	21791.9572	368	1
6_MACS_peak_25259_lociStitched	chr4	153472691	153483560	6	9421	10284.2478	369	1
5_MACS_peak_21337_lociStitched	chr22	50318252	50331785	5	9416	15691.5135	370	1
3_MACS_peak_10163_lociStitched	chr15	60874681	60885439	3	9411	10104.9894	371	1
5_MACS_peak_18332_lociStitched	chr2	175454459	175465652	5	9404	18728.1276	372	1
4_MACS_peak_22760_lociStitched	chr3	113455486	113468819	4	9398	19995.5001	373	1
7_MACS_peak_28827_lociStitched	chr6	109213031	109227584	7	9381	9923.6907	374	1
6_MACS_peak_10602_lociStitched	chr15	81265702	81283012	6	9373	11568.273	375	1
3_MACS_peak_455_lociStitched	chr1	27152526	27167025	3	9360	15586.425	376	1
3_MACS_peak_18778_lociStitched	chr2	202120796	202130171	3	9342	16297.5	377	1
4_MACS_peak_25267_lociStitched	chr4	153553686	153565694	4	9340	9222.144	378	1
2_MACS_peak_2200_lociStitched	chr1	160676120	160687789	2	9326	11082.0493	379	1
3_MACS_peak_32818_lociStitched	chr9	20612089	20625256	3	9320	13581.7605	380	1
4_MACS_peak_13583_lociStitched	chr17	74486403	74498311	4	9312	12734.4152	381	1
2_MACS_peak_5224_lociStitched	chr11	62305432	62314827	2	9295	12582.7235	382	1
5_MACS_peak_17566_lociStitched	chr2	112655031	112667709	5	9281	10021.959	383	1
3_MACS_peak_25452_lociStitched	chr4	185390994	185403243	3	9270	14179.4424	384	1
5_MACS_peak_33992_lociStitched	chr9	134143524	134153868	5	9267	10058.5056	385	1
2_MACS_peak_25427_lociStitched	chr4	185200529	185210856	2	9242	17839.8925	386	1
4_MACS_peak_32583_lociStitched	chr9	613499	628978	4	9238	11394.0919	387	1
4_MACS_peak_2154_lociStitched	chr1	159035777	159048226	4	9227	17617.8248	388	1
4_MACS_peak_17174_lociStitched	chr2	82122174	82132988	4	9224	8157.0002	389	1
5_MACS_peak_34471_lociStitched	chrX	48790636	48804138	5	9198	11741.3392	390	1
3_MACS_peak_22207_lociStitched	chr3	55514781	55524193	3	9165	16358.9972	391	1
1_MACS_peak_10063_lociStitched	chr15	56656724	56665879	1	9156	14531.7315	392	1
2_MACS_peak_19206_lociStitched	chr2	241498360	241508943	2	9145	16903.1676	393	1
5_MACS_peak_34465_lociStitched	chrX	48768060	48778261	5	9134	9666.4676	394	1
4_MACS_peak_23031_lociStitched	chr3	128994868	129006786	4	9119	19867.306	395	1
4_MACS_peak_28936_lociStitched	chr6	119661238	119672663	4	9114	14775.9525	396	1
4_MACS_peak_14407_lociStitched	chr19	1240006	1254003	4	9111	15395.3003	397	1
4_MACS_peak_13152_lociStitched	chr17	48224242	48234749	4	9099	8644.1089	398	1
6_MACS_peak_6010_lociStitched	chr11	118266833	118281888	6	9099	10621.3025	399	1
3_MACS_peak_16058_lociStitched	chr2	20345103	20357886	3	9098	11677.2705	400	1
5_MACS_peak_23017_lociStitched	chr3	128892376	128908046	5	9096	17335.721	401	1
6_MACS_peak_32213_lociStitched	chr8	120944670	120964506	6	9088	10562.67	402	1
5_MACS_peak_10491_lociStitched	chr15	75331367	75342424	5	9086	14046.8128	403	1
3_MACS_peak_23125_lociStitched	chr3	135906023	135917293	3	9083	19391.162	404	1
3_MACS_peak_17987_lociStitched	chr2	157188012	157200611	3	9083	46282.4265	405	1
4_MACS_peak_20115_lociStitched	chr20	61273397	61287182	4	9077	10883.2575	406	1
1_MACS_peak_23771_lociStitched	chr3	184031821	184040895	1	9075	18322.2208	407	1
5_MACS_peak_15585_lociStitched	chr19	48824143	48837685	5	9075	20206.0182	408	1
2_MACS_peak_27713_lociStitched	chr6	26194533	26206878	2	9071	14827.5795	409	1
2_MACS_peak_10457_lociStitched	chr15	74915488	74924568	2	9064	9782.792	410	1
5_MACS_peak_2133_lociStitched	chr1	157664907	157678159	5	9062	9090.872	411	1
4_MACS_peak_5451_lociStitched	chr11	67033858	67046781	4	9059	10507.6913	412	1
5_MACS_peak_16980_lociStitched	chr2	68584588	68599657	5	9054	13714.2969	413	1
2_MACS_peak_1738_lociStitched	chr1	145434437	145443492	2	9050	12944.1225	414	1
5_MACS_peak_24919_lociStitched	chr4	113199560	113211144	5	9049	9819.7568	415	1
4_MACS_peak_33699_lociStitched	chr9	117369770	117382430	4	9040	12034.596	416	1
3_MACS_peak_2352_lociStitched	chr1	167596667	167606946	3	9030	13168.4269	417	1
3_MACS_peak_13108_lociStitched	chr17	46124565	46135317	3	9014	13838.8992	418	1
5_MACS_peak_17920_lociStitched	chr2	151328976	151344391	5	9012	8549.159	419	1
3_MACS_peak_17292_lociStitched	chr2	89043946	89056441	3	9007	16490.901	420	1
5_MACS_peak_20699_lociStitched	chr22	23142159	23154692	5	9004	7318.0187	421	1
2_MACS_peak_1474_lociStitched	chr1	111172862	111182382	2	9001	10188.304	422	1
4_MACS_peak_10824_lociStitched	chr15	92395546	92407144	4	8991	13848.012	423	1
7_MACS_peak_16018_lociStitched	chr2	18071187	18083305	7	8988	8825.5394	424	1
5_MACS_peak_10486_lociStitched	chr15	75312078	75325148	5	8986	9799.886	425	1
3_MACS_peak_25576_lociStitched	chr5	6479022	6488204	3	8978	13454.3846	426	1
3_MACS_peak_24496_lociStitched	chr4	48191619	48206450	3	8946	10586.3678	427	1
1_MACS_peak_29130_lociStitched	chr6	138187025	138195958	1	8934	12472.2546	428	1
4_MACS_peak_23421_lociStitched	chr3	156869488	156879523	4	8924	20204.469	429	1
9_MACS_peak_20998_lociStitched	chr22	37322909	37339663	9	8918	8392.0786	430	1
2_MACS_peak_2486_lociStitched	chr1	178541750	178552300	2	8915	15385.065	431	1
4_MACS_peak_26004_lociStitched	chr5	66482705	66493615	4	8915	9940.101	432	1
3_MACS_peak_733_lociStitched	chr1	39972051	39981356	3	8910	8326.114	433	1
2_MACS_peak_19015_lociStitched	chr2	225832592	225842393	2	8897	15433.6347	434	1
4_MACS_peak_28082_lociStitched	chr6	36714798	36727124	4	8866	10294.6752	435	1
3_MACS_peak_6763_lociStitched	chr12	46776358	46785429	3	8859	14748.5389	436	1
2_MACS_peak_23935_lociStitched	chr3	192576762	192586166	2	8859	8493.6928	437	1
5_MACS_peak_19218_lociStitched	chr2	242208857	242221453	5	8846	15528.3488	438	1
5_MACS_peak_4974_lociStitched	chr11	22212345	22221734	5	8843	7639.8293	439	1
3_MACS_peak_2867_lociStitched	chr1	204673029	204685079	3	8834	10255.755	440	1
5_MACS_peak_20307_lociStitched	chr21	34696366	34705754	5	8832	10745.5048	441	1
2_MACS_peak_6641_lociStitched	chr12	31736630	31745489	2	8824	12862.3821	442	1
2_MACS_peak_297_lociStitched	chr1	21614789	21623636	2	8819	14033.1114	443	1
3_MACS_peak_28764_lociStitched	chr6	108878014	108888658	3	8818	17679.684	444	1
5_MACS_peak_26714_lociStitched	chr5	133977086	133987651	5	8811	12738.2205	445	1
5_MACS_peak_9701_lociStitched	chr15	37382590	37394935	5	8806	12142.542	446	1
8_MACS_peak_22870_lociStitched	chr3	121499138	121515424	8	8797	10519.1274	447	1
7_MACS_peak_21692_lociStitched	chr3	31480162	31492251	7	8792	7130.0922	448	1
6_MACS_peak_12637_lociStitched	chr17	26367981	26383663	6	8783	8998.3316	449	1
6_MACS_peak_28479_lociStitched	chr6	74224501	74234185	6	8773	18679.4676	450	1
4_MACS_peak_2185_lociStitched	chr1	160607264	160617407	4	8767	8196.5583	451	1
4_MACS_peak_34010_lociStitched	chr9	134494673	134506972	4	8764	12826.6271	452	1
5_MACS_peak_25466_lociStitched	chr4	185559134	185571643	5	8763	13537.2398	453	1
4_MACS_peak_34113_lociStitched	chr9	139790314	139800057	4	8761	13990.948	454	1
4_MACS_peak_6080_lociStitched	chr11	122929275	122941836	4	8750	13675.1607	455	1
1_MACS_peak_21816_lociStitched	chr3	39187029	39195771	1	8743	18705.2574	456	1
5_MACS_peak_2850_lociStitched	chr1	204481891	204495303	5	8740	18442.8412	457	1
1_MACS_peak_16720_lociStitched	chr2	56569216	56577943	1	8728	13957.0911	458	1
7_MACS_peak_8189_lociStitched	chr13	35730577	35744043	7	8716	6591.607	459	1
3_MACS_peak_24846_lociStitched	chr4	103741457	103750835	3	8712	22555.9656	460	1
3_MACS_peak_7474_lociStitched	chr12	102869897	102878928	3	8690	10997.9518	461	1
4_MACS_peak_28360_lociStitched	chr6	53915444	53926313	4	8686	7256.1444	462	1
3_MACS_peak_18113_lociStitched	chr2	162093701	162103751	3	8685	13966.485	463	1
1_MACS_peak_25258_lociStitched	chr4	153451785	153460467	1	8683	12766.0128	464	1
2_MACS_peak_3060_lociStitched	chr1	218555908	218564822	2	8681	14672.444	465	1
6_MACS_peak_27193_lociStitched	chr5	173208576	173222805	6	8680	7576.9425	466	1
1_MACS_peak_31801_lociStitched	chr8	71125399	71134069	1	8671	10677.972	467	1
3_MACS_peak_2012_lociStitched	chr1	154908224	154917925	3	8649	19153.6544	468	1
3_MACS_peak_2102_lociStitched	chr1	156626657	156635738	3	8629	8951.1417	469	1
4_MACS_peak_22203_lociStitched	chr3	53914809	53926873	4	8628	19432.6912	470	1
1_MACS_peak_32300_lociStitched	chr8	126441111	126449718	1	8608	17773.455	471	1
5_MACS_peak_18610_lociStitched	chr2	191744206	191756967	5	8605	17930.4811	472	1
3_MACS_peak_2908_lociStitched	chr1	206282359	206294564	3	8584	17699.691	473	1
5_MACS_peak_23832_lociStitched	chr3	185645129	185656474	5	8579	15426.931	474	1
4_MACS_peak_21442_lociStitched	chr3	9435833	9447155	4	8578	17387.1954	475	1
6_MACS_peak_20182_lociStitched	chr21	15312745	15324087	6	8570	8385.1406	476	1
4_MACS_peak_26530_lociStitched	chr5	118668464	118678159	4	8568	8279.53	477	1
4_MACS_peak_13443_lociStitched	chr17	66450221	66459317	4	8556	11639.2416	478	1
3_MACS_peak_21106_lociStitched	chr22	39540098	39548744	3	8554	14718.9504	479	1
4_MACS_peak_7364_lociStitched	chr12	93827524	93836975	4	8551	9152.3484	480	1
4_MACS_peak_347_lociStitched	chr1	23850754	23860926	4	8544	9548.4564	481	1
7_MACS_peak_16620_lociStitched	chr2	53966656	53980614	7	8535	10849.5534	482	1
3_MACS_peak_7024_lociStitched	chr12	57022119	57031469	3	8534	14770.195	483	1
2_MACS_peak_17629_lociStitched	chr2	114643874	114652681	2	8521	12506.8207	484	1
2_MACS_peak_19011_lociStitched	chr2	225802176	225812235	2	8521	14120.8242	485	1
2_MACS_peak_12386_lociStitched	chr17	7136886	7147336	2	8512	17573.765	486	1
6_MACS_peak_4126_lociStitched	chr10	81946594	81958301	6	8512	10893.3635	487	1
3_MACS_peak_12286_lociStitched	chr17	2294683	2306095	3	8479	24333.8076	488	1
4_MACS_peak_14851_lociStitched	chr19	13205671	13216730	4	8475	7253.5981	489	1
6_MACS_peak_10364_lociStitched	chr15	68580451	68593882	6	8474	8457.5007	490	1
2_MACS_peak_28015_lociStitched	chr6	35265066	35273669	2	8462	9896.0309	491	1
3_MACS_peak_16289_lociStitched	chr2	33752666	33762180	3	8450	13575.5266	492	1
5_MACS_peak_12857_lociStitched	chr17	37924878	37934978	5	8449	7216.45	493	1
3_MACS_peak_7416_lociStitched	chr12	96790802	96802564	3	8446	11287.9914	494	1
1_MACS_peak_6752_lociStitched	chr12	46119343	46127782	1	8440	17029.0581	495	1
2_MACS_peak_10773_lociStitched	chr15	90637262	90646414	2	8434	14243.2576	496	1
6_MACS_peak_21416_lociStitched	chr3	5015119	5029409	6	8420	14407.178	497	1
6_MACS_peak_13566_lociStitched	chr17	74258551	74269020	6	8414	10968.3713	498	1
3_MACS_peak_15761_lociStitched	chr19	55762434	55771614	3	8402	12430.638	499	1
5_MACS_peak_10779_lociStitched	chr15	90726564	90738994	5	8396	15256.582	500	1
4_MACS_peak_23975_lociStitched	chr3	195264341	195277740	4	8376	14127.9056	501	1
3_MACS_peak_13913_lociStitched	chr18	13216804	13225626	3	8372	8035.0776	502	1
3_MACS_peak_10483_lociStitched	chr15	75298533	75307380	3	8359	10934.892	503	1
1_MACS_peak_14978_lociStitched	chr19	16692869	16701225	1	8357	17030.3636	504	1
4_MACS_peak_24236_lociStitched	chr4	14177482	14189857	4	8353	8827.0875	505	1
5_MACS_peak_4630_lociStitched	chr10	125845032	125855184	5	8350	9585.5184	506	1
3_MACS_peak_14560_lociStitched	chr19	4058697	4068146	3	8337	14859.4974	507	1
6_MACS_peak_30916_lociStitched	chr7	134670842	134682613	6	8337	10819.9032	508	1
1_MACS_peak_17046_lociStitched	chr2	70309810	70318127	1	8318	32166.8292	509	1
4_MACS_peak_10866_lociStitched	chr15	94772626	94784014	4	8311	15373.8	510	1
6_MACS_peak_10831_lociStitched	chr15	92484204	92497126	6	8310	7348.7414	511	1
1_MACS_peak_1477_lociStitched	chr1	111209875	111218167	1	8293	7299.4476	512	1
5_MACS_peak_27679_lociStitched	chr6	25366667	25380086	5	8289	8648.5455	513	1
2_MACS_peak_4270_lociStitched	chr10	98022900	98034246	2	8284	9471.6408	514	1
4_MACS_peak_20511_lociStitched	chr21	44842378	44851853	4	8254	13876.1375	515	1
5_MACS_peak_22686_lociStitched	chr3	112011918	112023489	5	8245	10833.9273	516	1
2_MACS_peak_19107_lociStitched	chr2	232570587	232579275	2	8243	18660.9552	517	1
1_MACS_peak_2022_lociStitched	chr1	154971273	154979504	1	8232	16159.9223	518	1
3_MACS_peak_14511_lociStitched	chr19	2693683	2702861	3	8208	9584.5854	519	1
2_MACS_peak_21605_lociStitched	chr3	20080664	20091432	2	8207	11690.8176	520	1
7_MACS_peak_2521_lociStitched	chr1	179049019	179061797	7	8207	15660.7168	521	1
3_MACS_peak_35004_lociStitched	chrX	153230912	153239491	3	8200	9883.008	522	1
7_MACS_peak_19532_lociStitched	chr20	30944874	30958059	7	8195	9866.3355	523	1
1_MACS_peak_31534_lociStitched	chr8	38236849	38245041	1	8193	17726.6688	524	1
2_MACS_peak_2163_lociStitched	chr1	159887415	159896056	2	8192	21620.6461	525	1
8_MACS_peak_3613_lociStitched	chr10	24737724	24750043	8	8186	6431.7499	526	1
3_MACS_peak_19840_lociStitched	chr20	45027182	45039738	3	8186	12308.6468	527	1
6_MACS_peak_10949_lociStitched	chr15	101520438	101536472	6	8156	8494.8132	528	1
4_MACS_peak_4478_lociStitched	chr10	112167429	112176198	4	8141	7709.7048	529	1
5_MACS_peak_18828_lociStitched	chr2	204545023	204562343	5	8140	7568.84	530	1
2_MACS_peak_22671_lociStitched	chr3	111392628	111402868	2	8138	12124.16	531	1
3_MACS_peak_16562_lociStitched	chr2	47394964	47404977	3	8132	16631.593	532	1
1_MACS_peak_24653_lociStitched	chr4	78735497	78743607	1	8111	15833.964	533	1
5_MACS_peak_9922_lociStitched	chr15	45737354	45751148	5	8109	10083.414	534	1
2_MACS_peak_20495_lociStitched	chr21	44725829	44734833	2	8107	12796.4848	535	1
2_MACS_peak_5226_lociStitched	chr11	62318719	62328781	2	8097	14613.0426	536	1
4_MACS_peak_5594_lociStitched	chr11	74616045	74624870	4	8087	6836.7275	537	1
3_MACS_peak_27964_lociStitched	chr6	33279719	33292268	3	8087	15285.9369	538	1
1_MACS_peak_5174_lociStitched	chr11	58340053	58348134	1	8082	20181.4894	539	1
3_MACS_peak_12376_lociStitched	chr17	6915012	6927211	3	8081	22610.8465	540	1
5_MACS_peak_10967_lociStitched	chr15	101738712	101751585	5	8068	9526.02	541	1
4_MACS_peak_22797_lociStitched	chr3	114856460	114867523	4	8067	14522.4001	542	1
1_MACS_peak_25425_lociStitched	chr4	185183895	185191934	1	8040	11151.7008	543	1
2_MACS_peak_27101_lociStitched	chr5	157019135	157030040	2	8039	9485.169	544	1
4_MACS_peak_18701_lociStitched	chr2	198290238	198301172	4	8033	16220.589	545	1
3_MACS_peak_32565_lociStitched	chr9	175890	186824	3	8028	12565.3528	546	1
1_MACS_peak_13040_lociStitched	chr17	43387575	43395595	1	8021	12281.828	547	1
3_MACS_peak_383_lociStitched	chr1	25069537	25079212	3	8016	12413.9925	548	1
4_MACS_peak_24862_lociStitched	chr4	105407826	105417150	4	8009	8902.5552	549	1
3_MACS_peak_2573_lociStitched	chr1	181095468	181105200	3	8007	12976.6488	550	1
7_MACS_peak_14127_lociStitched	chr18	46448954	46462022	7	8007	7474.896	551	1
2_MACS_peak_26801_lociStitched	chr5	139013018	139023480	2	8005	16047.6618	552	1
3_MACS_peak_31738_lociStitched	chr8	62746580	62754724	3	8002	6269.2512	553	1
2_MACS_peak_2822_lociStitched	chr1	203254917	203263128	2	7998	30149.9709	554	1
6_MACS_peak_12750_lociStitched	chr17	31154303	31166799	6	7997	10526.6304	555	1
2_MACS_peak_28440_lociStitched	chr6	69360352	69368546	2	7994	5942.2888	556	1
3_MACS_peak_32323_lociStitched	chr8	128220394	128228831	3	7988	9977.5962	557	1
1_MACS_peak_8363_lociStitched	chr13	49549086	49557070	1	7985	15786.7632	558	1
5_MACS_peak_17977_lociStitched	chr2	155997977	156009368	5	7972	10939.9164	559	1
5_MACS_peak_6943_lociStitched	chr12	53591894	53603603	5	7970	6675.3009	560	1
3_MACS_peak_10391_lociStitched	chr15	70386955	70396184	3	7969	11403.3524	561	1
2_MACS_peak_22266_lociStitched	chr3	57577688	57585664	2	7959	20578.08	562	1
1_MACS_peak_27952_lociStitched	chr6	32935118	32943073	1	7956	27232.3515	563	1
3_MACS_peak_19427_lociStitched	chr20	17941731	17952803	3	7953	9998.016	564	1
6_MACS_peak_11096_lociStitched	chr16	2556818	2571424	6	7940	15629.8806	565	1
3_MACS_peak_23541_lociStitched	chr3	171756863	171765945	3	7930	17699.0016	566	1
2_MACS_peak_10592_lociStitched	chr15	80351221	80360176	2	7925	11477.6235	567	1
4_MACS_peak_23719_lociStitched	chr3	182399611	182410768	4	7916	12606.2943	568	1
2_MACS_peak_12868_lociStitched	chr17	38016515	38024605	2	7915	11440.878	569	1
4_MACS_peak_24244_lociStitched	chr4	14311211	14319320	4	7910	9009.9099	570	1
5_MACS_peak_23092_lociStitched	chr3	132854420	132868190	5	7898	11866.986	571	1
2_MACS_peak_33192_lociStitched	chr9	73026058	73036979	2	7884	21009.8198	572	1
3_MACS_peak_2594_lociStitched	chr1	182991050	182999926	3	7882	9550.576	573	1
3_MACS_peak_18766_lociStitched	chr2	202047208	202059640	3	7879	9379.944	574	1
4_MACS_peak_31866_lociStitched	chr8	81008641	81017471	4	7867	7930.223	575	1
1_MACS_peak_29359_lociStitched	chr6	157097807	157105669	1	7863	10747.354	576	1
3_MACS_peak_13939_lociStitched	chr18	14207977	14217628	3	7863	7960.1448	577	1
2_MACS_peak_7840_lociStitched	chr12	122236973	122244980	2	7859	19593.9297	578	1
4_MACS_peak_1953_lociStitched	chr1	153929066	153941225	4	7859	16989.7707	579	1
2_MACS_peak_26820_lociStitched	chr5	139415135	139423774	2	7852	8752.1709	580	1
3_MACS_peak_31312_lociStitched	chr8	22297434	22305810	3	7844	12524.6328	581	1
6_MACS_peak_19333_lociStitched	chr20	4128984	4143119	6	7842	9148.172	582	1
5_MACS_peak_6265_lociStitched	chr12	6551887	6562872	5	7837	9321.871	583	1
4_MACS_peak_33587_lociStitched	chr9	108018137	108027145	4	7832	8317.0864	584	1
4_MACS_peak_4016_lociStitched	chr10	73524588	73533730	4	7829	10479.4746	585	1
3_MACS_peak_22794_lociStitched	chr3	114810489	114820086	3	7827	8660.3328	586	1
5_MACS_peak_6278_lociStitched	chr12	6711750	6723831	5	7819	9297.5376	587	1
2_MACS_peak_1181_lociStitched	chr1	84459568	84467784	2	7811	12875.2936	588	1
1_MACS_peak_10270_lociStitched	chr15	65182947	65190753	1	7807	26752.7232	589	1
6_MACS_peak_9315_lociStitched	chr14	91872804	91885677	6	7784	6943.6962	590	1
4_MACS_peak_32788_lociStitched	chr9	20434869	20446695	4	7778	10839.7116	591	1
1_MACS_peak_3894_lociStitched	chr10	63657744	63665506	1	7763	11246.3618	592	1
5_MACS_peak_9365_lociStitched	chr14	95975394	95986682	5	7757	7004.204	593	1
7_MACS_peak_20704_lociStitched	chr22	23235936	23249534	7	7754	8294.78	594	1
4_MACS_peak_14282_lociStitched	chr18	60798521	60811006	4	7751	11001.782	595	1
2_MACS_peak_33828_lociStitched	chr9	127997156	128004928	2	7743	12733.6448	596	1
5_MACS_peak_16641_lociStitched	chr2	54319462	54335180	5	7741	8324.2528	597	1
2_MACS_peak_32610_lociStitched	chr9	1095549	1103904	2	7740	10540.668	598	1
3_MACS_peak_9669_lociStitched	chr15	34619816	34630741	3	7739	14068.1225	599	1
2_MACS_peak_1974_lociStitched	chr1	154296822	154307828	2	7735	19971.4876	600	1
3_MACS_peak_4391_lociStitched	chr10	104401327	104412593	3	7727	13728.7476	601	1
2_MACS_peak_13505_lociStitched	chr17	73284356	73294893	2	7722	16488.2976	602	1
6_MACS_peak_16398_lociStitched	chr2	39626623	39641188	6	7720	9410.4465	603	1
1_MACS_peak_19845_lociStitched	chr20	45522829	45530547	1	7719	14079.9474	604	1
2_MACS_peak_27770_lociStitched	chr6	27775026	27784042	2	7719	10676.7472	605	1
5_MACS_peak_25990_lociStitched	chr5	65258921	65272382	5	7718	8885.6061	606	1
4_MACS_peak_25704_lociStitched	chr5	32530958	32541163	4	7713	9987.6335	607	1
3_MACS_peak_26553_lociStitched	chr5	122847147	122858020	3	7712	11576.4831	608	1
3_MACS_peak_6181_lociStitched	chr12	214858	223251	3	7711	8254.5155	609	1
2_MACS_peak_26033_lociStitched	chr5	68664056	68672530	2	7705	13240.625	610	1
6_MACS_peak_7882_lociStitched	chr12	123409130	123422818	6	7701	7453.116	611	1
5_MACS_peak_8625_lociStitched	chr13	100148219	100160457	5	7672	8923.9496	612	1
1_MACS_peak_29448_lociStitched	chr6	159459130	159466778	1	7649	14555.6736	613	1
4_MACS_peak_3754_lociStitched	chr10	45468462	45476816	4	7646	9094.9998	614	1
2_MACS_peak_47_lociStitched	chr1	1706862	1714735	2	7645	13120.3545	615	1
4_MACS_peak_1607_lociStitched	chr1	118295600	118305155	4	7633	7871.409	616	1
4_MACS_peak_3149_lociStitched	chr1	226410626	226423027	4	7633	10522.2485	617	1
3_MACS_peak_13246_lociStitched	chr17	56406558	56416562	3	7628	11327.5292	618	1
4_MACS_peak_12312_lociStitched	chr17	3813635	3822372	4	7622	11976.6796	619	1
7_MACS_peak_28386_lociStitched	chr6	56669435	56680209	7	7619	7020.3384	620	1
4_MACS_peak_5582_lociStitched	chr11	73684355	73695022	4	7618	10073.9148	621	1
3_MACS_peak_33244_lociStitched	chr9	82182496	82190871	3	7615	15755.8875	622	1
2_MACS_peak_20816_lociStitched	chr22	27100351	27108114	2	7611	7319.7327	623	1
2_MACS_peak_25463_lociStitched	chr4	185451617	185460922	2	7604	11176.2355	624	1
3_MACS_peak_11872_lociStitched	chr16	68118040	68125876	3	7603	8104.7748	625	1
3_MACS_peak_31231_lociStitched	chr8	12607598	12616975	3	7594	13293.7729	626	1
3_MACS_peak_14411_lociStitched	chr19	1258436	1270869	3	7593	16330.7455	627	1
5_MACS_peak_23864_lociStitched	chr3	186728998	186738754	5	7592	7497.486	628	1
6_MACS_peak_10857_lociStitched	chr15	93457313	93471390	6	7583	8405.3767	629	1
3_MACS_peak_1823_lociStitched	chr1	150128881	150138921	3	7568	10022.932	630	1
4_MACS_peak_5506_lociStitched	chr11	68602593	68612028	4	7566	10599.279	631	1
3_MACS_peak_10510_lociStitched	chr15	75487465	75498041	3	7564	12395.072	632	1
3_MACS_peak_33922_lociStitched	chr9	131445018	131453528	3	7563	15421.822	633	1
4_MACS_peak_15218_lociStitched	chr19	35695534	35705833	4	7560	12035.4114	634	1
2_MACS_peak_2151_lociStitched	chr1	158978479	158986138	2	7558	11025.1305	635	1
2_MACS_peak_2946_lociStitched	chr1	206887394	206895048	2	7550	9549.1304	636	1
5_MACS_peak_34000_lociStitched	chr9	134268316	134279592	5	7541	12781.346	637	1
3_MACS_peak_2649_lociStitched	chr1	186373752	186382145	3	7539	9775.3271	638	1
4_MACS_peak_1740_lociStitched	chr1	145449280	145457863	4	7526	11239.4385	639	1
7_MACS_peak_5459_lociStitched	chr11	67168139	67177846	7	7525	7813.1643	640	1
4_MACS_peak_34043_lociStitched	chr9	135989712	136001881	4	7516	12725.1233	641	1
1_MACS_peak_26359_lociStitched	chr5	100233727	100241239	1	7513	10236.6024	642	1
2_MACS_peak_17233_lociStitched	chr2	86259309	86268119	2	7497	16156.659	643	1
2_MACS_peak_30986_lociStitched	chr7	138788017	138795508	2	7488	11194.5504	644	1
4_MACS_peak_25001_lociStitched	chr4	121987186	121994921	4	7473	5826.002	645	1
3_MACS_peak_16027_lociStitched	chr2	18153457	18163879	3	7466	10525.1778	646	1
6_MACS_peak_15356_lociStitched	chr19	41105788	41121119	6	7454	7869.4023	647	1
6_MACS_peak_3818_lociStitched	chr10	52996288	53006851	6	7452	6614.5506	648	1
4_MACS_peak_11400_lociStitched	chr16	21510238	21520418	4	7450	15020.59	649	1
2_MACS_peak_16678_lociStitched	chr2	54981228	54988795	2	7441	11379.2546	650	1
2_MACS_peak_32898_lociStitched	chr9	29789740	29797615	2	7436	12735.45	651	1
5_MACS_peak_32588_lociStitched	chr9	645520	661111	5	7429	7720.6632	652	1
3_MACS_peak_23496_lociStitched	chr3	169656007	169668097	3	7427	10456.641	653	1
7_MACS_peak_25224_lociStitched	chr4	152934596	152946240	7	7426	6342.4868	654	1
3_MACS_peak_19149_lociStitched	chr2	235396979	235406143	3	7418	7049.8652	655	1
5_MACS_peak_7034_lociStitched	chr12	57110229	57119923	5	7418	8488.0664	656	1
2_MACS_peak_10936_lociStitched	chr15	101135144	101144247	2	7416	17014.4173	657	1
2_MACS_peak_10423_lociStitched	chr15	73919515	73928967	2	7415	10711.9516	658	1
4_MACS_peak_24451_lociStitched	chr4	40302480	40312049	4	7413	7061.922	659	1
4_MACS_peak_29980_lociStitched	chr7	44787610	44796001	4	7410	8867.6088	660	1
4_MACS_peak_19155_lociStitched	chr2	238000010	238009475	4	7410	6662.4135	661	1
5_MACS_peak_34698_lociStitched	chrX	78196387	78205767	5	7408	6236.762	662	1
6_MACS_peak_28108_lociStitched	chr6	37271973	37289707	6	7408	12576.9528	663	1
4_MACS_peak_10232_lociStitched	chr15	64381642	64389329	4	7404	11751.1169	664	1
3_MACS_peak_12132_lociStitched	chr16	87883615	87891855	3	7402	9465.288	665	1
3_MACS_peak_17124_lociStitched	chr2	74425121	74435581	3	7401	13360.558	666	1
3_MACS_peak_32840_lociStitched	chr9	21986505	21996691	3	7398	14464.12	667	1
1_MACS_peak_21642_lociStitched	chr3	23847095	23854491	1	7397	9626.6336	668	1
3_MACS_peak_20908_lociStitched	chr22	31884436	31893746	3	7396	11917.731	669	1
2_MACS_peak_2488_lociStitched	chr1	178568240	178578522	2	7394	14482.197	670	1
3_MACS_peak_33148_lociStitched	chr9	70487361	70498038	3	7394	13918.5372	671	1
3_MACS_peak_5445_lociStitched	chr11	66878706	66889677	3	7393	10751.58	672	1
1_MACS_peak_27138_lociStitched	chr5	162929828	162937205	1	7378	12959.9136	673	1
5_MACS_peak_3575_lociStitched	chr10	22284138	22295113	5	7371	11025.485	674	1
6_MACS_peak_5324_lociStitched	chr11	64877998	64890516	6	7370	11634.2292	675	1
6_MACS_peak_6899_lociStitched	chr12	51710318	51721515	6	7368	8481.7275	676	1
2_MACS_peak_2845_lociStitched	chr1	204375167	204382616	2	7366	16160.6055	677	1
4_MACS_peak_21350_lociStitched	chr22	50623387	50633911	4	7360	11371.182	678	1
2_MACS_peak_4635_lociStitched	chr10	125861716	125869516	2	7359	11371.62	679	1
4_MACS_peak_24176_lociStitched	chr4	6987491	6996412	4	7358	8686.3777	680	1
3_MACS_peak_1744_lociStitched	chr1	145469616	145478680	3	7356	10055.6016	681	1
3_MACS_peak_4541_lociStitched	chr10	120713265	120722290	3	7354	7973.5875	682	1
1_MACS_peak_3115_lociStitched	chr1	224617236	224624588	1	7353	16330.2624	683	1
3_MACS_peak_13543_lociStitched	chr17	73773524	73782716	3	7352	16440.8112	684	1
2_MACS_peak_12662_lociStitched	chr17	27046294	27056499	2	7350	12647.0565	685	1
4_MACS_peak_32951_lociStitched	chr9	33452645	33463011	4	7349	7787.9758	686	1
1_MACS_peak_17811_lociStitched	chr2	136870051	136877397	1	7347	12859.9076	687	1
2_MACS_peak_25542_lociStitched	chr5	1312665	1320273	2	7344	9003.3072	688	1
3_MACS_peak_17263_lociStitched	chr2	87782500	87789950	3	7342	9473.42	689	1
2_MACS_peak_14348_lociStitched	chr18	77438518	77448077	2	7338	13110.1685	690	1
3_MACS_peak_25387_lociStitched	chr4	177240144	177250710	3	7338	12044.1834	691	1
3_MACS_peak_29215_lociStitched	chr6	143163113	143171238	3	7335	8637.6875	692	1
3_MACS_peak_22573_lociStitched	chr3	101438839	101450424	3	7333	8645.8855	693	1
3_MACS_peak_30771_lociStitched	chr7	122520456	122528504	3	7317	7462.1056	694	1
5_MACS_peak_32067_lociStitched	chr8	102209785	102219901	5	7314	13811.3748	695	1
8_MACS_peak_8642_lociStitched	chr13	103244020	103255579	8	7313	9873.6978	696	1
6_MACS_peak_24934_lociStitched	chr4	114553833	114565944	6	7310	7583.9082	697	1
3_MACS_peak_2970_lociStitched	chr1	208037015	208047376	3	7307	8251.5004	698	1
4_MACS_peak_18037_lociStitched	chr2	159306401	159318591	4	7306	15397.189	699	1
2_MACS_peak_34018_lociStitched	chr9	134544511	134555066	2	7301	15365.969	700	1
3_MACS_peak_27052_lociStitched	chr5	154133112	154141521	3	7298	11580.8748	701	1
4_MACS_peak_6023_lociStitched	chr11	118655945	118664373	4	7298	17465.3444	702	1
4_MACS_peak_34776_lociStitched	chrX	106915339	106923293	4	7295	8652.3612	703	1
2_MACS_peak_18500_lociStitched	chr2	187348706	187358733	2	7291	12670.1172	704	1
3_MACS_peak_7617_lociStitched	chr12	110718043	110727228	3	7290	9960.214	705	1
1_MACS_peak_6244_lociStitched	chr12	4377794	4385078	1	7285	8185.0308	706	1
8_MACS_peak_725_lociStitched	chr1	39956202	39967581	8	7279	6042.249	707	1
6_MACS_peak_1962_lociStitched	chr1	154146868	154156344	6	7270	10583.7444	708	1
6_MACS_peak_20614_lociStitched	chr22	18254125	18265127	6	7268	10067.9302	709	1
2_MACS_peak_27267_lociStitched	chr5	176852260	176859527	2	7264	10377.276	710	1
3_MACS_peak_17831_lociStitched	chr2	138044024	138052128	3	7262	9144.5536	711	1
3_MACS_peak_18592_lociStitched	chr2	191178351	191185986	3	7241	9237.5865	712	1
5_MACS_peak_28792_lociStitched	chr6	108970260	108979717	5	7237	5982.4982	713	1
5_MACS_peak_29011_lociStitched	chr6	130520980	130528792	5	7220	6718.32	714	1
3_MACS_peak_12114_lociStitched	chr16	87416085	87428187	3	7220	13246.8492	715	1
3_MACS_peak_27440_lociStitched	chr6	7136660	7147766	3	7215	6519.222	716	1
2_MACS_peak_20485_lociStitched	chr21	44580726	44588087	2	7214	10411.3984	717	1
3_MACS_peak_32353_lociStitched	chr8	129278076	129287082	3	7214	7732.5516	718	1
5_MACS_peak_27521_lociStitched	chr6	11824982	11836142	5	7213	12409.92	719	1
4_MACS_peak_1554_lociStitched	chr1	115293393	115301341	4	7200	9921.4884	720	1
3_MACS_peak_5742_lociStitched	chr11	87063964	87072342	3	7196	6504.6792	721	1
4_MACS_peak_34378_lociStitched	chrX	40027278	40036685	4	7195	8802.1299	722	1
4_MACS_peak_15557_lociStitched	chr19	47728450	47736293	4	7182	15499.3366	723	1
3_MACS_peak_28247_lociStitched	chr6	44224044	44234151	3	7176	14602.5936	724	1
5_MACS_peak_22191_lociStitched	chr3	53223057	53232063	5	7175	6052.032	725	1
3_MACS_peak_21505_lociStitched	chr3	13369789	13377113	3	7174	5681.9592	726	1
5_MACS_peak_20993_lociStitched	chr22	37308871	37318662	5	7174	7045.6036	727	1
4_MACS_peak_9754_lociStitched	chr15	40396716	40408625	4	7167	12558.0405	728	1
2_MACS_peak_26778_lociStitched	chr5	138720105	138728999	2	7164	11716.9556	729	1
4_MACS_peak_13508_lociStitched	chr17	73313195	73321048	4	7157	9363.1319	730	1
3_MACS_peak_32985_lociStitched	chr9	35066673	35073937	3	7148	13078.832	731	1
3_MACS_peak_18801_lociStitched	chr2	203129375	203137546	3	7140	13202.7018	732	1
3_MACS_peak_33317_lociStitched	chr9	88961779	88970159	3	7135	12386.478	733	1
2_MACS_peak_1483_lociStitched	chr1	111413251	111423633	2	7135	10138.023	734	1
4_MACS_peak_4448_lociStitched	chr10	106077117	106090311	4	7130	9741.1302	735	1
3_MACS_peak_26905_lociStitched	chr5	142561464	142569180	3	7123	7403.502	736	1
3_MACS_peak_17341_lociStitched	chr2	97296238	97304722	3	7122	13686.3888	737	1
6_MACS_peak_28304_lociStitched	chr6	52355582	52364662	6	7118	10321.236	738	1
3_MACS_peak_30603_lociStitched	chr7	104579122	104587251	3	7116	12803.9879	739	1
5_MACS_peak_27207_lociStitched	chr5	173344012	173356832	5	7111	7298.426	740	1
5_MACS_peak_19365_lociStitched	chr20	5567021	5578437	5	7109	7169.248	741	1
2_MACS_peak_6567_lociStitched	chr12	27088534	27096411	2	7107	12003.7603	742	1
4_MACS_peak_32488_lociStitched	chr8	144594258	144604238	4	7103	8532.9	743	1
3_MACS_peak_32674_lociStitched	chr9	5626185	5633568	3	7102	10816.095	744	1
3_MACS_peak_19464_lociStitched	chr20	23337302	23347664	3	7102	14585.5512	745	1
6_MACS_peak_22049_lociStitched	chr3	49444274	49454115	6	7091	12436.0717	746	1
2_MACS_peak_26165_lociStitched	chr5	82176356	82183477	2	7084	8527.3975	747	1
2_MACS_peak_16883_lociStitched	chr2	64552170	64559421	2	7078	8605.4868	748	1
2_MACS_peak_9726_lociStitched	chr15	38961860	38969537	2	7070	13724.9406	749	1
1_MACS_peak_30892_lociStitched	chr7	130789118	130796182	1	7065	13010.4752	750	1
3_MACS_peak_20481_lociStitched	chr21	44523943	44531129	3	7056	12176.677	751	1
1_MACS_peak_2833_lociStitched	chr1	203707218	203714272	1	7055	8583.3072	752	1
2_MACS_peak_13333_lociStitched	chr17	61772079	61780006	2	7048	7903.219	753	1
1_MACS_peak_682_lociStitched	chr1	37939101	37946146	1	7046	11311.452	754	1
6_MACS_peak_34206_lociStitched	chrX	7025027	7039160	6	7033	6569.0184	755	1
5_MACS_peak_31398_lociStitched	chr8	27272564	27282266	5	7030	5780.4516	756	1
4_MACS_peak_22220_lociStitched	chr3	55685148	55696345	4	7030	9449.1483	757	1
4_MACS_peak_5198_lociStitched	chr11	60671816	60683754	4	7005	9516.9736	758	1
1_MACS_peak_10516_lociStitched	chr15	75742034	75749032	1	6999	25782.0316	759	1
4_MACS_peak_1075_lociStitched	chr1	65422147	65433602	4	6999	8074.6295	760	1
2_MACS_peak_536_lociStitched	chr1	28827234	28837173	2	6997	7139.1837	761	1
4_MACS_peak_27663_lociStitched	chr6	25130690	25139827	4	6995	7739.9527	762	1
7_MACS_peak_7775_lociStitched	chr12	120628413	120640048	7	6993	9454.601	763	1
3_MACS_peak_23924_lociStitched	chr3	191776810	191787145	3	6990	8769.2475	764	1
1_MACS_peak_2341_lociStitched	chr1	167296415	167303390	1	6976	12474.7875	765	1
3_MACS_peak_12870_lociStitched	chr17	38074580	38084919	3	6974	9867.5416	766	1
4_MACS_peak_26886_lociStitched	chr5	142432056	142439296	4	6969	10332.928	767	1
3_MACS_peak_27953_lociStitched	chr6	33166887	33177026	3	6965	14657.9523	768	1
3_MACS_peak_22653_lociStitched	chr3	108264597	108271738	3	6963	7260.2547	769	1
1_MACS_peak_14857_lociStitched	chr19	13260596	13267557	1	6962	15151.3126	770	1
1_MACS_peak_20180_lociStitched	chr21	11168317	11175277	1	6961	11406.744	771	1
4_MACS_peak_30010_lociStitched	chr7	47513429	47522231	4	6961	9835.3548	772	1
3_MACS_peak_20160_lociStitched	chr20	62579837	62589704	3	6959	10410.6717	773	1
5_MACS_peak_22813_lociStitched	chr3	117339234	117353009	5	6956	7598.29	774	1
2_MACS_peak_8541_lociStitched	chr13	79972349	79981324	2	6953	11594.8025	775	1
3_MACS_peak_30108_lociStitched	chr7	55631370	55641387	3	6949	9120.4785	776	1
1_MACS_peak_17230_lociStitched	chr2	86220751	86227696	1	6946	8129.817	777	1
4_MACS_peak_30015_lociStitched	chr7	47531920	47540492	4	6933	6825.8836	778	1
6_MACS_peak_23516_lociStitched	chr3	169865394	169878599	6	6933	7653.618	779	1
2_MACS_peak_1104_lociStitched	chr1	66837886	66847803	2	6931	8669.4414	780	1
3_MACS_peak_27860_lociStitched	chr6	31164222	31172851	3	6924	14449.2605	781	1
4_MACS_peak_26267_lociStitched	chr5	95150090	95160618	4	6918	9264.64	782	1
2_MACS_peak_16354_lociStitched	chr2	37878179	37885103	2	6911	11736.8724	783	1
9_MACS_peak_23616_lociStitched	chr3	172031471	172042376	9	6909	5257.3005	784	1
3_MACS_peak_33322_lociStitched	chr9	90109341	90117921	3	6906	6840.834	785	1
6_MACS_peak_14203_lociStitched	chr18	52903318	52920883	6	6906	6804.681	786	1
3_MACS_peak_33162_lociStitched	chr9	71251298	71259760	3	6904	6519.1248	787	1
4_MACS_peak_14942_lociStitched	chr19	16222348	16232424	4	6903	9549.0252	788	1
3_MACS_peak_16933_lociStitched	chr2	65213999	65221176	3	6898	8593.7398	789	1
4_MACS_peak_11750_lociStitched	chr16	56944154	56955138	4	6895	11680.3856	790	1
3_MACS_peak_2078_lociStitched	chr1	156115834	156125183	3	6882	7022.0339	791	1
2_MACS_peak_16568_lociStitched	chr2	47534357	47541291	2	6869	10165.9374	792	1
3_MACS_peak_20729_lociStitched	chr22	23478131	23488681	3	6868	9585.73	793	1
1_MACS_peak_28395_lociStitched	chr6	56702557	56709417	1	6861	10207.68	794	1
1_MACS_peak_12548_lociStitched	chr17	18085288	18092147	1	6860	13914.1674	795	1
3_MACS_peak_12669_lociStitched	chr17	27218276	27225329	3	6860	8431.1562	796	1
5_MACS_peak_15391_lociStitched	chr19	42051590	42061635	5	6857	8093.2565	797	1
2_MACS_peak_30382_lociStitched	chr7	90352341	90359368	2	6856	6412.8402	798	1
2_MACS_peak_10190_lociStitched	chr15	63481026	63488384	2	6854	6853.2412	799	1
5_MACS_peak_31430_lociStitched	chr8	28345930	28354590	5	6854	9028.05	800	1
3_MACS_peak_23111_lociStitched	chr3	133290725	133297572	3	6843	17604.3217	801	1
6_MACS_peak_4617_lociStitched	chr10	125791380	125803364	6	6843	7847.1232	802	1
2_MACS_peak_6444_lociStitched	chr12	14920466	14928515	2	6836	13234.1658	803	1
5_MACS_peak_17466_lociStitched	chr2	109222009	109232679	5	6832	8331.136	804	1
3_MACS_peak_26199_lociStitched	chr5	88024842	88032689	3	6831	8383.7348	805	1
3_MACS_peak_18940_lociStitched	chr2	219147395	219157701	3	6828	19213.4758	806	1
3_MACS_peak_21076_lociStitched	chr22	39095376	39106056	3	6823	14910.348	807	1
5_MACS_peak_14767_lociStitched	chr19	11196093	11207663	5	6823	10723.076	808	1
3_MACS_peak_5097_lociStitched	chr11	46136312	46144448	3	6822	9018.756	809	1
2_MACS_peak_32849_lociStitched	chr9	22238641	22245497	2	6819	7945.4184	810	1
2_MACS_peak_10845_lociStitched	chr15	93346375	93355329	2	6818	16467.3014	811	1
4_MACS_peak_12107_lociStitched	chr16	85780041	85791149	4	6817	8423.1964	812	1
1_MACS_peak_10363_lociStitched	chr15	68569032	68575845	1	6814	11627.0658	813	1
1_MACS_peak_671_lociStitched	chr1	36850106	36856915	1	6810	13718.0923	814	1
3_MACS_peak_15424_lociStitched	chr19	42784075	42791074	3	6802	6620.3541	815	1
4_MACS_peak_24641_lociStitched	chr4	77130909	77137806	4	6787	8592.9723	816	1
6_MACS_peak_30940_lociStitched	chr7	137617609	137628700	6	6787	5449.0083	817	1
2_MACS_peak_15540_lociStitched	chr19	47216582	47223423	2	6781	11634.4887	818	1
6_MACS_peak_3765_lociStitched	chr10	45950425	45961176	6	6781	7743.9453	819	1
6_MACS_peak_15053_lociStitched	chr19	18625343	18633803	6	6780	10280.592	820	1
2_MACS_peak_15641_lociStitched	chr19	49998861	50005641	2	6779	12656.226	821	1
2_MACS_peak_21903_lociStitched	chr3	44036708	44046487	2	6766	7031.101	822	1
2_MACS_peak_14171_lociStitched	chr18	48718391	48725157	2	6763	9560.358	823	1
5_MACS_peak_15232_lociStitched	chr19	36230952	36240309	5	6757	15346.4157	824	1
1_MACS_peak_2217_lociStitched	chr1	160764447	160771193	1	6747	11031.0592	825	1
1_MACS_peak_19475_lociStitched	chr20	25033187	25039930	1	6744	8100.3659	826	1
3_MACS_peak_5930_lociStitched	chr11	111284702	111294875	3	6736	7303.1967	827	1
3_MACS_peak_10212_lociStitched	chr15	63890866	63903446	3	6736	13987.702	828	1
1_MACS_peak_29152_lociStitched	chr6	139089312	139096038	1	6727	11537.7804	829	1
2_MACS_peak_23755_lociStitched	chr3	183267403	183274307	2	6717	11294.2536	830	1
1_MACS_peak_7089_lociStitched	chr12	58287489	58294202	1	6714	11604.0918	831	1
3_MACS_peak_23917_lociStitched	chr3	191070598	191078364	3	6709	6354.1412	832	1
5_MACS_peak_8728_lociStitched	chr13	115024746	115034269	5	6701	7108.9195	833	1
5_MACS_peak_28336_lociStitched	chr6	52527116	52536497	5	6700	6044.1783	834	1
4_MACS_peak_1647_lociStitched	chr1	120603802	120613467	4	6699	10079.6285	835	1
2_MACS_peak_33970_lociStitched	chr9	132646131	132653345	2	6698	20497.8596	836	1
2_MACS_peak_33425_lociStitched	chr9	96028131	96034833	2	6691	6957.3462	837	1
5_MACS_peak_27970_lociStitched	chr6	33377113	33386871	5	6689	13631.926	838	1
3_MACS_peak_27087_lociStitched	chr5	156905902	156915522	3	6688	9072.622	839	1
3_MACS_peak_9732_lociStitched	chr15	40073959	40081303	3	6676	10431.4176	840	1
4_MACS_peak_10152_lociStitched	chr15	60681001	60691015	4	6672	11981.751	841	1
3_MACS_peak_22137_lociStitched	chr3	52270967	52280737	3	6663	7619.623	842	1
3_MACS_peak_943_lociStitched	chr1	51977636	51985160	3	6662	10212.3252	843	1
4_MACS_peak_3594_lociStitched	chr10	22767430	22777292	4	6649	6068.0886	844	1
3_MACS_peak_20732_lociStitched	chr22	23494260	23502238	3	6647	8312.2782	845	1
2_MACS_peak_18314_lociStitched	chr2	174850898	174857874	2	6642	9712.6848	846	1
2_MACS_peak_30063_lociStitched	chr7	50457259	50466386	2	6631	8758.2692	847	1
2_MACS_peak_23352_lociStitched	chr3	151985587	151993264	2	6628	12754.5678	848	1
2_MACS_peak_2877_lociStitched	chr1	205248907	205258052	2	6628	10036.6375	849	1
5_MACS_peak_13593_lociStitched	chr17	74775622	74788853	5	6627	7700.442	850	1
2_MACS_peak_16077_lociStitched	chr2	20623488	20631069	2	6625	10166.121	851	1
3_MACS_peak_23644_lociStitched	chr3	176908902	176920031	3	6623	13037.6235	852	1
4_MACS_peak_17222_lociStitched	chr2	86075163	86089576	4	6618	7187.7631	853	1
2_MACS_peak_11997_lociStitched	chr16	75680587	75687335	2	6617	10793.426	854	1
3_MACS_peak_29807_lociStitched	chr7	26191236	26198597	3	6610	9912.3226	855	1
4_MACS_peak_5091_lociStitched	chr11	45864460	45876057	4	6610	9545.4907	856	1
2_MACS_peak_16010_lociStitched	chr2	16893123	16901753	2	6607	11240.575	857	1
3_MACS_peak_2442_lociStitched	chr1	174933088	174941781	3	6607	7645.4935	858	1
2_MACS_peak_18319_lociStitched	chr2	174895261	174904841	2	6602	9648.018	859	1
1_MACS_peak_31350_lociStitched	chr8	24151107	24157707	1	6601	9361.44	860	1
3_MACS_peak_7167_lociStitched	chr12	68382002	68390651	3	6595	6854.3325	861	1
3_MACS_peak_27945_lociStitched	chr6	32805289	32814479	3	6587	13539.627	862	1
4_MACS_peak_17503_lociStitched	chr2	110392962	110402551	4	6587	9285.0287	863	1
4_MACS_peak_6781_lociStitched	chr12	47608082	47618066	4	6587	7409.1264	864	1
4_MACS_peak_33539_lociStitched	chr9	101981810	101992084	4	6586	17503.8138	865	1
4_MACS_peak_8719_lociStitched	chr13	114905540	114915138	4	6583	6225.2628	866	1
4_MACS_peak_19799_lociStitched	chr20	43594298	43601076	4	6580	6455.3672	867	1
1_MACS_peak_4188_lociStitched	chr10	89620975	89627552	1	6578	9951.6587	868	1
3_MACS_peak_10471_lociStitched	chr15	75159589	75166455	3	6576	11752.5322	869	1
2_MACS_peak_18933_lociStitched	chr2	219081001	219088354	2	6574	10142.7282	870	1
2_MACS_peak_15468_lociStitched	chr19	45250203	45258907	2	6573	12549.4272	871	1
6_MACS_peak_2496_lociStitched	chr1	178719265	178730073	6	6562	5352.1216	872	1
3_MACS_peak_31709_lociStitched	chr8	61820828	61829848	3	6554	12196.844	873	1
1_MACS_peak_8706_lociStitched	chr13	114829139	114835681	1	6543	11266.6324	874	1
2_MACS_peak_32039_lociStitched	chr8	101317806	101326417	2	6540	10074.87	875	1
4_MACS_peak_9897_lociStitched	chr15	44954404	44964096	4	6540	9748.2136	876	1
3_MACS_peak_13725_lociStitched	chr17	79478954	79487219	3	6533	5807.8155	877	1
1_MACS_peak_26245_lociStitched	chr5	90674344	90680872	1	6529	14878.6176	878	1
2_MACS_peak_4466_lociStitched	chr10	111967021	111974607	2	6529	17956.062	879	1
5_MACS_peak_26992_lociStitched	chr5	150438605	150450011	5	6528	6081.6792	880	1
5_MACS_peak_28514_lociStitched	chr6	79780038	79789386	5	6524	10358.5188	881	1
2_MACS_peak_21576_lociStitched	chr3	16878940	16885541	2	6523	9148.3259	882	1
6_MACS_peak_12031_lociStitched	chr16	81681303	81691455	6	6523	7575.4224	883	1
2_MACS_peak_12966_lociStitched	chr17	40826013	40832592	2	6510	8936.2557	884	1
4_MACS_peak_28199_lociStitched	chr6	42748661	42759204	4	6509	15608.9115	885	1
3_MACS_peak_18412_lociStitched	chr2	181843979	181851424	3	6504	7873.0875	886	1
2_MACS_peak_17328_lociStitched	chr2	96923748	96932777	2	6496	10691.2389	887	1
4_MACS_peak_30213_lociStitched	chr7	74070716	74077376	4	6491	8258.4	888	1
4_MACS_peak_33391_lociStitched	chr9	95053623	95061052	4	6491	7845.7669	889	1
2_MACS_peak_2430_lociStitched	chr1	174186309	174196072	2	6485	7866.0491	890	1
3_MACS_peak_25138_lociStitched	chr4	144256717	144263537	3	6483	6217.112	891	1
4_MACS_peak_5486_lociStitched	chr11	67769863	67778278	4	6480	8995.635	892	1
4_MACS_peak_23942_lociStitched	chr3	192628479	192636774	4	6478	10498.152	893	1
4_MACS_peak_27836_lociStitched	chr6	30579274	30586702	4	6467	13634.094	894	1
2_MACS_peak_25502_lociStitched	chr4	186399369	186405982	2	6466	7843.018	895	1
3_MACS_peak_4367_lociStitched	chr10	103873752	103881249	3	6458	7361.3043	896	1
3_MACS_peak_12435_lociStitched	chr17	8088956	8096354	3	6454	6441.4386	897	1
2_MACS_peak_3352_lociStitched	chr1	245021908	245028952	2	6446	17204.2656	898	1
5_MACS_peak_14755_lociStitched	chr19	10978474	10990558	5	6436	8534.9292	899	1
2_MACS_peak_1922_lociStitched	chr1	153503296	153509846	2	6426	10634.58	900	1
3_MACS_peak_24075_lociStitched	chr4	1203627	1213873	3	6426	5300.2558	901	1
2_MACS_peak_12254_lociStitched	chr17	1387620	1395528	2	6425	11550.4248	902	1
1_MACS_peak_8602_lociStitched	chr13	97873668	97880088	1	6421	13499.334	903	1
1_MACS_peak_12096_lociStitched	chr16	85586629	85593048	1	6420	6847.1473	904	1
2_MACS_peak_12618_lociStitched	chr17	21187040	21193534	2	6411	13377.64	905	1
2_MACS_peak_5497_lociStitched	chr11	68032142	68041377	2	6411	9584.083	906	1
3_MACS_peak_32465_lociStitched	chr8	142425026	142431579	3	6410	8719.4218	907	1
1_MACS_peak_10356_lociStitched	chr15	68478899	68485306	1	6408	5890.5958	908	1
5_MACS_peak_19370_lociStitched	chr20	5583686	5592297	5	6401	11257.1603	909	1
2_MACS_peak_13861_lociStitched	chr18	9135463	9142258	2	6400	12665.2005	910	1
4_MACS_peak_14468_lociStitched	chr19	2255277	2262143	4	6392	7243.63	911	1
5_MACS_peak_19931_lociStitched	chr20	48723543	48733167	5	6389	8849.268	912	1
5_MACS_peak_20065_lociStitched	chr20	57463433	57470879	5	6383	8897.97	913	1
3_MACS_peak_7030_lociStitched	chr12	57076805	57083343	3	6379	11237.5144	914	1
4_MACS_peak_28800_lociStitched	chr6	109005817	109015387	4	6379	5809.947	915	1
3_MACS_peak_21552_lociStitched	chr3	15424925	15432499	3	6374	5197.2788	916	1
3_MACS_peak_5265_lociStitched	chr11	63375503	63382547	3	6372	8899.3896	917	1
2_MACS_peak_12631_lociStitched	chr17	25793225	25802465	2	6372	8180.172	918	1
5_MACS_peak_9635_lociStitched	chr15	31726852	31741057	5	6370	7287.165	919	1
3_MACS_peak_19208_lociStitched	chr2	241518509	241527354	3	6365	13577.9595	920	1
2_MACS_peak_33697_lociStitched	chr9	117349285	117355959	2	6364	11274.3882	921	1
5_MACS_peak_13058_lociStitched	chr17	44215811	44224059	5	6364	4700.5352	922	1
2_MACS_peak_16547_lociStitched	chr2	47166490	47173495	2	6363	12413.5605	923	1
1_MACS_peak_33459_lociStitched	chr9	98267646	98274006	1	6361	10078.056	924	1
5_MACS_peak_25145_lociStitched	chr4	144292991	144303995	5	6359	6094.0152	925	1
3_MACS_peak_17337_lociStitched	chr2	97192745	97205334	3	6356	12799.2363	926	1
3_MACS_peak_4803_lociStitched	chr11	3874749	3882464	3	6355	7689.5405	927	1
4_MACS_peak_25120_lociStitched	chr4	141673647	141683259	4	6355	8021.214	928	1
4_MACS_peak_10314_lociStitched	chr15	67408728	67420043	4	6355	12267.723	929	1
4_MACS_peak_18346_lociStitched	chr2	175995787	176003498	4	6351	6839.657	930	1
3_MACS_peak_25739_lociStitched	chr5	36236305	36243034	3	6350	8511.5121	931	1
3_MACS_peak_14556_lociStitched	chr19	3983449	3990423	3	6347	10896.875	932	1
2_MACS_peak_2010_lociStitched	chr1	154828366	154836797	2	6343	11231.7782	933	1
2_MACS_peak_34108_lociStitched	chr9	139735732	139744781	2	6343	11854.19	934	1
1_MACS_peak_11217_lociStitched	chr16	11675498	11681831	1	6334	8731.3071	935	1
4_MACS_peak_21631_lociStitched	chr3	23427096	23436674	4	6333	5132.8502	936	1
3_MACS_peak_13212_lociStitched	chr17	54985003	54992364	3	6332	6378.3065	937	1
4_MACS_peak_21294_lociStitched	chr22	46981915	46989783	4	6332	6495.034	938	1
3_MACS_peak_12101_lociStitched	chr16	85643731	85651513	3	6331	6516.6468	939	1
2_MACS_peak_29810_lociStitched	chr7	26234040	26242817	2	6327	11288.9774	940	1
4_MACS_peak_10579_lociStitched	chr15	79164582	79171775	4	6326	16532.3912	941	1
4_MACS_peak_19102_lociStitched	chr2	232526530	232538426	4	6325	12536.0048	942	1
2_MACS_peak_15855_lociStitched	chr19	59065300	59071630	2	6323	14000.694	943	1
2_MACS_peak_33442_lociStitched	chr9	96928328	96936723	2	6315	14197.624	944	1
2_MACS_peak_24046_lociStitched	chr4	50487	60173	2	6311	11219.2938	945	1
2_MACS_peak_24639_lociStitched	chr4	77116375	77124801	2	6310	7633.956	946	1
3_MACS_peak_33805_lociStitched	chr9	127047484	127056414	3	6308	6157.235	947	1
4_MACS_peak_22141_lociStitched	chr3	52295983	52306537	4	6303	5569.3458	948	1
4_MACS_peak_29976_lociStitched	chr7	44668672	44679970	4	6303	8884.7472	949	1
2_MACS_peak_2283_lociStitched	chr1	162595922	162604255	2	6302	10459.5816	950	1
5_MACS_peak_27999_lociStitched	chr6	34623137	34632740	5	6302	9501.2082	951	1
4_MACS_peak_22277_lociStitched	chr3	58019662	58028068	4	6292	10709.244	952	1
3_MACS_peak_19061_lociStitched	chr2	231275790	231284996	3	6292	9589.8902	953	1
4_MACS_peak_12193_lociStitched	chr16	89551018	89558200	4	6286	17779.041	954	1
3_MACS_peak_16236_lociStitched	chr2	30368357	30374799	3	6285	17314.1634	955	1
2_MACS_peak_16956_lociStitched	chr2	65656819	65664788	2	6285	14482.0637	956	1
1_MACS_peak_12827_lociStitched	chr17	36856547	36862828	1	6282	13399.8854	957	1
2_MACS_peak_22257_lociStitched	chr3	56948037	56956621	2	6280	12461.3928	958	1
2_MACS_peak_3451_lociStitched	chr10	6793664	6801797	2	6278	8308.6728	959	1
2_MACS_peak_11247_lociStitched	chr16	12056806	12064550	2	6269	6721.792	960	1
3_MACS_peak_8308_lociStitched	chr13	45777271	45784177	3	6263	5423.2818	961	1
2_MACS_peak_10303_lociStitched	chr15	66788892	66798216	2	6255	13715.604	962	1
3_MACS_peak_523_lociStitched	chr1	28570496	28576997	3	6251	8962.2786	963	1
2_MACS_peak_22683_lociStitched	chr3	111850958	111858247	2	6250	7679.6904	964	1
2_MACS_peak_28601_lociStitched	chr6	88405057	88412813	2	6249	7974.7192	965	1
1_MACS_peak_27533_lociStitched	chr6	12008144	12014383	1	6240	16845.3	966	1
3_MACS_peak_844_lociStitched	chr1	44296623	44305732	3	6237	5557.4009	967	1
3_MACS_peak_28331_lociStitched	chr6	52435020	52442865	3	6236	8143.11	968	1
3_MACS_peak_27634_lociStitched	chr6	20402032	20411725	3	6235	8156.6595	969	1
3_MACS_peak_22576_lociStitched	chr3	101497178	101505476	3	6233	8351.1072	970	1
2_MACS_peak_33501_lociStitched	chr9	100389422	100397367	2	6229	18680.284	971	1
1_MACS_peak_25758_lociStitched	chr5	39071635	39077858	1	6224	11402.4029	972	1
4_MACS_peak_2552_lociStitched	chr1	179968901	179975596	4	6224	6463.353	973	1
3_MACS_peak_477_lociStitched	chr1	27757280	27766405	3	6224	6602.85	974	1
1_MACS_peak_30680_lociStitched	chr7	108208346	108214568	1	6223	12280.3614	975	1
2_MACS_peak_33206_lociStitched	chr9	74973418	74981313	2	6221	21444.399	976	1
4_MACS_peak_1858_lociStitched	chr1	150945088	150955411	4	6219	8546.4117	977	1
4_MACS_peak_4168_lociStitched	chr10	88470543	88478404	4	6208	7642.4642	978	1
2_MACS_peak_18706_lociStitched	chr2	198360233	198367449	2	6207	13203.1152	979	1
1_MACS_peak_16748_lociStitched	chr2	60577854	60584059	1	6206	9148.0315	980	1
6_MACS_peak_30946_lociStitched	chr7	137637808	137651003	6	6198	5771.493	981	1
4_MACS_peak_25391_lociStitched	chr4	177277903	177289709	4	6195	6978.5266	982	1
2_MACS_peak_6707_lociStitched	chr12	40617384	40624645	2	6190	8207.8344	983	1
4_MACS_peak_3963_lociStitched	chr10	70087510	70095798	4	6190	8562.3328	984	1
2_MACS_peak_23108_lociStitched	chr3	133191753	133198113	2	6189	7539.144	985	1
3_MACS_peak_28868_lociStitched	chr6	111195184	111204882	3	6189	9519.5568	986	1
2_MACS_peak_13907_lociStitched	chr18	12879203	12886142	2	6183	8242.8381	987	1
1_MACS_peak_18637_lociStitched	chr2	192539921	192546101	1	6181	12397.698	988	1
1_MACS_peak_6520_lociStitched	chr12	25203983	25210154	1	6172	7669.3188	989	1
2_MACS_peak_11234_lociStitched	chr16	11885155	11892993	2	6170	12181.0358	990	1
1_MACS_peak_2791_lociStitched	chr1	201704176	201710338	1	6163	16358.2614	991	1
4_MACS_peak_14503_lociStitched	chr19	2660295	2669329	4	6163	9791.0492	992	1
4_MACS_peak_4107_lociStitched	chr10	76984588	76995817	4	6161	7179.8226	993	1
2_MACS_peak_4382_lociStitched	chr10	104153204	104160041	2	6158	19903.8744	994	1
4_MACS_peak_27739_lociStitched	chr6	26532281	26539302	4	6158	7136.1444	995	1
4_MACS_peak_32250_lociStitched	chr8	124541838	124554648	4	6151	7972.944	996	1
3_MACS_peak_17166_lociStitched	chr2	80751545	80759546	3	6139	10266.0831	997	1
3_MACS_peak_32991_lociStitched	chr9	35110540	35117419	3	6138	11918.5554	998	1
4_MACS_peak_6167_lociStitched	chr11	130697472	130705435	4	6132	7142.0147	999	1
3_MACS_peak_5291_lociStitched	chr11	64007058	64015353	3	6129	12489.7815	1000	1
1_MACS_peak_18584_lociStitched	chr2	191044094	191050213	1	6120	8703.0537	1001	1
3_MACS_peak_11895_lociStitched	chr16	68501915	68512942	3	6119	6522.4705	1002	1
1_MACS_peak_25584_lociStitched	chr5	7868424	7874536	1	6113	7094.1984	1003	1
1_MACS_peak_14958_lociStitched	chr19	16434605	16440717	1	6113	16169.9072	1004	1
4_MACS_peak_34088_lociStitched	chr9	139129393	139137683	4	6113	5032.03	1005	1
5_MACS_peak_20370_lociStitched	chr21	36577219	36585725	5	6109	5642.0298	1006	1
1_MACS_peak_16689_lociStitched	chr2	55235299	55241404	1	6106	10266.7785	1007	1
2_MACS_peak_22481_lociStitched	chr3	96530682	96536789	2	6105	11286.9574	1008	1
4_MACS_peak_15949_lociStitched	chr2	10947230	10953706	4	6101	9932.2412	1009	1
6_MACS_peak_13810_lociStitched	chr18	2635370	2642915	6	6101	6770.1285	1010	1
3_MACS_peak_10055_lociStitched	chr15	55693968	55701665	3	6096	12235.1512	1011	1
