#MM7_jia_peaks Enhancers
#Created from /data/projects/IRF4_mm_trn_data/myeloma_public_data/rose/MM7_jia_ROSE/MM7_jia_peaks_3KB_STITCHED_ENHANCER_REGION_MAP.txt
#Ranked by MM7_jia.bam
#Using cutoff of 10097.264 for Super-Enhancers
#Created on Jul 16 2024 
REGION_ID	CHROM	START	STOP	NUM_LOCI	CONSTITUENT_SIZE	MM7_jia.bam	enhancerRank	isSuper
16_MACS_peak_23204_lociStitched	chr3	141079294	141147455	16	58571	109534.727	1	1
19_MACS_peak_17365_lociStitched	chr2	99060714	99138205	19	64459	88719.4459	2	1
10_MACS_peak_16519_lociStitched	chr2	46761640	46806801	10	33580	53524.8172	3	1
3_MACS_peak_1837_lociStitched	chr1	150532142	150553127	3	20280	53039.5875	4	1
2_MACS_peak_3286_lociStitched	chr1	234729560	234749457	2	16400	49223.1883	5	1
6_MACS_peak_9903_lociStitched	chr15	45001905	45030003	6	21179	49000.1022	6	1
6_MACS_peak_2093_lociStitched	chr1	156449219	156479635	6	27516	48410.1056	7	1
10_MACS_peak_1582_lociStitched	chr1	118147412	118188368	10	37913	47422.9524	8	1
3_MACS_peak_17987_lociStitched	chr2	157188012	157200611	3	9083	46282.4265	9	1
22_MACS_peak_31376_lociStitched	chr8	27206582	27267140	22	46362	44934.036	10	1
6_MACS_peak_16280_lociStitched	chr2	33699712	33728787	6	24942	44903.43	11	1
3_MACS_peak_18756_lociStitched	chr2	201979411	202001078	3	20376	43888.6752	12	1
4_MACS_peak_17286_lociStitched	chr2	88896378	88928917	4	30294	42853.863	13	1
2_MACS_peak_5341_lociStitched	chr11	65183382	65199940	2	16550	42719.64	14	1
5_MACS_peak_18955_lociStitched	chr2	219742177	219763076	5	17551	39170.9957	15	1
7_MACS_peak_10460_lociStitched	chr15	75063566	75093343	7	24039	38793.4756	16	1
8_MACS_peak_6312_lociStitched	chr12	7052082	7081235	8	23586	38041.7497	17	1
8_MACS_peak_9626_lociStitched	chr15	31630843	31660627	8	24580	37605.2784	18	1
10_MACS_peak_23554_lociStitched	chr3	171801552	171833971	10	28438	37537.9601	19	1
5_MACS_peak_10732_lociStitched	chr15	89164382	89185723	5	19261	37532.4167	20	1
5_MACS_peak_2015_lociStitched	chr1	154925762	154949371	5	16261	37165.2878	21	1
11_MACS_peak_1592_lociStitched	chr1	118192668	118230769	11	26557	36134.9884	22	1
9_MACS_peak_32770_lociStitched	chr9	20351193	20385035	9	27338	35493.4896	23	1
5_MACS_peak_16863_lociStitched	chr2	64430457	64456628	5	19697	35435.534	24	1
10_MACS_peak_23745_lociStitched	chr3	183224658	183260736	10	27650	35356.44	25	1
3_MACS_peak_27470_lociStitched	chr6	7894848	7921531	3	25350	34965.4032	26	1
8_MACS_peak_33877_lociStitched	chr9	130526565	130549662	8	16893	34885.7088	27	1
4_MACS_peak_33887_lociStitched	chr9	130660763	130680915	4	14341	34302.7344	28	1
2_MACS_peak_6410_lociStitched	chr12	12866199	12879956	2	13757	34117.36	29	1
6_MACS_peak_16766_lociStitched	chr2	60756661	60783409	6	21014	34047.5292	30	1
7_MACS_peak_21372_lociStitched	chr22	50962707	50987467	7	16356	33990.528	31	1
4_MACS_peak_2965_lociStitched	chr1	207988826	208006303	4	11448	33166.1029	32	1
8_MACS_peak_16903_lociStitched	chr2	64863307	64889185	8	17552	32748.609	33	1
5_MACS_peak_17266_lociStitched	chr2	87794206	87822790	5	25525	32694.3792	34	1
1_MACS_peak_17046_lociStitched	chr2	70309810	70318127	1	8318	32166.8292	35	1
11_MACS_peak_28636_lociStitched	chr6	90046944	90085837	11	26751	31970.046	36	1
10_MACS_peak_7568_lociStitched	chr12	109007042	109035268	10	22723	31841.7506	37	1
14_MACS_peak_26283_lociStitched	chr5	95258952	95298839	14	28594	31654.3232	38	1
13_MACS_peak_22691_lociStitched	chr3	112039051	112072578	13	29279	31542.2016	39	1
3_MACS_peak_15989_lociStitched	chr2	13786863	13807499	3	20502	31368.7836	40	1
4_MACS_peak_33337_lociStitched	chr9	91918741	91936235	4	13569	31354.4962	41	1
3_MACS_peak_15318_lociStitched	chr19	39888351	39902998	3	13003	31189.3218	42	1
7_MACS_peak_11428_lociStitched	chr16	22195164	22219848	7	16071	30956.2044	43	1
5_MACS_peak_16063_lociStitched	chr2	20403550	20432309	5	24506	30869.9106	44	1
8_MACS_peak_16921_lociStitched	chr2	65140061	65167849	8	23214	30486.2148	45	1
11_MACS_peak_20711_lociStitched	chr22	23260287	23286273	11	21029	30190.5348	46	1
2_MACS_peak_2822_lociStitched	chr1	203254917	203263128	2	7998	30149.9709	47	1
13_MACS_peak_3047_lociStitched	chr1	218517722	218551452	13	25793	29915.137	48	1
6_MACS_peak_14829_lociStitched	chr19	12885872	12907571	6	14811	29421.6741	49	1
1_MACS_peak_7934_lociStitched	chr12	125395740	125406980	1	11241	29157.684	50	1
6_MACS_peak_16335_lociStitched	chr2	37528472	37553868	6	18225	29154.608	51	1
11_MACS_peak_16658_lociStitched	chr2	54776852	54807877	11	19849	28713.6375	52	1
11_MACS_peak_26803_lociStitched	chr5	139027271	139058142	11	25337	28682.2461	53	1
2_MACS_peak_10855_lociStitched	chr15	93439304	93452118	2	10190	27988.3388	54	1
9_MACS_peak_20544_lociStitched	chr21	45552815	45581242	9	18451	27844.2465	55	1
14_MACS_peak_12049_lociStitched	chr16	81841676	81875745	14	21547	27752.6074	56	1
6_MACS_peak_17708_lociStitched	chr2	127412844	127434808	6	17469	27584.5876	57	1
15_MACS_peak_30089_lociStitched	chr7	55569361	55603846	15	23529	27522.4785	58	1
6_MACS_peak_10032_lociStitched	chr15	52963703	52976893	6	10181	27402.225	59	1
5_MACS_peak_1981_lociStitched	chr1	154370636	154394717	5	19067	27348.7917	60	1
7_MACS_peak_14869_lociStitched	chr19	13943828	13962096	7	13853	27323.4476	61	1
7_MACS_peak_30952_lociStitched	chr7	137660101	137688051	7	24948	27242.865	62	1
1_MACS_peak_27952_lociStitched	chr6	32935118	32943073	1	7956	27232.3515	63	1
6_MACS_peak_10200_lociStitched	chr15	63788881	63810198	6	16634	27061.9315	64	1
6_MACS_peak_774_lociStitched	chr1	40846633	40870729	6	20414	27009.2064	65	1
6_MACS_peak_7876_lociStitched	chr12	123366713	123388523	6	16545	26926.626	66	1
4_MACS_peak_6801_lociStitched	chr12	48195512	48214588	4	18044	26771.2584	67	1
1_MACS_peak_10270_lociStitched	chr15	65182947	65190753	1	7807	26752.7232	68	1
6_MACS_peak_15973_lociStitched	chr2	13670586	13694320	6	19174	26605.814	69	1
7_MACS_peak_23035_lociStitched	chr3	129023105	129043730	7	17257	26558.8125	70	1
2_MACS_peak_19860_lociStitched	chr20	45976150	45990187	2	12912	26448.5154	71	1
5_MACS_peak_5923_lociStitched	chr11	111230450	111251583	5	19762	26382.4372	72	1
7_MACS_peak_20843_lociStitched	chr22	29181187	29199292	7	15753	26188.8825	73	1
7_MACS_peak_26648_lociStitched	chr5	131745620	131774234	7	20835	26067.354	74	1
7_MACS_peak_5352_lociStitched	chr11	65254462	65278389	7	18670	26042.1468	75	1
9_MACS_peak_21012_lociStitched	chr22	37614458	37642319	9	19925	25972.0242	76	1
7_MACS_peak_34023_lociStitched	chr9	134593854	134615524	7	14146	25850.143	77	1
2_MACS_peak_6544_lociStitched	chr12	26266173	26280478	2	13182	25847.7045	78	1
1_MACS_peak_10516_lociStitched	chr15	75742034	75749032	1	6999	25782.0316	79	1
8_MACS_peak_23856_lociStitched	chr3	186703533	186725185	8	15564	25759.3844	80	1
13_MACS_peak_16840_lociStitched	chr2	64340944	64372524	13	21209	25699.804	81	1
6_MACS_peak_32935_lociStitched	chr9	33152681	33173126	6	16522	25568.517	82	1
5_MACS_peak_33631_lociStitched	chr9	112904508	112927532	5	22321	25556.64	83	1
6_MACS_peak_23453_lociStitched	chr3	160108214	160129426	6	11248	25492.5816	84	1
5_MACS_peak_18309_lociStitched	chr2	174814495	174831542	5	14832	25488.6744	85	1
4_MACS_peak_32793_lociStitched	chr9	20457399	20481306	4	20831	25449.0015	86	1
13_MACS_peak_25888_lociStitched	chr5	56108999	56138498	13	20618	25230.4947	87	1
3_MACS_peak_13034_lociStitched	chr17	43296623	43313263	3	13031	25144.704	88	1
5_MACS_peak_17717_lociStitched	chr2	127830839	127855730	5	20051	25100.0844	89	1
7_MACS_peak_3729_lociStitched	chr10	43889323	43905761	7	11613	25082.7442	90	1
5_MACS_peak_9693_lociStitched	chr15	37319963	37341390	5	18169	24923.8864	91	1
5_MACS_peak_24446_lociStitched	chr4	40194196	40210335	5	15328	24787.8901	92	1
10_MACS_peak_17543_lociStitched	chr2	112182120	112212904	10	24860	24768.8064	93	1
3_MACS_peak_26997_lociStitched	chr5	150455446	150467445	3	11226	24725.1394	94	1
7_MACS_peak_11754_lociStitched	chr16	56963489	56981261	7	16326	24457.8264	95	1
18_MACS_peak_23564_lociStitched	chr3	171840053	171879533	18	28591	24394.692	96	1
10_MACS_peak_27309_lociStitched	chr5	180221709	180249016	10	17784	24357.844	97	1
3_MACS_peak_22603_lociStitched	chr3	104228379	104246546	3	12886	24338.3299	98	1
3_MACS_peak_12286_lociStitched	chr17	2294683	2306095	3	8479	24333.8076	99	1
5_MACS_peak_9738_lociStitched	chr15	40212545	40234708	5	13388	24142.1559	100	1
6_MACS_peak_18274_lociStitched	chr2	173410384	173429932	6	17584	23950.2096	101	1
8_MACS_peak_4224_lociStitched	chr10	92955336	92982304	8	18972	23912.5256	102	1
10_MACS_peak_23582_lociStitched	chr3	171888096	171914438	10	24037	23881.6572	103	1
3_MACS_peak_23939_lociStitched	chr3	192604127	192617874	3	13546	23855.1691	104	1
6_MACS_peak_18772_lociStitched	chr2	202083192	202105220	6	17657	23834.296	105	1
9_MACS_peak_25667_lociStitched	chr5	26860410	26890746	9	24956	23258.6112	106	1
3_MACS_peak_3587_lociStitched	chr10	22595598	22616339	3	18310	23217.4754	107	1
6_MACS_peak_21426_lociStitched	chr3	5223138	5243153	6	17970	23207.3925	108	1
5_MACS_peak_32502_lociStitched	chr8	145007441	145027759	5	12458	23184.8698	109	1
4_MACS_peak_28729_lociStitched	chr6	106531542	106555476	4	21157	23146.5714	110	1
5_MACS_peak_32285_lociStitched	chr8	126285655	126308529	5	17831	22780.2166	111	1
4_MACS_peak_14455_lociStitched	chr19	2081707	2098050	4	13979	22772.3362	112	1
6_MACS_peak_1096_lociStitched	chr1	66796763	66818664	6	17707	22759.5192	113	1
6_MACS_peak_32235_lociStitched	chr8	124034170	124055296	6	14791	22742.139	114	1
6_MACS_peak_11570_lociStitched	chr16	29815704	29837072	6	13717	22697.0896	115	1
3_MACS_peak_2824_lociStitched	chr1	203267450	203281264	3	11459	22678.4438	116	1
5_MACS_peak_18000_lociStitched	chr2	158288585	158302304	5	12662	22641.8376	117	1
9_MACS_peak_29660_lociStitched	chr7	8006763	8031503	9	22897	22627.204	118	1
3_MACS_peak_12376_lociStitched	chr17	6915012	6927211	3	8081	22610.8465	119	1
3_MACS_peak_24846_lociStitched	chr4	103741457	103750835	3	8712	22555.9656	120	1
5_MACS_peak_19080_lociStitched	chr2	231726191	231743656	5	14718	22493.1735	121	1
2_MACS_peak_10411_lociStitched	chr15	72765170	72769828	2	4388	22344.8918	122	1
9_MACS_peak_27002_lociStitched	chr5	150510572	150537898	9	22560	22240.6314	123	1
5_MACS_peak_32945_lociStitched	chr9	33286911	33301333	5	11392	22230.0708	124	1
5_MACS_peak_12428_lociStitched	chr17	8053620	8068179	5	11865	22171.9011	125	1
5_MACS_peak_15963_lociStitched	chr2	11883314	11897942	5	11292	22110.222	126	1
2_MACS_peak_16452_lociStitched	chr2	43445228	43455464	2	10212	22059.6036	127	1
6_MACS_peak_16342_lociStitched	chr2	37570640	37588931	6	16077	22035.1677	128	1
11_MACS_peak_6140_lociStitched	chr11	128585588	128611892	11	18696	21953.3184	129	1
5_MACS_peak_16004_lociStitched	chr2	16828738	16848184	5	16649	21892.3068	130	1
3_MACS_peak_30609_lociStitched	chr7	104649817	104659293	3	9425	21791.9572	131	1
8_MACS_peak_16890_lociStitched	chr2	64749568	64767371	8	10320	21726.7812	132	1
4_MACS_peak_14211_lociStitched	chr18	52973104	52991716	4	17515	21679.2576	133	1
2_MACS_peak_2163_lociStitched	chr1	159887415	159896056	2	8192	21620.6461	134	1
12_MACS_peak_3236_lociStitched	chr1	230276759	230313621	12	17180	21457.3702	135	1
2_MACS_peak_33206_lociStitched	chr9	74973418	74981313	2	6221	21444.399	136	1
7_MACS_peak_18230_lociStitched	chr2	172170271	172192060	7	14226	21429.4815	137	1
4_MACS_peak_27897_lociStitched	chr6	31694563	31708756	4	10425	21354.7878	138	1
2_MACS_peak_3186_lociStitched	chr1	228268823	228279489	2	9631	21341.5994	139	1
5_MACS_peak_26065_lociStitched	chr5	71585989	71604963	5	16572	21298.315	140	1
1_MACS_peak_14286_lociStitched	chr18	60821211	60831467	1	10257	21294.5328	141	1
2_MACS_peak_32634_lociStitched	chr9	3522074	3529111	2	5999	21246.8141	142	1
1_MACS_peak_18950_lociStitched	chr2	219431931	219436293	1	4363	21218.949	143	1
4_MACS_peak_659_lociStitched	chr1	36614150	36628839	4	10050	21199.1648	144	1
9_MACS_peak_27906_lociStitched	chr6	31779848	31804711	9	13617	21136.0363	145	1
2_MACS_peak_33192_lociStitched	chr9	73026058	73036979	2	7884	21009.8198	146	1
2_MACS_peak_23348_lociStitched	chr3	151910595	151923687	2	12223	20974.6932	147	1
5_MACS_peak_2423_lociStitched	chr1	174127342	174143997	5	11722	20935.335	148	1
15_MACS_peak_22882_lociStitched	chr3	121540062	121574255	15	19878	20898.7616	149	1
8_MACS_peak_22531_lociStitched	chr3	98475790	98498736	8	19918	20855.6194	150	1
3_MACS_peak_30056_lociStitched	chr7	50343716	50361953	3	15750	20828.4777	151	1
5_MACS_peak_5640_lociStitched	chr11	76777228	76802412	5	19888	20786.8736	152	1
3_MACS_peak_18427_lociStitched	chr2	182168630	182179852	3	11163	20783.144	153	1
1_MACS_peak_6532_lociStitched	chr12	25534750	25540636	1	5887	20752.2702	154	1
9_MACS_peak_2202_lociStitched	chr1	160695624	160721029	9	17267	20674.589	155	1
4_MACS_peak_1840_lociStitched	chr1	150572655	150587131	4	9898	20629.7476	156	1
3_MACS_peak_2738_lociStitched	chr1	197737473	197752722	3	11341	20627.3223	157	1
2_MACS_peak_22266_lociStitched	chr3	57577688	57585664	2	7959	20578.08	158	1
7_MACS_peak_7486_lociStitched	chr12	104320940	104337861	7	12475	20567.4755	159	1
2_MACS_peak_33970_lociStitched	chr9	132646131	132653345	2	6698	20497.8596	160	1
7_MACS_peak_745_lociStitched	chr1	40236372	40258816	7	16114	20462.1948	161	1
5_MACS_peak_18694_lociStitched	chr2	198157444	198176370	5	13613	20428.7244	162	1
5_MACS_peak_22363_lociStitched	chr3	69128277	69145757	5	16346	20393.916	163	1
6_MACS_peak_3230_lociStitched	chr1	230255779	230270825	6	11748	20369.2748	164	1
4_MACS_peak_18668_lociStitched	chr2	197023181	197042868	4	16068	20350.4519	165	1
2_MACS_peak_33288_lociStitched	chr9	86316636	86324326	2	5192	20310.828	166	1
2_MACS_peak_12347_lociStitched	chr17	4842526	4854434	2	9602	20293.6136	167	1
5_MACS_peak_3903_lociStitched	chr10	63800529	63816012	5	13754	20292.0198	168	1
2_MACS_peak_26924_lociStitched	chr5	142771741	142785751	2	12740	20259.861	169	1
7_MACS_peak_23876_lociStitched	chr3	186777015	186797894	7	12048	20252.63	170	1
5_MACS_peak_15585_lociStitched	chr19	48824143	48837685	5	9075	20206.0182	171	1
4_MACS_peak_23421_lociStitched	chr3	156869488	156879523	4	8924	20204.469	172	1
1_MACS_peak_5174_lociStitched	chr11	58340053	58348134	1	8082	20181.4894	173	1
1_MACS_peak_18133_lociStitched	chr2	165608795	165619979	1	11185	20154.6864	174	1
2_MACS_peak_7566_lociStitched	chr12	108952829	108966838	2	13986	20112.7213	175	1
5_MACS_peak_31974_lociStitched	chr8	95947516	95964748	5	13809	20111.4672	176	1
8_MACS_peak_2122_lociStitched	chr1	157475092	157497822	8	13480	20079.682	177	1
4_MACS_peak_15912_lociStitched	chr2	9683396	9697046	4	11117	20065.5	178	1
4_MACS_peak_22760_lociStitched	chr3	113455486	113468819	4	9398	19995.5001	179	1
2_MACS_peak_1974_lociStitched	chr1	154296822	154307828	2	7735	19971.4876	180	1
8_MACS_peak_28767_lociStitched	chr6	108895545	108921337	8	20531	19937.216	181	1
5_MACS_peak_29116_lociStitched	chr6	137523178	137541647	5	15053	19935.4386	182	1
2_MACS_peak_4382_lociStitched	chr10	104153204	104160041	2	6158	19903.8744	183	1
4_MACS_peak_23031_lociStitched	chr3	128994868	129006786	4	9119	19867.306	184	1
5_MACS_peak_20227_lociStitched	chr21	19147380	19169456	5	17007	19760.2276	185	1
1_MACS_peak_2827_lociStitched	chr1	203288254	203298538	1	10285	19699.002	186	1
7_MACS_peak_22184_lociStitched	chr3	53194503	53215420	7	15824	19697.5389	187	1
2_MACS_peak_18369_lociStitched	chr2	178071818	178079836	2	5413	19607.2172	188	1
2_MACS_peak_7840_lociStitched	chr12	122236973	122244980	2	7859	19593.9297	189	1
9_MACS_peak_13608_lociStitched	chr17	75131589	75151356	9	13515	19494.2154	190	1
9_MACS_peak_2451_lociStitched	chr1	175142859	175165543	9	15552	19487.8244	191	1
3_MACS_peak_18966_lociStitched	chr2	220109404	220120629	3	10153	19441.7	192	1
4_MACS_peak_22203_lociStitched	chr3	53914809	53926873	4	8628	19432.6912	193	1
3_MACS_peak_23125_lociStitched	chr3	135906023	135917293	3	9083	19391.162	194	1
16_MACS_peak_28315_lociStitched	chr6	52386659	52419048	16	20197	19355.6664	195	1
3_MACS_peak_23334_lociStitched	chr3	150315443	150328577	3	12764	19316.1738	196	1
5_MACS_peak_9615_lociStitched	chr15	31516677	31531870	5	13199	19304.2258	197	1
6_MACS_peak_1867_lociStitched	chr1	151019689	151037578	6	12459	19243.1973	198	1
3_MACS_peak_18940_lociStitched	chr2	219147395	219157701	3	6828	19213.4758	199	1
3_MACS_peak_21497_lociStitched	chr3	13049775	13064365	3	12285	19201.899	200	1
3_MACS_peak_2012_lociStitched	chr1	154908224	154917925	3	8649	19153.6544	201	1
4_MACS_peak_16385_lociStitched	chr2	39340776	39357336	4	9989	19098.648	202	1
4_MACS_peak_12724_lociStitched	chr17	29633992	29649339	4	15118	18998.0513	203	1
4_MACS_peak_24773_lociStitched	chr4	90210694	90224483	4	13010	18950.2227	204	1
5_MACS_peak_24124_lociStitched	chr4	2787175	2805308	5	13716	18939.9185	205	1
11_MACS_peak_18280_lociStitched	chr2	173443481	173472939	11	15312	18917.9276	206	1
4_MACS_peak_29799_lociStitched	chr7	25998849	26011933	4	9837	18897.2212	207	1
4_MACS_peak_19943_lociStitched	chr20	49121176	49140481	4	13517	18826.236	208	1
1_MACS_peak_5364_lociStitched	chr11	65336000	65345598	1	9599	18811.1202	209	1
5_MACS_peak_18332_lociStitched	chr2	175454459	175465652	5	9404	18728.1276	210	1
1_MACS_peak_21816_lociStitched	chr3	39187029	39195771	1	8743	18705.2574	211	1
4_MACS_peak_27697_lociStitched	chr6	26017512	26034739	4	9529	18689.5723	212	1
2_MACS_peak_33501_lociStitched	chr9	100389422	100397367	2	6229	18680.284	213	1
6_MACS_peak_28479_lociStitched	chr6	74224501	74234185	6	8773	18679.4676	214	1
2_MACS_peak_19107_lociStitched	chr2	232570587	232579275	2	8243	18660.9552	215	1
7_MACS_peak_4623_lociStitched	chr10	125819391	125841474	7	18716	18587.2611	216	1
4_MACS_peak_20501_lociStitched	chr21	44771819	44783791	4	9572	18566.1776	217	1
1_MACS_peak_18747_lociStitched	chr2	201725400	201730222	1	4823	18527.5706	218	1
3_MACS_peak_17003_lociStitched	chr2	68988899	69004218	3	11101	18497.6925	219	1
5_MACS_peak_2850_lociStitched	chr1	204481891	204495303	5	8740	18442.8412	220	1
2_MACS_peak_19226_lociStitched	chr2	242253231	242258569	2	5309	18439.5872	221	1
1_MACS_peak_17813_lociStitched	chr2	136888874	136898441	1	9568	18437.5224	222	1
8_MACS_peak_7650_lociStitched	chr12	111866064	111887637	8	14535	18436.2858	223	1
3_MACS_peak_12895_lociStitched	chr17	38473823	38487194	3	9478	18425.238	224	1
1_MACS_peak_18124_lociStitched	chr2	163172371	163178165	1	5795	18414.4908	225	1
2_MACS_peak_2108_lociStitched	chr1	156709433	156722914	2	11079	18397.5207	226	1
1_MACS_peak_23771_lociStitched	chr3	184031821	184040895	1	9075	18322.2208	227	1
10_MACS_peak_19874_lociStitched	chr20	46112793	46137255	10	14559	18302.4684	228	1
4_MACS_peak_27933_lociStitched	chr6	32152272	32164711	4	9884	18252.9886	229	1
10_MACS_peak_12495_lociStitched	chr17	16864353	16885657	10	16489	18249.0064	230	1
2_MACS_peak_26210_lociStitched	chr5	88171021	88186627	2	15498	18246.5352	231	1
7_MACS_peak_18079_lociStitched	chr2	161208314	161227907	7	16506	18111.7692	232	1
5_MACS_peak_1090_lociStitched	chr1	66736725	66750444	5	11780	18066.5511	233	1
4_MACS_peak_29429_lociStitched	chr6	159228533	159241014	4	11143	18045.0298	234	1
1_MACS_peak_1709_lociStitched	chr1	144923431	144935827	1	12397	18044.8572	235	1
2_MACS_peak_4466_lociStitched	chr10	111967021	111974607	2	6529	17956.062	236	1
4_MACS_peak_1726_lociStitched	chr1	145208210	145227204	4	13521	17955.0282	237	1
5_MACS_peak_18610_lociStitched	chr2	191744206	191756967	5	8605	17930.4811	238	1
6_MACS_peak_2072_lociStitched	chr1	156083115	156100307	6	11539	17917.5024	239	1
6_MACS_peak_5602_lociStitched	chr11	74659216	74675735	6	15645	17870.2542	240	1
2_MACS_peak_25427_lociStitched	chr4	185200529	185210856	2	9242	17839.8925	241	1
10_MACS_peak_32859_lociStitched	chr9	26063753	26086777	10	14217	17802.1568	242	1
4_MACS_peak_12193_lociStitched	chr16	89551018	89558200	4	6286	17779.041	243	1
7_MACS_peak_2193_lociStitched	chr1	160640875	160659793	7	12125	17773.461	244	1
1_MACS_peak_32300_lociStitched	chr8	126441111	126449718	1	8608	17773.455	245	1
6_MACS_peak_22083_lociStitched	chr3	50272820	50286913	6	11701	17743.087	246	1
2_MACS_peak_27343_lociStitched	chr6	290299	300348	2	9548	17738.4948	247	1
1_MACS_peak_31534_lociStitched	chr8	38236849	38245041	1	8193	17726.6688	248	1
3_MACS_peak_2908_lociStitched	chr1	206282359	206294564	3	8584	17699.691	249	1
3_MACS_peak_23541_lociStitched	chr3	171756863	171765945	3	7930	17699.0016	250	1
3_MACS_peak_28764_lociStitched	chr6	108878014	108888658	3	8818	17679.684	251	1
7_MACS_peak_18256_lociStitched	chr2	173291439	173308852	7	14756	17635.8864	252	1
4_MACS_peak_2154_lociStitched	chr1	159035777	159048226	4	9227	17617.8248	253	1
3_MACS_peak_23111_lociStitched	chr3	133290725	133297572	3	6843	17604.3217	254	1
2_MACS_peak_12386_lociStitched	chr17	7136886	7147336	2	8512	17573.765	255	1
8_MACS_peak_25710_lociStitched	chr5	32581062	32598566	8	13085	17537.2576	256	1
3_MACS_peak_24410_lociStitched	chr4	38664548	38678951	3	14224	17509.7271	257	1
1_MACS_peak_15553_lociStitched	chr19	47612235	47617839	1	5605	17507.4564	258	1
4_MACS_peak_33539_lociStitched	chr9	101981810	101992084	4	6586	17503.8138	259	1
4_MACS_peak_6023_lociStitched	chr11	118655945	118664373	4	7298	17465.3444	260	1
4_MACS_peak_21442_lociStitched	chr3	9435833	9447155	4	8578	17387.1954	261	1
5_MACS_peak_23017_lociStitched	chr3	128892376	128908046	5	9096	17335.721	262	1
5_MACS_peak_26205_lociStitched	chr5	88113129	88132880	5	15549	17323.6021	263	1
3_MACS_peak_25142_lociStitched	chr4	144272591	144284628	3	11886	17320.0393	264	1
3_MACS_peak_16236_lociStitched	chr2	30368357	30374799	3	6285	17314.1634	265	1
3_MACS_peak_8321_lociStitched	chr13	46268656	46282493	3	10277	17246.4368	266	1
2_MACS_peak_3352_lociStitched	chr1	245021908	245028952	2	6446	17204.2656	267	1
2_MACS_peak_15304_lociStitched	chr19	39338198	39344077	2	5865	17172.559	268	1
7_MACS_peak_16874_lociStitched	chr2	64497238	64517299	7	13248	17172.216	269	1
2_MACS_peak_2926_lociStitched	chr1	206727858	206741025	2	12885	17130.267	270	1
5_MACS_peak_26428_lociStitched	chr5	109024114	109038767	5	13422	17124.9611	271	1
1_MACS_peak_16218_lociStitched	chr2	28112413	28115371	1	2959	17106.4098	272	1
1_MACS_peak_14978_lociStitched	chr19	16692869	16701225	1	8357	17030.3636	273	1
1_MACS_peak_6752_lociStitched	chr12	46119343	46127782	1	8440	17029.0581	274	1
2_MACS_peak_10936_lociStitched	chr15	101135144	101144247	2	7416	17014.4173	275	1
8_MACS_peak_26661_lociStitched	chr5	131821542	131834192	8	10977	17012.985	276	1
4_MACS_peak_1953_lociStitched	chr1	153929066	153941225	4	7859	16989.7707	277	1
4_MACS_peak_9716_lociStitched	chr15	38844324	38857499	4	12532	16947.0025	278	1
2_MACS_peak_19206_lociStitched	chr2	241498360	241508943	2	9145	16903.1676	279	1
3_MACS_peak_21344_lociStitched	chr22	50353220	50364824	3	9768	16865.2536	280	1
1_MACS_peak_27533_lociStitched	chr6	12008144	12014383	1	6240	16845.3	281	1
4_MACS_peak_4867_lociStitched	chr11	10323933	10344833	4	14228	16830.77	282	1
3_MACS_peak_22778_lociStitched	chr3	114164775	114176226	3	11142	16719.6051	283	1
7_MACS_peak_2935_lociStitched	chr1	206845675	206865995	7	11794	16715.232	284	1
1_MACS_peak_33113_lociStitched	chr9	66454611	66460493	1	5883	16663.706	285	1
3_MACS_peak_18598_lociStitched	chr2	191321669	191335497	3	13309	16640.6152	286	1
3_MACS_peak_16562_lociStitched	chr2	47394964	47404977	3	8132	16631.593	287	1
6_MACS_peak_2752_lociStitched	chr1	198886835	198907251	6	16166	16614.5408	288	1
7_MACS_peak_21845_lociStitched	chr3	42098762	42114876	7	10791	16610.3112	289	1
3_MACS_peak_2221_lociStitched	chr1	161012899	161019382	3	5991	16599.7215	290	1
2_MACS_peak_16712_lociStitched	chr2	55842138	55846982	2	4840	16574.7148	291	1
4_MACS_peak_10579_lociStitched	chr15	79164582	79171775	4	6326	16532.3912	292	1
3_MACS_peak_17292_lociStitched	chr2	89043946	89056441	3	9007	16490.901	293	1
2_MACS_peak_13505_lociStitched	chr17	73284356	73294893	2	7722	16488.2976	294	1
1_MACS_peak_18969_lociStitched	chr2	220141870	220145983	1	4114	16482.4362	295	1
1_MACS_peak_23343_lociStitched	chr3	150476949	150482732	1	5784	16475.1887	296	1
2_MACS_peak_10845_lociStitched	chr15	93346375	93355329	2	6818	16467.3014	297	1
4_MACS_peak_2880_lociStitched	chr1	205279979	205294715	4	11947	16445.376	298	1
3_MACS_peak_13543_lociStitched	chr17	73773524	73782716	3	7352	16440.8112	299	1
2_MACS_peak_29094_lociStitched	chr6	136605710	136612612	2	4497	16419.858	300	1
3_MACS_peak_20754_lociStitched	chr22	24176383	24191059	3	10773	16384.2864	301	1
2_MACS_peak_17320_lociStitched	chr2	96864079	96875374	2	10980	16383.3975	302	1
3_MACS_peak_34783_lociStitched	chrX	106953566	106965030	3	10125	16360.2744	303	1
3_MACS_peak_22207_lociStitched	chr3	55514781	55524193	3	9165	16358.9972	304	1
1_MACS_peak_2791_lociStitched	chr1	201704176	201710338	1	6163	16358.2614	305	1
3_MACS_peak_14411_lociStitched	chr19	1258436	1270869	3	7593	16330.7455	306	1
1_MACS_peak_3115_lociStitched	chr1	224617236	224624588	1	7353	16330.2624	307	1
3_MACS_peak_18778_lociStitched	chr2	202120796	202130171	3	9342	16297.5	308	1
1_MACS_peak_10854_lociStitched	chr15	93424779	93429763	1	4985	16281.2328	309	1
4_MACS_peak_5844_lociStitched	chr11	102183412	102195707	4	11495	16271.203	310	1
1_MACS_peak_16586_lociStitched	chr2	48130157	48135157	1	5001	16263.5	311	1
4_MACS_peak_18701_lociStitched	chr2	198290238	198301172	4	8033	16220.589	312	1
1_MACS_peak_14958_lociStitched	chr19	16434605	16440717	1	6113	16169.9072	313	1
5_MACS_peak_2063_lociStitched	chr1	155937243	155953967	5	11920	16168.7632	314	1
8_MACS_peak_12811_lociStitched	chr17	36570773	36587913	8	12665	16163.02	315	1
2_MACS_peak_2845_lociStitched	chr1	204375167	204382616	2	7366	16160.6055	316	1
1_MACS_peak_2022_lociStitched	chr1	154971273	154979504	1	8232	16159.9223	317	1
5_MACS_peak_16949_lociStitched	chr2	65609180	65624100	5	11058	16158.36	318	1
2_MACS_peak_17233_lociStitched	chr2	86259309	86268119	2	7497	16156.659	319	1
2_MACS_peak_1517_lociStitched	chr1	113160348	113168635	2	5971	16077.6087	320	1
2_MACS_peak_26801_lociStitched	chr5	139013018	139023480	2	8005	16047.6618	321	1
2_MACS_peak_22096_lociStitched	chr3	50372766	50378678	2	5439	15981.3184	322	1
5_MACS_peak_25271_lociStitched	chr4	153580649	153601886	5	12695	15961.7292	323	1
3_MACS_peak_22724_lociStitched	chr3	112207705	112219884	3	11287	15915.5172	324	1
1_MACS_peak_2603_lociStitched	chr1	183438792	183442570	1	3779	15915.2028	325	1
9_MACS_peak_19661_lociStitched	chr20	34188948	34208159	9	12142	15891.3392	326	1
1_MACS_peak_18374_lociStitched	chr2	178125985	178130990	1	5006	15856.841	327	1
1_MACS_peak_24653_lociStitched	chr4	78735497	78743607	1	8111	15833.964	328	1
1_MACS_peak_8363_lociStitched	chr13	49549086	49557070	1	7985	15786.7632	329	1
5_MACS_peak_12880_lociStitched	chr17	38251645	38265222	5	9693	15776.474	330	1
3_MACS_peak_33244_lociStitched	chr9	82182496	82190871	3	7615	15755.8875	331	1
9_MACS_peak_28841_lociStitched	chr6	109392914	109418028	9	14647	15726.3868	332	1
5_MACS_peak_21337_lociStitched	chr22	50318252	50331785	5	9416	15691.5135	333	1
7_MACS_peak_2521_lociStitched	chr1	179049019	179061797	7	8207	15660.7168	334	1
4_MACS_peak_21656_lociStitched	chr3	25820831	25832788	4	9474	15633.7775	335	1
6_MACS_peak_11096_lociStitched	chr16	2556818	2571424	6	7940	15629.8806	336	1
4_MACS_peak_28199_lociStitched	chr6	42748661	42759204	4	6509	15608.9115	337	1
3_MACS_peak_27573_lociStitched	chr6	15244757	15257538	3	10130	15600.4886	338	1
3_MACS_peak_455_lociStitched	chr1	27152526	27167025	3	9360	15586.425	339	1
3_MACS_peak_18685_lociStitched	chr2	198069665	198082325	3	10206	15560.406	340	1
1_MACS_peak_33818_lociStitched	chr9	127630225	127636115	1	5891	15555.49	341	1
1_MACS_peak_16052_lociStitched	chr2	20247999	20252706	1	4708	15542.514	342	1
1_MACS_peak_32058_lociStitched	chr8	101961351	101966311	1	4961	15536.208	343	1
5_MACS_peak_19218_lociStitched	chr2	242208857	242221453	5	8846	15528.3488	344	1
2_MACS_peak_216_lociStitched	chr1	14025930	14032178	2	6008	15519.4072	345	1
5_MACS_peak_11226_lociStitched	chr16	11821422	11838065	5	14676	15516.2689	346	1
2_MACS_peak_10817_lociStitched	chr15	91472336	91479559	2	5935	15499.8357	347	1
4_MACS_peak_15557_lociStitched	chr19	47728450	47736293	4	7182	15499.3366	348	1
1_MACS_peak_19670_lociStitched	chr20	34248232	34253442	1	5211	15473.179	349	1
2_MACS_peak_1969_lociStitched	chr1	154191278	154197055	2	4893	15444.2318	350	1
2_MACS_peak_19015_lociStitched	chr2	225832592	225842393	2	8897	15433.6347	351	1
5_MACS_peak_23832_lociStitched	chr3	185645129	185656474	5	8579	15426.931	352	1
3_MACS_peak_33922_lociStitched	chr9	131445018	131453528	3	7563	15421.822	353	1
4_MACS_peak_18037_lociStitched	chr2	159306401	159318591	4	7306	15397.189	354	1
2_MACS_peak_10292_lociStitched	chr15	66079531	66086016	2	4314	15396.0385	355	1
4_MACS_peak_14407_lociStitched	chr19	1240006	1254003	4	9111	15395.3003	356	1
5_MACS_peak_1316_lociStitched	chr1	93415196	93428820	5	11008	15391.0328	357	1
2_MACS_peak_2486_lociStitched	chr1	178541750	178552300	2	8915	15385.065	358	1
4_MACS_peak_10866_lociStitched	chr15	94772626	94784014	4	8311	15373.8	359	1
4_MACS_peak_27093_lociStitched	chr5	156964816	156983060	4	13100	15370.57	360	1
2_MACS_peak_33950_lociStitched	chr9	132168543	132176995	2	5759	15366.5812	361	1
2_MACS_peak_34018_lociStitched	chr9	134544511	134555066	2	7301	15365.969	362	1
5_MACS_peak_15232_lociStitched	chr19	36230952	36240309	5	6757	15346.4157	363	1
2_MACS_peak_32620_lociStitched	chr9	2010307	2018880	2	5393	15317.3791	364	1
3_MACS_peak_27964_lociStitched	chr6	33279719	33292268	3	8087	15285.9369	365	1
1_MACS_peak_23331_lociStitched	chr3	150124855	150128618	1	3764	15263.1043	366	1
5_MACS_peak_10779_lociStitched	chr15	90726564	90738994	5	8396	15256.582	367	1
4_MACS_peak_26621_lociStitched	chr5	130709795	130720532	4	9720	15217.5501	368	1
5_MACS_peak_10938_lociStitched	chr15	101458370	101475809	5	14316	15215.5275	369	1
8_MACS_peak_30316_lociStitched	chr7	81412195	81435238	8	18296	15185.337	370	1
3_MACS_peak_2543_lociStitched	chr1	179846109	179853551	3	5566	15173.4938	371	1
1_MACS_peak_14857_lociStitched	chr19	13260596	13267557	1	6962	15151.3126	372	1
8_MACS_peak_25617_lociStitched	chr5	14204926	14230479	8	13082	15147.8184	373	1
3_MACS_peak_10657_lociStitched	chr15	83563421	83574750	3	10985	15136.6769	374	1
4_MACS_peak_81_lociStitched	chr1	2465724	2482084	4	10118	15136.272	375	1
7_MACS_peak_14033_lociStitched	chr18	33168830	33191435	7	15282	15097.8795	376	1
1_MACS_peak_3407_lociStitched	chr10	3823928	3828763	1	4836	15075.53	377	1
5_MACS_peak_13359_lociStitched	chr17	62195441	62209570	5	11133	15071.4043	378	1
1_MACS_peak_1245_lociStitched	chr1	87793223	87803647	1	10425	15066.8496	379	1
9_MACS_peak_22522_lociStitched	chr3	98448378	98469632	9	13269	15062.7098	380	1
1_MACS_peak_32711_lociStitched	chr9	6756508	6760054	1	3547	15058.089	381	1
5_MACS_peak_21305_lociStitched	chr22	47157418	47173729	5	11033	15030.5865	382	1
4_MACS_peak_11400_lociStitched	chr16	21510238	21520418	4	7450	15020.59	383	1
4_MACS_peak_33847_lociStitched	chr9	129592268	129606348	4	9985	15010.688	384	1
2_MACS_peak_27201_lociStitched	chr5	173310741	173324173	2	13362	15008.9168	385	1
3_MACS_peak_27515_lociStitched	chr6	11722139	11736300	3	10180	14985.1702	386	1
4_MACS_peak_2960_lociStitched	chr1	207918565	207929666	4	9881	14937.5056	387	1
3_MACS_peak_21076_lociStitched	chr22	39095376	39106056	3	6823	14910.348	388	1
1_MACS_peak_26245_lociStitched	chr5	90674344	90680872	1	6529	14878.6176	389	1
1_MACS_peak_2174_lociStitched	chr1	160229857	160233805	1	3949	14868.9576	390	1
3_MACS_peak_14560_lociStitched	chr19	4058697	4068146	3	8337	14859.4974	391	1
9_MACS_peak_26702_lociStitched	chr5	133871080	133892126	9	11441	14835.3254	392	1
2_MACS_peak_27713_lociStitched	chr6	26194533	26206878	2	9071	14827.5795	393	1
3_MACS_peak_2633_lociStitched	chr1	184711387	184725312	3	10875	14827.34	394	1
13_MACS_peak_28779_lociStitched	chr6	108939121	108965175	13	16289	14809.0936	395	1
2_MACS_peak_23986_lociStitched	chr3	195631149	195637163	2	5514	14797.447	396	1
2_MACS_peak_3350_lociStitched	chr1	244996757	245003451	2	4964	14785.7072	397	1
4_MACS_peak_28936_lociStitched	chr6	119661238	119672663	4	9114	14775.9525	398	1
5_MACS_peak_18268_lociStitched	chr2	173346142	173362231	5	13677	14772.9198	399	1
3_MACS_peak_7024_lociStitched	chr12	57022119	57031469	3	8534	14770.195	400	1
1_MACS_peak_23245_lociStitched	chr3	142163795	142167881	1	4087	14756.1804	401	1
3_MACS_peak_6763_lociStitched	chr12	46776358	46785429	3	8859	14748.5389	402	1
7_MACS_peak_6289_lociStitched	chr12	6889947	6909407	7	11314	14719.544	403	1
3_MACS_peak_21106_lociStitched	chr22	39540098	39548744	3	8554	14718.9504	404	1
8_MACS_peak_4987_lociStitched	chr11	23590023	23609370	8	16690	14711.4588	405	1
7_MACS_peak_9774_lociStitched	chr15	40833831	40851697	7	14782	14676.919	406	1
2_MACS_peak_3060_lociStitched	chr1	218555908	218564822	2	8681	14672.444	407	1
3_MACS_peak_27953_lociStitched	chr6	33166887	33177026	3	6965	14657.9523	408	1
1_MACS_peak_22606_lociStitched	chr3	105084828	105090063	1	5236	14631.825	409	1
2_MACS_peak_16552_lociStitched	chr2	47203758	47215495	2	10358	14624.302	410	1
1_MACS_peak_23332_lociStitched	chr3	150261057	150266101	1	5045	14618.5208	411	1
2_MACS_peak_18873_lociStitched	chr2	208388769	208396858	2	5446	14617.6319	412	1
2_MACS_peak_5226_lociStitched	chr11	62318719	62328781	2	8097	14613.0426	413	1
3_MACS_peak_28247_lociStitched	chr6	44224044	44234151	3	7176	14602.5936	414	1
4_MACS_peak_21128_lociStitched	chr22	39903934	39919330	4	10337	14600.0268	415	1
3_MACS_peak_19464_lociStitched	chr20	23337302	23347664	3	7102	14585.5512	416	1
1_MACS_peak_19673_lociStitched	chr20	34327268	34332873	1	5606	14560.1085	417	1
1_MACS_peak_29448_lociStitched	chr6	159459130	159466778	1	7649	14555.6736	418	1
1_MACS_peak_10063_lociStitched	chr15	56656724	56665879	1	9156	14531.7315	419	1
3_MACS_peak_10613_lociStitched	chr15	81583758	81597033	3	12930	14528.16	420	1
4_MACS_peak_22797_lociStitched	chr3	114856460	114867523	4	8067	14522.4001	421	1
13_MACS_peak_27346_lociStitched	chr6	312125	339299	13	14765	14505.4812	422	1
1_MACS_peak_15738_lociStitched	chr19	54692454	54696207	1	3754	14492.5848	423	1
2_MACS_peak_2488_lociStitched	chr1	178568240	178578522	2	7394	14482.197	424	1
2_MACS_peak_16956_lociStitched	chr2	65656819	65664788	2	6285	14482.0637	425	1
3_MACS_peak_32840_lociStitched	chr9	21986505	21996691	3	7398	14464.12	426	1
2_MACS_peak_34048_lociStitched	chr9	136018659	136025659	2	5508	14452.9	427	1
3_MACS_peak_27860_lociStitched	chr6	31164222	31172851	3	6924	14449.2605	428	1
4_MACS_peak_438_lociStitched	chr1	27018709	27029987	4	9969	14415.5396	429	1
1_MACS_peak_9928_lociStitched	chr15	45878351	45881766	1	3416	14411.3	430	1
6_MACS_peak_21416_lociStitched	chr3	5015119	5029409	6	8420	14407.178	431	1
3_MACS_peak_27254_lociStitched	chr5	176726489	176740074	3	10063	14397.383	432	1
1_MACS_peak_27920_lociStitched	chr6	31937821	31941822	1	4002	14360.3892	433	1
2_MACS_peak_16439_lociStitched	chr2	42328248	42333968	2	4148	14329.744	434	1
1_MACS_peak_33054_lociStitched	chr9	37528048	37533164	1	5117	14308.4288	435	1
6_MACS_peak_23824_lociStitched	chr3	185264122	185280162	6	10993	14307.68	436	1
1_MACS_peak_16944_lociStitched	chr2	65355209	65358482	1	3274	14299.737	437	1
1_MACS_peak_24253_lociStitched	chr4	15002505	15007906	1	5402	14296.447	438	1
2_MACS_peak_27686_lociStitched	chr6	25404093	25415424	2	11186	14284.9917	439	1
1_MACS_peak_16230_lociStitched	chr2	28972232	28976977	1	4746	14272.4855	440	1
2_MACS_peak_10773_lociStitched	chr15	90637262	90646414	2	8434	14243.2576	441	1
1_MACS_peak_3354_lociStitched	chr1	245132638	245135711	1	3074	14238.1309	442	1
1_MACS_peak_33295_lociStitched	chr9	86592069	86596971	1	4903	14227.0746	443	1
5_MACS_peak_29458_lociStitched	chr6	160389400	160405113	5	9616	14212.4085	444	1
2_MACS_peak_33442_lociStitched	chr9	96928328	96936723	2	6315	14197.624	445	1
3_MACS_peak_25452_lociStitched	chr4	185390994	185403243	3	9270	14179.4424	446	1
3_MACS_peak_3518_lociStitched	chr10	15826458	15837780	3	10960	14147.9712	447	1
2_MACS_peak_18851_lociStitched	chr2	207022860	207029182	2	4815	14130.3022	448	1
5_MACS_peak_17498_lociStitched	chr2	110364694	110380191	5	10018	14130.1646	449	1
4_MACS_peak_23975_lociStitched	chr3	195264341	195277740	4	8376	14127.9056	450	1
2_MACS_peak_19011_lociStitched	chr2	225802176	225812235	2	8521	14120.8242	451	1
1_MACS_peak_3590_lociStitched	chr10	22623727	22633887	1	10161	14114.272	452	1
4_MACS_peak_7218_lociStitched	chr12	72078023	72088839	4	10137	14100.8192	453	1
1_MACS_peak_19845_lociStitched	chr20	45522829	45530547	1	7719	14079.9474	454	1
3_MACS_peak_9669_lociStitched	chr15	34619816	34630741	3	7739	14068.1225	455	1
5_MACS_peak_10491_lociStitched	chr15	75331367	75342424	5	9086	14046.8128	456	1
2_MACS_peak_297_lociStitched	chr1	21614789	21623636	2	8819	14033.1114	457	1
1_MACS_peak_17794_lociStitched	chr2	136498773	136503293	1	4521	14018.78	458	1
1_MACS_peak_18864_lociStitched	chr2	208028232	208032466	1	4235	14012.8464	459	1
1_MACS_peak_30668_lociStitched	chr7	106807606	106811399	1	3794	14005.6525	460	1
2_MACS_peak_15855_lociStitched	chr19	59065300	59071630	2	6323	14000.694	461	1
1_MACS_peak_14370_lociStitched	chr19	658457	663922	1	5466	13998.051	462	1
4_MACS_peak_34113_lociStitched	chr9	139790314	139800057	4	8761	13990.948	463	1
5_MACS_peak_20270_lociStitched	chr21	30667453	30680711	5	10521	13989.8416	464	1
3_MACS_peak_10212_lociStitched	chr15	63890866	63903446	3	6736	13987.702	465	1
3_MACS_peak_18113_lociStitched	chr2	162093701	162103751	3	8685	13966.485	466	1
9_MACS_peak_7079_lociStitched	chr12	58222449	58241261	9	12863	13964.1476	467	1
6_MACS_peak_32009_lociStitched	chr8	98655190	98670575	6	11466	13957.272	468	1
1_MACS_peak_16720_lociStitched	chr2	56569216	56577943	1	8728	13957.0911	469	1
2_MACS_peak_19249_lociStitched	chr2	243026355	243032164	2	5778	13952.6371	470	1
1_MACS_peak_15611_lociStitched	chr19	49375185	49380354	1	5170	13942.3437	471	1
5_MACS_peak_8690_lociStitched	chr13	114551038	114567587	5	11537	13934.258	472	1
3_MACS_peak_33148_lociStitched	chr9	70487361	70498038	3	7394	13918.5372	473	1
1_MACS_peak_12548_lociStitched	chr17	18085288	18092147	1	6860	13914.1674	474	1
8_MACS_peak_14963_lociStitched	chr19	16471705	16485574	8	10298	13905.0594	475	1
3_MACS_peak_2365_lociStitched	chr1	167682412	167695989	3	10337	13900.1326	476	1
4_MACS_peak_20511_lociStitched	chr21	44842378	44851853	4	8254	13876.1375	477	1
3_MACS_peak_33777_lociStitched	chr9	126098445	126106682	3	5782	13866.1658	478	1
1_MACS_peak_9625_lociStitched	chr15	31616555	31622029	1	5475	13865.642	479	1
3_MACS_peak_15898_lociStitched	chr2	8653904	8667675	3	10510	13850.8718	480	1
2_MACS_peak_23500_lociStitched	chr3	169683233	169690816	2	5736	13849.5912	481	1
4_MACS_peak_10824_lociStitched	chr15	92395546	92407144	4	8991	13848.012	482	1
3_MACS_peak_13108_lociStitched	chr17	46124565	46135317	3	9014	13838.8992	483	1
5_MACS_peak_32067_lociStitched	chr8	102209785	102219901	5	7314	13811.3748	484	1
1_MACS_peak_23140_lociStitched	chr3	136468750	136472807	1	4058	13805.1596	485	1
7_MACS_peak_21703_lociStitched	chr3	31572414	31590784	7	9618	13797.707	486	1
2_MACS_peak_22851_lociStitched	chr3	119810899	119815606	2	4393	13789.6272	487	1
2_MACS_peak_15805_lociStitched	chr19	57787524	57795636	2	5712	13741.728	488	1
3_MACS_peak_4391_lociStitched	chr10	104401327	104412593	3	7727	13728.7476	489	1
2_MACS_peak_9726_lociStitched	chr15	38961860	38969537	2	7070	13724.9406	490	1
9_MACS_peak_6882_lociStitched	chr12	51312021	51329165	9	14474	13718.6288	491	1
1_MACS_peak_671_lociStitched	chr1	36850106	36856915	1	6810	13718.0923	492	1
6_MACS_peak_14843_lociStitched	chr19	13043542	13057967	6	10524	13716.7325	493	1
2_MACS_peak_10303_lociStitched	chr15	66788892	66798216	2	6255	13715.604	494	1
5_MACS_peak_16980_lociStitched	chr2	68584588	68599657	5	9054	13714.2969	495	1
7_MACS_peak_28164_lociStitched	chr6	41683514	41703450	7	9745	13692.0448	496	1
3_MACS_peak_17341_lociStitched	chr2	97296238	97304722	3	7122	13686.3888	497	1
4_MACS_peak_6080_lociStitched	chr11	122929275	122941836	4	8750	13675.1607	498	1
4_MACS_peak_27360_lociStitched	chr6	389184	403840	4	13763	13659.392	499	1
2_MACS_peak_2028_lociStitched	chr1	155107092	155113138	2	4111	13642.799	500	1
1_MACS_peak_14941_lociStitched	chr19	16186177	16191666	1	5490	13640.165	501	1
4_MACS_peak_27836_lociStitched	chr6	30579274	30586702	4	6467	13634.094	502	1
5_MACS_peak_27970_lociStitched	chr6	33377113	33386871	5	6689	13631.926	503	1
7_MACS_peak_4498_lociStitched	chr10	112617527	112633975	7	9478	13600.8512	504	1
3_MACS_peak_32818_lociStitched	chr9	20612089	20625256	3	9320	13581.7605	505	1
3_MACS_peak_19208_lociStitched	chr2	241518509	241527354	3	6365	13577.9595	506	1
3_MACS_peak_16289_lociStitched	chr2	33752666	33762180	3	8450	13575.5266	507	1
3_MACS_peak_27843_lociStitched	chr6	30646954	30659176	3	9499	13562.7534	508	1
4_MACS_peak_10236_lociStitched	chr15	64443306	64459889	4	13337	13559.9191	509	1
3_MACS_peak_27945_lociStitched	chr6	32805289	32814479	3	6587	13539.627	510	1
5_MACS_peak_25466_lociStitched	chr4	185559134	185571643	5	8763	13537.2398	511	1
1_MACS_peak_8602_lociStitched	chr13	97873668	97880088	1	6421	13499.334	512	1
3_MACS_peak_20082_lociStitched	chr20	58401016	58417537	3	11476	13489.3965	513	1
8_MACS_peak_6350_lociStitched	chr12	9865307	9886363	8	13629	13454.784	514	1
3_MACS_peak_25576_lociStitched	chr5	6479022	6488204	3	8978	13454.3846	515	1
8_MACS_peak_19997_lociStitched	chr20	52196281	52215665	8	11320	13442.804	516	1
1_MACS_peak_16116_lociStitched	chr2	25193532	25196135	1	2604	13433.0418	517	1
5_MACS_peak_20197_lociStitched	chr21	15892662	15907680	5	9848	13432.0992	518	1
1_MACS_peak_12827_lociStitched	chr17	36856547	36862828	1	6282	13399.8854	519	1
3_MACS_peak_17695_lociStitched	chr2	126392169	126403069	3	9853	13384.11	520	1
2_MACS_peak_12618_lociStitched	chr17	21187040	21193534	2	6411	13377.64	521	1
8_MACS_peak_21118_lociStitched	chr22	39850165	39873263	8	12644	13376.0518	522	1
3_MACS_peak_16379_lociStitched	chr2	39315440	39328662	3	9545	13371.4086	523	1
3_MACS_peak_17124_lociStitched	chr2	74425121	74435581	3	7401	13360.558	524	1
2_MACS_peak_21827_lociStitched	chr3	40493569	40500184	2	4526	13321.287	525	1
3_MACS_peak_15374_lociStitched	chr19	41767946	41773494	3	5321	13320.748	526	1
3_MACS_peak_31231_lociStitched	chr8	12607598	12616975	3	7594	13293.7729	527	1
2_MACS_peak_17199_lociStitched	chr2	85196168	85203386	2	5263	13281.8418	528	1
6_MACS_peak_33799_lociStitched	chr9	127019785	127038130	6	12011	13272.6075	529	1
3_MACS_peak_12114_lociStitched	chr16	87416085	87428187	3	7220	13246.8492	530	1
2_MACS_peak_26033_lociStitched	chr5	68664056	68672530	2	7705	13240.625	531	1
2_MACS_peak_21072_lociStitched	chr22	38898728	38903457	2	4547	13237.4168	532	1
2_MACS_peak_6444_lociStitched	chr12	14920466	14928515	2	6836	13234.1658	533	1
1_MACS_peak_22567_lociStitched	chr3	101291576	101294868	1	3293	13232.194	534	1
10_MACS_peak_16182_lociStitched	chr2	27374686	27393590	10	13247	13230.9096	535	1
1_MACS_peak_311_lociStitched	chr1	22105552	22110609	1	5058	13209.8954	536	1
2_MACS_peak_18706_lociStitched	chr2	198360233	198367449	2	6207	13203.1152	537	1
3_MACS_peak_18801_lociStitched	chr2	203129375	203137546	3	7140	13202.7018	538	1
4_MACS_peak_30303_lociStitched	chr7	78113067	78127871	4	13130	13188.8836	539	1
3_MACS_peak_2352_lociStitched	chr1	167596667	167606946	3	9030	13168.4269	540	1
2_MACS_peak_17399_lociStitched	chr2	99951562	99955558	2	3997	13122.864	541	1
2_MACS_peak_47_lociStitched	chr1	1706862	1714735	2	7645	13120.3545	542	1
1_MACS_peak_29227_lociStitched	chr6	143264219	143269664	1	5446	13117.005	543	1
2_MACS_peak_14348_lociStitched	chr18	77438518	77448077	2	7338	13110.1685	544	1
3_MACS_peak_32985_lociStitched	chr9	35066673	35073937	3	7148	13078.832	545	1
1_MACS_peak_19051_lociStitched	chr2	230784360	230788360	1	4001	13062.8	546	1
2_MACS_peak_2389_lociStitched	chr1	171453586	171457934	2	3835	13060.0876	547	1
2_MACS_peak_27619_lociStitched	chr6	16759036	16764153	2	5116	13044.2564	548	1
1_MACS_peak_18062_lociStitched	chr2	160468447	160473817	1	5371	13038.36	549	1
3_MACS_peak_23644_lociStitched	chr3	176908902	176920031	3	6623	13037.6235	550	1
9_MACS_peak_23395_lociStitched	chr3	156260640	156277079	9	9575	13029.5514	551	1
1_MACS_peak_3304_lociStitched	chr1	235489336	235493506	1	4171	13024.161	552	1
1_MACS_peak_30892_lociStitched	chr7	130789118	130796182	1	7065	13010.4752	553	1
2_MACS_peak_9752_lociStitched	chr15	40387160	40392763	2	5596	12978.7892	554	1
3_MACS_peak_2573_lociStitched	chr1	181095468	181105200	3	8007	12976.6488	555	1
1_MACS_peak_27138_lociStitched	chr5	162929828	162937205	1	7378	12959.9136	556	1
2_MACS_peak_27299_lociStitched	chr5	179243930	179250199	2	5630	12956.1423	557	1
2_MACS_peak_1738_lociStitched	chr1	145434437	145443492	2	9050	12944.1225	558	1
2_MACS_peak_13280_lociStitched	chr17	57695385	57700809	2	5158	12897.7296	559	1
7_MACS_peak_415_lociStitched	chr1	26436801	26453558	7	11002	12876.0788	560	1
2_MACS_peak_1181_lociStitched	chr1	84459568	84467784	2	7811	12875.2936	561	1
2_MACS_peak_6641_lociStitched	chr12	31736630	31745489	2	8824	12862.3821	562	1
1_MACS_peak_17811_lociStitched	chr2	136870051	136877397	1	7347	12859.9076	563	1
4_MACS_peak_34010_lociStitched	chr9	134494673	134506972	4	8764	12826.6271	564	1
1_MACS_peak_28627_lociStitched	chr6	89788862	89793444	1	4583	12814.0212	565	1
1_MACS_peak_22987_lociStitched	chr3	127769839	127774769	1	4931	12811.591	566	1
3_MACS_peak_30603_lociStitched	chr7	104579122	104587251	3	7116	12803.9879	567	1
3_MACS_peak_17337_lociStitched	chr2	97192745	97205334	3	6356	12799.2363	568	1
2_MACS_peak_20495_lociStitched	chr21	44725829	44734833	2	8107	12796.4848	569	1
5_MACS_peak_34000_lociStitched	chr9	134268316	134279592	5	7541	12781.346	570	1
1_MACS_peak_2493_lociStitched	chr1	178693681	178699448	1	5768	12776.7885	571	1
1_MACS_peak_25258_lociStitched	chr4	153451785	153460467	1	8683	12766.0128	572	1
1_MACS_peak_9993_lociStitched	chr15	52310872	52315013	1	4142	12761.7338	573	1
2_MACS_peak_23352_lociStitched	chr3	151985587	151993264	2	6628	12754.5678	574	1
9_MACS_peak_19512_lociStitched	chr20	30292952	30311896	9	12503	12741.7344	575	1
5_MACS_peak_26714_lociStitched	chr5	133977086	133987651	5	8811	12738.2205	576	1
2_MACS_peak_32898_lociStitched	chr9	29789740	29797615	2	7436	12735.45	577	1
4_MACS_peak_13583_lociStitched	chr17	74486403	74498311	4	9312	12734.4152	578	1
2_MACS_peak_33828_lociStitched	chr9	127997156	128004928	2	7743	12733.6448	579	1
4_MACS_peak_34043_lociStitched	chr9	135989712	136001881	4	7516	12725.1233	580	1
1_MACS_peak_22730_lociStitched	chr3	112278351	112282592	1	4242	12718.759	581	1
1_MACS_peak_8387_lociStitched	chr13	50695971	50700982	1	5012	12714.9114	582	1
2_MACS_peak_18500_lociStitched	chr2	187348706	187358733	2	7291	12670.1172	583	1
2_MACS_peak_13861_lociStitched	chr18	9135463	9142258	2	6400	12665.2005	584	1
1_MACS_peak_230_lociStitched	chr1	15849930	15854556	1	4627	12662.2872	585	1
1_MACS_peak_12442_lociStitched	chr17	8149550	8153540	1	3991	12660.27	586	1
2_MACS_peak_15641_lociStitched	chr19	49998861	50005641	2	6779	12656.226	587	1
2_MACS_peak_12662_lociStitched	chr17	27046294	27056499	2	7350	12647.0565	588	1
1_MACS_peak_23491_lociStitched	chr3	169489303	169492436	1	3134	12625.99	589	1
2_MACS_peak_16247_lociStitched	chr2	31471012	31481693	2	10495	12624.942	590	1
1_MACS_peak_15662_lociStitched	chr19	50378363	50381999	1	3637	12608.9208	591	1
4_MACS_peak_23719_lociStitched	chr3	182399611	182410768	4	7916	12606.2943	592	1
1_MACS_peak_19774_lociStitched	chr20	42308158	42312066	1	3909	12598.2196	593	1
4_MACS_peak_25875_lociStitched	chr5	55882759	55889269	4	5547	12588.387	594	1
2_MACS_peak_5224_lociStitched	chr11	62305432	62314827	2	9295	12582.7235	595	1
3_MACS_peak_15655_lociStitched	chr19	50312056	50322871	3	5919	12582.171	596	1
6_MACS_peak_28108_lociStitched	chr6	37271973	37289707	6	7408	12576.9528	597	1
6_MACS_peak_6451_lociStitched	chr12	15101254	15115876	6	11690	12570.5334	598	1
3_MACS_peak_32565_lociStitched	chr9	175890	186824	3	8028	12565.3528	599	1
4_MACS_peak_9754_lociStitched	chr15	40396716	40408625	4	7167	12558.0405	600	1
2_MACS_peak_13920_lociStitched	chr18	13371411	13383397	2	11972	12556.5336	601	1
2_MACS_peak_15468_lociStitched	chr19	45250203	45258907	2	6573	12549.4272	602	1
4_MACS_peak_19102_lociStitched	chr2	232526530	232538426	4	6325	12536.0048	603	1
3_MACS_peak_31312_lociStitched	chr8	22297434	22305810	3	7844	12524.6328	604	1
1_MACS_peak_12794_lociStitched	chr17	34899512	34904362	1	4851	12520.76	605	1
1_MACS_peak_16789_lociStitched	chr2	61762647	61766883	1	4237	12517.8036	606	1
2_MACS_peak_17629_lociStitched	chr2	114643874	114652681	2	8521	12506.8207	607	1
3_MACS_peak_5291_lociStitched	chr11	64007058	64015353	3	6129	12489.7815	608	1
1_MACS_peak_16977_lociStitched	chr2	68476669	68481250	1	4582	12475.8954	609	1
1_MACS_peak_2341_lociStitched	chr1	167296415	167303390	1	6976	12474.7875	610	1
1_MACS_peak_29130_lociStitched	chr6	138187025	138195958	1	8934	12472.2546	611	1
1_MACS_peak_13371_lociStitched	chr17	62500013	62504379	1	4367	12471.9156	612	1
3_MACS_peak_3395_lociStitched	chr10	1089348	1096886	3	5700	12461.8216	613	1
2_MACS_peak_22257_lociStitched	chr3	56948037	56956621	2	6280	12461.3928	614	1
1_MACS_peak_17740_lociStitched	chr2	128585647	128591032	1	5386	12452.8125	615	1
1_MACS_peak_22065_lociStitched	chr3	49758746	49764339	1	5594	12441.0692	616	1
10_MACS_peak_3429_lociStitched	chr10	5930018	5947848	10	10858	12439.991	617	1
2_MACS_peak_20421_lociStitched	chr21	38737834	38743441	2	5349	12436.8867	618	1
6_MACS_peak_22049_lociStitched	chr3	49444274	49454115	6	7091	12436.0717	619	1
1_MACS_peak_2402_lociStitched	chr1	172500722	172504085	1	3364	12431.6658	620	1
3_MACS_peak_15761_lociStitched	chr19	55762434	55771614	3	8402	12430.638	621	1
3_MACS_peak_383_lociStitched	chr1	25069537	25079212	3	8016	12413.9925	622	1
2_MACS_peak_16547_lociStitched	chr2	47166490	47173495	2	6363	12413.5605	623	1
1_MACS_peak_31164_lociStitched	chr7	158619893	158623381	1	3489	12410.304	624	1
5_MACS_peak_27521_lociStitched	chr6	11824982	11836142	5	7213	12409.92	625	1
1_MACS_peak_18637_lociStitched	chr2	192539921	192546101	1	6181	12397.698	626	1
3_MACS_peak_10510_lociStitched	chr15	75487465	75498041	3	7564	12395.072	627	1
5_MACS_peak_14647_lociStitched	chr19	7401090	7417477	5	9818	12388.572	628	1
3_MACS_peak_33317_lociStitched	chr9	88961779	88970159	3	7135	12386.478	629	1
4_MACS_peak_17656_lociStitched	chr2	120059457	120073738	4	9764	12385.9113	630	1
1_MACS_peak_18850_lociStitched	chr2	206947759	206951814	1	4056	12377.482	631	1
1_MACS_peak_29883_lociStitched	chr7	32929105	32932898	1	3794	12364.4214	632	1
4_MACS_peak_404_lociStitched	chr1	25869931	25883459	4	9760	12348.3584	633	1
2_MACS_peak_30866_lociStitched	chr7	129586944	129593000	2	5526	12346.9728	634	1
1_MACS_peak_29454_lociStitched	chr6	160146851	160151947	1	5097	12332.8296	635	1
2_MACS_peak_24747_lociStitched	chr4	89201645	89206834	2	5177	12331.6585	636	1
2_MACS_peak_21784_lociStitched	chr3	37030564	37036327	2	5094	12314.9547	637	1
3_MACS_peak_24261_lociStitched	chr4	15772471	15787548	3	12088	12314.8936	638	1
2_MACS_peak_2980_lociStitched	chr1	209275639	209285916	2	10221	12313.9014	639	1
3_MACS_peak_19840_lociStitched	chr20	45027182	45039738	3	8186	12308.6468	640	1
3_MACS_peak_17260_lociStitched	chr2	87765429	87777114	3	10185	12307.8105	641	1
1_MACS_peak_2446_lociStitched	chr1	174967042	174970900	1	3859	12300.8472	642	1
1_MACS_peak_13040_lociStitched	chr17	43387575	43395595	1	8021	12281.828	643	1
1_MACS_peak_30680_lociStitched	chr7	108208346	108214568	1	6223	12280.3614	644	1
4_MACS_peak_10314_lociStitched	chr15	67408728	67420043	4	6355	12267.723	645	1
3_MACS_peak_10055_lociStitched	chr15	55693968	55701665	3	6096	12235.1512	646	1
1_MACS_peak_2645_lociStitched	chr1	185124352	185127949	1	3598	12229.8	647	1
6_MACS_peak_9302_lociStitched	chr14	91829160	91844370	6	12250	12215.151	648	1
3_MACS_peak_32922_lociStitched	chr9	33022160	33028882	3	4810	12205.8076	649	1
2_MACS_peak_27893_lociStitched	chr6	31627277	31634727	2	5277	12200.865	650	1
3_MACS_peak_31709_lociStitched	chr8	61820828	61829848	3	6554	12196.844	651	1
10_MACS_peak_22711_lociStitched	chr3	112177032	112194583	10	11817	12196.1899	652	1
2_MACS_peak_11234_lociStitched	chr16	11885155	11892993	2	6170	12181.0358	653	1
3_MACS_peak_20481_lociStitched	chr21	44523943	44531129	3	7056	12176.677	654	1
5_MACS_peak_20296_lociStitched	chr21	34601313	34614228	5	10579	12145.266	655	1
5_MACS_peak_9701_lociStitched	chr15	37382590	37394935	5	8806	12142.542	656	1
5_MACS_peak_6546_lociStitched	chr12	26306045	26320793	5	10493	12139.0788	657	1
1_MACS_peak_13182_lociStitched	chr17	48941854	48945678	1	3825	12138.1408	658	1
1_MACS_peak_27660_lociStitched	chr6	24717838	24722570	1	4733	12138.0532	659	1
2_MACS_peak_22671_lociStitched	chr3	111392628	111402868	2	8138	12124.16	660	1
2_MACS_peak_33637_lociStitched	chr9	113015889	113021139	2	5134	12116.475	661	1
3_MACS_peak_24031_lociStitched	chr3	197454562	197464928	3	6088	12083.6462	662	1
2_MACS_peak_10923_lociStitched	chr15	100104433	100112371	2	5900	12078.4608	663	1
3_MACS_peak_29360_lociStitched	chr6	157166362	157178958	3	10945	12074.5256	664	1
2_MACS_peak_15844_lociStitched	chr19	58891319	58899816	2	6075	12057.243	665	1
3_MACS_peak_25387_lociStitched	chr4	177240144	177250710	3	7338	12044.1834	666	1
5_MACS_peak_10561_lociStitched	chr15	78347864	78362990	5	10435	12043.3212	667	1
1_MACS_peak_2661_lociStitched	chr1	186768003	186773190	1	5188	12036.9522	668	1
4_MACS_peak_15218_lociStitched	chr19	35695534	35705833	4	7560	12035.4114	669	1
4_MACS_peak_33699_lociStitched	chr9	117369770	117382430	4	9040	12034.596	670	1
2_MACS_peak_20330_lociStitched	chr21	34913348	34918452	2	4984	12034.2112	671	1
6_MACS_peak_13668_lociStitched	chr17	76711596	76726442	6	10739	12034.1676	672	1
6_MACS_peak_33035_lociStitched	chr9	37186723	37200818	6	10620	12024.4445	673	1
1_MACS_peak_31214_lociStitched	chr8	10821949	10827729	1	5781	12023.556	674	1
3_MACS_peak_24667_lociStitched	chr4	80090268	80103886	3	10296	12017.885	675	1
2_MACS_peak_6567_lociStitched	chr12	27088534	27096411	2	7107	12003.7603	676	1
4_MACS_peak_10152_lociStitched	chr15	60681001	60691015	4	6672	11981.751	677	1
4_MACS_peak_12312_lociStitched	chr17	3813635	3822372	4	7622	11976.6796	678	1
1_MACS_peak_33215_lociStitched	chr9	77701123	77704993	1	3871	11974.554	679	1
2_MACS_peak_10455_lociStitched	chr15	74906496	74910586	2	3916	11958.751	680	1
3_MACS_peak_5240_lociStitched	chr11	62472763	62481721	3	6005	11952.6594	681	1
3_MACS_peak_14472_lociStitched	chr19	2266294	2273908	3	5786	11932.6608	682	1
3_MACS_peak_32991_lociStitched	chr9	35110540	35117419	3	6138	11918.5554	683	1
3_MACS_peak_20908_lociStitched	chr22	31884436	31893746	3	7396	11917.731	684	1
1_MACS_peak_1386_lociStitched	chr1	100502357	100506296	1	3940	11909.5665	685	1
2_MACS_peak_25910_lociStitched	chr5	56467426	56475855	2	5708	11908.4912	686	1
1_MACS_peak_12984_lociStitched	chr17	41321281	41324591	1	3311	11906.732	687	1
2_MACS_peak_14882_lociStitched	chr19	14113819	14118432	2	3501	11897.8496	688	1
1_MACS_peak_30518_lociStitched	chr7	100025649	100028743	1	3095	11896.1206	689	1
1_MACS_peak_21186_lociStitched	chr22	42014513	42018753	1	4241	11891.08	690	1
4_MACS_peak_10307_lociStitched	chr15	67371922	67386620	4	10975	11890.682	691	1
3_MACS_peak_3379_lociStitched	chr1	249112572	249121653	3	5330	11887.9371	692	1
2_MACS_peak_23681_lociStitched	chr3	178864566	178870904	2	5242	11882.4824	693	1
5_MACS_peak_23092_lociStitched	chr3	132854420	132868190	5	7898	11866.986	694	1
2_MACS_peak_8180_lociStitched	chr13	35515331	35526842	2	11292	11855.1789	695	1
2_MACS_peak_34108_lociStitched	chr9	139735732	139744781	2	6343	11854.19	696	1
1_MACS_peak_8218_lociStitched	chr13	38919989	38925371	1	5383	11853.855	697	1
1_MACS_peak_26753_lociStitched	chr5	137877211	137881274	1	4064	11838.3631	698	1
1_MACS_peak_7223_lociStitched	chr12	72232764	72237161	1	4398	11830.5682	699	1
2_MACS_peak_23466_lociStitched	chr3	161656076	161669162	2	10314	11807.4978	700	1
2_MACS_peak_3201_lociStitched	chr1	228673825	228679005	2	5154	11788.644	701	1
1_MACS_peak_27828_lociStitched	chr6	30292688	30295991	1	3304	11783.4525	702	1
1_MACS_peak_12390_lociStitched	chr17	7209763	7213323	1	3561	11782.176	703	1
2_MACS_peak_1165_lociStitched	chr1	78441510	78445992	2	4329	11780.4888	704	1
2_MACS_peak_18784_lociStitched	chr2	202506575	202513700	2	5788	11756.9625	705	1
3_MACS_peak_10471_lociStitched	chr15	75159589	75166455	3	6576	11752.5322	706	1
4_MACS_peak_10232_lociStitched	chr15	64381642	64389329	4	7404	11751.1169	707	1
5_MACS_peak_34471_lociStitched	chrX	48790636	48804138	5	9198	11741.3392	708	1
2_MACS_peak_16354_lociStitched	chr2	37878179	37885103	2	6911	11736.8724	709	1
3_MACS_peak_22841_lociStitched	chr3	119178766	119188530	3	5791	11729.4932	710	1
2_MACS_peak_22589_lociStitched	chr3	101567090	101573983	2	4907	11717.4107	711	1
2_MACS_peak_26778_lociStitched	chr5	138720105	138728999	2	7164	11716.9556	712	1
2_MACS_peak_17137_lociStitched	chr2	74682043	74686725	2	4510	11707.8092	713	1
2_MACS_peak_21605_lociStitched	chr3	20080664	20091432	2	8207	11690.8176	714	1
1_MACS_peak_32883_lociStitched	chr9	26945471	26948346	1	2876	11684.2875	715	1
4_MACS_peak_11750_lociStitched	chr16	56944154	56955138	4	6895	11680.3856	716	1
1_MACS_peak_3645_lociStitched	chr10	27442327	27445764	1	3438	11680.3008	717	1
3_MACS_peak_16058_lociStitched	chr2	20345103	20357886	3	9098	11677.2705	718	1
1_MACS_peak_21181_lociStitched	chr22	41839785	41844966	1	5182	11668.1301	719	1
3_MACS_peak_1994_lociStitched	chr1	154572211	154582550	3	9557	11651.0191	720	1
4_MACS_peak_13443_lociStitched	chr17	66450221	66459317	4	8556	11639.2416	721	1
2_MACS_peak_15540_lociStitched	chr19	47216582	47223423	2	6781	11634.4887	722	1
6_MACS_peak_5324_lociStitched	chr11	64877998	64890516	6	7370	11634.2292	723	1
2_MACS_peak_17243_lociStitched	chr2	86844249	86851621	2	3875	11628.5928	724	1
1_MACS_peak_10363_lociStitched	chr15	68569032	68575845	1	6814	11627.0658	725	1
1_MACS_peak_894_lociStitched	chr1	46151046	46154689	1	3644	11625.9059	726	1
1_MACS_peak_23176_lociStitched	chr3	139107309	139109679	1	2371	11621.058	727	1
2_MACS_peak_32962_lociStitched	chr9	34047534	34053613	2	3389	11612.7137	728	1
1_MACS_peak_18962_lociStitched	chr2	220040516	220044184	1	3669	11611.7876	729	1
2_MACS_peak_23417_lociStitched	chr3	156804630	156811385	2	4446	11610.494	730	1
1_MACS_peak_7089_lociStitched	chr12	58287489	58294202	1	6714	11604.0918	731	1
2_MACS_peak_30652_lociStitched	chr7	105922811	105927308	2	4346	11602.7097	732	1
1_MACS_peak_26336_lociStitched	chr5	98262236	98266356	1	4121	11595.74	733	1
2_MACS_peak_8541_lociStitched	chr13	79972349	79981324	2	6953	11594.8025	734	1
1_MACS_peak_3132_lociStitched	chr1	226248925	226252838	1	3914	11591.4799	735	1
7_MACS_peak_14495_lociStitched	chr19	2617777	2633104	7	10024	11581.0812	736	1
3_MACS_peak_27052_lociStitched	chr5	154133112	154141521	3	7298	11580.8748	737	1
9_MACS_peak_445_lociStitched	chr1	27058997	27077524	9	11573	11579.375	738	1
3_MACS_peak_26553_lociStitched	chr5	122847147	122858020	3	7712	11576.4831	739	1
6_MACS_peak_10602_lociStitched	chr15	81265702	81283012	6	9373	11568.273	740	1
1_MACS_peak_29476_lociStitched	chr6	163833581	163838108	1	4528	11555.6202	741	1
2_MACS_peak_12254_lociStitched	chr17	1387620	1395528	2	6425	11550.4248	742	1
2_MACS_peak_16915_lociStitched	chr2	64975571	64979707	2	3998	11545.644	743	1
1_MACS_peak_33023_lociStitched	chr9	36399063	36402184	1	3122	11541.7701	744	1
1_MACS_peak_29152_lociStitched	chr6	139089312	139096038	1	6727	11537.7804	745	1
1_MACS_peak_19027_lociStitched	chr2	227699835	227705114	1	5280	11535.1429	746	1
3_MACS_peak_1469_lociStitched	chr1	110879650	110886946	3	5342	11529.1392	747	1
1_MACS_peak_26692_lociStitched	chr5	133557152	133563120	1	5969	11526.5952	748	1
2_MACS_peak_2305_lociStitched	chr1	165704220	165710415	2	5811	11507.832	749	1
5_MACS_peak_8257_lociStitched	chr13	41547434	41560950	5	9565	11504.8192	750	1
2_MACS_peak_16197_lociStitched	chr2	27434030	27441189	2	4418	11495.2063	751	1
4_MACS_peak_13351_lociStitched	chr17	62158568	62173543	4	11738	11493.3125	752	1
2_MACS_peak_10592_lociStitched	chr15	80351221	80360176	2	7925	11477.6235	753	1
1_MACS_peak_2369_lociStitched	chr1	167903333	167907697	1	4365	11476.4472	754	1
1_MACS_peak_7217_lociStitched	chr12	72055799	72059595	1	3797	11442.6624	755	1
2_MACS_peak_12868_lociStitched	chr17	38016515	38024605	2	7915	11440.878	756	1
1_MACS_peak_24442_lociStitched	chr4	40055768	40060414	1	4647	11437.9874	757	1
1_MACS_peak_23847_lociStitched	chr3	186500058	186503910	1	3853	11425.032	758	1
3_MACS_peak_6760_lociStitched	chr12	46761466	46767804	3	6075	11417.907	759	1
1_MACS_peak_23727_lociStitched	chr3	182510378	182514137	1	3760	11408.565	760	1
1_MACS_peak_20180_lociStitched	chr21	11168317	11175277	1	6961	11406.744	761	1
3_MACS_peak_10391_lociStitched	chr15	70386955	70396184	3	7969	11403.3524	762	1
1_MACS_peak_25758_lociStitched	chr5	39071635	39077858	1	6224	11402.4029	763	1
11_MACS_peak_17487_lociStitched	chr2	110337943	110358946	11	11723	11400.4284	764	1
4_MACS_peak_32583_lociStitched	chr9	613499	628978	4	9238	11394.0919	765	1
1_MACS_peak_33869_lociStitched	chr9	130210556	130214968	1	4413	11389.1368	766	1
2_MACS_peak_16678_lociStitched	chr2	54981228	54988795	2	7441	11379.2546	767	1
2_MACS_peak_4635_lociStitched	chr10	125861716	125869516	2	7359	11371.62	768	1
1_MACS_peak_25684_lociStitched	chr5	32172049	32175694	1	3646	11371.3065	769	1
4_MACS_peak_21350_lociStitched	chr22	50623387	50633911	4	7360	11371.182	770	1
8_MACS_peak_25444_lociStitched	chr4	185359064	185380191	8	11837	11370.5514	771	1
2_MACS_peak_10649_lociStitched	chr15	83474257	83480566	2	5184	11369.4489	772	1
1_MACS_peak_11954_lociStitched	chr16	71841187	71844358	1	3172	11349.3261	773	1
5_MACS_peak_10348_lociStitched	chr15	68390137	68408428	5	10831	11340.42	774	1
3_MACS_peak_10357_lociStitched	chr15	68492181	68503499	3	11017	11336.1088	775	1
1_MACS_peak_34098_lociStitched	chr9	139375821	139378986	1	3166	11328.4845	776	1
3_MACS_peak_13246_lociStitched	chr17	56406558	56416562	3	7628	11327.5292	777	1
9_MACS_peak_18433_lociStitched	chr2	182321126	182338991	9	12928	11326.41	778	1
1_MACS_peak_5790_lociStitched	chr11	95521615	95524946	1	3332	11323.4014	779	1
1_MACS_peak_682_lociStitched	chr1	37939101	37946146	1	7046	11311.452	780	1
1_MACS_peak_22920_lociStitched	chr3	122511673	122514712	1	3040	11295.963	781	1
2_MACS_peak_23755_lociStitched	chr3	183267403	183274307	2	6717	11294.2536	782	1
1_MACS_peak_16788_lociStitched	chr2	61695750	61699722	1	3973	11291.2044	783	1
1_MACS_peak_9981_lociStitched	chr15	50644588	50648946	1	4359	11289.399	784	1
2_MACS_peak_29810_lociStitched	chr7	26234040	26242817	2	6327	11288.9774	785	1
3_MACS_peak_7416_lociStitched	chr12	96790802	96802564	3	8446	11287.9914	786	1
2_MACS_peak_22481_lociStitched	chr3	96530682	96536789	2	6105	11286.9574	787	1
1_MACS_peak_17957_lociStitched	chr2	153572681	153576122	1	3442	11274.7806	788	1
2_MACS_peak_33697_lociStitched	chr9	117349285	117355959	2	6364	11274.3882	789	1
1_MACS_peak_8706_lociStitched	chr13	114829139	114835681	1	6543	11266.6324	790	1
5_MACS_peak_19370_lociStitched	chr20	5583686	5592297	5	6401	11257.1603	791	1
2_MACS_peak_2230_lociStitched	chr1	161122836	161130094	2	3821	11254.2548	792	1
3_MACS_peak_2046_lociStitched	chr1	155529392	155535557	3	5977	11253.591	793	1
2_MACS_peak_17618_lociStitched	chr2	114187978	114196907	2	6039	11251.4329	794	1
1_MACS_peak_3894_lociStitched	chr10	63657744	63665506	1	7763	11246.3618	795	1
2_MACS_peak_16010_lociStitched	chr2	16893123	16901753	2	6607	11240.575	796	1
4_MACS_peak_1740_lociStitched	chr1	145449280	145457863	4	7526	11239.4385	797	1
3_MACS_peak_7030_lociStitched	chr12	57076805	57083343	3	6379	11237.5144	798	1
1_MACS_peak_2648_lociStitched	chr1	186342619	186346371	1	3753	11236.8648	799	1
2_MACS_peak_2010_lociStitched	chr1	154828366	154836797	2	6343	11231.7782	800	1
1_MACS_peak_22362_lociStitched	chr3	69099410	69102844	1	3435	11224.7158	801	1
2_MACS_peak_24046_lociStitched	chr4	50487	60173	2	6311	11219.2938	802	1
4_MACS_peak_2189_lociStitched	chr1	160620966	160636490	4	9825	11212.9852	803	1
2_MACS_peak_30267_lociStitched	chr7	75985968	75994724	2	5300	11196.2972	804	1
2_MACS_peak_30986_lociStitched	chr7	138788017	138795508	2	7488	11194.5504	805	1
1_MACS_peak_8398_lociStitched	chr13	52024993	52028877	1	3885	11188.6388	806	1
1_MACS_peak_22550_lociStitched	chr3	100118117	100121891	1	3775	11184.6264	807	1
2_MACS_peak_25463_lociStitched	chr4	185451617	185460922	2	7604	11176.2355	808	1
10_MACS_peak_23258_lociStitched	chr3	142883016	142902513	10	10303	11162.0325	809	1
2_MACS_peak_10146_lociStitched	chr15	59977695	59982436	2	4615	11155.573	810	1
10_MACS_peak_21238_lociStitched	chr22	43506325	43526426	10	11988	11154.0449	811	1
1_MACS_peak_25425_lociStitched	chr4	185183895	185191934	1	8040	11151.7008	812	1
2_MACS_peak_12265_lociStitched	chr17	1617570	1622012	2	4307	11142.3128	813	1
3_MACS_peak_3982_lociStitched	chr10	70846732	70852366	3	5541	11132.784	814	1
1_MACS_peak_33820_lociStitched	chr9	127702062	127704935	1	2874	11125.9798	815	1
1_MACS_peak_18978_lociStitched	chr2	220405792	220409501	1	3710	11121.0656	816	1
2_MACS_peak_29797_lociStitched	chr7	25986345	25992102	2	5519	11113.3128	817	1
2_MACS_peak_27168_lociStitched	chr5	172191575	172200255	2	5779	11110.4	818	1
2_MACS_peak_15422_lociStitched	chr19	42771903	42776000	2	4077	11102.4603	819	1
3_MACS_peak_3161_lociStitched	chr1	226589076	226599823	3	5792	11100.5763	820	1
1_MACS_peak_2071_lociStitched	chr1	156073890	156077646	1	3757	11099.7312	821	1
1_MACS_peak_10024_lociStitched	chr15	52856831	52861944	1	5114	11091.1196	822	1
2_MACS_peak_30775_lociStitched	chr7	122829137	122835093	2	5812	11082.9248	823	1
2_MACS_peak_2200_lociStitched	chr1	160676120	160687789	2	9326	11082.0493	824	1
3_MACS_peak_10009_lociStitched	chr15	52670107	52676243	3	5281	11071.7984	825	1
1_MACS_peak_18656_lociStitched	chr2	196521128	196525332	1	4205	11065.7688	826	1
2_MACS_peak_8668_lociStitched	chr13	111364074	111368931	2	4825	11046.2751	827	1
2_MACS_peak_4042_lociStitched	chr10	74076526	74081633	2	4696	11031.6307	828	1
1_MACS_peak_2217_lociStitched	chr1	160764447	160771193	1	6747	11031.0592	829	1
5_MACS_peak_3575_lociStitched	chr10	22284138	22295113	5	7371	11025.485	830	1
2_MACS_peak_2151_lociStitched	chr1	158978479	158986138	2	7558	11025.1305	831	1
2_MACS_peak_9781_lociStitched	chr15	40856060	40862913	2	4378	11018.9387	832	1
4_MACS_peak_14282_lociStitched	chr18	60798521	60811006	4	7751	11001.782	833	1
1_MACS_peak_2177_lociStitched	chr1	160310200	160314312	1	4113	11000.8336	834	1
3_MACS_peak_7474_lociStitched	chr12	102869897	102878928	3	8690	10997.9518	835	1
1_MACS_peak_27172_lociStitched	chr5	172260164	172266021	1	5858	10997.6889	836	1
1_MACS_peak_27774_lociStitched	chr6	27803532	27807892	1	4361	10991.124	837	1
3_MACS_peak_3653_lociStitched	chr10	28820519	28827039	3	4975	10988.808	838	1
1_MACS_peak_18748_lociStitched	chr2	201752753	201755678	1	2926	10984.8375	839	1
6_MACS_peak_13566_lociStitched	chr17	74258551	74269020	6	8414	10968.3713	840	1
4_MACS_peak_14295_lociStitched	chr18	60871606	60885225	4	9531	10966.0188	841	1
1_MACS_peak_261_lociStitched	chr1	17229773	17232491	1	2719	10963.8684	842	1
3_MACS_peak_30379_lociStitched	chr7	90329899	90345126	3	9717	10960.3946	843	1
2_MACS_peak_34111_lociStitched	chr9	139775855	139782408	2	4643	10959.2372	844	1
1_MACS_peak_18705_lociStitched	chr2	198317078	198319658	1	2581	10947.714	845	1
3_MACS_peak_5349_lociStitched	chr11	65238076	65245840	3	4742	10942.5816	846	1
5_MACS_peak_17977_lociStitched	chr2	155997977	156009368	5	7972	10939.9164	847	1
3_MACS_peak_16105_lociStitched	chr2	24576884	24588658	3	5533	10936.8686	848	1
2_MACS_peak_22034_lociStitched	chr3	49054724	49060843	2	5763	10935.8768	849	1
3_MACS_peak_10483_lociStitched	chr15	75298533	75307380	3	8359	10934.892	850	1
1_MACS_peak_11584_lociStitched	chr16	30074790	30078556	1	3767	10934.581	851	1
2_MACS_peak_23844_lociStitched	chr3	186284138	186290090	2	4670	10918.944	852	1
1_MACS_peak_20858_lociStitched	chr22	29662723	29667768	1	5046	10911.8305	853	1
7_MACS_peak_20850_lociStitched	chr22	29204970	29221230	7	11541	10910.46	854	1
1_MACS_peak_23086_lociStitched	chr3	132377251	132380938	1	3688	10900.2468	855	1
3_MACS_peak_13652_lociStitched	chr17	76268163	76275936	3	5788	10897.746	856	1
3_MACS_peak_14556_lociStitched	chr19	3983449	3990423	3	6347	10896.875	857	1
6_MACS_peak_4126_lociStitched	chr10	81946594	81958301	6	8512	10893.3635	858	1
3_MACS_peak_3135_lociStitched	chr1	226309150	226316796	3	5167	10890.1978	859	1
4_MACS_peak_20115_lociStitched	chr20	61273397	61287182	4	9077	10883.2575	860	1
3_MACS_peak_1747_lociStitched	chr1	145498953	145508745	3	4859	10872.0576	861	1
7_MACS_peak_16620_lociStitched	chr2	53966656	53980614	7	8535	10849.5534	862	1
4_MACS_peak_32788_lociStitched	chr9	20434869	20446695	4	7778	10839.7116	863	1
5_MACS_peak_22686_lociStitched	chr3	112011918	112023489	5	8245	10833.9273	864	1
6_MACS_peak_30916_lociStitched	chr7	134670842	134682613	6	8337	10819.9032	865	1
3_MACS_peak_32674_lociStitched	chr9	5626185	5633568	3	7102	10816.095	866	1
5_MACS_peak_960_lociStitched	chr1	52413969	52430006	5	9485	10810.5417	867	1
3_MACS_peak_28797_lociStitched	chr6	108988100	108999854	3	10918	10793.6982	868	1
2_MACS_peak_11997_lociStitched	chr16	75680587	75687335	2	6617	10793.426	869	1
1_MACS_peak_21840_lociStitched	chr3	42053606	42057409	1	3804	10793.2943	870	1
2_MACS_peak_14327_lociStitched	chr18	72162615	72169244	2	6010	10784.7201	871	1
2_MACS_peak_8418_lociStitched	chr13	53022749	53030826	2	5608	10780.3719	872	1
3_MACS_peak_4473_lociStitched	chr10	112113299	112122225	3	5810	10776.3598	873	1
3_MACS_peak_33844_lociStitched	chr9	129566766	129571487	3	4431	10759.159	874	1
5_MACS_peak_31879_lociStitched	chr8	81073410	81084459	5	9867	10751.7819	875	1
3_MACS_peak_5445_lociStitched	chr11	66878706	66889677	3	7393	10751.58	876	1
1_MACS_peak_29359_lociStitched	chr6	157097807	157105669	1	7863	10747.354	877	1
5_MACS_peak_20307_lociStitched	chr21	34696366	34705754	5	8832	10745.5048	878	1
1_MACS_peak_19195_lociStitched	chr2	240320287	240324204	1	3918	10736.1053	879	1
2_MACS_peak_10450_lociStitched	chr15	74832424	74839681	2	6067	10732.3773	880	1
4_MACS_peak_10690_lociStitched	chr15	85289857	85296033	4	5374	10727.0944	881	1
5_MACS_peak_14767_lociStitched	chr19	11196093	11207663	5	6823	10723.076	882	1
2_MACS_peak_14401_lociStitched	chr19	1130819	1137170	2	4466	10721.7582	883	1
2_MACS_peak_11630_lociStitched	chr16	30667997	30672867	2	4774	10720.818	884	1
1_MACS_peak_17764_lociStitched	chr2	131861437	131864563	1	3127	10716.8658	885	1
2_MACS_peak_10423_lociStitched	chr15	73919515	73928967	2	7415	10711.9516	886	1
2_MACS_peak_496_lociStitched	chr1	27984788	27989910	2	4044	10711.6386	887	1
4_MACS_peak_22277_lociStitched	chr3	58019662	58028068	4	6292	10709.244	888	1
2_MACS_peak_12780_lociStitched	chr17	33694589	33702348	2	4297	10708.9718	889	1
3_MACS_peak_22161_lociStitched	chr3	52715272	52722783	3	5291	10703.175	890	1
2_MACS_peak_17328_lociStitched	chr2	96923748	96932777	2	6496	10691.2389	891	1
1_MACS_peak_18480_lociStitched	chr2	185461346	185467022	1	5677	10686.2052	892	1
1_MACS_peak_31801_lociStitched	chr8	71125399	71134069	1	8671	10677.972	893	1
2_MACS_peak_27770_lociStitched	chr6	27775026	27784042	2	7719	10676.7472	894	1
8_MACS_peak_30327_lociStitched	chr7	81500852	81522639	8	11480	10671.2726	895	1
2_MACS_peak_11717_lociStitched	chr16	50727175	50732963	2	5734	10666.7052	896	1
2_MACS_peak_7062_lociStitched	chr12	57911830	57917679	2	5653	10653.9535	897	1
1_MACS_peak_23758_lociStitched	chr3	183352573	183355715	1	3143	10652.3226	898	1
3_MACS_peak_5711_lociStitched	chr11	82866744	82874216	3	5571	10647.6	899	1
1_MACS_peak_32263_lociStitched	chr8	125484244	125489216	1	4973	10646.0464	900	1
1_MACS_peak_258_lociStitched	chr1	16992077	16994382	1	2306	10643.7985	901	1
2_MACS_peak_1922_lociStitched	chr1	153503296	153509846	2	6426	10634.58	902	1
2_MACS_peak_8131_lociStitched	chr13	31189352	31193396	2	4037	10624.3968	903	1
6_MACS_peak_6010_lociStitched	chr11	118266833	118281888	6	9099	10621.3025	904	1
2_MACS_peak_14818_lociStitched	chr19	12776777	12781249	2	4231	10617.4224	905	1
1_MACS_peak_11526_lociStitched	chr16	28833473	28837257	1	3785	10609.2008	906	1
1_MACS_peak_13694_lociStitched	chr17	77809970	77813911	1	3942	10604.0487	907	1
1_MACS_peak_16159_lociStitched	chr2	26567729	26571315	1	3587	10601.2918	908	1
4_MACS_peak_5506_lociStitched	chr11	68602593	68612028	4	7566	10599.279	909	1
1_MACS_peak_12388_lociStitched	chr17	7153029	7156648	1	3620	10597.5177	910	1
1_MACS_peak_22643_lociStitched	chr3	107937617	107942353	1	4737	10594.432	911	1
3_MACS_peak_24496_lociStitched	chr4	48191619	48206450	3	8946	10586.3678	912	1
2_MACS_peak_27191_lociStitched	chr5	173168281	173174444	2	6086	10585.5688	913	1
6_MACS_peak_1962_lociStitched	chr1	154146868	154156344	6	7270	10583.7444	914	1
6_MACS_peak_32213_lociStitched	chr8	120944670	120964506	6	9088	10562.67	915	1
1_MACS_peak_7379_lociStitched	chr12	94598194	94603422	1	5229	10560.0372	916	1
4_MACS_peak_21215_lociStitched	chr22	42465990	42477044	4	5242	10551.043	917	1
2_MACS_peak_28852_lociStitched	chr6	109700225	109705324	2	4965	10541.6726	918	1
2_MACS_peak_32610_lociStitched	chr9	1095549	1103904	2	7740	10540.668	919	1
3_MACS_peak_5330_lociStitched	chr11	64897578	64903660	3	6049	10538.8896	920	1
3_MACS_peak_12675_lociStitched	chr17	27271886	27280297	3	5285	10537.3008	921	1
2_MACS_peak_9995_lociStitched	chr15	52470724	52475921	2	3170	10533.2796	922	1
6_MACS_peak_12750_lociStitched	chr17	31154303	31166799	6	7997	10526.6304	923	1
3_MACS_peak_16027_lociStitched	chr2	18153457	18163879	3	7466	10525.1778	924	1
1_MACS_peak_19927_lociStitched	chr20	48531026	48534196	1	3171	10523.766	925	1
4_MACS_peak_3149_lociStitched	chr1	226410626	226423027	4	7633	10522.2485	926	1
8_MACS_peak_22870_lociStitched	chr3	121499138	121515424	8	8797	10519.1274	927	1
1_MACS_peak_25088_lociStitched	chr4	140096884	140100097	1	3214	10511.3295	928	1
4_MACS_peak_5451_lociStitched	chr11	67033858	67046781	4	9059	10507.6913	929	1
4_MACS_peak_23942_lociStitched	chr3	192628479	192636774	4	6478	10498.152	930	1
3_MACS_peak_33515_lociStitched	chr9	100744105	100752403	3	4941	10497.7998	931	1
1_MACS_peak_15365_lociStitched	chr19	41220173	41225522	1	5350	10496.8776	932	1
4_MACS_peak_34125_lociStitched	chr9	139979881	139985703	4	5532	10492.4084	933	1
1_MACS_peak_27834_lociStitched	chr6	30522972	30526177	1	3206	10492.2085	934	1
2_MACS_peak_28065_lociStitched	chr6	36560858	36565661	2	4529	10490.2323	935	1
1_MACS_peak_17728_lociStitched	chr2	128144153	128148055	1	3903	10485.4544	936	1
4_MACS_peak_4016_lociStitched	chr10	73524588	73533730	4	7829	10479.4746	937	1
4_MACS_peak_17034_lociStitched	chr2	70139268	70146143	4	5192	10474.0625	938	1
1_MACS_peak_259_lociStitched	chr1	17065974	17068532	1	2559	10464.0106	939	1
3_MACS_peak_27873_lociStitched	chr6	31319282	31326395	3	5458	10462.5117	940	1
2_MACS_peak_2283_lociStitched	chr1	162595922	162604255	2	6302	10459.5816	941	1
1_MACS_peak_16206_lociStitched	chr2	27650635	27653963	1	3329	10458.9056	942	1
3_MACS_peak_23496_lociStitched	chr3	169656007	169668097	3	7427	10456.641	943	1
1_MACS_peak_23121_lociStitched	chr3	134203316	134206760	1	3445	10455.984	944	1
3_MACS_peak_9892_lociStitched	chr15	44828101	44839047	3	5120	10450.1462	945	1
3_MACS_peak_24718_lociStitched	chr4	87855257	87862184	3	5944	10448.6868	946	1
1_MACS_peak_33049_lociStitched	chr9	37463813	37467148	1	3336	10448.555	947	1
2_MACS_peak_21884_lociStitched	chr3	43327518	43333029	2	5285	10447.7538	948	1
1_MACS_peak_5894_lociStitched	chr11	108091729	108097172	1	5444	10447.2942	949	1
4_MACS_peak_11219_lociStitched	chr16	11771719	11783603	4	10370	10438.9056	950	1
2_MACS_peak_15857_lociStitched	chr19	59083359	59087820	2	4366	10433.8329	951	1
5_MACS_peak_27867_lociStitched	chr6	31235451	31245459	5	5809	10433.34	952	1
2_MACS_peak_12297_lociStitched	chr17	3458707	3463119	2	4115	10432.6152	953	1
4_MACS_peak_22113_lociStitched	chr3	51421387	51429904	4	5879	10432.4733	954	1
3_MACS_peak_9732_lociStitched	chr15	40073959	40081303	3	6676	10431.4176	955	1
4_MACS_peak_16422_lociStitched	chr2	40340382	40354235	4	10008	10428.5384	956	1
1_MACS_peak_33646_lociStitched	chr9	114244339	114247535	1	3197	10415.764	957	1
2_MACS_peak_20485_lociStitched	chr21	44580726	44588087	2	7214	10411.3984	958	1
3_MACS_peak_20160_lociStitched	chr20	62579837	62589704	3	6959	10410.6717	959	1
4_MACS_peak_23012_lociStitched	chr3	128834984	128842756	4	5954	10410.594	960	1
1_MACS_peak_4443_lociStitched	chr10	105879121	105882636	1	3516	10408.9695	961	1
7_MACS_peak_18537_lociStitched	chr2	188847286	188860643	7	11381	10403.7673	962	1
1_MACS_peak_18383_lociStitched	chr2	179341901	179346254	1	4354	10401.9288	963	1
1_MACS_peak_26402_lociStitched	chr5	107715649	107719342	1	3694	10401.7038	964	1
2_MACS_peak_27267_lociStitched	chr5	176852260	176859527	2	7264	10377.276	965	1
1_MACS_peak_1882_lociStitched	chr1	151253289	151257279	1	3991	10373.202	966	1
2_MACS_peak_12855_lociStitched	chr17	37909608	37916268	2	5909	10368.288	967	1
2_MACS_peak_32707_lociStitched	chr9	6680033	6683738	2	3696	10361.0325	968	1
1_MACS_peak_22908_lociStitched	chr3	122133243	122136246	1	3004	10358.5482	969	1
5_MACS_peak_28514_lociStitched	chr6	79780038	79789386	5	6524	10358.5188	970	1
1_MACS_peak_5475_lociStitched	chr11	67271916	67276936	1	5021	10356.26	971	1
6_MACS_peak_2668_lociStitched	chr1	189119255	189134978	6	10861	10355.1678	972	1
3_MACS_peak_18206_lociStitched	chr2	171784764	171789610	3	4743	10354.4482	973	1
1_MACS_peak_32054_lociStitched	chr8	101730892	101735600	1	4709	10350.0672	974	1
1_MACS_peak_2385_lociStitched	chr1	170500252	170502742	1	2491	10340.97	975	1
2_MACS_peak_29178_lociStitched	chr6	139691206	139697764	2	5710	10339.3428	976	1
2_MACS_peak_22995_lociStitched	chr3	128365773	128370474	2	4519	10337.9691	977	1
4_MACS_peak_26886_lociStitched	chr5	142432056	142439296	4	6969	10332.928	978	1
2_MACS_peak_21283_lociStitched	chr22	46447825	46454946	2	4997	10328.2984	979	1
1_MACS_peak_27220_lociStitched	chr5	173696353	173701575	1	5223	10322.3274	980	1
6_MACS_peak_28304_lociStitched	chr6	52355582	52364662	6	7118	10321.236	981	1
4_MACS_peak_1730_lociStitched	chr1	145246316	145263792	4	10498	10319.578	982	1
3_MACS_peak_1863_lociStitched	chr1	150975491	150982026	3	5977	10316.151	983	1
1_MACS_peak_22333_lociStitched	chr3	63896515	63899739	1	3225	10307.128	984	1
4_MACS_peak_28082_lociStitched	chr6	36714798	36727124	4	8866	10294.6752	985	1
1_MACS_peak_9840_lociStitched	chr15	42564304	42568836	1	4533	10293.9848	986	1
6_MACS_peak_25259_lociStitched	chr4	153472691	153483560	6	9421	10284.2478	987	1
2_MACS_peak_200_lociStitched	chr1	11863554	11867917	2	3850	10284.0273	988	1
2_MACS_peak_23228_lociStitched	chr3	141205348	141212433	2	5755	10281.752	989	1
6_MACS_peak_15053_lociStitched	chr19	18625343	18633803	6	6780	10280.592	990	1
3_MACS_peak_19901_lociStitched	chr20	47537418	47543555	3	5729	10275.1791	991	1
5_MACS_peak_6135_lociStitched	chr11	128562416	128575520	5	9999	10266.984	992	1
1_MACS_peak_16689_lociStitched	chr2	55235299	55241404	1	6106	10266.7785	993	1
3_MACS_peak_17166_lociStitched	chr2	80751545	80759546	3	6139	10266.0831	994	1
5_MACS_peak_13119_lociStitched	chr17	46907712	46919848	5	5938	10265.8424	995	1
1_MACS_peak_16692_lociStitched	chr2	55274828	55279317	1	4490	10264.5474	996	1
1_MACS_peak_32643_lociStitched	chr9	4678382	4681615	1	3234	10258.6323	997	1
2_MACS_peak_6274_lociStitched	chr12	6640946	6647210	2	4904	10256.0472	998	1
3_MACS_peak_2867_lociStitched	chr1	204673029	204685079	3	8834	10255.755	999	1
3_MACS_peak_10077_lociStitched	chr15	57209403	57216648	3	5188	10237.9095	1000	1
1_MACS_peak_9106_lociStitched	chr14	69258604	69263804	1	5201	10236.72	1001	1
1_MACS_peak_26359_lociStitched	chr5	100233727	100241239	1	7513	10236.6024	1002	1
1_MACS_peak_18382_lociStitched	chr2	179314030	179317052	1	3023	10233.3986	1003	1
1_MACS_peak_5297_lociStitched	chr11	64051009	64053923	1	2915	10232.511	1004	1
3_MACS_peak_943_lociStitched	chr1	51977636	51985160	3	6662	10212.3252	1005	1
1_MACS_peak_28395_lociStitched	chr6	56702557	56709417	1	6861	10207.68	1006	1
1_MACS_peak_5252_lociStitched	chr11	62606235	62610607	1	4373	10195.0668	1007	1
2_MACS_peak_1474_lociStitched	chr1	111172862	111182382	2	9001	10188.304	1008	1
1_MACS_peak_3474_lociStitched	chr10	12083061	12086821	1	3761	10186.216	1009	1
1_MACS_peak_14739_lociStitched	chr19	10763234	10767447	1	4214	10186.1914	1010	1
1_MACS_peak_33431_lociStitched	chr9	96212431	96217614	1	5184	10181.4852	1011	1
1_MACS_peak_17241_lociStitched	chr2	86667374	86670727	1	3354	10172.3314	1012	1
1_MACS_peak_11473_lociStitched	chr16	24550161	24554540	1	4380	10168.4759	1013	1
2_MACS_peak_16077_lociStitched	chr2	20623488	20631069	2	6625	10166.121	1014	1
2_MACS_peak_16568_lociStitched	chr2	47534357	47541291	2	6869	10165.9374	1015	1
1_MACS_peak_3098_lociStitched	chr1	222816510	222819134	1	2625	10156.9792	1016	1
1_MACS_peak_908_lociStitched	chr1	46766939	46771426	1	4488	10154.9784	1017	1
1_MACS_peak_17896_lociStitched	chr2	149401388	149404455	1	3068	10152.9968	1018	1
2_MACS_peak_18933_lociStitched	chr2	219081001	219088354	2	6574	10142.7282	1019	1
2_MACS_peak_1483_lociStitched	chr1	111413251	111423633	2	7135	10138.023	1020	1
1_MACS_peak_10372_lociStitched	chr15	69109301	69114207	1	4907	10137.7584	1021	1
2_MACS_peak_2032_lociStitched	chr1	155157169	155165324	2	5164	10136.665	1022	1
1_MACS_peak_2646_lociStitched	chr1	185284470	185287952	1	3483	10122.174	1023	1
1_MACS_peak_4714_lociStitched	chr11	206087	209600	1	3514	10117.0887	1024	1
4_MACS_peak_11188_lociStitched	chr16	9184121	9189471	4	5034	10106.685	1025	1
3_MACS_peak_10163_lociStitched	chr15	60874681	60885439	3	9411	10104.9894	1026	1
