#JJN3_H3K27ac_peaks Enhancers
#Created from /data/projects/IRF4_mm_trn_data/myeloma_public_data/rose/JJN3_H3K27ac_ROSE/JJN3_H3K27ac_peaks_4KB_STITCHED_ENHANCER_REGION_MAP.txt
#Ranked by JJN3_jia.bam
#Using cutoff of 25157.466 for Super-Enhancers
#Created on Jul 16 2024 
REGION_ID	CHROM	START	STOP	NUM_LOCI	CONSTITUENT_SIZE	JJN3_jia.bam	enhancerRank	isStretch
13_MACS_peak_4600_lociStitched	chr12	18291428	18359821	13	53898	64309.9379	1	1
13_MACS_peak_22825_lociStitched	chr8	114394787	114450559	13	41136	33173.1856	2	1
1_MACS_peak_2138_lociStitched	chr1	228744028	228784496	1	40469	107871.5008	3	1
14_MACS_peak_2561_lociStitched	chr10	37435179	37478691	14	37303	34657.308	4	1
3_MACS_peak_6983_lociStitched	chr14	106022189	106057939	3	35652	343110.625	5	1
7_MACS_peak_16115_lociStitched	chr3	141079451	141130297	7	34951	124252.3702	6	1
6_MACS_peak_6997_lociStitched	chr14	106143301	106178475	6	33777	265057.1944	7	1
7_MACS_peak_19824_lociStitched	chr6	69342699	69378667	7	31761	35874.4832	8	1
5_MACS_peak_19054_lociStitched	chr6	290701	332484	5	31317	93903.1142	9	1
6_MACS_peak_9146_lociStitched	chr17	32688633	32720458	6	29896	59245.42	10	1
5_MACS_peak_4149_lociStitched	chr11	111229461	111264377	5	29877	128951.7712	11	1
8_MACS_peak_11621_lociStitched	chr19	54870739	54903180	8	28999	81894.0604	12	1
5_MACS_peak_1168_lociStitched	chr1	118170569	118209576	5	28640	72946.9907	13	1
2_MACS_peak_22967_lociStitched	chr8	129178808	129208686	2	28105	130737.1646	14	1
6_MACS_peak_18056_lociStitched	chr5	55436523	55472015	6	25861	52932.7688	15	1
2_MACS_peak_20075_lociStitched	chr6	106531126	106556312	2	25160	58018.4696	16	1
3_MACS_peak_6096_lociStitched	chr13	104491845	104520803	3	25042	24049.619	17	1
5_MACS_peak_4615_lociStitched	chr12	18394385	18424368	5	24721	27692.2988	18	1
2_MACS_peak_21293_lociStitched	chr7	81416232	81443005	2	24126	109889.7785	19	1
2_MACS_peak_7357_lociStitched	chr15	60859879	60885548	2	23624	54672.4031	20	1
3_MACS_peak_17122_lociStitched	chr4	90205541	90229943	3	23595	45629.2998	21	1
5_MACS_peak_1194_lociStitched	chr1	120657707	120688650	5	23001	53200.2999	22	1
6_MACS_peak_17140_lociStitched	chr4	96443397	96472167	6	22747	26583.48	23	1
4_MACS_peak_1412_lociStitched	chr1	154907115	154936323	4	22660	176311.1712	24	1
7_MACS_peak_6576_lociStitched	chr14	68772281	68811198	7	22591	30911.7731	25	1
3_MACS_peak_6697_lociStitched	chr14	77487685	77510926	3	21845	87086.3511	26	1
5_MACS_peak_16148_lociStitched	chr3	143539049	143571028	5	21806	39561.2209	27	1
2_MACS_peak_19137_lociStitched	chr6	7895372	7918981	2	21764	62169.5797	28	1
5_MACS_peak_12531_lociStitched	chr2	99075444	99106220	5	21509	31733.1336	29	1
7_MACS_peak_21942_lociStitched	chr8	9754362	9777360	7	21240	25679.5668	30	1
1_MACS_peak_2458_lociStitched	chr10	22595462	22616287	1	20826	68493.425	31	1
3_MACS_peak_20774_lociStitched	chr7	19135610	19157873	3	20618	42684.8499	32	1
2_MACS_peak_23101_lociStitched	chr8	144593636	144614913	2	20409	223131.899	33	1
3_MACS_peak_7781_lociStitched	chr15	101782368	101807594	3	20363	66811.061	34	1
5_MACS_peak_15714_lociStitched	chr3	76805489	76827567	5	20317	16302.3952	35	1
4_MACS_peak_21273_lociStitched	chr7	78102900	78128350	4	20178	33031.555	36	1
6_MACS_peak_20895_lociStitched	chr7	29694677	29726554	6	20082	58290.2822	37	1
1_MACS_peak_14064_lociStitched	chr20	52194841	52214759	1	19919	83697.4278	38	1
3_MACS_peak_1234_lociStitched	chr1	145137897	145161658	3	19829	83947.613	39	1
2_MACS_peak_19787_lociStitched	chr6	55733259	55754542	2	19640	25933.3355	40	1
2_MACS_peak_1836_lociStitched	chr1	198887904	198907559	2	19516	25408.0185	41	1
4_MACS_peak_20970_lociStitched	chr7	38383845	38408334	4	19391	41183.1513	42	1
4_MACS_peak_11300_lociStitched	chr19	42035752	42062791	4	19339	45593.1618	43	1
4_MACS_peak_19743_lociStitched	chr6	52147244	52173427	4	19195	56055.1847	44	1
1_MACS_peak_1477_lociStitched	chr1	156457112	156476240	1	19129	92583.3456	45	1
3_MACS_peak_3672_lociStitched	chr11	62306422	62328528	3	18908	83140.666	46	1
3_MACS_peak_12789_lociStitched	chr2	142874341	142897517	3	18904	27264.2464	47	1
3_MACS_peak_1297_lociStitched	chr1	149801359	149826381	3	18865	145890.771	48	1
6_MACS_peak_7972_lociStitched	chr16	10905778	10939078	6	18819	32001.3	49	1
4_MACS_peak_9512_lociStitched	chr17	56401514	56424263	4	18679	98237.0067	50	1
1_MACS_peak_21292_lociStitched	chr7	81392242	81410909	1	18668	68832.6958	51	1
3_MACS_peak_318_lociStitched	chr1	25344473	25364543	3	18565	78686.442	52	1
7_MACS_peak_9473_lociStitched	chr17	51190524	51221045	7	18445	14592.0901	53	1
2_MACS_peak_17861_lociStitched	chr5	26872781	26891204	2	18318	42323.1579	54	1
3_MACS_peak_19337_lociStitched	chr6	27093850	27115926	3	18051	57980.4064	55	1
7_MACS_peak_9689_lociStitched	chr17	72732675	72757325	7	17915	29069.745	56	1
1_MACS_peak_658_lociStitched	chr1	51432071	51449937	1	17867	100246.126	57	1
6_MACS_peak_4339_lociStitched	chr11	128584454	128605280	6	17812	37969.9632	58	1
4_MACS_peak_13316_lociStitched	chr2	219741437	219763257	4	17592	47353.764	59	1
3_MACS_peak_18021_lociStitched	chr5	53813008	53830774	3	17399	38371.0068	60	1
7_MACS_peak_10851_lociStitched	chr19	12885748	12918278	7	17397	96165.186	61	1
2_MACS_peak_1324_lociStitched	chr1	150532274	150553388	2	17345	167060.3022	62	1
4_MACS_peak_19472_lociStitched	chr6	31781285	31805776	4	17293	85696.4581	63	1
1_MACS_peak_14996_lociStitched	chr22	46460733	46477855	1	17123	53090.1854	64	1
1_MACS_peak_12469_lociStitched	chr2	89130710	89147830	1	17121	31288.512	65	1
1_MACS_peak_19784_lociStitched	chr6	55529216	55546273	1	17058	33963.8984	66	1
6_MACS_peak_14086_lociStitched	chr20	52530608	52559420	6	16884	25005.9348	67	1
2_MACS_peak_2613_lociStitched	chr10	45453922	45475116	2	16775	54858.5496	68	1
3_MACS_peak_23766_lociStitched	chr9	112904471	112921587	3	16522	25478.8776	69	1
4_MACS_peak_2181_lociStitched	chr1	233790525	233812904	4	16462	32715.8601	70	1
6_MACS_peak_14460_lociStitched	chr21	45552550	45580344	6	16347	34178.2818	71	1
4_MACS_peak_19152_lociStitched	chr6	9308074	9325070	4	16200	14523.082	72	1
3_MACS_peak_8181_lociStitched	chr16	29815276	29833825	3	16042	135463.347	73	1
1_MACS_peak_14841_lociStitched	chr22	38782166	38798124	1	15959	48574.5562	74	1
1_MACS_peak_6102_lociStitched	chr13	104782836	104798725	1	15890	20134.5408	75	1
4_MACS_peak_1598_lociStitched	chr1	167506931	167526575	4	15872	41348.6556	76	1
3_MACS_peak_10013_lociStitched	chr18	9054804	9074841	3	15719	61579.7121	77	1
1_MACS_peak_22971_lociStitched	chr8	129275108	129290822	1	15715	99347.0508	78	1
2_MACS_peak_21296_lociStitched	chr7	81504341	81520166	2	15684	52276.305	79	1
2_MACS_peak_1459_lociStitched	chr1	156083075	156100602	2	15678	43770.1771	80	1
4_MACS_peak_18040_lociStitched	chr5	55272205	55292664	4	15631	50863.1199	81	1
1_MACS_peak_3766_lociStitched	chr11	65183245	65198775	1	15531	166751.822	82	1
2_MACS_peak_2194_lociStitched	chr1	234733613	234750154	2	15529	92798.3182	83	1
4_MACS_peak_21110_lociStitched	chr7	55623077	55642753	4	15517	56357.9668	84	1
3_MACS_peak_1935_lociStitched	chr1	206728300	206749925	3	15449	51270.7125	85	1
6_MACS_peak_22043_lociStitched	chr8	18585020	18614532	6	15395	27918.352	86	1
4_MACS_peak_7067_lociStitched	chr15	31635553	31660698	4	15384	26726.6205	87	1
2_MACS_peak_10264_lociStitched	chr18	46447936	46463243	2	15293	57369.1053	88	1
6_MACS_peak_3715_lociStitched	chr11	63992693	64020370	6	15245	53236.7095	89	1
5_MACS_peak_6211_lociStitched	chr14	23018169	23039465	5	15192	29007.2816	90	1
1_MACS_peak_17897_lociStitched	chr5	32529368	32544452	1	15085	44800.9884	91	1
4_MACS_peak_11665_lociStitched	chr19	56145570	56170491	4	14957	63022.7169	92	1
3_MACS_peak_15635_lociStitched	chr3	69128056	69145936	3	14899	57192.756	93	1
1_MACS_peak_13175_lociStitched	chr2	201980137	201994974	1	14838	70848.1587	94	1
6_MACS_peak_20346_lociStitched	chr6	138246668	138271254	6	14737	24406.5222	95	1
2_MACS_peak_19159_lociStitched	chr6	9387545	9405564	2	14731	25251.8266	96	1
9_MACS_peak_22007_lociStitched	chr8	13346420	13366000	9	14726	10359.778	97	1
3_MACS_peak_9258_lociStitched	chr17	38462649	38484039	3	14726	38705.205	98	1
1_MACS_peak_17968_lociStitched	chr5	40675806	40690481	1	14676	84648.335	99	1
2_MACS_peak_19945_lociStitched	chr6	88624817	88640517	2	14609	31415.7	100	1
4_MACS_peak_19303_lociStitched	chr6	26183863	26207825	4	14570	54060.6682	101	1
1_MACS_peak_4534_lociStitched	chr12	12866167	12880672	1	14506	99466.587	102	1
2_MACS_peak_1181_lociStitched	chr1	119501084	119515532	2	14434	24161.3904	103	1
2_MACS_peak_13487_lociStitched	chr2	238599477	238614359	2	14360	33137.7494	104	1
2_MACS_peak_22413_lociStitched	chr8	65480261	65498233	2	14303	109039.7184	105	1
5_MACS_peak_3771_lociStitched	chr11	65253917	65278565	5	14271	63485.8536	106	1
4_MACS_peak_12238_lociStitched	chr2	64862792	64882346	4	13963	29690.7936	107	1
2_MACS_peak_16204_lociStitched	chr3	151983997	152000151	2	13937	37690.5128	108	1
2_MACS_peak_10019_lociStitched	chr18	9132934	9148505	2	13846	66128.4799	109	1
4_MACS_peak_16249_lociStitched	chr3	156798823	156824161	4	13802	50412.4848	110	1
5_MACS_peak_23843_lociStitched	chr9	123682542	123700075	5	13796	29271.3435	111	1
5_MACS_peak_2367_lociStitched	chr10	7511075	7535467	5	13777	21382.0272	112	1
3_MACS_peak_284_lociStitched	chr1	23848736	23866625	3	13774	69318.0861	113	1
4_MACS_peak_20249_lociStitched	chr6	128214006	128230018	4	13765	12897.666	114	1
1_MACS_peak_4492_lociStitched	chr12	9873478	9887185	1	13708	30030.6663	115	1
2_MACS_peak_11245_lociStitched	chr19	39888070	39904594	2	13591	78606.3204	116	1
4_MACS_peak_6846_lociStitched	chr14	95969291	95987222	4	13541	36462.6885	117	1
3_MACS_peak_1714_lociStitched	chr1	182580408	182596288	3	13540	42648.916	118	1
2_MACS_peak_14642_lociStitched	chr22	24819569	24833082	2	13461	52753.4007	119	1
3_MACS_peak_24037_lociStitched	chr9	134601531	134615724	3	13420	37343.2023	120	1
6_MACS_peak_176_lociStitched	chr1	12202770	12228946	6	13331	32764.4992	121	1
2_MACS_peak_22972_lociStitched	chr8	129323467	129336798	2	13324	20172.4692	122	1
2_MACS_peak_16348_lociStitched	chr3	171811753	171826948	2	13289	18727.8375	123	1
3_MACS_peak_4155_lociStitched	chr11	111305497	111322269	3	13269	40752.6056	124	1
1_MACS_peak_1167_lociStitched	chr1	118147646	118160866	1	13221	33847.166	125	1
3_MACS_peak_24345_lociStitched	chrX	39953219	39969577	3	13190	40517.1302	126	1
4_MACS_peak_18044_lociStitched	chr5	55307122	55326736	4	13172	25068.6534	127	1
1_MACS_peak_1231_lociStitched	chr1	144925886	144939055	1	13170	32562.9863	128	1
7_MACS_peak_8391_lociStitched	chr16	67192460	67218878	7	13168	31284.1956	129	1
2_MACS_peak_20712_lociStitched	chr7	7998334	8015422	2	13166	67526.6496	130	1
3_MACS_peak_3918_lociStitched	chr11	72850283	72869793	3	13149	47182.984	131	1
4_MACS_peak_9671_lociStitched	chr17	70581453	70601457	4	13137	31456.29	132	1
4_MACS_peak_3734_lociStitched	chr11	64617941	64638019	4	13093	39517.5196	133	1
1_MACS_peak_9416_lociStitched	chr17	46123559	46136608	1	13050	71953.4909	134	1
7_MACS_peak_5919_lociStitched	chr13	66215503	66229602	7	13039	7644.4778	135	1
2_MACS_peak_9360_lociStitched	chr17	43297451	43314321	2	12894	114103.619	136	1
1_MACS_peak_358_lociStitched	chr1	27018386	27031277	1	12892	87741.3024	137	1
3_MACS_peak_10396_lociStitched	chr18	60381625	60398484	3	12890	22967.0157	138	1
3_MACS_peak_19708_lociStitched	chr6	45382549	45400046	3	12880	57565.13	139	1
4_MACS_peak_331_lociStitched	chr1	25869623	25889760	4	12880	30030.3081	140	1
2_MACS_peak_18943_lociStitched	chr5	173310262	173323259	2	12872	28056.6239	141	1
2_MACS_peak_10371_lociStitched	chr18	56315232	56328606	2	12852	31547.9286	142	1
4_MACS_peak_6732_lociStitched	chr14	81930803	81953369	4	12846	18783.9384	143	1
1_MACS_peak_16202_lociStitched	chr3	151910885	151923722	1	12838	31157.9664	144	1
4_MACS_peak_19002_lociStitched	chr5	177657181	177674644	4	12816	62098.428	145	1
3_MACS_peak_7484_lociStitched	chr15	75067321	75083408	3	12795	35378.5304	146	1
7_MACS_peak_17032_lociStitched	chr4	79545362	79567490	7	12729	12743.5152	147	1
2_MACS_peak_15081_lociStitched	chr3	5017727	5031612	2	12718	69344.467	148	1
2_MACS_peak_4253_lociStitched	chr11	120203552	120216405	2	12703	31127.3954	149	1
2_MACS_peak_23017_lociStitched	chr8	134695725	134709241	2	12681	47261.3972	150	1
1_MACS_peak_5308_lociStitched	chr12	108953371	108966027	1	12657	31789.3408	151	1
2_MACS_peak_4801_lociStitched	chr12	48200773	48215064	2	12639	44326.3947	152	1
3_MACS_peak_16500_lociStitched	chr3	190651606	190665078	3	12590	13497.5968	153	1
3_MACS_peak_14629_lociStitched	chr22	24177466	24192301	3	12560	31975.359	154	1
4_MACS_peak_6572_lociStitched	chr14	68741465	68763444	4	12550	18403.0167	155	1
2_MACS_peak_16390_lociStitched	chr3	178422292	178435639	2	12549	31211.9595	156	1
3_MACS_peak_23146_lociStitched	chr8	145686379	145705439	3	12542	59897.956	157	1
1_MACS_peak_13652_lociStitched	chr20	9487396	9499900	1	12505	27428.7744	158	1
2_MACS_peak_22685_lociStitched	chr8	97620278	97635954	2	12501	41784.378	159	1
1_MACS_peak_20667_lociStitched	chr7	5458337	5470760	1	12424	203901.1836	160	1
3_MACS_peak_23003_lociStitched	chr8	134155214	134171708	3	12401	24147.216	161	1
1_MACS_peak_12071_lociStitched	chr2	43444614	43456957	1	12344	57270.2857	162	1
3_MACS_peak_12564_lociStitched	chr2	107112856	107132376	3	12330	23139.008	163	1
1_MACS_peak_4154_lociStitched	chr11	111282553	111294867	1	12315	53719.825	164	1
4_MACS_peak_24243_lociStitched	chrX	13670516	13688711	4	12232	16248.135	165	1
1_MACS_peak_19060_lociStitched	chr6	388893	401112	1	12220	44364.7452	166	1
3_MACS_peak_19759_lociStitched	chr6	52410437	52424601	3	12217	20969.802	167	1
2_MACS_peak_6596_lociStitched	chr14	69279675	69292113	2	12214	54066.7422	168	1
6_MACS_peak_14505_lociStitched	chr22	17081544	17103543	6	12187	15676.4874	169	1
1_MACS_peak_6100_lociStitched	chr13	104653529	104665713	1	12185	16477.6416	170	1
4_MACS_peak_20853_lociStitched	chr7	25891042	25907231	4	12103	26161.424	171	1
3_MACS_peak_11461_lociStitched	chr19	48823108	48837911	3	12094	49709.9543	172	1
2_MACS_peak_17645_lociStitched	chr5	390518	403758	2	12079	32338.7	173	1
2_MACS_peak_15154_lociStitched	chr3	13049205	13062388	2	12076	64735.1215	174	1
6_MACS_peak_20034_lociStitched	chr6	103180454	103195305	6	12016	9540.2824	175	1
1_MACS_peak_5285_lociStitched	chr12	106528004	106539998	1	11995	40792.7934	176	1
4_MACS_peak_19532_lociStitched	chr6	33376948	33396665	4	11995	36835.2994	177	1
4_MACS_peak_10570_lociStitched	chr19	1847341	1865493	4	11973	66592.4272	178	1
3_MACS_peak_22932_lociStitched	chr8	126291919	126308087	3	11952	16410.52	179	1
1_MACS_peak_20835_lociStitched	chr7	23504851	23516768	1	11918	76721.646	180	1
3_MACS_peak_19030_lociStitched	chr5	180228469	180244601	3	11842	52112.8128	181	1
3_MACS_peak_10319_lociStitched	chr18	52931365	52949365	3	11816	30092.4	182	1
2_MACS_peak_13880_lociStitched	chr20	34677443	34690621	2	11813	28286.577	183	1
3_MACS_peak_16491_lociStitched	chr3	189425615	189437794	3	11809	24516.327	184	1
4_MACS_peak_18930_lociStitched	chr5	173160654	173178231	4	11783	33144.9489	185	1
1_MACS_peak_7763_lociStitched	chr15	100867795	100879555	1	11761	24203.256	186	1
2_MACS_peak_18286_lociStitched	chr5	88175103	88186883	2	11759	21375.988	187	1
2_MACS_peak_22423_lociStitched	chr8	66741613	66755668	2	11753	39791.1105	188	1
2_MACS_peak_7151_lociStitched	chr15	40389122	40402053	2	11748	32301.638	189	1
3_MACS_peak_20109_lociStitched	chr6	108909565	108921545	3	11722	18265.906	190	1
4_MACS_peak_9784_lociStitched	chr17	75432958	75448932	4	11715	25569.5818	191	1
5_MACS_peak_17586_lociStitched	chr4	185367162	185383306	5	11699	15955.1152	192	1
2_MACS_peak_14008_lociStitched	chr20	45978446	45990176	2	11666	64480.983	193	1
4_MACS_peak_2176_lociStitched	chr1	233748314	233765893	4	11640	31121.8616	194	1
4_MACS_peak_441_lociStitched	chr1	33445292	33459983	4	11614	18341.7135	195	1
3_MACS_peak_17444_lociStitched	chr4	157863978	157875742	3	11613	8834.764	196	1
2_MACS_peak_2459_lociStitched	chr10	22621555	22634106	2	11575	48947.6449	197	1
2_MACS_peak_18462_lociStitched	chr5	118663598	118678685	2	11563	20361.4152	198	1
4_MACS_peak_5744_lociStitched	chr13	38345844	38363258	4	11556	11453.1878	199	1
3_MACS_peak_19360_lociStitched	chr6	27790844	27808479	3	11547	43544.342	200	1
2_MACS_peak_13183_lociStitched	chr2	202116591	202128698	2	11524	23780.5694	201	1
3_MACS_peak_1888_lociStitched	chr1	203266507	203281502	3	11500	59384.6985	202	1
2_MACS_peak_1547_lociStitched	chr1	161409261	161421711	2	11465	16995.495	203	1
4_MACS_peak_10783_lociStitched	chr19	10521788	10536085	4	11456	24016.1006	204	1
2_MACS_peak_17239_lociStitched	chr4	113200100	113212612	2	11430	30312.8224	205	1
3_MACS_peak_7063_lociStitched	chr15	31545446	31560852	3	11422	50628.7378	206	1
1_MACS_peak_18724_lociStitched	chr5	142774610	142786022	1	11413	37880.9928	207	1
6_MACS_peak_4990_lociStitched	chr12	58224924	58241105	6	11406	29381.4598	208	1
1_MACS_peak_10408_lociStitched	chr18	60820802	60832202	1	11401	108618.06	209	1
3_MACS_peak_11749_lociStitched	chr2	1369933	1383901	3	11401	27565.848	210	1
3_MACS_peak_7978_lociStitched	chr16	10962255	10976637	3	11386	38277.693	211	1
2_MACS_peak_13094_lociStitched	chr2	191875534	191886920	2	11375	38748.8352	212	1
2_MACS_peak_15767_lociStitched	chr3	89152817	89164196	2	11370	11771.5755	213	1
3_MACS_peak_11368_lociStitched	chr19	45244732	45260187	3	11349	49102.0805	214	1
2_MACS_peak_15669_lociStitched	chr3	72026232	72038104	2	11345	34337.3856	215	1
2_MACS_peak_15554_lociStitched	chr3	56804691	56820164	2	11337	24651.5836	216	1
1_MACS_peak_17191_lociStitched	chr4	105406483	105417786	1	11304	30259.2613	217	1
5_MACS_peak_18934_lociStitched	chr5	173209068	173223242	5	11289	23307.7256	218	1
6_MACS_peak_1793_lociStitched	chr1	192561014	192579382	6	11254	9979.3344	219	1
4_MACS_peak_13962_lociStitched	chr20	43270045	43282033	4	11227	19129.2516	220	1
4_MACS_peak_4464_lociStitched	chr12	7061279	7081028	4	11211	29980.9569	221	1
4_MACS_peak_554_lociStitched	chr1	42126820	42140386	4	11204	16920.8718	222	1
3_MACS_peak_8104_lociStitched	chr16	22199424	22212209	3	11195	24245.474	223	1
2_MACS_peak_2111_lociStitched	chr1	226839055	226852520	2	11151	29516.6265	224	1
4_MACS_peak_13744_lociStitched	chr20	23329629	23347691	4	11098	43191.6606	225	1
3_MACS_peak_11843_lociStitched	chr2	11883864	11895203	3	11096	41176.4446	226	1
3_MACS_peak_13471_lociStitched	chr2	235390722	235406541	3	11088	14499.6954	227	1
4_MACS_peak_14270_lociStitched	chr21	19147771	19166767	4	11083	15346.8684	228	1
3_MACS_peak_12557_lociStitched	chr2	106405869	106421721	3	11075	22956.8664	229	1
2_MACS_peak_1408_lociStitched	chr1	154828750	154844295	2	11064	39297.76	230	1
3_MACS_peak_15086_lociStitched	chr3	5222882	5241053	3	11057	29386.1412	231	1
3_MACS_peak_19164_lociStitched	chr6	10398194	10415480	3	11025	42347.2428	232	1
2_MACS_peak_1483_lociStitched	chr1	156709721	156723183	2	11019	69626.8102	233	1
3_MACS_peak_7706_lociStitched	chr15	93346691	93364522	3	10991	40139.3641	234	1
2_MACS_peak_12001_lociStitched	chr2	33712512	33724560	2	10850	14808.1968	235	1
4_MACS_peak_544_lociStitched	chr1	41818658	41838998	4	10847	18147.348	236	1
2_MACS_peak_18975_lociStitched	chr5	176726292	176740610	2	10807	39075.2538	237	1
3_MACS_peak_13739_lociStitched	chr20	22212343	22224563	3	10790	15314.104	238	1
2_MACS_peak_17889_lociStitched	chr5	32205882	32219678	2	10769	48054.2272	239	1
3_MACS_peak_12508_lociStitched	chr2	97190571	97205447	3	10760	42343.0464	240	1
3_MACS_peak_24191_lociStitched	chrX	7025927	7039927	3	10753	11862.2	241	1
8_MACS_peak_17532_lociStitched	chr4	177691810	177714490	8	10721	10682.28	242	1
1_MACS_peak_19958_lociStitched	chr6	90059185	90069901	1	10717	31922.964	243	1
1_MACS_peak_17965_lociStitched	chr5	40483132	40493813	1	10682	39531.4491	244	1
1_MACS_peak_20343_lociStitched	chr6	138186088	138196760	1	10673	43272.8256	245	1
4_MACS_peak_9164_lociStitched	chr17	33401173	33417357	4	10661	27184.2648	246	1
2_MACS_peak_8030_lociStitched	chr16	14394757	14405460	2	10651	21059.2228	247	1
4_MACS_peak_24879_lociStitched	chrX	153595395	153608997	4	10625	36016.7358	248	1
1_MACS_peak_18761_lociStitched	chr5	148205066	148215688	1	10623	16046.6554	249	1
3_MACS_peak_16243_lociStitched	chr3	156530316	156546351	3	10604	59135.4765	250	1
1_MACS_peak_23309_lociStitched	chr9	21986290	21996889	1	10600	26980.8144	251	1
4_MACS_peak_12412_lociStitched	chr2	86079388	86094028	4	10598	14945.976	252	1
4_MACS_peak_4303_lociStitched	chr11	126056035	126068977	4	10586	31313.169	253	1
3_MACS_peak_5474_lociStitched	chr12	122227796	122244793	3	10584	71027.0636	254	1
3_MACS_peak_13532_lociStitched	chr2	241496313	241509740	3	10579	39562.6555	255	1
2_MACS_peak_1549_lociStitched	chr1	161430337	161442669	2	10575	13610.8284	256	1
4_MACS_peak_3796_lociStitched	chr11	65654967	65670347	4	10534	28985.148	257	1
2_MACS_peak_16053_lociStitched	chr3	130567009	130577539	2	10531	23649.327	258	1
2_MACS_peak_14190_lociStitched	chr20	62358677	62373011	2	10514	36669.2388	259	1
3_MACS_peak_19293_lociStitched	chr6	26020465	26034887	3	10484	31576.969	260	1
2_MACS_peak_17686_lociStitched	chr5	2694492	2705656	2	10473	26489.9392	261	1
2_MACS_peak_14068_lociStitched	chr20	52267509	52278755	2	10467	35013.2964	262	1
4_MACS_peak_10547_lociStitched	chr19	1258277	1277340	4	10460	48627.8067	263	1
3_MACS_peak_20808_lociStitched	chr7	22474341	22489022	3	10447	28419.4798	264	1
3_MACS_peak_8471_lociStitched	chr16	70461005	70474048	3	10411	34917.4153	265	1
2_MACS_peak_24725_lociStitched	chrX	119434827	119445327	2	10409	19250.7	266	1
4_MACS_peak_23120_lociStitched	chr8	145010061	145028521	4	10406	33028.632	267	1
4_MACS_peak_4580_lociStitched	chr12	16751578	16765859	4	10397	10202.3464	268	1
5_MACS_peak_9584_lociStitched	chr17	62151044	62162682	5	10396	18639.4208	269	1
1_MACS_peak_10949_lociStitched	chr19	16474754	16485143	1	10390	28680.9123	270	1
2_MACS_peak_315_lociStitched	chr1	25247182	25259519	2	10377	58808.0116	271	1
1_MACS_peak_4972_lociStitched	chr12	57846441	57856811	1	10371	32268.329	272	1
2_MACS_peak_8873_lociStitched	chr17	7737019	7748869	2	10357	49256.895	273	1
2_MACS_peak_6594_lociStitched	chr14	69252476	69264250	2	10340	56645.8914	274	1
1_MACS_peak_20860_lociStitched	chr7	26001004	26011342	1	10339	81180.1788	275	1
2_MACS_peak_8814_lociStitched	chr17	4841910	4855178	2	10339	72570.6528	276	1
2_MACS_peak_19466_lociStitched	chr6	31696469	31709707	2	10337	80878.8848	277	1
1_MACS_peak_3653_lociStitched	chr11	61593919	61604234	1	10316	50324.822	278	1
5_MACS_peak_12122_lociStitched	chr2	47729918	47749898	5	10309	20409.57	279	1
1_MACS_peak_5311_lociStitched	chr12	109021166	109031464	1	10299	37094.4258	280	1
2_MACS_peak_8073_lociStitched	chr16	17552902	17565398	2	10296	26562.7472	281	1
4_MACS_peak_10218_lociStitched	chr18	42301019	42313714	4	10291	12218.9375	282	1
2_MACS_peak_21208_lociStitched	chr7	74062898	74077461	2	10284	58993.2567	283	1
2_MACS_peak_10488_lociStitched	chr18	74195873	74207293	2	10276	14386.916	284	1
1_MACS_peak_23014_lociStitched	chr8	134577012	134587272	1	10261	91109.826	285	1
3_MACS_peak_18352_lociStitched	chr5	95258394	95269008	3	10242	15803.1846	286	1
2_MACS_peak_22773_lociStitched	chr8	103816742	103827347	2	10237	58169.4855	287	1
4_MACS_peak_9207_lociStitched	chr17	36570615	36586192	4	10233	38109.1305	288	1
1_MACS_peak_20784_lociStitched	chr7	20253183	20263411	1	10229	49410.4452	289	1
4_MACS_peak_15678_lociStitched	chr3	72303128	72320273	4	10224	19322.415	290	1
1_MACS_peak_4426_lociStitched	chr12	4376917	4387135	1	10219	41164.2348	291	1
3_MACS_peak_10891_lociStitched	chr19	13948880	13961855	3	10218	68750.6325	292	1
1_MACS_peak_5248_lociStitched	chr12	102870256	102880467	1	10212	21372.6441	293	1
3_MACS_peak_4666_lociStitched	chr12	26265779	26280681	3	10208	35407.152	294	1
2_MACS_peak_22628_lociStitched	chr8	93102158	93116221	2	10204	16043.0704	295	1
3_MACS_peak_15592_lociStitched	chr3	61545704	61562504	3	10186	30596.16	296	1
4_MACS_peak_22803_lociStitched	chr8	107669022	107682658	4	10173	22555.3076	297	1
3_MACS_peak_9540_lociStitched	chr17	57914295	57926958	3	10161	17753.526	298	1
1_MACS_peak_1891_lociStitched	chr1	203288071	203298225	1	10155	83387.6942	299	1
1_MACS_peak_22663_lociStitched	chr8	95953001	95963126	1	10126	28977.75	300	1
4_MACS_peak_9755_lociStitched	chr17	74486399	74503015	4	10119	25769.7544	301	1
2_MACS_peak_13381_lociStitched	chr2	227654827	227666685	2	10112	26411.3234	302	1
2_MACS_peak_10956_lociStitched	chr19	16694069	16706754	2	10112	51417.379	303	1
4_MACS_peak_8890_lociStitched	chr17	8088781	8104155	4	10092	21705.0132	304	1
3_MACS_peak_18799_lociStitched	chr5	151124539	151139044	3	10080	23350.149	305	1
2_MACS_peak_16241_lociStitched	chr3	156391335	156404067	2	10078	23559.2928	306	1
1_MACS_peak_903_lociStitched	chr1	87792961	87803037	1	10077	34769.2532	307	1
7_MACS_peak_5121_lociStitched	chr12	87324677	87336594	7	10072	5832.1798	308	1
1_MACS_peak_21081_lociStitched	chr7	50343101	50353153	1	10053	24836.4816	309	1
2_MACS_peak_21171_lociStitched	chr7	71865303	71878166	2	10049	40118.4107	310	1
2_MACS_peak_3670_lociStitched	chr11	62223509	62233682	2	10045	35545.4793	311	1
1_MACS_peak_9310_lociStitched	chr17	40825775	40835810	1	10036	39649.2885	312	1
8_MACS_peak_16918_lociStitched	chr4	66388850	66407740	8	10029	6957.187	313	1
3_MACS_peak_11936_lociStitched	chr2	26979752	26996302	3	10025	22122.385	314	1
3_MACS_peak_24429_lociStitched	chrX	48768143	48778577	3	9996	18561.0426	315	1
4_MACS_peak_14441_lociStitched	chr21	44724831	44735763	4	9993	26592.09	316	1
2_MACS_peak_16281_lociStitched	chr3	160471898	160484558	2	9971	23786.874	317	1
2_MACS_peak_20858_lociStitched	chr7	25979491	25992614	2	9960	77282.6593	318	1
3_MACS_peak_20824_lociStitched	chr7	23040054	23054733	3	9944	17125.9893	319	1
1_MACS_peak_22123_lociStitched	chr8	26428101	26438038	1	9938	48582.9867	320	1
1_MACS_peak_22484_lociStitched	chr8	72266198	72276124	1	9927	24378.256	321	1
2_MACS_peak_15981_lociStitched	chr3	124502160	124512660	2	9921	18886.35	322	1
3_MACS_peak_17757_lociStitched	chr5	10594833	10609268	3	9909	18563.41	323	1
2_MACS_peak_15165_lociStitched	chr3	13364776	13375791	2	9896	17018.175	324	1
3_MACS_peak_10138_lociStitched	chr18	25746931	25758416	3	9894	12524.3925	325	1
3_MACS_peak_5751_lociStitched	chr13	38433688	38445966	3	9892	9532.6392	326	1
2_MACS_peak_8341_lociStitched	chr16	57568754	57579610	2	9872	28780.3416	327	1
2_MACS_peak_24013_lociStitched	chr9	132646239	132657922	2	9866	24856.7508	328	1
5_MACS_peak_4672_lociStitched	chr12	26424017	26442069	5	9866	13502.896	329	1
3_MACS_peak_18567_lociStitched	chr5	131791356	131803934	3	9857	20339.8838	330	1
1_MACS_peak_4075_lociStitched	chr11	98889580	98899427	1	9848	11641.1234	331	1
2_MACS_peak_7501_lociStitched	chr15	75352852	75363983	2	9829	25813.9021	332	1
1_MACS_peak_2847_lociStitched	chr10	81000919	81010737	1	9819	35186.7302	333	1
4_MACS_peak_10098_lociStitched	chr18	20805636	20823422	4	9819	16476.9504	334	1
1_MACS_peak_18406_lociStitched	chr5	109024411	109034219	1	9809	21433.4224	335	1
3_MACS_peak_4235_lociStitched	chr11	118963716	118979608	3	9799	36031.9316	336	1
5_MACS_peak_4419_lociStitched	chr12	4250152	4264025	5	9795	11015.162	337	1
2_MACS_peak_8569_lociStitched	chr16	80612681	80626312	2	9794	22605.6504	338	1
1_MACS_peak_1418_lociStitched	chr1	154970255	154980043	1	9789	109625.6	339	1
1_MACS_peak_20108_lociStitched	chr6	108878214	108887983	1	9770	46687.0279	340	1
3_MACS_peak_19427_lociStitched	chr6	30646820	30659303	3	9760	40026.7395	341	1
3_MACS_peak_12806_lociStitched	chr2	145267596	145282582	3	9758	30487.5184	342	1
3_MACS_peak_11279_lociStitched	chr19	41106713	41121013	3	9757	14094.08	343	1
2_MACS_peak_22425_lociStitched	chr8	66856260	66866203	2	9741	19536.0064	344	1
3_MACS_peak_12456_lociStitched	chr2	87806213	87817608	3	9737	15738.774	345	1
5_MACS_peak_12033_lociStitched	chr2	38819341	38831501	5	9713	14958.016	346	1
1_MACS_peak_4753_lociStitched	chr12	40007356	40017062	1	9707	22355.8298	347	1
3_MACS_peak_6652_lociStitched	chr14	74219458	74229807	3	9671	21813.6222	348	1
4_MACS_peak_20598_lociStitched	chr7	552776	566293	4	9651	12616.7678	349	1
2_MACS_peak_12639_lociStitched	chr2	112455606	112466066	2	9642	17189.964	350	1
1_MACS_peak_20867_lociStitched	chr7	26190888	26200516	1	9629	94269.6736	351	1
1_MACS_peak_17668_lociStitched	chr5	1310996	1320617	1	9622	76609.1367	352	1
1_MACS_peak_3460_lociStitched	chr11	22685001	22694608	1	9608	39772.98	353	1
1_MACS_peak_3610_lociStitched	chr11	58339338	58348903	1	9566	66464.3155	354	1
2_MACS_peak_24231_lociStitched	chrX	13015368	13027763	2	9556	11056.34	355	1
1_MACS_peak_23816_lociStitched	chr9	117258713	117268267	1	9555	23223.8632	356	1
1_MACS_peak_2878_lociStitched	chr10	89619948	89629494	1	9547	40257.3912	357	1
2_MACS_peak_13769_lociStitched	chr20	25268697	25282571	2	9539	23610.7732	358	1
2_MACS_peak_9861_lociStitched	chr17	78228061	78240102	2	9537	23289.7022	359	1
2_MACS_peak_7115_lociStitched	chr15	36691058	36700629	2	9525	7451.9806	360	1
1_MACS_peak_22964_lociStitched	chr8	129134757	129144269	1	9513	18872.7592	361	1
1_MACS_peak_3782_lociStitched	chr11	65335976	65345486	1	9511	39143.16	362	1
2_MACS_peak_23617_lociStitched	chr9	94180437	94192486	2	9481	24230.539	363	1
3_MACS_peak_23938_lociStitched	chr9	130531935	130549423	3	9474	31016.7168	364	1
2_MACS_peak_9447_lociStitched	chr17	48224359	48233852	2	9468	22835.4115	365	1
3_MACS_peak_13968_lociStitched	chr20	43587522	43601339	3	9464	17040.5061	366	1
2_MACS_peak_24877_lociStitched	chrX	153569116	153580888	2	9458	20455.0272	367	1
3_MACS_peak_10410_lociStitched	chr18	60851672	60862620	3	9449	18098.1388	368	1
1_MACS_peak_21065_lociStitched	chr7	47513460	47522895	1	9436	48935.571	369	1
1_MACS_peak_1966_lociStitched	chr1	209275093	209284507	1	9415	21356.6004	370	1
2_MACS_peak_17042_lociStitched	chr4	79686959	79700357	2	9395	36092.8722	371	1
1_MACS_peak_5536_lociStitched	chr12	125397585	125406972	1	9388	48335.5404	372	1
1_MACS_peak_21374_lociStitched	chr7	92458021	92467407	1	9387	53168.8742	373	1
2_MACS_peak_12287_lociStitched	chr2	68645587	68656274	2	9367	12400.1261	374	1
3_MACS_peak_20523_lociStitched	chr6	159453800	159466796	3	9363	10781.4816	375	1
2_MACS_peak_1859_lociStitched	chr1	200984909	200995464	2	9362	45614.488	376	1
1_MACS_peak_16192_lociStitched	chr3	150314429	150323781	1	9353	34516.3616	377	1
3_MACS_peak_10544_lociStitched	chr19	1236939	1251526	3	9352	28713.0508	378	1
2_MACS_peak_22724_lociStitched	chr8	101440445	101453055	2	9350	27598.246	379	1
4_MACS_peak_16799_lociStitched	chr4	38307327	38322343	4	9347	14951.4312	380	1
3_MACS_peak_22049_lociStitched	chr8	18702636	18712930	3	9342	14536.1574	381	1
2_MACS_peak_1537_lociStitched	chr1	161144937	161157342	2	9339	27976.9965	382	1
3_MACS_peak_7003_lociStitched	chr14	106207819	106217786	3	9337	53296.5391	383	1
3_MACS_peak_22283_lociStitched	chr8	42742562	42754229	3	9312	30091.5264	384	1
3_MACS_peak_15029_lociStitched	chr22	50352911	50364844	3	9304	37387.2823	385	1
2_MACS_peak_17729_lociStitched	chr5	6711605	6723477	2	9298	49563.2256	386	1
1_MACS_peak_5855_lociStitched	chr13	50696963	50706244	1	9282	60968.7452	387	1
5_MACS_peak_3777_lociStitched	chr11	65306857	65326671	5	9266	21642.8322	388	1
3_MACS_peak_18907_lociStitched	chr5	171601103	171616039	3	9262	22958.1256	389	1
1_MACS_peak_10481_lociStitched	chr18	72917297	72926554	1	9258	153086.7118	390	1
3_MACS_peak_16369_lociStitched	chr3	176859400	176870276	3	9257	23041.8936	391	1
3_MACS_peak_17781_lociStitched	chr5	14663135	14677641	3	9250	26422.679	392	1
2_MACS_peak_21028_lociStitched	chr7	44671478	44680759	2	9242	27072.677	393	1
5_MACS_peak_3622_lociStitched	chr11	59316290	59334105	5	9238	11960.991	394	1
2_MACS_peak_12191_lociStitched	chr2	60775388	60784684	2	9229	24635.3296	395	1
1_MACS_peak_10322_lociStitched	chr18	52983174	52992399	1	9226	40188.7125	396	1
5_MACS_peak_20722_lociStitched	chr7	9221981	9236461	5	9225	9716.08	397	1
3_MACS_peak_4441_lociStitched	chr12	6712173	6723835	3	9213	16627.6796	398	1
1_MACS_peak_18876_lociStitched	chr5	163722903	163732111	1	9209	8260.4968	399	1
1_MACS_peak_14615_lociStitched	chr22	23269720	23278926	1	9207	15251.5802	400	1
1_MACS_peak_19705_lociStitched	chr6	45162225	45171424	1	9200	12380.9341	401	1
2_MACS_peak_1247_lociStitched	chr1	145469500	145479425	2	9198	33197.14	402	1
4_MACS_peak_2621_lociStitched	chr10	45913292	45930363	4	9197	31789.6162	403	1
4_MACS_peak_6926_lociStitched	chr14	103571380	103581683	4	9178	37583.2834	404	1
3_MACS_peak_14072_lociStitched	chr20	52345456	52358869	3	9175	20098.0392	405	1
2_MACS_peak_12417_lociStitched	chr2	86219694	86228901	2	9173	22370.2479	406	1
1_MACS_peak_22703_lociStitched	chr8	99951840	99961003	1	9164	17945.7355	407	1
3_MACS_peak_21195_lociStitched	chr7	73255960	73266929	3	9162	19464.4905	408	1
3_MACS_peak_8839_lociStitched	chr17	6915117	6927208	3	9137	28092.2294	409	1
1_MACS_peak_22441_lociStitched	chr8	67519382	67528502	1	9121	16377.696	410	1
1_MACS_peak_17582_lociStitched	chr4	185267711	185276827	1	9117	33446.604	411	1
3_MACS_peak_13736_lociStitched	chr20	22194203	22204056	3	9115	6642.8926	412	1
3_MACS_peak_8437_lociStitched	chr16	68788859	68800134	3	9115	11728.255	413	1
2_MACS_peak_22250_lociStitched	chr8	39204051	39216354	2	9110	22906.9557	414	1
2_MACS_peak_17731_lociStitched	chr5	6728052	6739862	2	9102	21800.079	415	1
1_MACS_peak_8918_lociStitched	chr17	14203712	14212808	1	9097	28844.3256	416	1
2_MACS_peak_23504_lociStitched	chr9	73024832	73036494	2	9097	33437.2864	417	1
3_MACS_peak_362_lociStitched	chr1	27152358	27167170	3	9096	21472.9564	418	1
2_MACS_peak_2887_lociStitched	chr10	90143443	90152680	2	9088	24766.2444	419	1
2_MACS_peak_13419_lociStitched	chr2	231782130	231792956	2	9082	17236.0746	420	1
2_MACS_peak_15536_lociStitched	chr3	55687308	55697776	2	9081	16807.4208	421	1
6_MACS_peak_4590_lociStitched	chr12	16935101	16949709	6	9081	8395.2176	422	1
1_MACS_peak_2457_lociStitched	chr10	22538859	22547921	1	9063	32752.7866	423	1
2_MACS_peak_1452_lociStitched	chr1	155944700	155954185	2	9058	72399.9535	424	1
4_MACS_peak_3762_lociStitched	chr11	65148574	65157819	4	9056	27247.7885	425	1
2_MACS_peak_7059_lociStitched	chr15	31367575	31376838	2	9049	20146.0987	426	1
2_MACS_peak_21482_lociStitched	chr7	102063550	102075708	2	9034	62072.669	427	1
1_MACS_peak_19188_lociStitched	chr6	11827741	11836769	1	9029	26728.2968	428	1
2_MACS_peak_16472_lociStitched	chr3	187455593	187464934	2	9019	18018.789	429	1
3_MACS_peak_18342_lociStitched	chr5	95059942	95070306	3	9010	19733.056	430	1
1_MACS_peak_18921_lociStitched	chr5	172750586	172759585	1	9000	43876.4243	431	1
2_MACS_peak_5347_lociStitched	chr12	111105722	111116257	2	8978	17862.0925	432	1
5_MACS_peak_17481_lociStitched	chr4	166960656	166972190	5	8968	16929.6052	433	1
3_MACS_peak_12251_lociStitched	chr2	65159215	65174940	3	8966	20192.4725	434	1
4_MACS_peak_20059_lociStitched	chr6	106037978	106052900	4	8962	15429.348	435	1
3_MACS_peak_7814_lociStitched	chr16	685139	700543	3	8959	33890.3404	436	1
3_MACS_peak_16540_lociStitched	chr3	195266756	195278821	3	8953	17203.4835	437	1
5_MACS_peak_6091_lociStitched	chr13	104452713	104463183	5	8939	8648.22	438	1
3_MACS_peak_13911_lociStitched	chr20	37498887	37511052	3	8934	48612.5565	439	1
3_MACS_peak_15804_lociStitched	chr3	98480262	98492401	3	8919	11379.0986	440	1
3_MACS_peak_22385_lociStitched	chr8	61815486	61829881	3	8897	23953.28	441	1
2_MACS_peak_23839_lociStitched	chr9	123630269	123641525	2	8887	33302.0016	442	1
1_MACS_peak_16382_lociStitched	chr3	178229796	178238672	1	8877	25315.2396	443	1
4_MACS_peak_11838_lociStitched	chr2	11635648	11647204	4	8867	14175.7452	444	1
3_MACS_peak_19756_lociStitched	chr6	52392557	52403863	3	8859	17048.3174	445	1
2_MACS_peak_2704_lociStitched	chr10	63656447	63665458	2	8851	20543.2778	446	1
2_MACS_peak_4997_lociStitched	chr12	58286351	58299394	2	8833	32741.8429	447	1
2_MACS_peak_948_lociStitched	chr1	92941313	92954485	2	8827	43914.1308	448	1
3_MACS_peak_3082_lociStitched	chr10	111827076	111838729	3	8823	10627.536	449	1
3_MACS_peak_12626_lociStitched	chr2	112190439	112200960	3	8812	14601.0438	450	1
2_MACS_peak_9593_lociStitched	chr17	62197261	62209646	2	8810	20494.698	451	1
2_MACS_peak_24861_lociStitched	chrX	153188760	153201485	2	8804	60009.8275	452	1
1_MACS_peak_21373_lociStitched	chr7	92436943	92445743	1	8801	20834	453	1
2_MACS_peak_9364_lociStitched	chr17	43384742	43395696	2	8788	15302.738	454	1
2_MACS_peak_4088_lociStitched	chr11	102183738	102192706	2	8787	27074.392	455	1
2_MACS_peak_10369_lociStitched	chr18	56298886	56308466	2	8787	19594.932	456	1
2_MACS_peak_3085_lociStitched	chr10	111966977	111975938	2	8782	27799.7103	457	1
1_MACS_peak_17726_lociStitched	chr5	6478572	6487349	1	8778	43100.3362	458	1
4_MACS_peak_12610_lociStitched	chr2	111612159	111628499	4	8770	12003.364	459	1
3_MACS_peak_19528_lociStitched	chr6	33279634	33292391	3	8760	38660.0885	460	1
1_MACS_peak_3559_lociStitched	chr11	46136207	46144954	1	8748	46519.1701	461	1
3_MACS_peak_21476_lociStitched	chr7	101928981	101938462	3	8744	35850.5053	462	1
1_MACS_peak_19517_lociStitched	chr6	32934306	32943036	1	8731	102037.986	463	1
2_MACS_peak_7771_lociStitched	chr15	101660604	101669718	2	8728	31731.3024	464	1
3_MACS_peak_24228_lociStitched	chrX	12992064	13003931	3	8713	15446.0872	465	1
4_MACS_peak_24432_lociStitched	chrX	48792259	48803658	4	8709	18602.0281	466	1
1_MACS_peak_1246_lociStitched	chr1	145449281	145457984	1	8704	23605.1469	467	1
3_MACS_peak_1383_lociStitched	chr1	153928840	153940925	3	8695	39061.137	468	1
1_MACS_peak_12271_lociStitched	chr2	66659848	66668541	1	8694	15154.5069	469	1
2_MACS_peak_3028_lociStitched	chr10	104401166	104409973	2	8688	55412.7633	470	1
2_MACS_peak_13216_lociStitched	chr2	204661943	204673131	2	8686	17279.866	471	1
1_MACS_peak_17644_lociStitched	chr5	368036	376717	1	8682	66475.6256	472	1
2_MACS_peak_14445_lociStitched	chr21	44772017	44783924	2	8682	18897.5997	473	1
4_MACS_peak_20087_lociStitched	chr6	106959389	106973790	4	8662	16749.8031	474	1
2_MACS_peak_6103_lociStitched	chr13	104939273	104948003	2	8659	6944.715	475	1
2_MACS_peak_4613_lociStitched	chr12	18368263	18377957	2	8643	9405.1188	476	1
2_MACS_peak_2794_lociStitched	chr10	74075546	74084178	2	8629	33690.696	477	1
2_MACS_peak_7457_lociStitched	chr15	72518559	72530832	2	8626	19953.4434	478	1
1_MACS_peak_8556_lociStitched	chr16	79628853	79637468	1	8616	51223.067	479	1
1_MACS_peak_15665_lociStitched	chr3	71826336	71834948	1	8613	16095.828	480	1
2_MACS_peak_12079_lociStitched	chr2	43627611	43636612	2	8609	15204.4892	481	1
2_MACS_peak_18230_lociStitched	chr5	78524042	78535665	2	8596	23404.0728	482	1
2_MACS_peak_21844_lociStitched	chr7	150776597	150785750	2	8593	37150.1964	483	1
3_MACS_peak_7675_lociStitched	chr15	90721767	90736968	3	8591	27022.8177	484	1
2_MACS_peak_19358_lociStitched	chr6	27774714	27783737	2	8590	24721.2154	485	1
1_MACS_peak_694_lociStitched	chr1	54197203	54205791	1	8589	19065.36	486	1
6_MACS_peak_3265_lociStitched	chr11	307945	321241	6	8588	17484.24	487	1
4_MACS_peak_9106_lociStitched	chr17	29637216	29649306	4	8573	10448.178	488	1
2_MACS_peak_14333_lociStitched	chr21	34601517	34612905	2	8566	22860.2712	489	1
3_MACS_peak_22465_lociStitched	chr8	70722137	70731078	3	8564	16997.7351	490	1
3_MACS_peak_19498_lociStitched	chr6	32571253	32579848	3	8550	15978.105	491	1
2_MACS_peak_9802_lociStitched	chr17	76116523	76129242	2	8544	34136.5241	492	1
1_MACS_peak_19065_lociStitched	chr6	1008165	1016701	1	8537	26248.2	493	1
2_MACS_peak_5187_lociStitched	chr12	94541079	94553783	2	8528	39539.9296	494	1
1_MACS_peak_18710_lociStitched	chr5	142430015	142438536	1	8522	28988.442	495	1
2_MACS_peak_5442_lociStitched	chr12	120966035	120978377	2	8517	15611.3958	496	1
2_MACS_peak_4888_lociStitched	chr12	53592904	53603567	2	8512	9017.6991	497	1
2_MACS_peak_1657_lociStitched	chr1	174125936	174137102	2	8500	26463.42	498	1
2_MACS_peak_8764_lociStitched	chr17	2161391	2172063	2	8496	29707.6464	499	1
2_MACS_peak_19688_lociStitched	chr6	44223768	44234379	2	8494	48793.6224	500	1
2_MACS_peak_18967_lociStitched	chr5	175960346	175971557	2	8481	34982.8044	501	1
3_MACS_peak_12043_lociStitched	chr2	39345566	39357049	3	8475	21559.3325	502	1
2_MACS_peak_3659_lociStitched	chr11	61732543	61742164	2	8474	40619.862	503	1
3_MACS_peak_17806_lociStitched	chr5	18739275	18750466	3	8472	27723.4643	504	1
2_MACS_peak_16372_lociStitched	chr3	176911325	176920451	2	8470	51689.664	505	1
1_MACS_peak_17982_lociStitched	chr5	42988244	42996706	1	8463	63473.462	506	1
4_MACS_peak_9439_lociStitched	chr17	47816079	47828416	4	8443	15894.9908	507	1
4_MACS_peak_18273_lociStitched	chr5	86408261	86425096	4	8439	10673.39	508	1
1_MACS_peak_7500_lociStitched	chr15	75333612	75342039	1	8428	50419.5837	509	1
2_MACS_peak_14683_lociStitched	chr22	29187047	29198785	2	8428	21980.5788	510	1
2_MACS_peak_9061_lociStitched	chr17	27045885	27056556	2	8409	31570.1535	511	1
3_MACS_peak_5496_lociStitched	chr12	123371327	123386703	3	8404	12609.8576	512	1
1_MACS_peak_1094_lociStitched	chr1	111211019	111219421	1	8403	35174.1328	513	1
4_MACS_peak_4545_lociStitched	chr12	13317786	13334749	4	8393	15590.6933	514	1
2_MACS_peak_2462_lociStitched	chr10	22764618	22773031	2	8387	23126.4957	515	1
3_MACS_peak_8445_lociStitched	chr16	69212628	69224795	3	8387	23745.1172	516	1
2_MACS_peak_5391_lociStitched	chr12	116970370	116978907	2	8385	26599.5846	517	1
3_MACS_peak_4255_lociStitched	chr11	120368061	120384018	3	8382	26434.3662	518	1
3_MACS_peak_22753_lociStitched	chr8	102914344	102925676	3	8378	14901.58	519	1
1_MACS_peak_19151_lociStitched	chr6	9251182	9259556	1	8375	8915.7978	520	1
4_MACS_peak_7146_lociStitched	chr15	40336799	40351106	4	8371	19941.0966	521	1
2_MACS_peak_1450_lociStitched	chr1	155910214	155918768	2	8366	21837.5066	522	1
2_MACS_peak_24267_lociStitched	chrX	15865874	15875177	2	8365	11794.3434	523	1
2_MACS_peak_8374_lociStitched	chr16	66549440	66559811	2	8354	20150.853	524	1
3_MACS_peak_3883_lociStitched	chr11	68815754	68824991	3	8345	15918.1221	525	1
5_MACS_peak_7819_lociStitched	chr16	725490	746567	5	8330	25848.8328	526	1
2_MACS_peak_8881_lociStitched	chr17	8021671	8030638	2	8328	10874.2809	527	1
3_MACS_peak_21769_lociStitched	chr7	141250048	141263615	3	8321	17512.2836	528	1
4_MACS_peak_10878_lociStitched	chr19	13273045	13284434	4	8316	14071.1095	529	1
1_MACS_peak_1092_lociStitched	chr1	111172788	111181096	1	8309	29463.4912	530	1
1_MACS_peak_10266_lociStitched	chr18	46471845	46480152	1	8308	66848.9211	531	1
2_MACS_peak_21881_lociStitched	chr7	156799821	156810506	2	8307	26987.1045	532	1
4_MACS_peak_8344_lociStitched	chr16	57823954	57836939	4	8275	15106.749	533	1
3_MACS_peak_22731_lociStitched	chr8	101505269	101515923	3	8260	27927.3302	534	1
2_MACS_peak_21045_lociStitched	chr7	45439570	45451162	2	8254	11780.9496	535	1
3_MACS_peak_16253_lociStitched	chr3	156845842	156856089	3	8238	14826.3843	536	1
3_MACS_peak_5194_lociStitched	chr12	95033600	95044845	3	8238	20230.8795	537	1
1_MACS_peak_15556_lociStitched	chr3	56828768	56837001	1	8234	22740.3693	538	1
2_MACS_peak_10530_lociStitched	chr19	1018245	1029881	2	8229	26438.1556	539	1
1_MACS_peak_7713_lociStitched	chr15	93442874	93451097	1	8224	22919.9679	540	1
3_MACS_peak_24711_lociStitched	chrX	118815471	118827845	3	8217	13362.6826	541	1
1_MACS_peak_16262_lociStitched	chr3	157821036	157829246	1	8211	17681.056	542	1
1_MACS_peak_21031_lociStitched	chr7	44787042	44795231	1	8190	52245.0011	543	1
2_MACS_peak_19681_lociStitched	chr6	44040049	44049294	2	8183	15966.115	544	1
2_MACS_peak_23520_lociStitched	chr9	77111006	77122062	2	8176	17540.344	545	1
1_MACS_peak_22661_lociStitched	chr8	95901974	95910145	1	8172	21877.8525	546	1
1_MACS_peak_98_lociStitched	chr1	6976630	6984790	1	8161	31526.976	547	1
4_MACS_peak_10964_lociStitched	chr19	16993879	17009001	4	8159	14319.0218	548	1
3_MACS_peak_13032_lociStitched	chr2	182169722	182179649	3	8156	7521.6879	549	1
3_MACS_peak_11161_lociStitched	chr19	36230845	36240437	3	8151	27489.7128	550	1
1_MACS_peak_18983_lociStitched	chr5	176852196	176860342	1	8147	26140.514	551	1
6_MACS_peak_20566_lociStitched	chr6	167034244	167048516	6	8147	14039.3664	552	1
2_MACS_peak_20922_lociStitched	chr7	32766622	32779236	2	8145	25634.1708	553	1
3_MACS_peak_9809_lociStitched	chr17	76163865	76172612	3	8144	26137.7854	554	1
3_MACS_peak_18652_lociStitched	chr5	138720179	138729518	3	8140	17346.2586	555	1
1_MACS_peak_15238_lociStitched	chr3	23846787	23854924	1	8138	30233.0235	556	1
3_MACS_peak_23997_lociStitched	chr9	132244200	132259250	3	8132	25914.595	557	1
1_MACS_peak_20881_lociStitched	chr7	28188452	28196576	1	8125	20695.89	558	1
2_MACS_peak_19328_lociStitched	chr6	26532220	26540468	2	8120	15996.1712	559	1
2_MACS_peak_2363_lociStitched	chr10	6961783	6972848	2	8106	22932.2125	560	1
1_MACS_peak_2477_lociStitched	chr10	25006247	25014348	1	8102	19619.8119	561	1
4_MACS_peak_13437_lociStitched	chr2	232526218	232540244	4	8100	23730.5894	562	1
2_MACS_peak_16818_lociStitched	chr4	40198206	40208493	2	8096	18608.1543	563	1
1_MACS_peak_22534_lociStitched	chr8	80631774	80639859	1	8086	23336.544	564	1
4_MACS_peak_8884_lociStitched	chr17	8053684	8067011	4	8070	22586.5996	565	1
1_MACS_peak_15205_lociStitched	chr3	16877243	16885309	1	8067	14324.4094	566	1
2_MACS_peak_11801_lociStitched	chr2	8817772	8826458	2	8065	16399.168	567	1
4_MACS_peak_3751_lociStitched	chr11	64877777	64890811	4	8063	22563.1574	568	1
4_MACS_peak_11770_lociStitched	chr2	5831051	5842418	4	8055	10647.4689	569	1
2_MACS_peak_16161_lociStitched	chr3	146256694	146268997	2	8055	16150.1481	570	1
1_MACS_peak_22939_lociStitched	chr8	126441000	126449049	1	8050	45551.7057	571	1
5_MACS_peak_20046_lociStitched	chr6	103913682	103924432	5	8044	5011.65	572	1
2_MACS_peak_15797_lociStitched	chr3	98272546	98283936	2	8040	15139.588	573	1
1_MACS_peak_22970_lociStitched	chr8	129250153	129258191	1	8039	22746.7362	574	1
2_MACS_peak_22810_lociStitched	chr8	108963058	108973933	2	8037	6895.8375	575	1
3_MACS_peak_1096_lociStitched	chr1	111325426	111337053	3	8019	29170.9803	576	1
1_MACS_peak_18786_lociStitched	chr5	150459414	150467419	1	8006	22760.6165	577	1
2_MACS_peak_19667_lociStitched	chr6	43593673	43604799	2	8006	36031.551	578	1
2_MACS_peak_15077_lociStitched	chr3	4886425	4895106	2	7999	12583.1095	579	1
2_MACS_peak_14058_lociStitched	chr20	51588466	51597011	2	7997	6052.4235	580	1
1_MACS_peak_1736_lociStitched	chr1	183877713	183885705	1	7993	20533.0464	581	1
3_MACS_peak_20040_lociStitched	chr6	103205854	103215789	3	7992	8464.62	582	1
2_MACS_peak_4077_lociStitched	chr11	98961870	98970723	2	7986	9665.7054	583	1
4_MACS_peak_18563_lociStitched	chr5	131754822	131764586	4	7984	8814.9392	584	1
3_MACS_peak_8625_lociStitched	chr16	87415592	87427211	3	7967	24796.1079	585	1
2_MACS_peak_21678_lociStitched	chr7	128572188	128582428	2	7961	46529.536	586	1
2_MACS_peak_19037_lociStitched	chr5	180610481	180619938	2	7960	17061.3737	587	1
2_MACS_peak_10406_lociStitched	chr18	60797996	60808263	2	7956	30329.7447	588	1
3_MACS_peak_19251_lociStitched	chr6	20201186	20214330	3	7945	16757.2856	589	1
2_MACS_peak_11228_lociStitched	chr19	39338023	39348826	2	7939	58359.9666	590	1
1_MACS_peak_21108_lociStitched	chr7	55597663	55605597	1	7935	28163.3198	591	1
2_MACS_peak_11891_lociStitched	chr2	20405252	20415350	2	7935	12052.9728	592	1
3_MACS_peak_9833_lociStitched	chr17	76767189	76779494	3	7927	19236.4065	593	1
4_MACS_peak_3102_lociStitched	chr10	112256389	112264690	4	7925	9589.3152	594	1
3_MACS_peak_7249_lociStitched	chr15	46994477	47008665	3	7922	11841.3048	595	1
2_MACS_peak_19319_lociStitched	chr6	26357917	26367277	2	7918	11019.528	596	1
2_MACS_peak_16038_lociStitched	chr3	129027184	129037476	2	7913	25918.3436	597	1
2_MACS_peak_17962_lociStitched	chr5	40377153	40388032	2	7912	15744.0888	598	1
3_MACS_peak_1908_lociStitched	chr1	205196474	205208312	3	7905	9685.8516	599	1
1_MACS_peak_21346_lociStitched	chr7	90337277	90345175	1	7899	17479.8536	600	1
3_MACS_peak_9138_lociStitched	chr17	31312422	31325963	3	7899	7788.7832	601	1
3_MACS_peak_15471_lociStitched	chr3	50373487	50389136	3	7893	24268.4692	602	1
3_MACS_peak_15201_lociStitched	chr3	16545246	16555961	3	7884	13653.053	603	1
2_MACS_peak_10380_lociStitched	chr18	56627495	56636040	2	7881	25265.0015	604	1
2_MACS_peak_9648_lociStitched	chr17	66451559	66459449	2	7880	23693.67	605	1
2_MACS_peak_18547_lociStitched	chr5	130709605	130718673	2	7866	12954.5448	606	1
1_MACS_peak_14995_lociStitched	chr22	46447699	46455562	1	7864	23645.6136	607	1
1_MACS_peak_1335_lociStitched	chr1	150974926	150982789	1	7864	20829.8733	608	1
2_MACS_peak_22859_lociStitched	chr8	117884438	117893293	2	7864	33445.335	609	1
1_MACS_peak_1928_lociStitched	chr1	206132408	206140269	1	7862	27330.3387	610	1
2_MACS_peak_19765_lociStitched	chr6	52527238	52536512	2	7861	20459.3714	611	1
1_MACS_peak_17898_lociStitched	chr5	32581061	32588913	1	7853	47125.3484	612	1
3_MACS_peak_16291_lociStitched	chr3	164168264	164180581	3	7853	13477.2614	613	1
1_MACS_peak_9243_lociStitched	chr17	38017175	38025021	1	7847	18409.8544	614	1
2_MACS_peak_15386_lociStitched	chr3	46245806	46256584	2	7838	25941.5682	615	1
3_MACS_peak_24714_lociStitched	chrX	118887907	118897907	3	7830	10301	616	1
2_MACS_peak_8021_lociStitched	chr16	12052370	12063102	2	7829	39525.956	617	1
1_MACS_peak_24864_lociStitched	chrX	153232058	153239884	1	7827	70282.9582	618	1
2_MACS_peak_20372_lociStitched	chr6	139690201	139698070	2	7822	20118.6723	619	1
2_MACS_peak_12773_lociStitched	chr2	136888873	136898044	2	7816	7952.1741	620	1
3_MACS_peak_23949_lociStitched	chr9	130828295	130836717	3	7795	19810.2284	621	1
1_MACS_peak_6634_lociStitched	chr14	73354407	73362200	1	7794	13731.266	622	1
4_MACS_peak_954_lociStitched	chr1	93416290	93428661	4	7779	23253.7687	623	1
1_MACS_peak_17941_lociStitched	chr5	37909118	37916895	1	7778	15917.1859	624	1
4_MACS_peak_19922_lociStitched	chr6	85284190	85299056	4	7778	13056.8078	625	1
2_MACS_peak_8223_lociStitched	chr16	30661301	30673193	2	7771	64346.4228	626	1
3_MACS_peak_7119_lociStitched	chr15	36783672	36792661	3	7765	7782.6762	627	1
2_MACS_peak_13443_lociStitched	chr2	232570432	232578790	2	7757	43801.7706	628	1
1_MACS_peak_15533_lociStitched	chr3	55515368	55523113	1	7746	20889.814	629	1
3_MACS_peak_7503_lociStitched	chr15	75396903	75407572	3	7742	9428.1953	630	1
4_MACS_peak_11793_lociStitched	chr2	8653739	8666900	4	7731	9264.0279	631	1
2_MACS_peak_17853_lociStitched	chr5	25441153	25449211	2	7723	6677.6646	632	1
1_MACS_peak_20868_lociStitched	chr7	26236699	26244418	1	7720	72620.352	633	1
4_MACS_peak_8663_lociStitched	chr16	89033563	89046153	4	7720	18363.774	634	1
1_MACS_peak_10474_lociStitched	chr18	72162597	72170311	1	7715	23869.4302	635	1
1_MACS_peak_1239_lociStitched	chr1	145206777	145214477	1	7701	81436.74	636	1
3_MACS_peak_9829_lociStitched	chr17	76710778	76720478	3	7692	14169.76	637	1
4_MACS_peak_13797_lociStitched	chr20	30285821	30297375	4	7689	9952.6156	638	1
1_MACS_peak_1219_lociStitched	chr1	143911511	143919189	1	7679	27524.0944	639	1
1_MACS_peak_16195_lociStitched	chr3	150477722	150485392	1	7671	28006.238	640	1
4_MACS_peak_18602_lociStitched	chr5	133872051	133884638	4	7668	9561.0852	641	1
1_MACS_peak_22240_lociStitched	chr8	38237336	38244989	1	7654	31863.2655	642	1
2_MACS_peak_23083_lociStitched	chr8	143741410	143752200	2	7653	27400.126	643	1
2_MACS_peak_22093_lociStitched	chr8	23074693	23084147	2	7646	12051.9592	644	1
1_MACS_peak_24094_lociStitched	chr9	139130237	139137879	1	7643	14102.5468	645	1
4_MACS_peak_6303_lociStitched	chr14	33161551	33176906	4	7643	6839.117	646	1
1_MACS_peak_19453_lociStitched	chr6	31459520	31467160	1	7641	16859.952	647	1
2_MACS_peak_18864_lociStitched	chr5	160169227	160176979	2	7628	9011.7	648	1
1_MACS_peak_593_lociStitched	chr1	44296095	44303718	1	7624	42688.8	649	1
2_MACS_peak_22334_lociStitched	chr8	54926148	54935879	2	7618	27469.6399	650	1
4_MACS_peak_7539_lociStitched	chr15	78368944	78381343	4	7618	13609.1424	651	1
3_MACS_peak_6257_lociStitched	chr14	24604561	24617714	3	7615	20418.7172	652	1
3_MACS_peak_23156_lociStitched	chr8	146011359	146025114	3	7615	27851.124	653	1
2_MACS_peak_17724_lociStitched	chr5	6445981	6454734	2	7613	36366.0891	654	1
1_MACS_peak_19043_lociStitched	chr5	180668309	180675905	1	7597	21796.722	655	1
2_MACS_peak_21617_lociStitched	chr7	120627810	120638935	2	7597	6987.6125	656	1
3_MACS_peak_7571_lociStitched	chr15	81584246	81595151	3	7594	11492.7795	657	1
1_MACS_peak_10419_lociStitched	chr18	60980984	60988568	1	7585	44078.208	658	1
2_MACS_peak_4275_lociStitched	chr11	122930132	122941399	2	7569	35525.9777	659	1
4_MACS_peak_1432_lociStitched	chr1	155210270	155225716	4	7568	24790.83	660	1
2_MACS_peak_12154_lociStitched	chr2	54794851	54804961	2	7561	10765.128	661	1
2_MACS_peak_5146_lociStitched	chr12	89739309	89748925	2	7560	16761.6496	662	1
2_MACS_peak_3319_lociStitched	chr11	2793034	2801168	2	7557	17519.0092	663	1
2_MACS_peak_9980_lociStitched	chr18	3446358	3455025	2	7546	31231.5345	664	1
1_MACS_peak_18386_lociStitched	chr5	100234573	100242116	1	7544	23868.3149	665	1
5_MACS_peak_18698_lociStitched	chr5	141385656	141396271	5	7542	13587.2	666	1
3_MACS_peak_5567_lociStitched	chr12	129301680	129315877	3	7537	13898.863	667	1
2_MACS_peak_3315_lociStitched	chr11	2480141	2489540	2	7535	13508.2428	668	1
3_MACS_peak_5426_lociStitched	chr12	120553641	120562064	3	7533	17278.9422	669	1
3_MACS_peak_8797_lociStitched	chr17	4267849	4280894	3	7518	20025.3795	670	1
1_MACS_peak_17198_lociStitched	chr4	106552881	106560379	1	7499	13389.1786	671	1
1_MACS_peak_24132_lociStitched	chr9	140060732	140068226	1	7495	31507.0242	672	1
1_MACS_peak_6389_lociStitched	chr14	50527101	50534593	1	7493	12892.9828	673	1
3_MACS_peak_19521_lociStitched	chr6	33167125	33177051	3	7492	32125.499	674	1
3_MACS_peak_19040_lociStitched	chr5	180642866	180652568	3	7483	25149.5244	675	1
2_MACS_peak_8760_lociStitched	chr17	2117227	2128540	2	7476	19595.2473	676	1
1_MACS_peak_7302_lociStitched	chr15	52670010	52677480	1	7471	17036.082	677	1
1_MACS_peak_5193_lociStitched	chr12	94950669	94958137	1	7469	24146.2844	678	1
2_MACS_peak_22477_lociStitched	chr8	71125005	71133540	2	7462	11432.6325	679	1
3_MACS_peak_20646_lociStitched	chr7	2858309	2866700	3	7455	9214.1571	680	1
6_MACS_peak_2314_lociStitched	chr10	1772187	1781815	6	7446	7353.8664	681	1
2_MACS_peak_17096_lociStitched	chr4	87854909	87862431	2	7445	13793.0914	682	1
1_MACS_peak_14831_lociStitched	chr22	38571158	38578601	1	7444	23601.753	683	1
3_MACS_peak_3637_lociStitched	chr11	60672538	60683768	3	7433	16279.008	684	1
2_MACS_peak_18210_lociStitched	chr5	76027462	76035972	2	7431	9091.233	685	1
3_MACS_peak_13832_lociStitched	chr20	32250405	32263130	3	7429	22672.1325	686	1
5_MACS_peak_4324_lociStitched	chr11	128275133	128286757	5	7428	7743.9088	687	1
2_MACS_peak_17389_lociStitched	chr4	146401993	146410684	2	7423	24214.8642	688	1
1_MACS_peak_10877_lociStitched	chr19	13260222	13267636	1	7415	46380.5012	689	1
2_MACS_peak_1502_lociStitched	chr1	158978307	158986397	2	7413	14717.328	690	1
3_MACS_peak_14931_lociStitched	chr22	42222477	42232443	3	7411	39852.0408	691	1
2_MACS_peak_4348_lociStitched	chr11	129815084	129822712	2	7408	12099.5336	692	1
3_MACS_peak_10584_lociStitched	chr19	2049352	2062781	3	7406	38334.4234	693	1
1_MACS_peak_15672_lociStitched	chr3	72125516	72132915	1	7400	21159.6602	694	1
3_MACS_peak_3951_lociStitched	chr11	75264556	75274892	3	7396	21065.8016	695	1
1_MACS_peak_7066_lociStitched	chr15	31615442	31622833	1	7392	49036.3286	696	1
2_MACS_peak_11048_lociStitched	chr19	19050190	19061395	2	7391	25157.466	697	1
4_MACS_peak_15622_lociStitched	chr3	66539792	66552289	4	7390	12195.8223	698	1
1_MACS_peak_23080_lociStitched	chr8	142410505	142417878	1	7374	20063.4076	699	1
2_MACS_peak_16635_lociStitched	chr4	2413103	2420660	2	7374	25040.1195	700	1
2_MACS_peak_19684_lociStitched	chr6	44185171	44192951	2	7373	18272.886	701	1
1_MACS_peak_23001_lociStitched	chr8	134082754	134090121	1	7368	20342.4971	702	1
1_MACS_peak_4784_lociStitched	chr12	46776140	46783507	1	7368	28263.4955	703	1
4_MACS_peak_23886_lociStitched	chr9	127047232	127055423	4	7363	18613.2284	704	1
1_MACS_peak_4392_lociStitched	chr12	1637808	1645167	1	7360	42376.0656	705	1
4_MACS_peak_22230_lociStitched	chr8	37748283	37762514	4	7359	11445.9933	706	1
2_MACS_peak_22548_lociStitched	chr8	81073340	81084648	2	7357	15943.1492	707	1
3_MACS_peak_1957_lociStitched	chr1	208033631	208047263	3	7350	18632.2176	708	1
2_MACS_peak_22038_lociStitched	chr8	17546320	17555730	2	7341	10053.644	709	1
4_MACS_peak_793_lociStitched	chr1	68638435	68647721	4	7334	7116.7904	710	1
1_MACS_peak_15046_lociStitched	chr22	50906891	50914220	1	7330	14384.6283	711	1
1_MACS_peak_17022_lociStitched	chr4	78736211	78743536	1	7326	22295.835	712	1
2_MACS_peak_19753_lociStitched	chr6	52360616	52369796	2	7323	15315.912	713	1
1_MACS_peak_3881_lociStitched	chr11	68604791	68612112	1	7322	31157.4439	714	1
3_MACS_peak_8944_lociStitched	chr17	16872410	16883424	3	7322	10368.5796	715	1
2_MACS_peak_10602_lociStitched	chr19	2469005	2480348	2	7321	32034.9006	716	1
1_MACS_peak_12862_lociStitched	chr2	158295251	158302561	1	7311	17209.202	717	1
3_MACS_peak_169_lociStitched	chr1	11984450	11995617	3	7297	17321.1337	718	1
2_MACS_peak_6586_lociStitched	chr14	68866031	68875344	2	7296	17902.3799	719	1
1_MACS_peak_10301_lociStitched	chr18	49917346	49924635	1	7290	15739.8666	720	1
2_MACS_peak_16107_lociStitched	chr3	139251298	139260472	2	7286	18190.2072	721	1
2_MACS_peak_8552_lociStitched	chr16	79311579	79322051	2	7278	9494.9624	722	1
1_MACS_peak_9216_lociStitched	chr17	36856343	36863619	1	7277	44299.926	723	1
3_MACS_peak_10493_lociStitched	chr18	74835840	74844951	3	7277	9943.7454	724	1
2_MACS_peak_13476_lociStitched	chr2	236402079	236411664	2	7265	8819.1585	725	1
1_MACS_peak_10018_lociStitched	chr18	9101317	9108578	1	7262	30049.6485	726	1
1_MACS_peak_20180_lociStitched	chr6	116376025	116383283	1	7259	13270.5272	727	1
3_MACS_peak_22143_lociStitched	chr8	27930535	27941900	3	7259	13053.839	728	1
1_MACS_peak_6629_lociStitched	chr14	72941339	72948592	1	7254	29521.1606	729	1
3_MACS_peak_21720_lociStitched	chr7	134670681	134682526	3	7252	16264.3695	730	1
1_MACS_peak_10016_lociStitched	chr18	9079663	9086905	1	7243	23770.4166	731	1
2_MACS_peak_23174_lociStitched	chr9	621417	630379	2	7242	17941.0278	732	1
1_MACS_peak_13702_lociStitched	chr20	17945746	17952984	1	7239	30849.0798	733	1
2_MACS_peak_12359_lociStitched	chr2	74425008	74435385	2	7239	18951.5151	734	1
2_MACS_peak_8770_lociStitched	chr17	2294819	2306096	2	7235	22737.8151	735	1
3_MACS_peak_19195_lociStitched	chr6	12109505	12121190	3	7229	14304.777	736	1
2_MACS_peak_1416_lociStitched	chr1	154945202	154956895	2	7226	33876.9596	737	1
3_MACS_peak_7684_lociStitched	chr15	91200033	91209803	3	7224	18092.086	738	1
2_MACS_peak_4857_lociStitched	chr12	51312461	51322818	2	7220	15129.5056	739	1
1_MACS_peak_1731_lociStitched	chr1	183773042	183780259	1	7218	24267.1625	740	1
3_MACS_peak_5393_lociStitched	chr12	116989267	117003269	3	7217	17601.9142	741	1
1_MACS_peak_22957_lociStitched	chr8	128745893	128753104	1	7212	43276.0954	742	1
1_MACS_peak_22041_lociStitched	chr8	17779489	17786700	1	7212	18310.8923	743	1
2_MACS_peak_1790_lociStitched	chr1	192507461	192516060	2	7204	14134.1763	744	1
1_MACS_peak_19718_lociStitched	chr6	45676274	45683476	1	7203	14808.0322	745	1
1_MACS_peak_11649_lociStitched	chr19	55764648	55771849	1	7202	16413.2393	746	1
3_MACS_peak_10801_lociStitched	chr19	10978481	10990745	3	7197	15596.1288	747	1
1_MACS_peak_19431_lociStitched	chr6	30683479	30690672	1	7194	33850.258	748	1
3_MACS_peak_8633_lociStitched	chr16	87807475	87814769	3	7194	27018.4348	749	1
2_MACS_peak_3011_lociStitched	chr10	103873532	103881534	2	7190	18535.0326	750	1
1_MACS_peak_1792_lociStitched	chr1	192542938	192550125	1	7188	10916.3343	751	1
3_MACS_peak_6443_lociStitched	chr14	55564066	55571917	3	7187	14620.9173	752	1
2_MACS_peak_21551_lociStitched	chr7	107843156	107854394	2	7186	21098.2212	753	1
3_MACS_peak_762_lociStitched	chr1	66740943	66750073	3	7183	8457.119	754	1
2_MACS_peak_7779_lociStitched	chr15	101737048	101744308	2	7181	20490.624	755	1
2_MACS_peak_471_lociStitched	chr1	36614035	36623608	2	7179	46729.6422	756	1
3_MACS_peak_9821_lociStitched	chr17	76348485	76357414	3	7172	13885.4879	757	1
1_MACS_peak_8326_lociStitched	chr16	56964614	56971781	1	7168	34303.4121	758	1
2_MACS_peak_16072_lociStitched	chr3	133192487	133199986	2	7165	14323.8399	759	1
2_MACS_peak_18880_lociStitched	chr5	164167630	164177083	2	7163	9308.3691	760	1
1_MACS_peak_10642_lociStitched	chr19	3983687	3990848	1	7162	24666.0645	761	1
4_MACS_peak_22175_lociStitched	chr8	29466590	29474871	4	7162	9406.3879	762	1
1_MACS_peak_19190_lociStitched	chr6	12007481	12014640	1	7160	58666.5732	763	1
2_MACS_peak_17578_lociStitched	chr4	185201772	185210611	2	7155	16830.3399	764	1
1_MACS_peak_7324_lociStitched	chr15	55694256	55701408	1	7153	12149.1024	765	1
1_MACS_peak_6934_lociStitched	chr14	103795984	103803135	1	7152	32778.0387	766	1
2_MACS_peak_17938_lociStitched	chr5	37833722	37841632	2	7150	23641.408	767	1
3_MACS_peak_14725_lociStitched	chr22	31884476	31893470	3	7148	27348.0558	768	1
1_MACS_peak_21490_lociStitched	chr7	102250743	102257884	1	7142	12511.032	769	1
2_MACS_peak_13791_lociStitched	chr20	30153250	30162115	2	7139	11188.5165	770	1
1_MACS_peak_8415_lociStitched	chr16	67875065	67882196	1	7132	48557.1183	771	1
2_MACS_peak_20878_lociStitched	chr7	28003558	28012338	2	7121	6843.132	772	1
3_MACS_peak_14017_lociStitched	chr20	46387037	46397754	3	7119	26519.2165	773	1
2_MACS_peak_20787_lociStitched	chr7	20321204	20331507	2	7118	13334.1426	774	1
1_MACS_peak_7312_lociStitched	chr15	54269134	54276239	1	7106	9445.387	775	1
2_MACS_peak_5040_lociStitched	chr12	68751595	68760879	2	7104	15093.9272	776	1
3_MACS_peak_19495_lociStitched	chr6	32551148	32558732	3	7098	14348.1696	777	1
2_MACS_peak_21586_lociStitched	chr7	114561867	114573356	2	7098	17470.1734	778	1
3_MACS_peak_10938_lociStitched	chr19	16244570	16255673	3	7096	11196.2652	779	1
1_MACS_peak_3387_lociStitched	chr11	10323916	10331009	1	7094	11464.4159	780	1
3_MACS_peak_23150_lociStitched	chr8	145741981	145755159	3	7092	39225.6348	781	1
3_MACS_peak_18570_lociStitched	chr5	131824379	131834424	3	7090	23093.455	782	1
1_MACS_peak_21347_lociStitched	chr7	90352468	90359548	1	7081	15867.696	783	1
1_MACS_peak_831_lociStitched	chr1	75599105	75606184	1	7080	17842.6195	784	1
1_MACS_peak_22171_lociStitched	chr8	29203706	29210784	1	7079	27489.5364	785	1
1_MACS_peak_9218_lociStitched	chr17	36902816	36909885	1	7070	19547.1988	786	1
2_MACS_peak_20632_lociStitched	chr7	2438789	2447599	2	7070	18952.072	787	1
1_MACS_peak_20225_lociStitched	chr6	124123324	124130381	1	7058	10931.293	788	1
2_MACS_peak_14143_lociStitched	chr20	58675355	58683362	2	7056	17036.4939	789	1
1_MACS_peak_21705_lociStitched	chr7	130788642	130795692	1	7051	35914.11	790	1
1_MACS_peak_20888_lociStitched	chr7	28850613	28857661	1	7049	23486.0504	791	1
1_MACS_peak_16189_lociStitched	chr3	150124715	150131754	1	7040	25654.3394	792	1
4_MACS_peak_11466_lociStitched	chr19	48892896	48904086	4	7033	20250.543	793	1
1_MACS_peak_4779_lociStitched	chr12	46118671	46125699	1	7029	35596.1172	794	1
2_MACS_peak_22130_lociStitched	chr8	27231432	27239145	2	7027	11690.5941	795	1
2_MACS_peak_19157_lociStitched	chr6	9373803	9382638	2	7012	7354.254	796	1
4_MACS_peak_14000_lociStitched	chr20	45173105	45184695	4	7010	10661.641	797	1
2_MACS_peak_12619_lociStitched	chr2	111873078	111881888	2	7000	19476.267	798	1
1_MACS_peak_4070_lociStitched	chr11	96070207	96077204	1	6998	23821.9862	799	1
1_MACS_peak_8256_lociStitched	chr16	31884288	31891280	1	6993	30622.8624	800	1
2_MACS_peak_19307_lociStitched	chr6	26214770	26225200	2	6993	17224.102	801	1
3_MACS_peak_22682_lociStitched	chr8	97601329	97608789	3	6990	6201.498	802	1
3_MACS_peak_615_lociStitched	chr1	45273036	45286327	3	6990	8183.2687	803	1
4_MACS_peak_15729_lociStitched	chr3	79582756	79593504	4	6977	4996.7452	804	1
2_MACS_peak_18119_lociStitched	chr5	66483593	66493721	2	6974	8678.6832	805	1
1_MACS_peak_17931_lociStitched	chr5	36874465	36881435	1	6971	34212.245	806	1
2_MACS_peak_12470_lociStitched	chr2	89152626	89160568	2	6963	16485.2094	807	1
1_MACS_peak_21487_lociStitched	chr7	102151841	102158800	1	6960	11780.8911	808	1
1_MACS_peak_20791_lociStitched	chr7	20367256	20374207	1	6952	42328.8096	809	1
2_MACS_peak_1595_lociStitched	chr1	167460560	167470716	2	6952	12661.4852	810	1
2_MACS_peak_14653_lociStitched	chr22	26131413	26141176	2	6941	16326.6649	811	1
2_MACS_peak_10936_lociStitched	chr19	16221567	16231077	2	6934	17309.151	812	1
2_MACS_peak_4956_lociStitched	chr12	57076556	57083488	2	6932	22883.2252	813	1
1_MACS_peak_23124_lociStitched	chr8	145046774	145053700	1	6927	16438.1684	814	1
1_MACS_peak_12678_lociStitched	chr2	114642638	114649563	1	6926	26103.7875	815	1
1_MACS_peak_14311_lociStitched	chr21	30604983	30611902	1	6920	9385.6235	816	1
2_MACS_peak_14851_lociStitched	chr22	39146086	39153472	2	6902	19875.726	817	1
3_MACS_peak_20304_lociStitched	chr6	134953787	134963022	3	6902	11206.6725	818	1
2_MACS_peak_18843_lociStitched	chr5	157284468	157295751	2	6902	12339.0888	819	1
2_MACS_peak_17680_lociStitched	chr5	1791264	1802592	2	6900	33349.632	820	1
1_MACS_peak_17508_lociStitched	chr4	175119109	175126001	1	6893	4295.0944	821	1
4_MACS_peak_19506_lociStitched	chr6	32647229	32660090	4	6893	8342.9307	822	1
3_MACS_peak_6828_lociStitched	chr14	94436528	94445692	3	6885	10748.4556	823	1
3_MACS_peak_10731_lociStitched	chr19	7980446	7991129	3	6884	21018.8025	824	1
1_MACS_peak_11433_lociStitched	chr19	47285629	47292509	1	6881	64722.912	825	1
2_MACS_peak_1404_lociStitched	chr1	154756056	154766590	2	6881	12680.8292	826	1
1_MACS_peak_21513_lociStitched	chr7	104651014	104657891	1	6878	52730.0852	827	1
1_MACS_peak_8947_lociStitched	chr17	16888771	16895633	1	6863	30708.1362	828	1
3_MACS_peak_2102_lociStitched	chr1	226308732	226316894	3	6862	23479.6254	829	1
3_MACS_peak_1534_lociStitched	chr1	161122805	161137379	3	6861	34247.4426	830	1
1_MACS_peak_23013_lociStitched	chr8	134508459	134515318	1	6860	31561.0026	831	1
4_MACS_peak_9175_lociStitched	chr17	34409314	34423843	4	6854	11217.8409	832	1
1_MACS_peak_7056_lociStitched	chr15	31278709	31285559	1	6851	22325.52	833	1
3_MACS_peak_11538_lociStitched	chr19	50393285	50404538	3	6850	16700.5773	834	1
2_MACS_peak_22916_lociStitched	chr8	125376158	125385967	2	6843	25870.2566	835	1
2_MACS_peak_11822_lociStitched	chr2	10463866	10472896	2	6842	10148.817	836	1
1_MACS_peak_5854_lociStitched	chr13	50651392	50658232	1	6841	14007.636	837	1
1_MACS_peak_20074_lociStitched	chr6	106439563	106446400	1	6838	24051.8823	838	1
2_MACS_peak_24116_lociStitched	chr9	139792210	139799759	2	6838	25860.6093	839	1
3_MACS_peak_14877_lociStitched	chr22	39539891	39549687	3	6827	13262.8044	840	1
2_MACS_peak_1755_lociStitched	chr1	184828604	184838528	2	6825	10821.1296	841	1
2_MACS_peak_16565_lociStitched	chr3	196358127	196368207	2	6825	27486.144	842	1
2_MACS_peak_8741_lociStitched	chr17	1618313	1629062	2	6825	33378.8697	843	1
1_MACS_peak_20081_lociStitched	chr6	106610438	106617261	1	6824	15008.5531	844	1
1_MACS_peak_21585_lociStitched	chr7	113722095	113728916	1	6822	26773.7892	845	1
1_MACS_peak_22985_lociStitched	chr8	131256352	131263172	1	6821	16443.02	846	1
2_MACS_peak_18780_lociStitched	chr5	150157183	150164236	2	6817	15572.3187	847	1
2_MACS_peak_13998_lociStitched	chr20	45027705	45036711	2	6814	14185.3506	848	1
1_MACS_peak_485_lociStitched	chr1	37939390	37946201	1	6812	41451.746	849	1
1_MACS_peak_14118_lociStitched	chr20	56252783	56259586	1	6804	16903.4141	850	1
2_MACS_peak_1766_lociStitched	chr1	185901549	185908890	2	6804	16032.0099	851	1
1_MACS_peak_19841_lociStitched	chr6	70571671	70578473	1	6803	18162.0202	852	1
2_MACS_peak_3019_lociStitched	chr10	104152962	104159860	2	6799	35572.986	853	1
2_MACS_peak_13816_lociStitched	chr20	31254737	31262802	2	6799	14176.657	854	1
2_MACS_peak_19185_lociStitched	chr6	11729441	11736352	2	6797	11150.8985	855	1
3_MACS_peak_21323_lociStitched	chr7	86772971	86784403	3	6797	23497.3328	856	1
2_MACS_peak_18715_lociStitched	chr5	142539912	142550342	2	6796	7831.887	857	1
2_MACS_peak_13972_lociStitched	chr20	43679507	43688066	2	6788	6680.2995	858	1
1_MACS_peak_19364_lociStitched	chr6	27857527	27864309	1	6783	25958.105	859	1
3_MACS_peak_13306_lociStitched	chr2	219260166	219272378	3	6783	19434.1768	860	1
2_MACS_peak_16996_lociStitched	chr4	77221717	77230104	2	6782	18264.3699	861	1
2_MACS_peak_6728_lociStitched	chr14	81863908	81873681	2	6770	19951.5795	862	1
3_MACS_peak_15645_lociStitched	chr3	69787455	69801257	3	6770	9646.2178	863	1
2_MACS_peak_13211_lociStitched	chr2	204552552	204560147	2	6767	11718.3255	864	1
2_MACS_peak_23970_lociStitched	chr9	131445393	131453280	2	6767	26091.7734	865	1
1_MACS_peak_1301_lociStitched	chr1	149854938	149861701	1	6764	57432.0723	866	1
3_MACS_peak_19488_lociStitched	chr6	32156202	32164684	3	6763	24708.066	867	1
1_MACS_peak_211_lociStitched	chr1	16173051	16179811	1	6761	24047.348	868	1
2_MACS_peak_4227_lociStitched	chr11	118794528	118801572	2	6760	20384.6316	869	1
1_MACS_peak_23657_lociStitched	chr9	98267355	98274112	1	6758	24771.8377	870	1
3_MACS_peak_1358_lociStitched	chr1	152001318	152011492	3	6752	22462.1572	871	1
2_MACS_peak_22374_lociStitched	chr8	60963025	60971658	2	6738	12977.9889	872	1
1_MACS_peak_22602_lociStitched	chr8	89309288	89316024	1	6737	13535.3184	873	1
1_MACS_peak_23007_lociStitched	chr8	134226649	134233384	1	6736	23827.7565	874	1
1_MACS_peak_18404_lociStitched	chr5	108743319	108750053	1	6735	15385.8432	875	1
3_MACS_peak_13119_lociStitched	chr2	197030867	197041818	3	6734	11452.5558	876	1
2_MACS_peak_5886_lociStitched	chr13	53022753	53031244	2	6732	20390.2874	877	1
2_MACS_peak_4560_lociStitched	chr12	14921498	14929099	2	6729	22933.7372	878	1
1_MACS_peak_22872_lociStitched	chr8	119574238	119580963	1	6726	19587.235	879	1
2_MACS_peak_1607_lociStitched	chr1	167682388	167692569	2	6721	21903.4034	880	1
2_MACS_peak_16692_lociStitched	chr4	7752863	7761569	2	6720	14258.6868	881	1
2_MACS_peak_3633_lociStitched	chr11	60605338	60612319	2	6718	8155.9023	882	1
2_MACS_peak_20676_lociStitched	chr7	6047421	6057610	2	6715	25350.232	883	1
3_MACS_peak_19098_lociStitched	chr6	4900864	4908688	3	6712	13102.0704	884	1
3_MACS_peak_14081_lociStitched	chr20	52481721	52490118	3	6708	12939.777	885	1
2_MACS_peak_8583_lociStitched	chr16	81684973	81692166	2	6706	17584.7271	886	1
1_MACS_peak_17509_lociStitched	chr4	175132104	175138807	1	6704	7625.3328	887	1
4_MACS_peak_2718_lociStitched	chr10	64142103	64149016	4	6702	4127.061	888	1
2_MACS_peak_8639_lociStitched	chr16	87898622	87905782	2	6700	14477.52	889	1
1_MACS_peak_17985_lociStitched	chr5	43037091	43043789	1	6699	50055.4936	890	1
1_MACS_peak_102_lociStitched	chr1	7322266	7328963	1	6698	14574.0114	891	1
3_MACS_peak_15226_lociStitched	chr3	20079915	20090822	3	6694	17464.2884	892	1
1_MACS_peak_22720_lociStitched	chr8	101317014	101323686	1	6673	40871.3376	893	1
3_MACS_peak_21336_lociStitched	chr7	89801458	89813805	3	6668	16770.9301	894	1
2_MACS_peak_22680_lociStitched	chr8	97581405	97588476	2	6660	8121.7506	895	1
2_MACS_peak_8601_lociStitched	chr16	84169599	84179073	2	6659	23873.5326	896	1
2_MACS_peak_15725_lociStitched	chr3	78959274	78969263	2	6657	6610.7202	897	1
1_MACS_peak_11443_lociStitched	chr19	47728692	47735347	1	6656	72490.253	898	1
3_MACS_peak_22988_lociStitched	chr8	131362200	131373937	3	6653	22543.2559	899	1
3_MACS_peak_23591_lociStitched	chr9	91924634	91935356	3	6650	20165.9376	900	1
2_MACS_peak_1326_lociStitched	chr1	150592537	150603629	2	6648	23539.4424	901	1
3_MACS_peak_813_lociStitched	chr1	72340785	72348738	3	6645	4901.4339	902	1
1_MACS_peak_7508_lociStitched	chr15	75491344	75497987	1	6644	53208.4371	903	1
3_MACS_peak_18911_lociStitched	chr5	172191599	172205302	3	6641	25036.7513	904	1
1_MACS_peak_18318_lociStitched	chr5	90674249	90680877	1	6629	21955.25	905	1
2_MACS_peak_10627_lociStitched	chr19	3358696	3368832	2	6629	41159.2552	906	1
1_MACS_peak_16665_lociStitched	chr4	5033082	5039706	1	6625	21170.304	907	1
2_MACS_peak_1244_lociStitched	chr1	145434570	145441531	2	6621	26456.6727	908	1
1_MACS_peak_17585_lociStitched	chr4	185337550	185344156	1	6607	14486.958	909	1
2_MACS_peak_20099_lociStitched	chr6	107810579	107817488	2	6604	7814.7699	910	1
1_MACS_peak_15076_lociStitched	chr3	4870579	4877177	1	6599	15069.1722	911	1
3_MACS_peak_751_lociStitched	chr1	65358307	65365238	3	6599	5418.6558	912	1
2_MACS_peak_7991_lociStitched	chr16	11268213	11278195	2	6590	7885.78	913	1
1_MACS_peak_7513_lociStitched	chr15	75742430	75749017	1	6588	23020.2476	914	1
4_MACS_peak_3927_lociStitched	chr11	73086502	73097272	4	6574	11496.975	915	1
2_MACS_peak_15382_lociStitched	chr3	46132781	46141369	2	6571	11101.7076	916	1
3_MACS_peak_9369_lociStitched	chr17	43517158	43531249	3	6571	6969.4086	917	1
1_MACS_peak_11479_lociStitched	chr19	49135680	49142240	1	6561	25458.704	918	1
1_MACS_peak_21386_lociStitched	chr7	94282146	94288705	1	6560	11384.4563	919	1
1_MACS_peak_5843_lociStitched	chr13	49549005	49555564	1	6560	23037.8316	920	1
2_MACS_peak_4123_lociStitched	chr11	107727789	107736334	2	6546	14723.035	921	1
2_MACS_peak_3862_lociStitched	chr11	67647519	67655495	2	6536	15345.824	922	1
2_MACS_peak_20782_lociStitched	chr7	20232908	20241696	2	6535	6596.2728	923	1
2_MACS_peak_2087_lociStitched	chr1	224927030	224936238	2	6530	7140.804	924	1
2_MACS_peak_15943_lociStitched	chr3	119354870	119362723	2	6529	13946.1427	925	1
1_MACS_peak_5190_lociStitched	chr12	94597511	94604034	1	6524	20507.6597	926	1
2_MACS_peak_8324_lociStitched	chr16	56944180	56952724	2	6523	23078.1984	927	1
2_MACS_peak_9780_lociStitched	chr17	75362473	75371155	2	6522	18686.2686	928	1
1_MACS_peak_22455_lociStitched	chr8	70377634	70384151	1	6518	14012.8534	929	1
1_MACS_peak_3280_lociStitched	chr11	501751	508265	1	6515	29154.7098	930	1
3_MACS_peak_10700_lociStitched	chr19	6765864	6775978	3	6515	13717.6182	931	1
1_MACS_peak_1900_lociStitched	chr1	204375534	204382046	1	6513	18477.8	932	1
2_MACS_peak_528_lociStitched	chr1	40846511	40853914	2	6512	13515.6571	933	1
2_MACS_peak_19094_lociStitched	chr6	4775005	4783128	2	6511	19226.3287	934	1
1_MACS_peak_5189_lociStitched	chr12	94564164	94570671	1	6508	20268.6543	935	1
2_MACS_peak_19551_lociStitched	chr6	34621871	34632760	2	6508	22046.9583	936	1
2_MACS_peak_18032_lociStitched	chr5	54522014	54530843	2	6507	17009.9514	937	1
2_MACS_peak_20508_lociStitched	chr6	158703634	158713331	2	6507	11754.7034	938	1
2_MACS_peak_24770_lociStitched	chrX	129298850	129308895	2	6503	12688.844	939	1
1_MACS_peak_12846_lociStitched	chr2	153923362	153929859	1	6498	12973.2096	940	1
1_MACS_peak_20908_lociStitched	chr7	30323292	30329787	1	6496	43050.159	941	1
2_MACS_peak_19264_lociStitched	chr6	21586849	21597385	2	6490	13027.764	942	1
1_MACS_peak_23219_lociStitched	chr9	5625170	5631655	1	6486	23205.2755	943	1
2_MACS_peak_23483_lociStitched	chr9	70644903	70651630	2	6485	15237.3277	944	1
1_MACS_peak_4365_lociStitched	chr11	132225137	132231619	1	6483	17491.0288	945	1
2_MACS_peak_11320_lociStitched	chr19	42783257	42789749	2	6483	19112.448	946	1
1_MACS_peak_10293_lociStitched	chr18	48718867	48725348	1	6482	42786.2658	947	1
4_MACS_peak_13977_lociStitched	chr20	43989230	44002882	4	6477	13665.652	948	1
3_MACS_peak_3665_lociStitched	chr11	62191820	62202957	3	6473	15336.7627	949	1
4_MACS_peak_21972_lociStitched	chr8	11296477	11310496	4	6473	5422.5492	950	1
2_MACS_peak_3865_lociStitched	chr11	67769662	67778557	2	6471	21990.219	951	1
3_MACS_peak_7451_lociStitched	chr15	70778633	70787543	3	6467	15997.905	952	1
1_MACS_peak_7234_lociStitched	chr15	45016781	45023244	1	6464	19699.8703	953	1
3_MACS_peak_7692_lociStitched	chr15	91472502	91479511	3	6464	12356.867	954	1
2_MACS_peak_2790_lociStitched	chr10	74030622	74037200	2	6462	31095.5216	955	1
2_MACS_peak_20909_lociStitched	chr7	30342135	30350635	2	6461	4995.45	956	1
2_MACS_peak_14849_lociStitched	chr22	39095452	39103728	2	6460	23445.908	957	1
2_MACS_peak_22721_lociStitched	chr8	101334397	101342549	2	6449	10383.2024	958	1
2_MACS_peak_18668_lociStitched	chr5	139486433	139495038	2	6448	33446.7745	959	1
2_MACS_peak_10041_lociStitched	chr18	12221510	12229169	2	6444	12570.7167	960	1
2_MACS_peak_1734_lociStitched	chr1	183864069	183872247	2	6443	10787.5998	961	1
2_MACS_peak_19501_lociStitched	chr6	32588391	32596508	2	6440	13462.8562	962	1
2_MACS_peak_5973_lociStitched	chr13	77453358	77461267	2	6437	8889.716	963	1
2_MACS_peak_3296_lociStitched	chr11	826627	833992	2	6435	15917.238	964	1
2_MACS_peak_4531_lociStitched	chr12	12844054	12852144	2	6429	12391.453	965	1
2_MACS_peak_11512_lociStitched	chr19	49953802	49962805	2	6428	19157.4837	966	1
1_MACS_peak_7045_lociStitched	chr15	29211094	29217515	1	6422	6652.7981	967	1
1_MACS_peak_21851_lociStitched	chr7	151211622	151218039	1	6418	34829.5509	968	1
1_MACS_peak_18667_lociStitched	chr5	139417311	139423728	1	6418	18951.3261	969	1
1_MACS_peak_2136_lociStitched	chr1	228673719	228680135	1	6417	47513.0464	970	1
1_MACS_peak_1887_lociStitched	chr1	203254980	203261396	1	6417	38782.1536	971	1
2_MACS_peak_1573_lociStitched	chr1	162595931	162604360	2	6416	12737.9048	972	1
1_MACS_peak_20207_lociStitched	chr6	119212286	119218699	1	6414	18720.1883	973	1
1_MACS_peak_5298_lociStitched	chr12	108172695	108179108	1	6414	10488.4615	974	1
2_MACS_peak_23500_lociStitched	chr9	72658621	72665111	2	6414	6667.826	975	1
3_MACS_peak_17152_lociStitched	chr4	99576832	99585641	3	6413	9430.0345	976	1
3_MACS_peak_53_lociStitched	chr1	1820700	1829459	3	6404	29390.8245	977	1
1_MACS_peak_16153_lociStitched	chr3	143688996	143695395	1	6400	22083.5889	978	1
2_MACS_peak_13610_lociStitched	chr20	4089027	4095493	2	6396	11620.6952	979	1
2_MACS_peak_22768_lociStitched	chr8	103665326	103675621	2	6394	42168.32	980	1
2_MACS_peak_7347_lociStitched	chr15	59605074	59615819	2	6392	7152.9465	981	1
3_MACS_peak_17074_lociStitched	chr4	84133062	84143261	3	6386	8781.339	982	1
1_MACS_peak_4146_lociStitched	chr11	111168419	111174803	1	6385	46060.56	983	1
1_MACS_peak_2434_lociStitched	chr10	17268627	17275010	1	6384	25022.6366	984	1
2_MACS_peak_23325_lociStitched	chr9	23843868	23852533	2	6384	10051.4	985	1
1_MACS_peak_6719_lociStitched	chr14	81421081	81427461	1	6381	13698.498	986	1
2_MACS_peak_9081_lociStitched	chr17	27915112	27921616	2	6374	11789.1504	987	1
2_MACS_peak_22332_lociStitched	chr8	54810303	54816787	2	6373	8600.3776	988	1
1_MACS_peak_7443_lociStitched	chr15	70387169	70393539	1	6371	27543.88	989	1
1_MACS_peak_2789_lociStitched	chr10	74018431	74024796	1	6366	16934.0825	990	1
4_MACS_peak_17900_lociStitched	chr5	33848116	33860233	4	6365	10719.9099	991	1
1_MACS_peak_4496_lociStitched	chr12	10017215	10023578	1	6364	17469.6165	992	1
1_MACS_peak_22926_lociStitched	chr8	126161815	126168176	1	6362	8850.0593	993	1
3_MACS_peak_11394_lociStitched	chr19	45921625	45932606	3	6362	12164.7518	994	1
1_MACS_peak_23081_lociStitched	chr8	142424201	142430556	1	6356	53093.483	995	1
2_MACS_peak_1675_lociStitched	chr1	177786193	177795617	2	6356	14061.5504	996	1
1_MACS_peak_17740_lociStitched	chr5	7868169	7874520	1	6352	24449.4447	997	1
4_MACS_peak_24836_lociStitched	chrX	149736383	149746169	4	6352	8015.7126	998	1
1_MACS_peak_8614_lociStitched	chr16	85586172	85592521	1	6350	35329.0105	999	1
2_MACS_peak_20491_lociStitched	chr6	157097477	157104037	2	6348	38683.008	1000	1
3_MACS_peak_10976_lociStitched	chr19	17413114	17421455	3	6347	23154.616	1001	1
2_MACS_peak_5197_lociStitched	chr12	95156181	95164788	2	6339	8149.1076	1002	1
2_MACS_peak_1422_lociStitched	chr1	155050871	155059327	2	6337	13829.788	1003	1
1_MACS_peak_7739_lociStitched	chr15	99645027	99651362	1	6336	7118.006	1004	1
2_MACS_peak_12339_lociStitched	chr2	73333397	73340982	2	6332	8725.0255	1005	1
2_MACS_peak_5791_lociStitched	chr13	42613461	42624125	2	6332	21299.2072	1006	1
1_MACS_peak_15384_lociStitched	chr3	46147608	46153937	1	6330	12292.8167	1007	1
3_MACS_peak_4551_lociStitched	chr12	14104949	14114377	3	6321	7698.9048	1008	1
2_MACS_peak_1638_lociStitched	chr1	172322509	172330654	2	6320	16748.5635	1009	1
2_MACS_peak_5254_lociStitched	chr12	104318869	104326194	2	6313	14933.4775	1010	1
1_MACS_peak_19850_lociStitched	chr6	73328827	73335135	1	6309	26070.964	1011	1
1_MACS_peak_3794_lociStitched	chr11	65623837	65630143	1	6307	33191.631	1012	1
2_MACS_peak_4310_lociStitched	chr11	126172856	126182532	2	6304	13832.8096	1013	1
1_MACS_peak_2891_lociStitched	chr10	90749376	90755678	1	6303	23032.5496	1014	1
2_MACS_peak_12013_lociStitched	chr2	37310328	37320703	2	6299	8278.2125	1015	1
3_MACS_peak_21047_lociStitched	chr7	45482554	45491381	3	6298	9923.3134	1016	1
1_MACS_peak_9832_lociStitched	chr17	76740466	76746762	1	6297	11895.0328	1017	1
1_MACS_peak_14250_lociStitched	chr21	16131023	16137317	1	6295	16914.4956	1018	1
2_MACS_peak_21290_lociStitched	chr7	81313395	81321592	2	6293	4102.5985	1019	1
2_MACS_peak_23435_lociStitched	chr9	42250071	42256779	2	6289	9371.076	1020	1
3_MACS_peak_3934_lociStitched	chr11	73489893	73500371	3	6281	21455.8006	1021	1
2_MACS_peak_9851_lociStitched	chr17	77810169	77819108	2	6273	13493.4205	1022	1
2_MACS_peak_3668_lociStitched	chr11	62210955	62218799	2	6271	9518.694	1023	1
2_MACS_peak_9716_lociStitched	chr17	73284130	73293254	2	6271	11539.1228	1024	1
1_MACS_peak_1191_lociStitched	chr1	120607930	120614193	1	6264	58336.7135	1025	1
1_MACS_peak_8659_lociStitched	chr16	88846304	88852561	1	6258	25444.0905	1026	1
3_MACS_peak_10089_lociStitched	chr18	19315103	19328170	3	6258	20647.1667	1027	1
2_MACS_peak_4248_lociStitched	chr11	119591919	119600955	2	6256	17690.6808	1028	1
1_MACS_peak_19081_lociStitched	chr6	3022315	3028568	1	6254	21487.1839	1029	1
3_MACS_peak_12292_lociStitched	chr2	68941593	68955225	3	6253	9346.0992	1030	1
1_MACS_peak_6418_lociStitched	chr14	52115976	52122226	1	6251	14474.375	1031	1
3_MACS_peak_23295_lociStitched	chr9	20375112	20383068	3	6251	5046.4908	1032	1
2_MACS_peak_16731_lociStitched	chr4	13545321	13551716	2	6245	15172.1375	1033	1
2_MACS_peak_20293_lociStitched	chr6	134493860	134500578	2	6244	22074.0044	1034	1
3_MACS_peak_20167_lociStitched	chr6	113949913	113956926	3	6241	8637.2108	1035	1
2_MACS_peak_21350_lociStitched	chr7	90557876	90564167	2	6235	13733.8821	1036	1
2_MACS_peak_19469_lociStitched	chr6	31755447	31764550	2	6234	52820.1575	1037	1
2_MACS_peak_1311_lociStitched	chr1	150130286	150138770	2	6233	9606.4332	1038	1
3_MACS_peak_20953_lociStitched	chr7	37244372	37253625	3	6233	6105.1294	1039	1
3_MACS_peak_10792_lociStitched	chr19	10675082	10683286	3	6232	16836.2488	1040	1
2_MACS_peak_8500_lociStitched	chr16	72507558	72518183	2	6215	8323.625	1041	1
1_MACS_peak_20323_lociStitched	chr6	135499742	135505949	1	6208	24350.6817	1042	1
1_MACS_peak_23008_lociStitched	chr8	134244062	134250267	1	6206	31335.25	1043	1
3_MACS_peak_24096_lociStitched	chr9	139293505	139305869	3	6205	11726.0176	1044	1
1_MACS_peak_17378_lociStitched	chr4	144275416	144281618	1	6203	7916.2328	1045	1
1_MACS_peak_13103_lociStitched	chr2	192539312	192545514	1	6203	20443.0324	1046	1
2_MACS_peak_7891_lociStitched	chr16	3012898	3021099	2	6203	19586.4483	1047	1
2_MACS_peak_24130_lociStitched	chr9	140044323	140054929	2	6201	9880.5496	1048	1
1_MACS_peak_241_lociStitched	chr1	17763399	17769595	1	6197	40184.7776	1049	1
