#22_0F28_0229Kronos_MM1S-No-Treatment-2_H3K27me3_hs-dm_i04_peaks Enhancers
#Created from /data/projects/IRF4_mm_trn_data/p300_internal_ChIP/rose/22_0F28_0229Kronos_MM1S-No-Treatment-2_H3K27me3_hs-dm_i04_ROSE/22_0F28_0229Kronos_MM1S-No-Treatment-2_H3K27me3_hs-dm_i04_peaks_1KB_STITCHED_ENHANCER_REGION_MAP.txt
#Ranked by X22_0F28_0229Kronos_MM1S.No.Treatment.2_H3K27me3_hs.dm_i04.bam
#Using cutoff of 13237.2108 for Super-Enhancers
#Created on Jul 18 2024 
REGION_ID	CHROM	START	STOP	NUM_LOCI	CONSTITUENT_SIZE	X22_0F28_0229Kronos_MM1S.No.Treatment.2_H3K27me3_hs.dm_i04.bam	X36_0EXO_0229Kronos_MM1S.No.Treatment.2_Input_hs_i78.bam	enhancerRank	isSuperStretch
18_MACS_peak_14576_lociStitched	chr19	1670401	1812371	18	137666	262289.575	20457.877	1	1
41_MACS_peak_13717_lociStitched	chr17	77081128	77239871	41	149362	204683.2242	11953.3479	2	1
38_MACS_peak_14884_lociStitched	chr19	3783472	3909802	38	117309	163723.68	14818.509	3	1
18_MACS_peak_14501_lociStitched	chr19	681184	791716	18	107245	180255.5856	14413.3728	4	1
44_MACS_peak_13796_lociStitched	chr17	77349494	77456382	44	96950	120323.8216	8743.4384	5	1
23_MACS_peak_1610_lociStitched	chr1	10755043	10852243	23	93900	124629.84	8213.4	6	1
12_MACS_peak_31661_lociStitched	chr9	139525808	139614552	12	86350	138671.3744	8475.052	7	1
18_MACS_peak_9912_lociStitched	chr16	1249562	1340600	18	87612	134271.9462	7565.2578	8	1
15_MACS_peak_21496_lociStitched	chr21	46708840	46795343	15	83796	135974.0657	9757.5384	9	1
11_MACS_peak_20568_lociStitched	chr20	60985015	61071407	11	84928	127609.6232	6911.36	10	1
6_MACS_peak_14153_lociStitched	chr17	78996945	79074613	6	76128	137907.3008	7393.9936	11	1
8_MACS_peak_6106_lociStitched	chr11	1982408	2063137	8	79794	129109.8897	6337.2265	12	1
17_MACS_peak_21203_lociStitched	chr21	44147783	44230694	17	79179	128122.3683	10678.9368	13	1
15_MACS_peak_25400_lociStitched	chr4	9211661	9274600	15	61594	155792.9067	16892.8276	14	1
18_MACS_peak_6003_lociStitched	chr11	1616700	1700326	18	80126	112384.9814	9366.112	15	1
32_MACS_peak_22312_lociStitched	chr22	37458434	37547280	32	80219	100005.0576	8626.9466	16	1
5_MACS_peak_14539_lociStitched	chr19	1282705	1344160	5	60968	132171.2685	8499.2265	17	1
11_MACS_peak_8428_lociStitched	chr12	54337845	54411949	11	72303	113356.8888	8121.7984	18	1
15_MACS_peak_21445_lociStitched	chr21	46404284	46477324	15	69471	112591.16	8363.08	19	1
2_MACS_peak_15647_lociStitched	chr19	8851022	8900834	2	49486	149440.9812	20129.0292	20	1
28_MACS_peak_30327_lociStitched	chr9	133835639	133916145	28	73146	96188.5688	7358.2484	21	1
7_MACS_peak_14976_lociStitched	chr19	4557718	4624601	7	65690	112309.9336	9878.6191	22	1
12_MACS_peak_14194_lociStitched	chr17	79328015	79398549	12	67893	103677.9266	5960.123	23	1
7_MACS_peak_17966_lociStitched	chr19	48404648	48466012	7	60050	129606.9044	20581.4856	24	1
18_MACS_peak_12882_lociStitched	chr17	48633894	48706037	18	69525	97941.3368	7603.8722	25	1
11_MACS_peak_20584_lociStitched	chr20	61141411	61209569	11	65555	100921.5506	5384.482	26	1
5_MACS_peak_21440_lociStitched	chr21	46301980	46359017	5	56042	114678.5922	7089.6991	27	1
5_MACS_peak_12834_lociStitched	chr17	47967231	48031511	5	64102	95622.928	5984.468	28	1
25_MACS_peak_16434_lociStitched	chr19	18059346	18130978	25	65993	92054.2832	6926.8144	29	1
9_MACS_peak_11344_lociStitched	chr17	1041182	1106205	9	63279	97124.8551	7152.53	30	1
21_MACS_peak_28973_lociStitched	chr8	141990594	142060052	21	64903	92622.243	8571.1172	31	1
6_MACS_peak_21188_lociStitched	chr21	44055793	44120310	6	62076	93872.235	8045.2699	32	1
29_MACS_peak_1653_lociStitched	chr1	10906895	10980795	29	65813	80565.78	6710.12	33	1
15_MACS_peak_4378_lociStitched	chr1	156821890	156885756	15	60919	94362.015	10352.6786	34	1
13_MACS_peak_21512_lociStitched	chr21	46796615	46856376	13	57698	91517.9954	5521.9164	35	1
11_MACS_peak_21525_lociStitched	chr21	46858182	46919974	11	58519	89079.3472	6605.5648	36	1
9_MACS_peak_25415_lociStitched	chr4	9324615	9370915	9	45677	111703.38	11996.33	37	1
11_MACS_peak_22368_lociStitched	chr22	37771468	37832156	11	58905	78111.5248	5728.9472	38	1
9_MACS_peak_1093_lociStitched	chr1	6474985	6530084	9	53845	83419.886	5366.6426	39	1
24_MACS_peak_6528_lociStitched	chr11	61433856	61499432	24	59209	73123.7976	6039.5496	40	1
7_MACS_peak_24_lociStitched	chr1	829177	878744	7	47471	89884.7978	4649.3846	41	1
20_MACS_peak_30092_lociStitched	chr9	132405361	132468643	20	56488	72894.5358	5613.1134	42	1
21_MACS_peak_304_lociStitched	chr1	2348719	2411265	21	55845	72153.0656	4115.5268	43	1
14_MACS_peak_746_lociStitched	chr1	3430638	3488225	14	55496	71200.5668	3812.2594	44	1
8_MACS_peak_30317_lociStitched	chr9	133770784	133825585	8	53290	75433.5765	4131.9954	45	1
7_MACS_peak_14206_lociStitched	chr17	79400019	79451556	7	50859	77305.5	3514.8234	46	1
10_MACS_peak_20602_lociStitched	chr20	61315543	61369187	10	51991	75278.6252	4736.7652	47	1
13_MACS_peak_22355_lociStitched	chr22	37710799	37768741	13	54126	71181.747	5492.9016	48	1
17_MACS_peak_9882_lociStitched	chr16	1144320	1201808	17	53618	70790.7232	4179.3776	49	1
1_MACS_peak_18313_lociStitched	chr19	50594137	50643079	1	48943	88178.8014	13919.1048	50	1
37_MACS_peak_585_lociStitched	chr1	3100806	3165805	37	55502	64498.5077	3704.943	51	1
5_MACS_peak_20733_lociStitched	chr20	61850270	61900944	5	50202	75276.227	4053.92	52	1
13_MACS_peak_18155_lociStitched	chr19	49519972	49574946	13	51859	68382.1586	5497.4	53	1
15_MACS_peak_20647_lociStitched	chr20	61590623	61640579	15	48570	68669.5176	4436.0928	54	1
22_MACS_peak_30769_lociStitched	chr9	136369197	136425615	22	49182	63222.0108	4293.4098	55	1
11_MACS_peak_290_lociStitched	chr1	2244697	2293409	11	46610	66603.9176	3331.9008	56	1
17_MACS_peak_20614_lociStitched	chr20	61375065	61424879	17	45451	69973.7258	4772.1812	57	1
12_MACS_peak_31649_lociStitched	chr9	139477245	139524492	12	46099	66405.6585	3666.3672	58	1
6_MACS_peak_29921_lociStitched	chr9	129371341	129417527	6	45424	68128.9686	4202.926	59	1
3_MACS_peak_26208_lociStitched	chr6	31991229	32032510	3	40536	76068.4987	5007.3853	60	1
12_MACS_peak_30452_lociStitched	chr9	135020763	135070551	12	47504	61742.0988	4217.0436	61	1
10_MACS_peak_14828_lociStitched	chr19	3385266	3435079	10	47453	62076.9606	6156.8868	62	1
21_MACS_peak_16478_lociStitched	chr19	18317197	18371456	21	46665	61659.9276	5805.713	63	1
13_MACS_peak_1978_lociStitched	chr1	16432825	16484097	13	46240	60295.872	4511.936	64	1
12_MACS_peak_30112_lociStitched	chr9	132469940	132519968	12	46091	61024.1544	5002.8	65	1
6_MACS_peak_24448_lociStitched	chr4	1751809	1794701	6	41141	69073.2768	3847.4124	66	1
14_MACS_peak_15198_lociStitched	chr19	5840828	5890571	14	46489	61243.5816	7053.5574	67	1
25_MACS_peak_6051_lociStitched	chr11	1787218	1838483	25	45424	58370.329	4839.416	68	1
13_MACS_peak_12839_lociStitched	chr17	48032629	48078701	13	43232	62671.7416	4860.596	69	1
14_MACS_peak_14561_lociStitched	chr19	1508442	1552726	14	40366	68184.0748	5619.6396	70	1
19_MACS_peak_1633_lociStitched	chr1	10853663	10903325	19	45786	56182.6206	4315.6278	71	1
25_MACS_peak_29020_lociStitched	chr8	142358983	142411290	25	46342	54519.5861	4451.3257	72	1
12_MACS_peak_18887_lociStitched	chr2	26776438	26822269	12	42680	59878.2015	5325.5622	74	1
7_MACS_peak_1954_lociStitched	chr1	16338962	16380725	7	40944	61450.0782	3967.485	75	1
7_MACS_peak_8489_lociStitched	chr12	57577119	57619793	7	40772	62833.1976	5120.88	76	1
7_MACS_peak_27722_lociStitched	chr7	150862719	150905319	7	41445	62362.14	6385.74	77	1
11_MACS_peak_26156_lociStitched	chr6	30408597	30450752	11	40643	62414.693	6260.0175	78	1
5_MACS_peak_21136_lociStitched	chr21	43762890	43804121	5	40340	59834.4272	6052.7108	79	1
12_MACS_peak_13333_lociStitched	chr17	72909181	72952427	12	42101	53862.893	4091.0716	80	1
6_MACS_peak_21779_lociStitched	chr22	20151877	20192753	6	39691	56641.8732	3290.518	81	1
16_MACS_peak_6772_lociStitched	chr11	64474875	64519616	16	38921	59246.0322	4773.8647	82	1
8_MACS_peak_24493_lociStitched	chr4	3458732	3498663	8	38397	57628.4192	3422.0867	83	1
6_MACS_peak_4369_lociStitched	chr1	156639774	156678682	6	37236	62474.5756	7092.9284	84	1
21_MACS_peak_11354_lociStitched	chr17	1110253	1156100	21	41683	50816.8148	4864.3667	85	1
20_MACS_peak_189_lociStitched	chr1	1934586	1981815	20	41617	49222.0638	3405.2109	86	1
12_MACS_peak_17420_lociStitched	chr19	42468144	42510748	12	39818	53514.8844	4115.5464	87	1
13_MACS_peak_21745_lociStitched	chr22	19719323	19761776	13	40670	50939.3547	3655.2033	88	1
12_MACS_peak_20945_lociStitched	chr20	62823758	62865939	12	39470	51954.3377	3749.8909	89	1
6_MACS_peak_20803_lociStitched	chr20	62082394	62122396	6	38070	53538.6768	2572.1286	90	1
2_MACS_peak_31630_lociStitched	chr9	139216976	139252368	2	34710	59670.912	3061.408	91	1
7_MACS_peak_22661_lociStitched	chr22	42918762	42957308	7	36878	60197.2882	7369.9952	92	1
23_MACS_peak_3875_lociStitched	chr1	32123507	32169855	23	41336	47400.0996	4606.9912	93	1
2_MACS_peak_27705_lociStitched	chr7	149498762	149531623	2	32706	62232.1618	4577.5373	94	1
11_MACS_peak_77_lociStitched	chr1	1093830	1132285	11	35334	56113.536	3257.1385	95	1
13_MACS_peak_31600_lociStitched	chr9	139013450	139054237	13	37861	50645.2179	3307.8257	96	1
12_MACS_peak_5859_lociStitched	chr11	1026328	1065998	12	37249	51654.307	3300.544	97	1
9_MACS_peak_21298_lociStitched	chr21	45761397	45801021	9	38076	50207.5704	4861.8648	98	1
15_MACS_peak_24013_lociStitched	chr3	50219480	50259509	15	37494	51149.0562	4611.3408	99	1
9_MACS_peak_14519_lociStitched	chr19	819366	856448	9	34914	56286.7678	4820.66	100	1
10_MACS_peak_21785_lociStitched	chr22	20197737	20236420	10	36023	48489.1405	3280.3184	101	1
34_MACS_peak_3339_lociStitched	chr1	23167679	23214525	34	38267	44082.086	4024.0714	102	1
13_MACS_peak_31714_lociStitched	chr9	139918467	139954173	13	33578	52359.2784	3706.2828	103	1
13_MACS_peak_5287_lociStitched	chr10	102482737	102520853	13	34869	49920.5252	3830.658	104	1
23_MACS_peak_11283_lociStitched	chr17	782334	826940	23	38012	41965.3248	3608.6254	105	1
16_MACS_peak_20777_lociStitched	chr20	62023381	62062735	16	36700	44159.1234	2802.0048	106	1
6_MACS_peak_19296_lociStitched	chr2	220328653	220362823	6	33202	50827.875	3618.603	107	1
8_MACS_peak_15212_lociStitched	chr19	5991298	6028176	8	35190	47937.7122	5185.0468	108	1
9_MACS_peak_30755_lociStitched	chr9	136287020	136324421	9	34775	46698.8886	3504.4737	109	1
6_MACS_peak_14165_lociStitched	chr17	79112497	79147044	6	33246	49139.6528	3053.9548	110	1
15_MACS_peak_26211_lociStitched	chr6	32034431	32073187	15	35129	46092.5108	4212.7772	111	1
12_MACS_peak_31614_lociStitched	chr9	139058917	139096225	12	34186	46269.3816	2492.1744	112	1
4_MACS_peak_14941_lociStitched	chr19	4141345	4173350	4	31778	52123.343	4096.64	113	1
3_MACS_peak_14956_lociStitched	chr19	4275548	4310364	3	33591	48958.2592	4439.04	114	1
18_MACS_peak_8663_lociStitched	chr13	113627601	113665369	18	34871	44770.1872	3516.2008	115	1
18_MACS_peak_22537_lociStitched	chr22	40068011	40106746	18	35248	42945.4945	3180.1435	116	1
12_MACS_peak_26881_lociStitched	chr7	2531967	2569773	12	33595	46157.3454	3202.1682	117	1
9_MACS_peak_35_lociStitched	chr1	913717	947831	9	32670	48261.0758	3544.4446	118	1
9_MACS_peak_21346_lociStitched	chr21	45907822	45942865	9	33029	47665.4886	3700.5408	119	1
8_MACS_peak_14987_lociStitched	chr19	4733501	4767685	8	33465	47642.2408	4744.7392	120	1
12_MACS_peak_12787_lociStitched	chr17	47555217	47592028	12	34272	45093.475	3901.966	121	1
7_MACS_peak_14945_lociStitched	chr19	4183589	4217513	7	32488	48881.0916	5451.5868	123	1
8_MACS_peak_6155_lociStitched	chr11	2190089	2226426	8	34119	42681.4402	2979.634	124	1
27_MACS_peak_24050_lociStitched	chr3	50445270	50488543	27	35421	40075.1253	3725.8053	125	1
18_MACS_peak_27278_lociStitched	chr7	100213046	100250688	18	34699	41259.3962	3783.021	126	1
5_MACS_peak_14969_lociStitched	chr19	4512326	4542752	5	29610	51708.987	4411.77	127	1
5_MACS_peak_24288_lociStitched	chr3	184274021	184306225	5	31613	49085.3368	5403.8312	128	1
11_MACS_peak_9899_lociStitched	chr16	1204400	1239447	11	33196	42533.0392	2120.3435	129	1
15_MACS_peak_6184_lociStitched	chr11	2305544	2344096	15	33828	41601.4632	2976.2144	130	1
2_MACS_peak_26206_lociStitched	chr6	31958057	31985300	2	27153	53665.9857	3367.2348	131	1
23_MACS_peak_20051_lociStitched	chr20	56126935	56168306	23	34321	40626.322	3578.5915	132	1
4_MACS_peak_767_lociStitched	chr1	3502843	3535869	4	32083	43914.6722	2493.463	133	1
12_MACS_peak_19573_lociStitched	chr20	30426155	30462888	12	31916	45989.716	4609.9915	134	1
4_MACS_peak_31626_lociStitched	chr9	139138269	139167026	4	27875	50629.5742	3002.2308	135	1
9_MACS_peak_31674_lociStitched	chr9	139627256	139658861	9	29736	46576.2885	2866.5735	136	1
14_MACS_peak_16459_lociStitched	chr19	18134160	18169424	14	33498	39714.3168	4002.464	137	1
6_MACS_peak_1604_lociStitched	chr1	10722288	10753599	6	30675	44583.7329	2752.2369	138	1
8_MACS_peak_14008_lociStitched	chr17	77900211	77933544	8	32206	40462.9287	2893.3044	139	1
22_MACS_peak_9853_lociStitched	chr16	1084885	1121911	22	31814	40528.6596	2225.2626	140	1
2_MACS_peak_27703_lociStitched	chr7	149470108	149496144	2	25728	52306.324	3579.95	141	1
17_MACS_peak_30849_lociStitched	chr9	136534730	136571977	17	32606	38822.5481	2547.6948	142	1
15_MACS_peak_18093_lociStitched	chr19	49173885	49210058	15	33237	38346.9973	3635.3865	143	1
13_MACS_peak_22392_lociStitched	chr22	37888382	37923724	13	31971	40954.3096	3279.7376	144	1
10_MACS_peak_30628_lociStitched	chr9	135848336	135881503	10	31990	40082.3195	2935.2795	145	1
26_MACS_peak_18335_lociStitched	chr19	50931026	50974821	26	32535	38815.5085	4077.3145	146	1
4_MACS_peak_27729_lociStitched	chr7	150940724	150968442	4	26677	50682.363	4809.073	147	1
17_MACS_peak_11263_lociStitched	chr17	739730	775778	17	32257	37547.5968	2941.5168	148	1
15_MACS_peak_22624_lociStitched	chr22	42795670	42831076	15	31344	39658.2606	3200.7024	149	1
17_MACS_peak_1786_lociStitched	chr1	11487183	11523827	17	32225	37281.6056	3037.7876	150	1
17_MACS_peak_21797_lociStitched	chr22	20245220	20281111	17	30853	40212.2764	3097.3933	151	1
7_MACS_peak_14111_lociStitched	chr17	78430454	78461508	7	29620	41146.55	2577.482	152	1
2_MACS_peak_4359_lociStitched	chr1	156389241	156415981	2	26740	49161.49	5794.558	153	1
9_MACS_peak_13433_lociStitched	chr17	74871896	74903948	9	30676	38529.7092	3275.7144	154	1
7_MACS_peak_25937_lociStitched	chr5	176267140	176297593	7	29633	39305.6871	2271.7938	155	1
9_MACS_peak_13957_lociStitched	chr17	77735006	77766050	9	28435	42002.532	2800.1688	156	1
17_MACS_peak_16819_lociStitched	chr19	35988036	36022588	17	30290	38553.1216	3216.7912	157	1
8_MACS_peak_17794_lociStitched	chr19	47115007	47145813	8	29695	40013.9134	3875.3948	158	1
10_MACS_peak_18655_lociStitched	chr19	55996554	56028086	10	28757	40401.9516	2828.4204	159	1
4_MACS_peak_14929_lociStitched	chr19	3924508	3953187	4	28423	41573.0784	3424.2726	160	1
11_MACS_peak_10080_lociStitched	chr16	3078464	3108451	11	28063	42140.7311	3334.5544	161	1
13_MACS_peak_12712_lociStitched	chr17	46799718	46833218	13	28624	41593.6	4003.25	162	1
9_MACS_peak_17838_lociStitched	chr19	47900910	47930707	9	28642	40535.8388	3164.4414	163	1
4_MACS_peak_13758_lociStitched	chr17	77241404	77271445	4	29674	36887.3439	2436.3251	164	1
7_MACS_peak_14175_lociStitched	chr17	79272238	79300880	7	27273	41585.3198	2446.0268	165	1
12_MACS_peak_13581_lociStitched	chr17	76306161	76338973	12	29579	37382.7116	3622.4448	166	1
7_MACS_peak_6099_lociStitched	chr11	1938274	1968100	7	27838	39772.971	2436.7842	167	1
9_MACS_peak_18240_lociStitched	chr19	49916023	49946104	9	28754	38241.9753	2947.938	168	1
14_MACS_peak_12771_lociStitched	chr17	47507656	47540111	14	30035	35872.5115	3625.2235	169	1
9_MACS_peak_11423_lociStitched	chr17	1828905	1858205	9	28394	38087.07	2549.1	170	1
12_MACS_peak_29623_lociStitched	chr8	144938242	144970221	12	27894	39590.002	3156.3273	171	1
17_MACS_peak_13624_lociStitched	chr17	76476547	76511879	17	28665	37540.25	2939.6224	172	1
5_MACS_peak_19245_lociStitched	chr2	219845449	219871522	5	25723	42475.5243	2873.2446	173	1
12_MACS_peak_6140_lociStitched	chr11	2149337	2182138	12	28686	36415.6702	2601.1193	174	1
6_MACS_peak_31594_lociStitched	chr9	138970209	138998876	6	26905	39336.8574	2118.4913	175	1
18_MACS_peak_11937_lociStitched	chr17	18969773	19005201	18	30966	31608.8616	4074.22	176	1
12_MACS_peak_18587_lociStitched	chr19	55631084	55662575	12	28967	35383.2876	3284.5113	177	1
22_MACS_peak_30230_lociStitched	chr9	133249565	133285205	22	28808	34374.78	2640.924	178	1
9_MACS_peak_30154_lociStitched	chr9	132929301	132959276	9	28074	36011.965	2889.59	179	1
10_MACS_peak_17408_lociStitched	chr19	42414852	42442724	10	25187	41228.2624	3169.0464	180	1
2_MACS_peak_2042_lociStitched	chr1	17011929	17029339	2	17253	51805.196	3602.129	181	1
9_MACS_peak_11445_lociStitched	chr17	1904761	1933350	9	26385	37983.3454	2833.1699	182	1
9_MACS_peak_10031_lociStitched	chr16	2855107	2883867	9	27214	35921.24	2924.892	183	1
11_MACS_peak_6448_lociStitched	chr11	61281959	61311358	11	26571	36960.4228	2734.107	184	1
7_MACS_peak_21124_lociStitched	chr21	43717445	43744348	7	26139	39003.9694	3930.5283	185	1
10_MACS_peak_15397_lociStitched	chr19	7634251	7664034	10	27486	35319.6597	3856.8985	186	1
8_MACS_peak_22476_lociStitched	chr22	39221427	39249793	8	26851	35477.3562	2802.5608	187	1
13_MACS_peak_14126_lociStitched	chr17	78478326	78509954	13	27471	33822.9832	2618.7984	188	1
16_MACS_peak_8101_lociStitched	chr12	3378369	3408889	16	27595	32631.984	2490.432	189	1
6_MACS_peak_15835_lociStitched	chr19	13103335	13128918	6	24658	38305.4259	2627.3741	190	1
10_MACS_peak_18073_lociStitched	chr19	49080593	49110686	10	26959	34363.1967	3400.509	191	1
5_MACS_peak_1062_lociStitched	chr1	6180964	6208514	5	25922	35528.48	2333.485	192	1
22_MACS_peak_24650_lociStitched	chr4	3854789	3887172	22	27933	31534.5654	3001.9041	193	1
15_MACS_peak_15741_lociStitched	chr19	11357024	11390183	15	26704	34269.8265	3193.2117	194	1
19_MACS_peak_21325_lociStitched	chr21	45865294	45899454	19	27083	33674.928	3528.728	195	1
7_MACS_peak_13323_lociStitched	chr17	72873477	72902074	7	27334	32386.1025	2868.2791	196	1
16_MACS_peak_2091_lociStitched	chr1	17408788	17440112	16	26829	33053.0848	2559.1708	197	1
2_MACS_peak_6233_lociStitched	chr11	2426304	2449031	2	21787	41138.1427	1995.4306	198	1
4_MACS_peak_3011_lociStitched	chr1	21908346	21933822	4	24693	36438.3228	2402.3868	199	1
18_MACS_peak_11966_lociStitched	chr17	19056350	19089283	18	28159	29204.9844	3708.2558	200	1
16_MACS_peak_3084_lociStitched	chr1	22567834	22598040	16	26908	31118.2212	2322.8414	201	1
5_MACS_peak_29936_lociStitched	chr9	129442569	129469284	5	24974	35912.9745	2922.621	202	1
10_MACS_peak_13398_lociStitched	chr17	74515288	74542278	10	26009	34055.982	3400.74	203	1
4_MACS_peak_12244_lociStitched	chr17	36716212	36739684	4	23253	38160.7776	2441.088	204	1
2_MACS_peak_19302_lociStitched	chr2	220374402	220398587	2	24180	36444.3765	2491.055	205	1
7_MACS_peak_15415_lociStitched	chr19	7718976	7744905	7	25179	35507.1726	3523.7511	206	1
10_MACS_peak_24000_lociStitched	chr3	50183931	50211657	10	26163	32566.9596	2805.8712	207	1
6_MACS_peak_8455_lociStitched	chr12	54585768	54613389	6	26072	33797.0556	3949.803	208	1
14_MACS_peak_30934_lociStitched	chr9	137104548	137134910	14	25376	33185.666	1979.6024	209	1
22_MACS_peak_5910_lociStitched	chr11	1238022	1270902	22	26840	29756.4	2110.896	210	1
5_MACS_peak_14020_lociStitched	chr17	77942860	77968421	5	24966	34103.4862	2315.8266	211	1
9_MACS_peak_31529_lociStitched	chr9	138661102	138687308	9	25282	32532.1284	1614.2896	212	1
16_MACS_peak_20759_lociStitched	chr20	61986192	62016983	16	25876	30941.8759	1936.7539	213	1
11_MACS_peak_11530_lociStitched	chr17	4478082	4506134	11	24217	35008.896	2586.3944	214	1
14_MACS_peak_3181_lociStitched	chr1	22872173	22902315	14	25870	30184.1988	2215.437	215	1
10_MACS_peak_12824_lociStitched	chr17	47938130	47965851	10	25955	30778.6263	3121.3846	216	1
5_MACS_peak_31698_lociStitched	chr9	139862204	139887653	5	23080	35816.9226	2438.0142	217	1
16_MACS_peak_730_lociStitched	chr1	3400442	3429635	16	25641	29756.4249	1795.3695	218	1
12_MACS_peak_23730_lociStitched	chr3	12903804	12933347	12	25674	31368.7574	3524.4799	219	1
7_MACS_peak_4351_lociStitched	chr1	156355568	156382547	7	24377	33931.4883	3952.4235	220	1
10_MACS_peak_50_lociStitched	chr1	977938	1003658	10	23831	33019.336	1934.144	221	1
6_MACS_peak_14284_lociStitched	chr17	81011022	81037210	6	24474	31957.2164	2286.2124	222	1
10_MACS_peak_18601_lociStitched	chr19	55673118	55700706	10	24965	30887.5248	3161.5848	223	1
7_MACS_peak_7014_lociStitched	chr11	68758683	68783159	7	23704	32029.2936	1750.034	224	1
12_MACS_peak_9841_lociStitched	chr16	1055485	1082141	12	24060	31059.5712	1692.656	225	1
11_MACS_peak_13657_lociStitched	chr17	76551480	76579081	11	25040	29221.1787	2699.3778	226	1
15_MACS_peak_6215_lociStitched	chr11	2378862	2408009	15	24892	29295.6497	2608.6565	227	1
11_MACS_peak_27421_lociStitched	chr7	100745492	100772136	11	24791	29668.094	3005.4432	228	1
6_MACS_peak_2049_lociStitched	chr1	17083794	17108955	6	23924	33431.4207	4956.717	229	1
7_MACS_peak_27079_lociStitched	chr7	44257035	44280792	7	22296	33468.8616	2002.7151	230	1
12_MACS_peak_8683_lociStitched	chr13	113676879	113704069	12	24023	30319.569	2390.001	231	1
12_MACS_peak_18249_lociStitched	chr19	50011016	50038368	12	25387	27409.4392	2850.0784	232	1
10_MACS_peak_11719_lociStitched	chr17	7308238	7333953	10	22528	33149.2065	2180.632	233	1
8_MACS_peak_30358_lociStitched	chr9	133935380	133961305	8	23881	30684.83	2563.9825	234	1
9_MACS_peak_14025_lociStitched	chr17	77969453	77995673	9	24133	29639.088	2344.068	235	1
22_MACS_peak_22910_lociStitched	chr22	44732115	44763088	22	24468	28557.106	2168.11	236	1
5_MACS_peak_4524_lociStitched	chr1	201321619	201346310	5	23265	32436.5667	3632.0461	237	1
11_MACS_peak_20810_lociStitched	chr20	62124908	62151900	11	24265	28830.1552	2475.1664	238	1
5_MACS_peak_26484_lociStitched	chr6	41603680	41628450	5	23355	30313.526	2179.76	239	1
9_MACS_peak_27312_lociStitched	chr7	100312045	100337804	9	23862	29612.5464	2725.3022	240	1
3_MACS_peak_24208_lociStitched	chr3	128195174	128216794	3	20804	34873.06	2058.224	241	1
21_MACS_peak_17361_lociStitched	chr19	42278848	42309743	21	24039	29291.5495	3481.8665	242	1
13_MACS_peak_5788_lociStitched	chr11	314146	340424	13	23630	29725.6736	3000.9476	243	1
10_MACS_peak_1892_lociStitched	chr1	11925300	11950380	10	23287	29659.608	2402.664	244	1
14_MACS_peak_15554_lociStitched	chr19	8266127	8294224	14	24603	26961.8812	3009.1887	245	1
14_MACS_peak_25889_lociStitched	chr5	176148704	176175348	14	23729	27493.9436	1891.724	246	1
15_MACS_peak_11986_lociStitched	chr17	19100073	19128617	15	25039	25013.1072	3034.2272	247	1
10_MACS_peak_3195_lociStitched	chr1	22906904	22932029	10	23373	28052.0625	1763.775	248	1
10_MACS_peak_14812_lociStitched	chr19	3333283	3359402	10	23853	27908.1515	2925.328	249	1
4_MACS_peak_11821_lociStitched	chr17	7958136	7981470	4	22513	31146.2232	3122.0892	250	1
2_MACS_peak_16529_lociStitched	chr19	18708569	18729427	2	20355	33437.4598	1952.3088	251	1
6_MACS_peak_1067_lociStitched	chr1	6210891	6234387	6	22768	28820.1936	2171.0304	252	1
7_MACS_peak_26386_lociStitched	chr6	34013414	34038055	7	22606	29216.8337	2353.2155	253	1
6_MACS_peak_9942_lociStitched	chr16	1567564	1590671	6	21623	30505.8614	1693.7431	254	1
17_MACS_peak_27325_lociStitched	chr7	100350720	100378547	17	23242	27512.5549	2256.7697	255	1
12_MACS_peak_4753_lociStitched	chr1	228754616	228784411	12	26106	28501.897	12254.6835	256	1
6_MACS_peak_14822_lociStitched	chr19	3360447	3383824	6	22720	28676.5659	2531.7291	257	1
17_MACS_peak_13910_lociStitched	chr17	77644688	77672605	17	23058	27344.7015	2124.4837	258	1
8_MACS_peak_29012_lociStitched	chr8	142333097	142356660	8	22635	28131.8657	2092.3944	259	1
14_MACS_peak_16918_lociStitched	chr19	36343823	36370481	14	23168	26769.9636	1999.35	260	1
9_MACS_peak_24199_lociStitched	chr3	128169038	128193924	9	22348	28890.1574	2389.056	261	1
18_MACS_peak_544_lociStitched	chr1	3035575	3060587	18	23365	25522.2448	1468.2044	262	1
13_MACS_peak_13943_lociStitched	chr17	77707236	77732448	13	22544	28118.9436	2175.7956	263	1
5_MACS_peak_64_lociStitched	chr1	1052569	1073654	5	20162	32449.815	2051.5705	264	1
4_MACS_peak_14952_lociStitched	chr19	4218778	4241122	4	21521	31185.5208	3369.4752	265	1
4_MACS_peak_46_lociStitched	chr1	955545	976219	4	20382	31296.3012	1589.8306	266	1
16_MACS_peak_6675_lociStitched	chr11	64285717	64314270	16	22691	27262.4044	2338.4907	267	1
15_MACS_peak_6028_lociStitched	chr11	1725519	1751881	15	22778	27213.4926	2562.3864	268	1
5_MACS_peak_21246_lociStitched	chr21	44863914	44886296	5	21084	30978.9262	2752.986	269	1
16_MACS_peak_27988_lociStitched	chr7	155591997	155619195	16	22711	27100.0872	2523.9744	270	1
17_MACS_peak_7274_lociStitched	chr11	69970761	69999188	17	23073	25356.884	1896.0809	271	1
8_MACS_peak_15169_lociStitched	chr19	5731762	5757194	8	22915	26751.9208	3056.9264	272	1
19_MACS_peak_26367_lociStitched	chr6	33980957	34009240	19	22773	26464.4031	2452.1361	273	1
11_MACS_peak_278_lociStitched	chr1	2131576	2156567	11	22142	27120.2332	2311.6675	274	1
13_MACS_peak_9783_lociStitched	chr16	917082	942920	13	22176	26088.6286	1767.3192	275	1
21_MACS_peak_2147_lociStitched	chr1	17534873	17562357	21	22569	25518.894	2311.4044	276	1
5_MACS_peak_31739_lociStitched	chr9	140049485	140070615	5	19618	31082.23	1884.796	277	1
19_MACS_peak_699_lociStitched	chr1	3336646	3362277	19	22295	25133.7586	1514.7921	278	1
9_MACS_peak_15384_lociStitched	chr19	7543195	7568298	9	22599	26194.9805	3609.8114	279	1
16_MACS_peak_2230_lociStitched	chr1	17685738	17713020	16	22423	25134.9066	2174.3754	280	1
2_MACS_peak_27387_lociStitched	chr7	100632992	100648485	2	15372	37674.3281	2790.2893	281	1
11_MACS_peak_30961_lociStitched	chr9	137166133	137191878	11	21825	26141.473	1912.8535	282	1
14_MACS_peak_18059_lociStitched	chr19	49048568	49074490	14	21886	26336.752	2283.7282	283	1
2_MACS_peak_10071_lociStitched	chr16	3033845	3053079	2	19208	31303.335	2033.0338	284	1
8_MACS_peak_22599_lociStitched	chr22	42740500	42765101	8	21683	26305.8493	2150.1274	285	1
17_MACS_peak_22517_lociStitched	chr22	40036545	40063260	17	21803	25988.352	2161.2435	286	1
13_MACS_peak_23355_lociStitched	chr22	46309670	46334402	13	21481	25439.3352	1506.1788	287	1
5_MACS_peak_30764_lociStitched	chr9	136344705	136366307	5	20571	27976.7502	2047.8696	288	1
6_MACS_peak_13695_lociStitched	chr17	77015563	77035807	6	19427	30029.9496	2062.8636	289	1
7_MACS_peak_6021_lociStitched	chr11	1702251	1724240	7	20638	27299.3435	1770.1145	290	1
5_MACS_peak_21293_lociStitched	chr21	45699018	45717514	5	18106	31986.9824	2095.5968	291	1
11_MACS_peak_17532_lociStitched	chr19	45367847	45391014	11	20946	26899.2037	2379.2509	292	1
16_MACS_peak_19926_lociStitched	chr20	48889906	48916488	16	21508	25287.4566	2227.5716	293	1
16_MACS_peak_31483_lociStitched	chr9	138572243	138599066	16	21461	24626.1963	1644.2499	294	1
5_MACS_peak_8439_lociStitched	chr12	54413484	54434070	5	19790	28344.8634	1828.0368	295	1
6_MACS_peak_9741_lociStitched	chr16	792438	813787	6	20534	27032.1038	2237.3752	296	1
10_MACS_peak_26393_lociStitched	chr6	34041419	34064897	10	21978	23276.0892	2028.4992	297	1
3_MACS_peak_20902_lociStitched	chr20	62729406	62749150	3	19432	28767.008	1820.3968	298	1
20_MACS_peak_24103_lociStitched	chr3	50536020	50562230	20	21474	25051.518	2621	299	1
9_MACS_peak_30464_lociStitched	chr9	135071789	135094991	9	21310	24826.14	2030.175	300	1
7_MACS_peak_9732_lociStitched	chr16	741201	762053	7	19466	28275.312	1647.308	301	1
9_MACS_peak_22584_lociStitched	chr22	42693603	42716454	9	20734	25837.6257	1940.0499	302	1
13_MACS_peak_25280_lociStitched	chr4	8611622	8638882	13	21478	22781.182	1324.836	303	1
6_MACS_peak_9559_lociStitched	chr15	78180245	78202170	6	20281	26474.4375	2319.665	304	1
5_MACS_peak_27439_lociStitched	chr7	100805783	100825822	5	19041	28665.7895	2286.4499	305	1
10_MACS_peak_131_lociStitched	chr1	1512208	1534737	10	20936	24685.0253	2498.4661	306	1
5_MACS_peak_5854_lociStitched	chr11	843032	863852	5	19059	28046.622	1919.604	307	1
14_MACS_peak_13498_lociStitched	chr17	75779572	75803555	14	20836	24462.66	2412.6898	308	1
6_MACS_peak_1081_lociStitched	chr1	6299087	6319952	6	19435	26982.618	1806.909	309	1
6_MACS_peak_24372_lociStitched	chr3	195528317	195549058	6	19957	26432.3304	2536.6243	310	1
5_MACS_peak_21183_lociStitched	chr21	44033057	44054756	5	19646	27833.3073	3302.5878	311	1
14_MACS_peak_31559_lociStitched	chr9	138899241	138924930	14	20224	24977.4147	1764.8343	312	1
4_MACS_peak_13599_lociStitched	chr17	76352970	76372462	4	18555	28746.8016	2146.0692	313	1
8_MACS_peak_15156_lociStitched	chr19	5544019	5566296	8	20920	23974.5074	2477.2024	314	1
7_MACS_peak_30253_lociStitched	chr9	133290324	133313359	7	20542	24179.8395	1847.407	315	1
3_MACS_peak_20825_lociStitched	chr20	62170189	62188597	3	18152	28795.6344	1618.0632	316	1
6_MACS_peak_23368_lociStitched	chr22	46336016	46357230	6	20413	24107.5896	1584.6858	317	1
16_MACS_peak_14717_lociStitched	chr19	3094593	3120503	16	20791	23995.251	2489.951	318	1
5_MACS_peak_9195_lociStitched	chr15	42152675	42174125	5	19422	26488.605	1866.15	319	1
13_MACS_peak_30125_lociStitched	chr9	132527793	132551606	13	20451	24898.8728	2602.7609	320	1
5_MACS_peak_1872_lociStitched	chr1	11757316	11777940	5	19328	26631.7712	2037.6512	321	1
5_MACS_peak_11391_lociStitched	chr17	1193344	1215044	5	20469	25200.21	3166.03	322	1
8_MACS_peak_20887_lociStitched	chr20	62670458	62692381	8	18623	27758.9026	1913.8779	323	1
4_MACS_peak_30473_lociStitched	chr9	135096382	135116596	4	19734	25330.1634	2110.3416	324	1
10_MACS_peak_1594_lociStitched	chr1	10699850	10721105	10	19356	25610.1495	1696.149	325	1
10_MACS_peak_21148_lociStitched	chr21	43830699	43852605	10	20193	25603.7328	3612.2994	326	1
27_MACS_peak_1305_lociStitched	chr1	7509283	7538104	27	20392	23085.621	1622.6223	327	1
17_MACS_peak_19957_lociStitched	chr20	48956594	48981234	17	20511	23270.016	2491.104	328	1
21_MACS_peak_1842_lociStitched	chr1	11666364	11692821	21	20419	23237.1831	2243.5536	329	1
8_MACS_peak_14062_lociStitched	chr17	78053861	78075090	8	19580	25105.4154	2163.2351	330	1
1_MACS_peak_14159_lociStitched	chr17	79076264	79093428	1	17165	28478.5088	1069.3172	331	1
18_MACS_peak_22192_lociStitched	chr22	36969520	36995005	18	20278	23390.133	2303.844	332	1
14_MACS_peak_18128_lociStitched	chr19	49252758	49278001	14	20104	24379.6894	2875.1777	333	1
7_MACS_peak_11438_lociStitched	chr17	1877997	1899626	7	19735	24479.7022	2147.7597	334	1
6_MACS_peak_21546_lociStitched	chr21	46986950	47008304	6	19219	25885.3188	2455.71	335	1
12_MACS_peak_17765_lociStitched	chr19	46980342	47001975	12	19137	25492.3272	1910.1939	336	1
8_MACS_peak_9650_lociStitched	chr15	91192343	91213812	8	18357	28319.7579	3188.1465	337	1
8_MACS_peak_29881_lociStitched	chr9	127246321	127268622	8	19864	23828.6185	2020.4706	338	1
5_MACS_peak_9994_lociStitched	chr16	2325034	2343867	5	18418	26953.7896	2064.0968	339	1
16_MACS_peak_22893_lociStitched	chr22	44700325	44725890	16	20346	22589.234	2017.0785	340	1
9_MACS_peak_5992_lociStitched	chr11	1591617	1612867	9	19793	23787.25	1878.5	341	1
9_MACS_peak_773_lociStitched	chr1	3667169	3688673	9	19151	24794.112	1681.6128	342	1
12_MACS_peak_2588_lociStitched	chr1	18954537	18976826	12	19955	22351.4092	1152.3413	343	1
7_MACS_peak_9987_lociStitched	chr16	2232473	2252989	7	18025	27241.1448	2014.6712	344	1
7_MACS_peak_15459_lociStitched	chr19	7850239	7870713	7	19621	24761.2556	2962.5878	345	1
3_MACS_peak_14875_lociStitched	chr19	3728203	3746764	3	18146	27342.2091	2435.2032	346	1
10_MACS_peak_12970_lociStitched	chr17	61552053	61573101	10	19406	24076.8072	1810.128	347	1
15_MACS_peak_9331_lociStitched	chr15	74466780	74491693	15	19984	22822.7993	2015.4617	348	1
12_MACS_peak_20747_lociStitched	chr20	61958287	61980782	12	19645	23581.5085	1986.3085	349	1
8_MACS_peak_640_lociStitched	chr1	3198773	3220374	8	20122	21737.0863	1341.4221	350	1
13_MACS_peak_354_lociStitched	chr1	2520059	2544554	13	19484	23610.7305	1709.751	351	1
3_MACS_peak_6076_lociStitched	chr11	1840244	1858758	3	18108	26293.5828	1582.947	352	1
10_MACS_peak_18711_lociStitched	chr19	56263482	56285745	10	19147	25760.5173	3245.9454	353	1
4_MACS_peak_14557_lociStitched	chr19	1491175	1507194	4	15552	31514.1787	2692.7939	354	1
10_MACS_peak_5736_lociStitched	chr10	135048571	135069621	10	19266	23834.915	1690.315	355	1
7_MACS_peak_13530_lociStitched	chr17	75848529	75871003	7	19826	23788.729	3036.2374	356	1
13_MACS_peak_13679_lociStitched	chr17	76604193	76627013	13	19668	23178.274	2046.954	357	1
15_MACS_peak_28542_lociStitched	chr8	1891114	1914753	15	19522	23225.3175	1763.4694	358	1
9_MACS_peak_21409_lociStitched	chr21	46114899	46135337	9	18973	24680.9288	1970.2232	359	1
18_MACS_peak_22868_lociStitched	chr22	44662365	44687932	18	19528	22833.8877	1418.9685	360	1
8_MACS_peak_14213_lociStitched	chr17	79452601	79473396	8	18986	24748.1295	2129.408	361	1
5_MACS_peak_6553_lociStitched	chr11	61515476	61534569	5	18872	24721.6164	2008.5836	362	1
3_MACS_peak_4319_lociStitched	chr1	155088785	155104693	3	15461	31539.2008	2868.2124	363	1
4_MACS_peak_1110_lociStitched	chr1	6554551	6572202	4	16895	27855.0431	1609.7712	364	1
8_MACS_peak_19285_lociStitched	chr2	220298433	220318960	8	18430	25172.2601	1968.5393	365	1
4_MACS_peak_21428_lociStitched	chr21	46164245	46183232	4	18220	25759.6629	2158.8219	366	1
5_MACS_peak_20556_lociStitched	chr20	60783786	60803943	5	18056	25575.2016	1697.2194	367	1
14_MACS_peak_18006_lociStitched	chr19	48777910	48803056	14	19271	23677.4736	2509.5708	368	1
18_MACS_peak_1716_lociStitched	chr1	11368081	11391974	18	19792	21773.6909	2011.7906	369	1
12_MACS_peak_2107_lociStitched	chr1	17441177	17464279	12	19464	22958.7676	2365.6448	370	1
10_MACS_peak_15078_lociStitched	chr19	5319743	5340235	10	19358	22797.35	2143.4632	371	1
6_MACS_peak_11701_lociStitched	chr17	7184975	7204336	6	16903	27819.8209	2178.1125	372	1
15_MACS_peak_13992_lociStitched	chr17	77870469	77893669	15	19364	22810.24	2243.44	373	1
4_MACS_peak_9934_lociStitched	chr16	1475771	1493719	4	17155	26485.8636	1469.9412	374	1
7_MACS_peak_28794_lociStitched	chr8	22003123	22022033	7	18080	25290.234	2049.844	375	1
13_MACS_peak_31173_lociStitched	chr9	137817750	137840130	13	19570	21522.846	1718.784	376	1
17_MACS_peak_10254_lociStitched	chr16	5049162	5073598	17	19746	21449.9208	2211.458	377	1
5_MACS_peak_4871_lociStitched	chr10	11745047	11764426	5	17100	27595.696	2604.5376	378	1
11_MACS_peak_24534_lociStitched	chr4	3642104	3664069	11	19550	21308.2465	1621.017	379	1
11_MACS_peak_11248_lociStitched	chr17	700123	723649	11	18307	24459.9822	1955.0106	380	1
14_MACS_peak_2168_lociStitched	chr1	17565050	17588871	14	19204	22479.8777	2086.7196	381	1
8_MACS_peak_11637_lociStitched	chr17	6994558	7015244	8	19193	22442.2414	2232.0194	382	1
6_MACS_peak_22593_lociStitched	chr22	42719597	42739137	6	18852	22732.836	1811.358	383	1
6_MACS_peak_21434_lociStitched	chr21	46246686	46266248	6	17887	25272.1478	2320.0532	384	1
7_MACS_peak_9394_lociStitched	chr15	74587958	74608800	7	19045	22284.2664	2175.9048	385	1
4_MACS_peak_30310_lociStitched	chr9	133526009	133544550	4	17643	24475.9741	1403.5537	386	1
11_MACS_peak_15756_lociStitched	chr19	11391299	11412082	11	18744	22372.8995	1991.0114	387	1
5_MACS_peak_5905_lociStitched	chr11	1212736	1232058	5	18053	23632.7382	1744.7766	388	1
3_MACS_peak_14595_lociStitched	chr19	2299195	2316840	3	17044	26608.66	2775.5585	389	1
7_MACS_peak_14304_lociStitched	chr17	81061695	81082484	7	18259	23144.3937	1916.7458	390	1
11_MACS_peak_20664_lociStitched	chr20	61651369	61671442	11	18289	22646.3586	1507.4823	391	1
1_MACS_peak_12228_lociStitched	chr17	36333567	36350249	1	16683	29877.462	5605.152	392	1
2_MACS_peak_31784_lociStitched	chr9	140317890	140334343	2	16196	26686.766	1628.847	393	1
8_MACS_peak_14867_lociStitched	chr19	3707768	3726514	8	17555	25089.6464	2811.9	394	1
15_MACS_peak_23797_lociStitched	chr3	13668794	13690089	15	18818	20849.9345	1724.895	395	1
5_MACS_peak_28994_lociStitched	chr8	142061432	142081257	5	17971	23173.4425	2043.9575	396	1
8_MACS_peak_13977_lociStitched	chr17	77828046	77848284	8	18288	22306.3236	1906.4196	397	1
6_MACS_peak_5370_lociStitched	chr10	102974495	102994065	6	17596	23810.819	1896.333	398	1
8_MACS_peak_4560_lociStitched	chr1	202154007	202171797	8	16818	26272.272	2958.477	399	1
6_MACS_peak_20741_lociStitched	chr20	61938392	61956805	6	18042	21563.4643	948.2695	400	1
9_MACS_peak_14085_lociStitched	chr17	78148778	78169631	9	18739	20827.9764	1937.2437	401	1
7_MACS_peak_12343_lociStitched	chr17	39766479	39786021	7	18025	22209.483	1649.3448	402	1
8_MACS_peak_23307_lociStitched	chr22	45969565	45990222	8	17859	22499.6044	1640.1658	403	1
12_MACS_peak_14050_lociStitched	chr17	78030755	78052519	12	18072	22229.7496	1936.996	404	1
19_MACS_peak_28712_lociStitched	chr8	7870196	7892484	19	18633	21124.5664	2284.52	405	1
8_MACS_peak_21085_lociStitched	chr21	43158064	43177342	8	18129	22323.924	2282.5152	406	1
14_MACS_peak_31573_lociStitched	chr9	138934481	138957970	14	17377	22732.6542	1111.0297	407	1
17_MACS_peak_22747_lociStitched	chr22	43813411	43837307	17	18209	21377.3616	1710.9536	408	1
8_MACS_peak_21599_lociStitched	chr21	47405073	47423434	8	16574	24633.1176	1608.4236	409	1
4_MACS_peak_12704_lociStitched	chr17	46691045	46708677	4	15934	26097.1232	1932.4672	410	1
4_MACS_peak_4361_lociStitched	chr1	156579541	156596574	4	16379	26477.7985	3265.2261	411	1
2_MACS_peak_12688_lociStitched	chr17	45922455	45939403	2	16502	24861.0212	1937.1564	412	1
4_MACS_peak_11778_lociStitched	chr17	7718095	7736541	4	17356	23396.9064	2326.0406	413	1
6_MACS_peak_22457_lociStitched	chr22	38844510	38864734	6	17999	21983.488	2392.4992	414	1
1_MACS_peak_14238_lociStitched	chr17	79759021	79772641	1	13621	28551.606	1254.402	415	1
6_MACS_peak_27473_lociStitched	chr7	100927639	100946986	6	18362	20788.3515	2166.864	416	1
13_MACS_peak_17132_lociStitched	chr19	39986952	40006930	13	17822	22065.701	2165.6152	417	1
8_MACS_peak_14856_lociStitched	chr19	3581445	3599266	8	16297	24856.7308	2240.0997	418	1
18_MACS_peak_12428_lociStitched	chr17	41723554	41745778	18	18342	19954.9296	2082.3888	419	1
14_MACS_peak_14789_lociStitched	chr19	3288194	3309853	14	18059	20913.9304	2304.5176	420	1
9_MACS_peak_19250_lociStitched	chr2	219877968	219897791	9	17788	21174.9286	1962.477	421	1
11_MACS_peak_6736_lociStitched	chr11	64399007	64419732	11	17934	20642.1	1811.365	422	1
6_MACS_peak_15581_lociStitched	chr19	8391646	8409967	6	17186	23309.8083	2768.3031	423	1
8_MACS_peak_8655_lociStitched	chr13	113606407	113625916	8	17786	20578.0932	1660.2159	424	1
19_MACS_peak_3206_lociStitched	chr1	22939140	22961563	19	18145	20037.1928	2096.5505	425	1
10_MACS_peak_13308_lociStitched	chr17	72629565	72651411	10	17848	21612.2478	2960.133	426	1
12_MACS_peak_6120_lociStitched	chr11	2106029	2126454	12	17941	19916.4175	1582.9375	427	1
8_MACS_peak_1555_lociStitched	chr1	9683941	9702040	8	17499	21519.711	2113.9632	428	1
4_MACS_peak_31128_lociStitched	chr9	137661898	137679860	4	17428	20812.5694	1275.302	429	1
7_MACS_peak_21574_lociStitched	chr21	47357607	47375099	7	16609	22839.3044	1652.994	430	1
12_MACS_peak_30671_lociStitched	chr9	136038618	136060148	12	17601	20776.45	1808.52	431	1
13_MACS_peak_14037_lociStitched	chr17	78008299	78028712	13	17474	20813.0948	1824.9222	432	1
1_MACS_peak_27645_lociStitched	chr7	128482642	128498287	1	15646	25013.226	2229.4125	433	1
7_MACS_peak_6250_lociStitched	chr11	3208874	3226925	7	16367	22913.9394	1537.9452	434	1
2_MACS_peak_27739_lociStitched	chr7	151078264	151094108	2	15522	24719.8088	1841.0728	435	1
10_MACS_peak_31729_lociStitched	chr9	140022557	140043146	10	17036	21391.971	1556.5284	436	1
9_MACS_peak_14102_lociStitched	chr17	78409352	78427959	9	17527	20361.6401	1730.451	437	1
9_MACS_peak_6470_lociStitched	chr11	61340197	61359568	9	17194	21087.2706	1694.9625	438	1
12_MACS_peak_29642_lociStitched	chr8	145093680	145112327	12	17337	20543.3999	1514.1364	439	1
7_MACS_peak_6092_lociStitched	chr11	1916985	1935531	7	16873	21531.906	1544.8818	440	1
5_MACS_peak_720_lociStitched	chr1	3369266	3386765	5	16774	21313.782	1167.1833	441	1
14_MACS_peak_5944_lociStitched	chr11	1387060	1406989	14	17637	19649.994	1538.5188	442	1
5_MACS_peak_30164_lociStitched	chr9	132965453	132983463	5	17331	20099.16	1255.297	443	1
13_MACS_peak_13205_lociStitched	chr17	72364749	72386130	13	17522	20339.7453	2024.7807	444	1
4_MACS_peak_21641_lociStitched	chr21	47545520	47562536	4	15637	24040.2048	1713.5112	445	1
4_MACS_peak_27259_lociStitched	chr7	99758801	99774634	4	14876	25658.9598	2045.6236	446	1
6_MACS_peak_23962_lociStitched	chr3	48615514	48632793	6	16579	22340.0191	1947.3433	447	1
9_MACS_peak_23667_lociStitched	chr22	51034132	51052210	9	16053	22908.4416	1628.8278	448	1
7_MACS_peak_8230_lociStitched	chr12	52224533	52243886	7	17468	19782.6366	1840.4703	449	1
14_MACS_peak_1563_lociStitched	chr1	9707570	9727963	14	17266	20017.7688	1598.8112	450	1
13_MACS_peak_15427_lociStitched	chr19	7767309	7788828	13	17559	20096.5941	2433.7989	451	1
6_MACS_peak_25969_lociStitched	chr5	176884863	176902066	6	16017	22735.4848	1634.285	452	1
4_MACS_peak_21284_lociStitched	chr21	45665389	45681541	4	15709	24077.7864	2461.5648	453	1
13_MACS_peak_21968_lociStitched	chr22	23860461	23880860	13	16940	21045.6483	2035.8202	454	1
5_MACS_peak_15454_lociStitched	chr19	7830207	7848932	5	17413	20569.4125	2758.1925	455	1
6_MACS_peak_11432_lociStitched	chr17	1859230	1876775	6	16557	21350.5105	1535.1875	456	1
9_MACS_peak_10450_lociStitched	chr16	30028467	30045548	9	16028	22649.406	1762.7592	457	1
10_MACS_peak_26795_lociStitched	chr7	1459427	1478772	10	17143	20012.4025	1644.325	458	1
10_MACS_peak_30442_lociStitched	chr9	134999316	135019176	10	17276	19881.846	1962.168	459	1
13_MACS_peak_28644_lociStitched	chr8	7423488	7444406	13	17505	19426.5466	2376.2848	460	1
2_MACS_peak_13379_lociStitched	chr17	73604750	73619228	2	13950	25657.9116	1544.8026	461	1
16_MACS_peak_2284_lociStitched	chr1	17884995	17905972	16	17369	19269.4722	2013.792	462	1
4_MACS_peak_12166_lociStitched	chr17	34577257	34594283	4	16111	24440.823	4462.5146	463	1
3_MACS_peak_12170_lociStitched	chr17	34742575	34759297	3	15541	25452.5562	4441.3632	464	1
12_MACS_peak_9953_lociStitched	chr16	1955535	1975178	12	15709	22426.4131	1822.8704	465	1
3_MACS_peak_1961_lociStitched	chr1	16383496	16400187	3	15156	23255.5703	1659.0854	466	1
7_MACS_peak_31142_lociStitched	chr9	137698979	137717289	7	16504	20186.775	1360.433	467	1
9_MACS_peak_20869_lociStitched	chr20	62448084	62466744	9	16765	19818.786	1703.658	468	1
7_MACS_peak_21175_lociStitched	chr21	44011501	44028615	7	16384	21382.2316	2413.074	469	1
6_MACS_peak_10073_lociStitched	chr16	3054909	3071526	6	15429	22803.5091	1847.8104	470	1
9_MACS_peak_21734_lociStitched	chr22	19689874	19708604	9	16841	19310.63	1436.591	471	1
6_MACS_peak_88_lociStitched	chr1	1133532	1150063	6	15598	21754.796	1137.3328	472	1
3_MACS_peak_9642_lociStitched	chr15	89899866	89916790	3	16226	20940.0652	1714.4012	473	1
9_MACS_peak_14247_lociStitched	chr17	79907578	79926638	9	15639	22284.952	1833.572	474	1
11_MACS_peak_13545_lociStitched	chr17	75908568	75928103	11	16952	19531.093	2037.5005	475	1
5_MACS_peak_21419_lociStitched	chr21	46140525	46157093	5	16248	20892.248	1784.3736	476	1
7_MACS_peak_5054_lociStitched	chr10	73045083	73062965	7	16749	19627.2832	1886.551	477	1
2_MACS_peak_15370_lociStitched	chr19	7036587	7053229	2	16593	21825.983	3801.0328	478	1
10_MACS_peak_23345_lociStitched	chr22	46289825	46308489	10	16507	19539.3416	1313.9456	479	1
8_MACS_peak_20713_lociStitched	chr20	61779793	61798544	8	16426	19671.6741	1258.1921	480	1
8_MACS_peak_27355_lociStitched	chr7	100414400	100432891	8	16340	20271.6833	1767.7396	481	1
12_MACS_peak_20697_lociStitched	chr20	61745393	61765806	12	16573	19478.0846	1633.04	482	1
8_MACS_peak_14070_lociStitched	chr17	78080525	78099146	8	16204	20289.4416	1603.2681	483	1
10_MACS_peak_25270_lociStitched	chr4	8591757	8610506	10	16558	19138.9792	1297.4308	484	1
9_MACS_peak_5872_lociStitched	chr11	1071111	1089415	9	15902	20438.2464	1317.888	485	1
8_MACS_peak_668_lociStitched	chr1	3267804	3286140	8	16597	18361.6704	867.2928	486	1
7_MACS_peak_13643_lociStitched	chr17	76517865	76536291	7	16453	19533.4026	1689.6642	487	1
5_MACS_peak_20688_lociStitched	chr20	61713729	61731408	5	16267	19420.3815	1145.5992	488	1
4_MACS_peak_8152_lociStitched	chr12	6928497	6943235	4	14140	24414.9708	2019.106	489	1
8_MACS_peak_26918_lociStitched	chr7	2714032	2732008	8	16220	19854.492	1589.0784	490	1
8_MACS_peak_113_lociStitched	chr1	1356475	1374625	8	15682	20783.565	1381.215	491	1
12_MACS_peak_23275_lociStitched	chr22	45906268	45927228	12	16579	18773.872	1555.232	492	1
15_MACS_peak_24566_lociStitched	chr4	3702327	3723800	15	16487	19083.0551	1646.9791	493	1
5_MACS_peak_8770_lociStitched	chr13	114049257	114065941	5	15502	21315.4784	1723.4572	494	1
15_MACS_peak_17750_lociStitched	chr19	46958773	46978781	15	16440	18957.58	1560.624	495	1
11_MACS_peak_1994_lociStitched	chr1	16492835	16511581	11	16446	19122.7946	1767.7478	496	1
5_MACS_peak_26683_lociStitched	chr7	1217546	1235657	5	16381	18967.6503	1573.8459	497	1
7_MACS_peak_4425_lociStitched	chr1	158121635	158139001	7	16299	20582.1832	3111.9872	498	1
3_MACS_peak_2965_lociStitched	chr1	21044369	21059318	3	14573	22700.0565	1683.2574	499	1
2_MACS_peak_15368_lociStitched	chr19	7016963	7033778	2	16313	20258.712	2939.262	500	1
4_MACS_peak_24029_lociStitched	chr3	50302189	50318026	4	13987	23845.7709	1894.1052	501	1
11_MACS_peak_325_lociStitched	chr1	2417104	2436080	11	15631	19879.2576	1170.8192	502	1
4_MACS_peak_15947_lociStitched	chr19	13973558	13990669	4	15842	19985.648	1969.4761	503	1
2_MACS_peak_13442_lociStitched	chr17	74905537	74921141	2	15546	20225.9048	1563.5208	504	1
11_MACS_peak_13840_lociStitched	chr17	77458859	77478618	11	15971	19510.0366	1841.5388	505	1
7_MACS_peak_16543_lociStitched	chr19	18899552	18916369	7	16028	18999.8466	1513.53	506	1
1_MACS_peak_12227_lociStitched	chr17	36283804	36297317	1	13514	26266.5694	3991.7402	507	1
6_MACS_peak_31546_lociStitched	chr9	138864973	138882240	6	15754	19102.4821	1155.1623	508	1
6_MACS_peak_680_lociStitched	chr1	3298271	3315493	6	16009	18351.7632	1079.8194	509	1
9_MACS_peak_12799_lociStitched	chr17	47594247	47613440	9	16181	18907.0243	2274.3705	510	1
3_MACS_peak_14498_lociStitched	chr19	665036	679421	3	14013	23132.5185	1967.868	511	1
10_MACS_peak_11381_lociStitched	chr17	1172716	1190854	10	15495	20225.6838	1973.4144	512	1
5_MACS_peak_31693_lociStitched	chr9	139845559	139861103	5	14744	21146.0576	1355.4368	513	1
17_MACS_peak_31414_lociStitched	chr9	138344487	138365165	17	16308	17781.0122	1544.6466	514	1
8_MACS_peak_6239_lociStitched	chr11	2935405	2951785	8	14441	21651.084	1497.132	515	1
14_MACS_peak_6479_lociStitched	chr11	61360579	61380925	14	15840	18610.4862	1611.4032	516	1
1_MACS_peak_13966_lociStitched	chr17	77771597	77783489	1	11893	24797.1984	996.5496	517	1
3_MACS_peak_12173_lociStitched	chr17	34793438	34808514	3	14296	24261.8068	4243.894	518	1
3_MACS_peak_9749_lociStitched	chr16	819284	834352	3	14401	20817.9488	1005.0356	519	1
8_MACS_peak_15520_lociStitched	chr19	8182389	8199597	8	15598	18839.3184	1672.6176	520	1
4_MACS_peak_16306_lociStitched	chr19	17634356	17650219	4	14987	19828.75	1552.9877	521	1
5_MACS_peak_23374_lociStitched	chr22	46358297	46374706	5	15116	18811.2776	830.2954	522	1
3_MACS_peak_4393_lociStitched	chr1	156887835	156901093	3	12529	24716.8894	2247.231	523	1
7_MACS_peak_11693_lociStitched	chr17	7163899	7179350	7	14846	19781.9153	1495.6568	524	1
7_MACS_peak_11762_lociStitched	chr17	7676004	7693240	7	15793	17959.912	1902.8544	525	1
6_MACS_peak_16512_lociStitched	chr19	18493430	18510171	6	15648	18431.841	2015.6164	526	1
3_MACS_peak_12278_lociStitched	chr17	37751255	37765789	3	13900	21283.5896	1196.1482	527	1
9_MACS_peak_29738_lociStitched	chr9	34562500	34580469	9	15538	18423.6157	1827.4473	528	1
3_MACS_peak_15482_lociStitched	chr19	7949849	7965673	3	15082	19803.736	2199.536	529	1
11_MACS_peak_17885_lociStitched	chr19	48211283	48229933	11	15424	18435.525	1743.775	530	1
8_MACS_peak_12690_lociStitched	chr17	45942613	45959501	8	15213	18870.6512	1825.5928	531	1
1_MACS_peak_302_lociStitched	chr1	2302106	2316259	1	14154	20465.238	1258.2017	532	1
9_MACS_peak_13877_lociStitched	chr17	77527839	77546461	9	15279	18258.871	1527.004	533	1
5_MACS_peak_21158_lociStitched	chr21	43853922	43870094	5	14474	20929.8024	2425.8	534	1
6_MACS_peak_15529_lociStitched	chr19	8203940	8220383	6	14718	19312.3035	1562.085	535	1
13_MACS_peak_176_lociStitched	chr1	1914738	1933450	13	15276	17909.2552	1584.9064	536	1
10_MACS_peak_13762_lociStitched	chr17	77272737	77288878	10	15498	16936.7513	1233.1724	537	1
8_MACS_peak_17558_lociStitched	chr19	45714484	45732156	8	15042	18408.9224	1632.8928	538	1
4_MACS_peak_4633_lociStitched	chr1	204975130	204991525	4	14946	19211.661	2229.72	539	1
10_MACS_peak_14995_lociStitched	chr19	4772469	4789582	10	15406	18042.2359	2253.7821	541	1
7_MACS_peak_4966_lociStitched	chr10	71487951	71504509	7	15402	17399.1464	1665.7348	542	1
8_MACS_peak_517_lociStitched	chr1	2986418	3003891	8	15335	16538.1945	758.3282	543	1
5_MACS_peak_2064_lociStitched	chr1	17192339	17206058	5	12815	23958.8616	3130.6758	544	1
7_MACS_peak_19775_lociStitched	chr20	43318430	43335689	7	15411	17588.6469	2153.9232	545	1
1_MACS_peak_26905_lociStitched	chr7	2671711	2686010	1	14300	19134.9218	1152.4994	546	1
15_MACS_peak_30823_lociStitched	chr9	136495734	136513513	15	15180	17037.6157	1178.7477	547	1
10_MACS_peak_29360_lociStitched	chr8	143655052	143673581	10	15113	17146.7366	1234.0314	548	1
9_MACS_peak_30372_lociStitched	chr9	133980418	133996819	9	14710	18659.4177	1800.8298	549	1
13_MACS_peak_30573_lociStitched	chr9	135591450	135610959	13	15142	17288.8758	1525.6038	550	1
19_MACS_peak_16876_lociStitched	chr19	36282952	36304536	19	14960	18182.3616	2015.9456	551	1
9_MACS_peak_31026_lociStitched	chr9	137435125	137451993	9	15215	16454.734	1098.1068	552	1
7_MACS_peak_9590_lociStitched	chr15	79056186	79071805	7	14940	17087.186	1237.0248	553	1
16_MACS_peak_9406_lociStitched	chr15	74615779	74636479	16	14959	17514.27	1763.64	554	1
6_MACS_peak_19304_lociStitched	chr2	220419264	220434551	6	14162	18989.5114	1490.4825	555	1
6_MACS_peak_8177_lociStitched	chr12	49370544	49384835	6	12894	21863.8009	2119.3553	556	1
9_MACS_peak_13701_lociStitched	chr17	77036835	77054821	9	14400	19016.5978	2311.201	557	1
11_MACS_peak_13187_lociStitched	chr17	72334913	72352403	11	14820	17010.774	1367.718	558	1
14_MACS_peak_9353_lociStitched	chr15	74508459	74527462	14	15339	16057.535	1809.0856	559	1
12_MACS_peak_8313_lociStitched	chr12	52698365	52717791	12	14890	17271.6566	1950.3704	560	1
6_MACS_peak_19314_lociStitched	chr2	220490915	220506788	6	14748	16982.5227	1376.1891	561	1
13_MACS_peak_2074_lociStitched	chr1	17381594	17400244	13	15022	16818.57	1969.44	562	1
5_MACS_peak_30423_lociStitched	chr9	134706539	134722364	5	14805	16923.255	1520.7825	563	1
7_MACS_peak_25944_lociStitched	chr5	176299384	176314197	7	13768	18993.2286	1278.3619	564	1
3_MACS_peak_14840_lociStitched	chr19	3452323	3467245	3	14050	18898.713	1845.8514	565	1
3_MACS_peak_4333_lociStitched	chr1	155159068	155173388	3	14214	19135.816	2494.544	566	1
8_MACS_peak_14760_lociStitched	chr19	3214748	3231315	8	14412	17827.7487	1840.5937	567	1
7_MACS_peak_16320_lociStitched	chr19	17700136	17716733	7	14394	17750.4915	1726.088	568	1
7_MACS_peak_16402_lociStitched	chr19	17977405	17994049	7	14493	17314.7532	1529.5836	569	1
5_MACS_peak_7771_lociStitched	chr11	119210386	119224767	5	13536	19467.5597	1612.1101	570	1
15_MACS_peak_23601_lociStitched	chr22	50496845	50517204	15	14340	17478.2015	1486.207	571	1
15_MACS_peak_26514_lociStitched	chr6	44236319	44257110	15	14323	17992.5314	2020.8852	572	1
8_MACS_peak_22080_lociStitched	chr22	30105537	30122698	8	14541	16920.746	1484.4265	573	1
2_MACS_peak_14838_lociStitched	chr19	3437936	3450917	2	12881	20403.5358	1584.9801	574	1
4_MACS_peak_5393_lociStitched	chr10	104165853	104178540	4	12393	21265.9494	1674.684	575	1
7_MACS_peak_9758_lociStitched	chr16	871942	887376	7	13762	17954.3722	1088.097	576	1
7_MACS_peak_8030_lociStitched	chr12	3235727	3252101	7	14566	16365.813	1435.9998	577	1
3_MACS_peak_13542_lociStitched	chr17	75892741	75907072	3	14090	17301.8163	1354.2795	578	1
3_MACS_peak_11341_lociStitched	chr17	1026823	1039227	3	12218	20419.4648	1142.4084	579	1
7_MACS_peak_17566_lociStitched	chr19	45733596	45749676	7	14477	15994.776	1435.944	580	1
4_MACS_peak_14161_lociStitched	chr17	79096710	79110614	4	13331	17925.0368	754.9872	581	1
7_MACS_peak_9875_lociStitched	chr16	1123402	1140824	7	14139	16449.8524	1191.6648	582	1
5_MACS_peak_3004_lociStitched	chr1	21889195	21904450	5	14007	17006.274	1475.1585	583	1
1_MACS_peak_14491_lociStitched	chr19	591109	603344	1	12236	20409.2035	1369.0965	584	1
10_MACS_peak_31514_lociStitched	chr9	138626482	138643558	10	13886	16471.5096	676.2096	585	1
16_MACS_peak_6611_lociStitched	chr11	64146186	64165517	16	14269	16367.5577	1527.149	586	1
3_MACS_peak_12162_lociStitched	chr17	34490681	34504468	3	13250	20887.305	3807.9694	587	1
15_MACS_peak_13779_lociStitched	chr17	77308429	77327081	15	14343	16161.958	1604.072	588	1
4_MACS_peak_13538_lociStitched	chr17	75876068	75891093	4	13453	18581.4175	1962.265	589	1
4_MACS_peak_6693_lociStitched	chr11	64321611	64336605	4	13926	16937.2224	1397.4408	590	1
10_MACS_peak_15978_lociStitched	chr19	14290110	14306170	10	14055	16556.254	1355.464	591	1
4_MACS_peak_12742_lociStitched	chr17	47071074	47085713	4	13555	17666.3452	1553.1979	592	1
9_MACS_peak_18624_lociStitched	chr19	55873100	55887889	9	13222	18319.1343	1504.0413	593	1
10_MACS_peak_31149_lociStitched	chr9	137769645	137786263	10	14165	15679.083	1133.3476	594	1
2_MACS_peak_11746_lociStitched	chr17	7614782	7628055	2	12962	18560.9632	1433.484	595	1
11_MACS_peak_13932_lociStitched	chr17	77685525	77702181	11	14217	15585.0192	1489.0464	596	1
4_MACS_peak_13973_lociStitched	chr17	77813636	77826265	4	11997	19883.0976	1199.755	597	1
5_MACS_peak_5354_lociStitched	chr10	102840635	102855167	5	13358	17592.4392	1572.3624	598	1
10_MACS_peak_2315_lociStitched	chr1	17938528	17954190	10	14251	14918.055	1066.5822	599	1
3_MACS_peak_20675_lociStitched	chr20	61672859	61686807	3	13240	17349.9172	1106.0764	600	1
10_MACS_peak_23325_lociStitched	chr22	46024324	46042504	10	13838	16320.186	1458.036	601	1
7_MACS_peak_17625_lociStitched	chr19	46366532	46381366	7	13529	17008.6644	1459.6656	602	1
1_MACS_peak_6552_lociStitched	chr11	61501617	61514277	1	12661	18460.812	1120.41	603	1
7_MACS_peak_25437_lociStitched	chr4	48037189	48053885	7	13384	17918.1472	2140.4272	604	1
8_MACS_peak_5980_lociStitched	chr11	1463573	1478142	8	13460	16519.7891	958.6402	605	1
12_MACS_peak_30288_lociStitched	chr9	133401707	133419919	12	13439	16889.8088	1289.4096	606	1
19_MACS_peak_24594_lociStitched	chr4	3744784	3763944	19	13904	16006.264	1567.288	607	1
14_MACS_peak_626_lociStitched	chr1	3179278	3197596	14	13781	15810.2658	1078.9302	608	1
6_MACS_peak_31811_lociStitched	chr9	140777149	140789363	6	11357	21282.895	1965.2326	609	1
6_MACS_peak_29659_lociStitched	chr8	145557511	145572254	6	13418	16675.8073	1244.3092	610	1
10_MACS_peak_12728_lociStitched	chr17	47035518	47051226	10	13633	16735.3032	1858.2564	611	1
18_MACS_peak_4941_lociStitched	chr10	71409135	71428450	18	13555	16500.8045	1448.625	612	1
9_MACS_peak_6459_lociStitched	chr11	61312387	61329006	9	13586	16057.2778	1145.0491	613	1
5_MACS_peak_15820_lociStitched	chr19	12943787	12957442	5	12871	18401.478	2011.3815	615	1
6_MACS_peak_28779_lociStitched	chr8	21898228	21912348	6	13154	17006.128	1385.172	616	1
7_MACS_peak_24039_lociStitched	chr3	50416679	50432568	7	13677	15752.3546	1464.9658	617	1
9_MACS_peak_6753_lociStitched	chr11	64432702	64447662	9	13722	15452.184	1320.968	618	1
7_MACS_peak_21106_lociStitched	chr21	43566146	43580616	7	12983	18038.302	2184.97	619	1
8_MACS_peak_30795_lociStitched	chr9	136436579	136451393	8	13270	16258.365	1139.1966	620	1
6_MACS_peak_7940_lociStitched	chr12	154251	169951	6	13838	17927.83	4229.58	621	1
8_MACS_peak_9713_lociStitched	chr16	319187	333850	8	13004	16838.9892	1148.1129	622	1
4_MACS_peak_11825_lociStitched	chr17	7982476	7996747	4	12418	18572.2794	1728.2181	623	1
12_MACS_peak_26406_lociStitched	chr6	34080319	34097381	12	13329	16381.2262	1477.5692	624	1
5_MACS_peak_28789_lociStitched	chr8	21978589	21992343	5	11753	19248.723	1240.6108	625	1
5_MACS_peak_26419_lociStitched	chr6	34101069	34114924	5	13536	15622.898	1364.7175	626	1
12_MACS_peak_24582_lociStitched	chr4	3726808	3743457	12	13560	14909.1795	1108.8234	627	1
16_MACS_peak_20923_lociStitched	chr20	62790916	62810108	16	13517	15591.5808	1696.5728	628	1
11_MACS_peak_13227_lociStitched	chr17	72416628	72433642	11	13345	15598.4352	1318.585	629	1
5_MACS_peak_6852_lociStitched	chr11	66167482	66182951	5	13309	16158.9174	1808.3261	630	1
3_MACS_peak_5988_lociStitched	chr11	1558962	1570919	3	11712	18791.6212	1180.1559	631	1
4_MACS_peak_11419_lociStitched	chr17	1811132	1825647	4	13443	15628.3005	1683.74	632	1
12_MACS_peak_401_lociStitched	chr1	2716281	2733548	12	13228	15409.0708	963.4986	633	1
7_MACS_peak_11771_lociStitched	chr17	7699480	7714038	7	13229	15839.104	1400.4796	634	1
12_MACS_peak_11136_lociStitched	chr17	3	17875	12	13456	15339.5376	1461.9296	635	1
9_MACS_peak_14479_lociStitched	chr19	544750	558273	9	12926	16737.4171	1672.7951	636	1
9_MACS_peak_21012_lociStitched	chr21	38066517	38082442	9	12909	16625.7	1527.2075	637	1
7_MACS_peak_13371_lociStitched	chr17	73579558	73594150	7	12759	17078.4768	1778.7648	638	1
10_MACS_peak_31504_lociStitched	chr9	138607209	138623574	10	13006	15620.3925	906.621	639	1
6_MACS_peak_2036_lociStitched	chr1	16993351	17007850	6	13443	17856.9684	4254.0066	640	1
5_MACS_peak_15422_lociStitched	chr19	7751587	7765833	5	13238	15710.4888	1611.2226	641	1
7_MACS_peak_8210_lociStitched	chr12	50352510	50367209	7	13161	16243.8649	2088.7279	643	1
4_MACS_peak_13967_lociStitched	chr17	77784615	77797514	4	12105	17387.852	951.9462	644	1
6_MACS_peak_12218_lociStitched	chr17	35286424	35299597	6	12161	17448.9558	1152.6375	645	1
1_MACS_peak_12864_lociStitched	chr17	48262894	48275255	1	12362	17168.1929	1304.0855	646	1
6_MACS_peak_20895_lociStitched	chr20	62710685	62724625	6	12580	16868.794	1476.246	647	1
6_MACS_peak_21490_lociStitched	chr21	46664523	46679438	6	12626	17435.635	2144.777	648	1
13_MACS_peak_2923_lociStitched	chr1	20867053	20884300	13	13267	15327.4089	1543.6065	649	1
7_MACS_peak_30740_lociStitched	chr9	136178349	136192617	7	13327	14934.3156	1306.9488	650	1
10_MACS_peak_11811_lociStitched	chr17	7938064	7953661	10	12815	16412.7231	1628.3268	651	1
7_MACS_peak_24268_lociStitched	chr3	184093453	184107807	7	12530	17701.3528	2318.171	652	1
6_MACS_peak_19701_lociStitched	chr20	34958080	34972390	6	13252	14812.281	1196.316	654	1
5_MACS_peak_14613_lociStitched	chr19	2715375	2728867	5	12388	16970.2376	1444.9932	655	1
15_MACS_peak_2339_lociStitched	chr1	17982342	17999998	15	13078	15034.084	1190.0144	656	1
5_MACS_peak_30413_lociStitched	chr9	134681049	134694302	5	12551	16197.8166	1277.5892	658	1
16_MACS_peak_6711_lociStitched	chr11	64364588	64380877	16	12704	15601.6042	1092.9919	659	1
10_MACS_peak_19072_lociStitched	chr2	113384100	113399455	10	12739	16402.211	2006.8985	660	1
4_MACS_peak_4569_lociStitched	chr1	202176807	202190334	4	12548	16730.1936	1927.5975	661	1
6_MACS_peak_16556_lociStitched	chr19	18994066	19008468	6	12842	15653.5338	1561.1768	662	1
10_MACS_peak_31762_lociStitched	chr9	140227296	140242327	10	13115	14785.9947	1384.3551	663	1
3_MACS_peak_336_lociStitched	chr1	2458335	2470160	3	11633	17569.585	999.2125	664	1
7_MACS_peak_11306_lociStitched	chr17	827984	842949	7	12565	15749.166	1122.375	665	1
12_MACS_peak_26288_lociStitched	chr6	33788188	33802974	12	13041	14661.7976	1267.1602	667	1
7_MACS_peak_10460_lociStitched	chr16	31008628	31024162	7	12549	15908.3694	1339.0308	668	1
5_MACS_peak_8602_lociStitched	chr13	100068225	100083540	5	12660	16526.4165	2320.2225	669	1
4_MACS_peak_24123_lociStitched	chr3	50564931	50578791	4	12220	16404.696	1424.808	671	1
8_MACS_peak_29928_lociStitched	chr9	129427328	129440388	8	12674	15171.802	1242.006	672	1
4_MACS_peak_18902_lociStitched	chr2	26829547	26843527	4	12806	14712.552	1374.234	673	1
6_MACS_peak_30866_lociStitched	chr9	136573031	136587266	6	12455	15039.2775	986.4855	674	1
9_MACS_peak_18217_lociStitched	chr19	49853980	49869376	9	12607	15260.5152	1599.6444	675	1
11_MACS_peak_23572_lociStitched	chr22	50443555	50458171	11	11901	16102.4472	1046.5056	678	1
3_MACS_peak_27275_lociStitched	chr7	100195225	100208484	3	12014	16247.5786	1451.8605	679	1
6_MACS_peak_20498_lociStitched	chr20	60472560	60487301	6	12313	14670.2432	856.4521	685	1
11_MACS_peak_31935_lociStitched	chrX	152798650	152816122	11	12391	14475.552	898.0608	686	1
7_MACS_peak_30690_lociStitched	chr9	136074124	136087857	7	12436	14102.4177	741.582	688	1
5_MACS_peak_21069_lociStitched	chr21	43100473	43114019	5	12428	15373.3554	2000.7442	689	1
3_MACS_peak_19535_lociStitched	chr20	3651332	3663578	3	12092	15292.8048	1146.2256	690	1
6_MACS_peak_31778_lociStitched	chr9	140259474	140273894	6	12203	14917.49	1114.666	693	1
7_MACS_peak_27015_lociStitched	chr7	5629146	5643071	7	11359	16970.3975	1459.34	695	1
11_MACS_peak_1579_lociStitched	chr1	9736226	9752499	11	12079	15675.7809	1835.5944	696	1
7_MACS_peak_28240_lociStitched	chr7	157634800	157648998	7	12087	15339.5192	1517.7662	697	1
5_MACS_peak_17601_lociStitched	chr19	46092690	46105950	5	11809	15939.846	1505.01	698	1
5_MACS_peak_21762_lociStitched	chr22	19975691	19989967	5	12276	14557.2372	1286.2676	699	1
6_MACS_peak_6163_lociStitched	chr11	2227637	2240125	6	12025	14827.0024	977.8104	700	1
4_MACS_peak_124_lociStitched	chr1	1383511	1395701	4	12005	15191.178	1298.235	701	1
4_MACS_peak_13612_lociStitched	chr17	76445353	76458173	4	12083	14512.24	965.346	703	1
6_MACS_peak_94_lociStitched	chr1	1172289	1185012	6	11278	16249.8156	997.4832	704	1
6_MACS_peak_29772_lociStitched	chr9	37024431	37036922	6	11304	16664.2431	1465.1943	705	1
3_MACS_peak_19228_lociStitched	chr2	219717620	219729326	3	11613	15579.5154	1156.5528	707	1
6_MACS_peak_21635_lociStitched	chr21	47528499	47542779	6	11631	15696.576	1460.844	709	1
6_MACS_peak_26907_lociStitched	chr7	2691398	2704095	6	11954	13881.6301	637.3894	712	1
4_MACS_peak_20832_lociStitched	chr20	62274700	62287640	4	11492	15388.248	1266.826	717	1
7_MACS_peak_31552_lociStitched	chr9	138884215	138897731	7	11649	14632.4216	873.1336	718	1
6_MACS_peak_20878_lociStitched	chr20	62467859	62480103	6	11589	14582.604	937.8904	723	1
3_MACS_peak_7738_lociStitched	chr11	118019653	118031362	3	11422	15293.1249	1369.953	729	1
4_MACS_peak_11729_lociStitched	chr17	7341330	7353178	4	11587	14460.484	1171.7672	737	1
5_MACS_peak_24454_lociStitched	chr4	1795722	1807916	5	10969	15227.8672	913.3306	743	1
4_MACS_peak_27641_lociStitched	chr7	128468568	128481326	4	11022	16104.4234	1908.5968	744	1
3_MACS_peak_12107_lociStitched	chr17	26831568	26842791	3	11129	15234.1002	1295.1342	746	1
2_MACS_peak_4285_lociStitched	chr1	151680458	151692552	2	11114	16141.8618	2282.1378	751	1
6_MACS_peak_5812_lociStitched	chr11	377517	389063	6	10964	14300.8756	849.7856	767	1
