#RPMI8226 Enhancers
#Created from /data/projects/IRF4_mm_trn_data/myeloma_public_data/rose/RPMI8226.H3K27ac_ROSE/RPMI8226_0KB_STITCHED_ENHANCER_REGION_MAP.txt
#Ranked by RPMI8226.jin.bam
#Using cutoff of 10610.632 for Super-Enhancers
#Created on Jul 16 2024 
REGION_ID	CHROM	START	STOP	NUM_LOCI	CONSTITUENT_SIZE	RPMI8226.jin.bam	enhancerRank	isStretch
2_MACS_peak_14570_lociStitched	chr22	23264777	23281671	2	16783	209225.4324	1	1
7_MACS_peak_18363_lociStitched	chr6	7904623	7921709	7	16338	66676.4064	2	1
4_MACS_peak_18260_lociStitched	chr6	316884	330483	4	13554	50021.2017	3	1
4_MACS_peak_12812_lociStitched	chr2	134876248	134889800	4	13321	38226.1264	4	1
4_MACS_peak_6486_lociStitched	chr14	106157782	106170301	4	12078	41265.1278	5	1
6_MACS_peak_3727_lociStitched	chr11	65183970	65196342	6	11741	80949.996	6	1
4_MACS_peak_6463_lociStitched	chr14	106037554	106049550	4	11682	49536.2824	7	1
9_MACS_peak_19801_lociStitched	chr7	44668178	44680011	9	10977	23647.0672	8	1
6_MACS_peak_1180_lociStitched	chr1	118169962	118181498	6	10559	25807.1856	9	1
6_MACS_peak_6537_lociStitched	chr15	21925084	21936145	6	10492	24245.712	10	1
1_MACS_peak_18258_lociStitched	chr6	289996	300256	1	10261	65810.718	11	1
3_MACS_peak_18487_lociStitched	chr6	25403417	25413755	3	9934	25759.1946	12	1
14_MACS_peak_8253_lociStitched	chr16	79631797	79644554	14	9848	19296.2382	13	1
6_MACS_peak_12648_lociStitched	chr2	112455663	112466045	6	9636	36247.7148	14	1
5_MACS_peak_9263_lociStitched	chr17	56408151	56417271	5	8946	24369.552	15	1
4_MACS_peak_13626_lociStitched	chr20	25274126	25283368	4	8773	26892.3716	16	1
2_MACS_peak_7345_lociStitched	chr15	100649855	100658852	2	8716	38492.7648	17	1
4_MACS_peak_6549_lociStitched	chr15	21994719	22003590	4	8619	19968.621	18	1
4_MACS_peak_7080_lociStitched	chr15	75074376	75083360	4	8548	18728.9448	19	1
9_MACS_peak_6454_lociStitched	chr14	106025724	106035562	9	8346	22232.8962	20	1
2_MACS_peak_22611_lociStitched	chr9	140061419	140069842	2	8323	33522.6977	21	1
4_MACS_peak_9111_lociStitched	chr17	43298549	43306988	4	8287	16714.2834	22	1
6_MACS_peak_17797_lociStitched	chr5	131755764	131764460	6	8257	18134.6384	23	1
3_MACS_peak_8756_lociStitched	chr17	21197477	21205917	3	8234	37749.588	24	1
2_MACS_peak_1888_lociStitched	chr1	203289022	203297387	2	8224	22502.6865	25	1
3_MACS_peak_10148_lociStitched	chr18	60822224	60830562	3	8189	22533.445	26	1
6_MACS_peak_12575_lociStitched	chr2	109826691	109835872	6	8031	17810.2219	27	1
4_MACS_peak_18395_lociStitched	chr6	11827888	11835980	4	7984	20799.6768	28	1
3_MACS_peak_13653_lociStitched	chr20	30293101	30301444	3	7899	16998.0282	29	1
2_MACS_peak_12457_lociStitched	chr2	97188182	97195914	2	7733	27984.4276	30	1
5_MACS_peak_6479_lociStitched	chr14	106146025	106154701	5	7727	20943.864	31	1
3_MACS_peak_3613_lociStitched	chr11	62306511	62314690	3	7622	17631.4703	32	1
4_MACS_peak_12554_lociStitched	chr2	107120221	107128052	4	7536	23886.1162	33	1
3_MACS_peak_2216_lociStitched	chr1	234742293	234750136	3	7535	39587.5425	34	1
7_MACS_peak_13856_lociStitched	chr20	46038969	46046814	7	7512	13650.3	35	1
1_MACS_peak_11308_lociStitched	chr19	47729180	47736637	1	7458	20545.5264	36	1
7_MACS_peak_18531_lociStitched	chr6	26358942	26367192	7	7455	16324.275	37	1
6_MACS_peak_16021_lociStitched	chr3	141084664	141093378	6	7402	21255.1888	38	1
2_MACS_peak_8876_lociStitched	chr17	32711959	32719375	2	7332	22506.0768	39	1
3_MACS_peak_4431_lociStitched	chr12	4378085	4385433	3	7160	27118.5288	40	1
9_MACS_peak_1272_lociStitched	chr1	145448654	145456603	9	7149	13529.9929	41	1
1_MACS_peak_17894_lociStitched	chr5	138723227	138730368	1	7142	23035.4378	42	1
3_MACS_peak_154_lociStitched	chr1	6977335	6984637	3	7103	16896.828	43	1
6_MACS_peak_7631_lociStitched	chr16	11771306	11779147	6	7001	15959.5714	44	1
3_MACS_peak_11847_lociStitched	chr2	27383792	27391140	3	6990	22465.0404	45	1
4_MACS_peak_14573_lociStitched	chr22	23291379	23298770	4	6904	15390.2793	46	1
5_MACS_peak_11842_lociStitched	chr2	27374817	27382583	5	6880	14275.4612	47	1
3_MACS_peak_19941_lociStitched	chr7	55635993	55642894	3	6868	23734.6093	48	1
2_MACS_peak_64_lociStitched	chr1	1707647	1714737	2	6799	27259.632	49	1
3_MACS_peak_19921_lociStitched	chr7	55598885	55605906	3	6785	24903.487	50	1
5_MACS_peak_7097_lociStitched	chr15	75334442	75341626	5	6755	25900.4752	51	1
8_MACS_peak_10964_lociStitched	chr19	28953121	28960543	8	6739	10859.8704	52	1
3_MACS_peak_19543_lociStitched	chr7	5459326	5466458	3	6725	24010.5912	53	1
4_MACS_peak_3334_lociStitched	chr11	12260943	12268187	4	6718	13249.276	54	1
5_MACS_peak_3566_lociStitched	chr11	60605088	60612013	5	6648	16656.01	55	1
4_MACS_peak_18391_lociStitched	chr6	11726454	11733375	4	6591	18616.1058	56	1
6_MACS_peak_17443_lociStitched	chr5	63456742	63463916	6	6591	24934.6718	57	1
3_MACS_peak_3616_lociStitched	chr11	62318851	62325668	3	6546	19315.9695	58	1
1_MACS_peak_1485_lociStitched	chr1	154971115	154977623	1	6509	26473.2424	59	1
10_MACS_peak_12410_lociStitched	chr2	95678368	95687076	10	6445	12423.7036	60	1
4_MACS_peak_6513_lociStitched	chr15	20552470	20559304	4	6410	13994.6652	61	1
2_MACS_peak_17437_lociStitched	chr5	61984151	61990564	2	6395	19570.5521	62	1
5_MACS_peak_13738_lociStitched	chr20	34684128	34691077	5	6336	13302.4707	63	1
4_MACS_peak_21499_lociStitched	chr8	126441275	126447712	4	6263	17971.4603	64	1
6_MACS_peak_20707_lociStitched	chr7	150070037	150077340	6	6256	16154.9663	65	1
1_MACS_peak_1883_lociStitched	chr1	203255118	203261293	1	6176	26307.3525	66	1
6_MACS_peak_10183_lociStitched	chr18	67284227	67291222	6	6089	12158.0095	67	1
4_MACS_peak_10810_lociStitched	chr19	16694553	16701167	4	6069	16310.124	68	1
4_MACS_peak_12703_lociStitched	chr2	121320973	121327291	4	6040	11912.589	69	1
7_MACS_peak_17861_lociStitched	chr5	135070478	135077599	7	6013	10728.4986	70	1
4_MACS_peak_3571_lociStitched	chr11	60634338	60640679	4	5923	16847.4029	71	1
2_MACS_peak_811_lociStitched	chr1	45272196	45278131	2	5919	21764.2385	72	1
4_MACS_peak_12732_lociStitched	chr2	122572559	122578662	4	5893	12438.5243	73	1
1_MACS_peak_9670_lociStitched	chr17	79022335	79028217	1	5883	20374.0716	74	1
1_MACS_peak_11950_lociStitched	chr2	43357755	43363632	1	5878	19702.0548	75	1
2_MACS_peak_5375_lociStitched	chr12	122237517	122243628	2	5779	20451.6837	76	1
3_MACS_peak_487_lociStitched	chr1	27018779	27024772	3	5734	24311.2038	77	1
4_MACS_peak_12558_lociStitched	chr2	107136611	107142692	4	5718	14444.8074	78	1
1_MACS_peak_19429_lociStitched	chr6	168579831	168585490	1	5660	19750.4759	79	1
4_MACS_peak_4242_lociStitched	chr11	117877721	117883865	4	5635	15425.1264	80	1
3_MACS_peak_12011_lociStitched	chr2	47208982	47214733	3	5628	15636.3939	81	1
3_MACS_peak_22035_lociStitched	chr9	93923107	93929132	3	5611	14008.125	82	1
2_MACS_peak_4580_lociStitched	chr12	12867276	12873274	2	5590	16671.441	83	1
1_MACS_peak_14360_lociStitched	chr21	43480746	43486333	1	5588	22803.8992	84	1
1_MACS_peak_5881_lociStitched	chr13	114562592	114568144	1	5553	29395.064	85	1
2_MACS_peak_14648_lociStitched	chr22	29194015	29199630	2	5548	23403.8815	86	1
5_MACS_peak_21429_lociStitched	chr8	119574378	119580711	5	5533	14270.1489	87	1
1_MACS_peak_13560_lociStitched	chr20	17628061	17633586	1	5526	14189.8575	88	1
3_MACS_peak_15323_lociStitched	chr3	32461451	32467455	3	5520	14177.8456	89	1
7_MACS_peak_12059_lociStitched	chr2	60776446	60782954	7	5512	10824.1056	90	1
4_MACS_peak_7114_lociStitched	chr15	75742763	75748761	4	5502	17193.8668	91	1
5_MACS_peak_8925_lociStitched	chr17	36856755	36862386	5	5479	13621.389	92	1
3_MACS_peak_12294_lociStitched	chr2	86262121	86267681	3	5463	15164.344	93	1
5_MACS_peak_7243_lociStitched	chr15	89655179	89661041	5	5453	14272.7976	94	1
4_MACS_peak_7358_lociStitched	chr15	101458358	101464430	4	5439	15525.4968	95	1
3_MACS_peak_22437_lociStitched	chr9	134549580	134555289	3	5438	10604.4675	96	1
5_MACS_peak_4859_lociStitched	chr12	53592305	53598266	5	5423	10277.9562	97	1
7_MACS_peak_13139_lociStitched	chr2	204569076	204575815	7	5417	10657.7285	98	1
3_MACS_peak_12312_lociStitched	chr2	87064921	87070664	3	5373	18405.1664	99	1
3_MACS_peak_5890_lociStitched	chr13	114829612	114835221	3	5367	11814.7976	100	1
2_MACS_peak_21551_lociStitched	chr8	134579838	134585192	2	5345	18158.6264	101	1
4_MACS_peak_11769_lociStitched	chr2	20410068	20415900	4	5313	13441.0104	102	1
5_MACS_peak_6277_lociStitched	chr14	91829248	91835604	5	5286	11009.8632	103	1
2_MACS_peak_20477_lociStitched	chr7	113722985	113728266	2	5265	24297.881	104	1
2_MACS_peak_8764_lociStitched	chr17	21248368	21253878	2	5260	21793.703	105	1
2_MACS_peak_1681_lociStitched	chr1	167531574	167536923	2	5259	13692.9051	106	1
4_MACS_peak_10674_lociStitched	chr19	12899444	12905259	4	5229	14036.247	107	1
3_MACS_peak_21356_lociStitched	chr8	103544720	103550214	3	5212	11349.5052	108	1
4_MACS_peak_14424_lociStitched	chr21	45280953	45286521	4	5185	19289.7792	109	1
3_MACS_peak_3673_lociStitched	chr11	64004602	64010019	3	5167	18633.9383	110	1
5_MACS_peak_12481_lociStitched	chr2	99076590	99082366	5	5159	9456.4672	111	1
2_MACS_peak_9047_lociStitched	chr17	40827123	40832528	2	5148	13724.9165	112	1
3_MACS_peak_17711_lociStitched	chr5	112785004	112790275	3	5140	18453.2439	113	1
3_MACS_peak_15468_lociStitched	chr3	46542666	46548150	3	5126	11061.7764	114	1
1_MACS_peak_6944_lociStitched	chr15	65183493	65188590	1	5098	18374.685	115	1
4_MACS_peak_19883_lociStitched	chr7	51328171	51333960	4	5094	9359.0763	116	1
2_MACS_peak_6915_lociStitched	chr15	62744765	62749900	2	5074	13020.306	117	1
4_MACS_peak_6621_lociStitched	chr15	31555128	31560350	4	5059	15078.525	118	1
3_MACS_peak_4012_lociStitched	chr11	76477499	76482908	3	5025	10081.2942	119	1
5_MACS_peak_15189_lociStitched	chr3	14161776	14167337	5	5014	15008.0268	120	1
2_MACS_peak_8248_lociStitched	chr16	79039680	79044796	2	5013	19811.71	121	1
3_MACS_peak_8672_lociStitched	chr17	16889960	16895262	3	5012	14725.7748	122	1
4_MACS_peak_21596_lociStitched	chr8	143591434	143597009	4	4994	11459.4125	123	1
2_MACS_peak_3879_lociStitched	chr11	67568962	67574076	2	4980	14876.1146	124	1
4_MACS_peak_5214_lociStitched	chr12	109025907	109031418	4	4980	10614.7371	125	1
1_MACS_peak_1537_lociStitched	chr1	156092347	156097315	1	4969	20478.096	126	1
3_MACS_peak_788_lociStitched	chr1	44297343	44302304	3	4947	11983.2955	127	1
4_MACS_peak_18110_lociStitched	chr5	173168253	173173946	4	4940	12572.4212	128	1
1_MACS_peak_10725_lociStitched	chr19	13949526	13954463	1	4938	15273.5969	129	1
3_MACS_peak_14853_lociStitched	chr22	39635750	39640887	3	4929	11490.9553	130	1
4_MACS_peak_9830_lociStitched	chr18	9064866	9070146	4	4923	9425.328	131	1
4_MACS_peak_4123_lociStitched	chr11	105480558	105486175	4	4917	10254.9569	132	1
2_MACS_peak_21507_lociStitched	chr8	128806012	128810939	2	4910	29207.7487	133	1
4_MACS_peak_22503_lociStitched	chr9	137611720	137617240	4	4908	10439.424	134	1
4_MACS_peak_8271_lociStitched	chr16	79801186	79806227	4	4885	10264.4842	135	1
2_MACS_peak_22429_lociStitched	chr9	134148405	134153319	2	4883	10822.5936	136	1
2_MACS_peak_9092_lociStitched	chr17	42293883	42298760	2	4855	14742.1956	137	1
1_MACS_peak_21504_lociStitched	chr8	128746516	128751361	1	4846	14393.0415	138	1
8_MACS_peak_14324_lociStitched	chr21	41325674	41331502	8	4845	8229.7188	139	1
5_MACS_peak_3166_lociStitched	chr11	267580	272914	5	4827	13221.9192	140	1
2_MACS_peak_22415_lociStitched	chr9	133319797	133324694	2	4822	13803.6636	141	1
1_MACS_peak_1486_lociStitched	chr1	154988071	154992891	1	4821	16575.98	142	1
2_MACS_peak_10784_lociStitched	chr19	16186331	16191181	2	4816	19334.525	143	1
4_MACS_peak_1839_lociStitched	chr1	200987690	200992833	4	4811	14323.255	144	1
5_MACS_peak_19984_lociStitched	chr7	64015729	64020980	5	4810	8663.6249	145	1
1_MACS_peak_21630_lociStitched	chr8	144607800	144612608	1	4809	12308.9608	146	1
2_MACS_peak_7109_lociStitched	chr15	75492322	75497183	2	4799	20643.2087	147	1
3_MACS_peak_12382_lociStitched	chr2	89158894	89163758	3	4791	8649.6512	148	1
2_MACS_peak_18985_lociStitched	chr6	74229357	74234214	2	4790	27334.7103	149	1
5_MACS_peak_4127_lociStitched	chr11	105565800	105571595	5	4771	9893.224	150	1
2_MACS_peak_14436_lociStitched	chr21	45572979	45578007	2	4747	19493.0532	151	1
5_MACS_peak_15437_lociStitched	chr3	46148300	46153661	5	4744	9227.8893	152	1
4_MACS_peak_3756_lociStitched	chr11	65340011	65344888	4	4729	9165.3461	153	1
5_MACS_peak_13567_lociStitched	chr20	17825792	17830778	5	4726	9909.675	154	1
3_MACS_peak_4422_lociStitched	chr12	4224607	4229545	3	4710	19270.545	155	1
3_MACS_peak_5882_lociStitched	chr13	114581476	114586295	3	4708	16697.835	156	1
4_MACS_peak_9639_lociStitched	chr17	77782987	77787846	4	4703	13018.7187	157	1
4_MACS_peak_17629_lociStitched	chr5	90675312	90680560	4	4702	10446.6688	158	1
3_MACS_peak_18333_lociStitched	chr6	4879331	4884248	3	4697	9613.7184	159	1
3_MACS_peak_16032_lociStitched	chr3	141119236	141124268	3	4694	16020.3784	160	1
3_MACS_peak_21626_lociStitched	chr8	144594959	144599976	3	4693	13273.4769	161	1
4_MACS_peak_19351_lociStitched	chr6	157980274	157985443	4	4686	12884.2494	162	1
3_MACS_peak_6625_lociStitched	chr15	31617084	31622097	3	4658	14345.2008	163	1
3_MACS_peak_23191_lociStitched	chrX	153234468	153239492	3	4645	16330.512	164	1
2_MACS_peak_6392_lociStitched	chr14	103574607	103579682	2	4627	12377.4175	165	1
4_MACS_peak_10100_lociStitched	chr18	52985110	52990341	4	4618	7693.7548	166	1
4_MACS_peak_3743_lociStitched	chr11	65263707	65268544	4	4601	18800.4516	167	1
2_MACS_peak_21029_lociStitched	chr8	29629902	29634505	2	4593	14599.7954	168	1
4_MACS_peak_6819_lociStitched	chr15	52771934	52776727	4	4568	9625.7819	169	1
3_MACS_peak_18511_lociStitched	chr6	26195743	26200564	3	4553	11686.5861	170	1
1_MACS_peak_5880_lociStitched	chr13	114556793	114561344	1	4552	15053.3427	171	1
4_MACS_peak_10702_lociStitched	chr19	13260711	13265484	4	4552	10381.7523	172	1
3_MACS_peak_37_lociStitched	chr1	1240166	1244769	3	4551	11666.7638	173	1
4_MACS_peak_15634_lociStitched	chr3	53735276	53740187	4	4550	9123.6558	174	1
4_MACS_peak_3409_lociStitched	chr11	19451496	19456398	4	4548	9248.1132	175	1
3_MACS_peak_19113_lociStitched	chr6	108878540	108883607	3	4540	11109.9042	176	1
1_MACS_peak_17119_lociStitched	chr5	1313293	1317809	1	4517	12212.1672	177	1
5_MACS_peak_22404_lociStitched	chr9	132646971	132651725	5	4504	8351.8272	178	1
1_MACS_peak_6994_lociStitched	chr15	69109489	69113986	1	4498	21513.1983	179	1
2_MACS_peak_12321_lociStitched	chr2	87085572	87090092	2	4486	11930.088	180	1
4_MACS_peak_12162_lociStitched	chr2	68514198	68519080	4	4486	10883.9308	181	1
2_MACS_peak_21374_lociStitched	chr8	103816671	103821433	2	4462	16582.7126	182	1
4_MACS_peak_3874_lociStitched	chr11	67413571	67418612	4	4445	11212.6963	183	1
6_MACS_peak_13111_lociStitched	chr2	201987350	201992568	6	4413	7424.1704	184	1
3_MACS_peak_20553_lociStitched	chr7	130790799	130795452	3	4398	10505.5434	185	1
2_MACS_peak_22903_lociStitched	chrX	48793913	48798333	2	4397	11820.406	186	1
1_MACS_peak_8869_lociStitched	chr17	32695968	32700351	1	4384	10570.0428	187	1
4_MACS_peak_13506_lociStitched	chr20	4874286	4879083	4	4377	8360.6913	188	1
4_MACS_peak_17180_lociStitched	chr5	14143226	14148045	4	4368	8611.553	189	1
3_MACS_peak_9386_lociStitched	chr17	64940292	64945202	3	4365	11525.243	190	1
2_MACS_peak_16029_lociStitched	chr3	141102341	141106755	2	4357	8091.3034	191	1
2_MACS_peak_7954_lociStitched	chr16	49888913	49893342	2	4349	11205.37	192	1
4_MACS_peak_12736_lociStitched	chr2	122581695	122586390	4	4342	9225.2055	193	1
3_MACS_peak_14393_lociStitched	chr21	44730216	44734852	3	4340	15306.2176	194	1
2_MACS_peak_4188_lociStitched	chr11	112481524	112485854	2	4326	10025.682	195	1
1_MACS_peak_14763_lociStitched	chr22	37771790	37776112	1	4323	20673.8548	196	1
1_MACS_peak_1762_lociStitched	chr1	181097441	181101761	1	4321	12014.352	197	1
3_MACS_peak_14591_lociStitched	chr22	24184887	24189481	3	4306	10556.5526	198	1
2_MACS_peak_3777_lociStitched	chr11	65624576	65628980	2	4304	17423.5452	199	1
2_MACS_peak_3221_lociStitched	chr11	1870853	1875194	2	4286	12384.4389	200	1
2_MACS_peak_14441_lociStitched	chr21	45660217	45664567	2	4286	16245.51	201	1
4_MACS_peak_4715_lociStitched	chr12	46120602	46125598	4	4280	12291.6588	202	1
4_MACS_peak_12612_lociStitched	chr2	112186677	112191281	4	4274	7196.9728	203	1
4_MACS_peak_20253_lociStitched	chr7	92461910	92466489	4	4272	7891.4486	204	1
2_MACS_peak_12608_lociStitched	chr2	111876541	111880892	2	4263	11057.6314	205	1
5_MACS_peak_719_lociStitched	chr1	40848580	40853626	5	4252	8957.1546	206	1
3_MACS_peak_18410_lociStitched	chr6	13523817	13528135	3	4229	11421.11	207	1
5_MACS_peak_12589_lociStitched	chr2	110095353	110100561	5	4225	9906.1368	208	1
2_MACS_peak_13224_lociStitched	chr2	219260898	219265229	2	4224	7939.1561	209	1
1_MACS_peak_12183_lociStitched	chr2	70312761	70316981	1	4221	21624.124	210	1
5_MACS_peak_4948_lociStitched	chr12	57078373	57083004	5	4188	11073.6472	211	1
3_MACS_peak_2084_lociStitched	chr1	226066897	226071208	3	4182	11824.6419	212	1
4_MACS_peak_14062_lociStitched	chr20	61339593	61343790	4	4181	7475.6964	213	1
3_MACS_peak_15443_lociStitched	chr3	46246214	46250517	3	4170	9379.6794	214	1
3_MACS_peak_18581_lociStitched	chr6	27858807	27863468	3	4158	11416.6534	215	1
4_MACS_peak_4839_lociStitched	chr12	53264572	53269202	4	4150	11808.352	216	1
4_MACS_peak_1189_lociStitched	chr1	118195482	118200140	4	4150	9776.2104	217	1
1_MACS_peak_7842_lociStitched	chr16	30194061	30198207	1	4147	14292.9204	218	1
3_MACS_peak_7646_lociStitched	chr16	12056683	12060878	3	4139	7928.9695	219	1
5_MACS_peak_8666_lociStitched	chr17	16881294	16885638	5	4136	11216.6424	220	1
1_MACS_peak_20422_lociStitched	chr7	104652202	104656330	1	4129	22046.8224	221	1
5_MACS_peak_13937_lociStitched	chr20	55126552	55130910	5	4129	9941.4696	222	1
4_MACS_peak_17415_lociStitched	chr5	60625400	60629937	4	4129	13502.5657	223	1
1_MACS_peak_10357_lociStitched	chr19	2081797	2085922	1	4126	10133.8875	224	1
3_MACS_peak_12546_lociStitched	chr2	107102777	107107070	3	4116	8952.1929	225	1
2_MACS_peak_3698_lociStitched	chr11	64616476	64620670	2	4113	11195.883	226	1
1_MACS_peak_15062_lociStitched	chr22	50326829	50330934	1	4106	17188.456	227	1
6_MACS_peak_19264_lociStitched	chr6	139643676	139648346	6	4106	8439.624	228	1
1_MACS_peak_18696_lociStitched	chr6	32935685	32939783	1	4099	23795.4468	229	1
5_MACS_peak_6628_lociStitched	chr15	31626917	31631830	5	4096	7259.9401	230	1
1_MACS_peak_4164_lociStitched	chr11	111246998	111251091	1	4094	10189.1142	231	1
2_MACS_peak_6521_lociStitched	chr15	20992548	20997073	2	4092	12237.8625	232	1
2_MACS_peak_1925_lociStitched	chr1	205253017	205257386	2	4079	7440.8439	233	1
4_MACS_peak_8456_lociStitched	chr17	977257	981802	4	4076	8215.9965	234	1
4_MACS_peak_6815_lociStitched	chr15	52754616	52759344	4	4073	11278.644	235	1
4_MACS_peak_15921_lociStitched	chr3	127451585	127456496	4	4073	8408.6142	236	1
5_MACS_peak_19491_lociStitched	chr7	2442640	2446984	5	4066	7504.26	237	1
3_MACS_peak_10392_lociStitched	chr19	2607204	2611405	3	4064	8142.7983	238	1
4_MACS_peak_11962_lociStitched	chr2	43444861	43449172	4	4064	6993.3042	239	1
3_MACS_peak_15650_lociStitched	chr3	56949127	56953370	3	4059	9102.9322	240	1
3_MACS_peak_30_lociStitched	chr1	1140314	1144781	3	4058	13132.0866	241	1
1_MACS_peak_14433_lociStitched	chr21	45562230	45566285	1	4056	18150.18	242	1
2_MACS_peak_11773_lociStitched	chr2	20421757	20425826	2	4056	14413.6187	243	1
3_MACS_peak_9499_lociStitched	chr17	73871264	73875478	3	4052	15168.7144	244	1
5_MACS_peak_5434_lociStitched	chr12	125401240	125406197	5	4052	7528.1959	245	1
2_MACS_peak_6282_lociStitched	chr14	91837572	91841807	2	4051	7440.895	246	1
5_MACS_peak_15238_lociStitched	chr3	15386021	15390709	5	4036	8387.3008	247	1
3_MACS_peak_14960_lociStitched	chr22	44419446	44423574	3	4028	14941.7088	248	1
3_MACS_peak_20704_lociStitched	chr7	150064276	150068360	3	4027	24655.9248	249	1
2_MACS_peak_1474_lociStitched	chr1	154913227	154917344	2	4027	10241.4492	250	1
2_MACS_peak_21754_lociStitched	chr9	5625874	5630006	2	4027	12515.828	251	1
3_MACS_peak_13119_lociStitched	chr2	202121766	202126005	3	4026	7087.1841	252	1
6_MACS_peak_17975_lociStitched	chr5	142544438	142549585	6	4020	7411.1653	253	1
2_MACS_peak_13301_lociStitched	chr2	232570923	232575150	2	4012	16325.0967	254	1
5_MACS_peak_2970_lociStitched	chr10	111967384	111972118	5	4011	8829.8568	255	1
3_MACS_peak_16202_lociStitched	chr3	177074975	177079022	3	4005	16384.6842	256	1
1_MACS_peak_8417_lociStitched	chr16	89041894	89045895	1	4002	10347.3862	257	1
1_MACS_peak_9808_lociStitched	chr18	3447351	3451346	1	3996	11019.009	258	1
3_MACS_peak_12291_lociStitched	chr2	86223458	86227488	3	3993	6963.84	259	1
4_MACS_peak_10715_lociStitched	chr19	13800953	13804993	4	3992	7309.572	260	1
2_MACS_peak_22825_lociStitched	chrX	39955001	39959005	2	3991	10717.1064	261	1
3_MACS_peak_1334_lociStitched	chr1	149821271	149825326	3	3989	14481.216	262	1
1_MACS_peak_18427_lociStitched	chr6	14801445	14805431	1	3987	9916.3708	263	1
1_MACS_peak_6160_lociStitched	chr14	69258964	69262939	1	3976	11225.7975	264	1
5_MACS_peak_4444_lociStitched	chr12	5488310	5492813	5	3975	7542.0747	265	1
1_MACS_peak_16528_lociStitched	chr4	15002900	15006871	1	3972	9917.9696	266	1
1_MACS_peak_14616_lociStitched	chr22	24822486	24826453	1	3968	14353.3994	267	1
5_MACS_peak_13983_lociStitched	chr20	57463904	57468168	5	3966	8296.4648	268	1
3_MACS_peak_19036_lociStitched	chr6	90060706	90064991	3	3959	13605.3035	269	1
3_MACS_peak_22525_lociStitched	chr9	138332033	138336174	3	3956	6604.895	270	1
3_MACS_peak_20867_lociStitched	chr8	11349031	11353158	3	3941	9055.0507	271	1
2_MACS_peak_74_lociStitched	chr1	1837421	1841432	2	3938	21394.2729	272	1
1_MACS_peak_16200_lociStitched	chr3	176913172	176917106	1	3935	20669.236	273	1
5_MACS_peak_2466_lociStitched	chr10	22970077	22974851	5	3935	8306.76	274	1
3_MACS_peak_21034_lociStitched	chr8	29659826	29663860	3	3933	8027.2566	275	1
2_MACS_peak_1563_lociStitched	chr1	156718043	156722362	2	3930	9957.0226	276	1
4_MACS_peak_3760_lociStitched	chr11	65354072	65358528	4	3929	9813.0032	277	1
3_MACS_peak_10991_lociStitched	chr19	29120679	29124825	3	3919	8944.5804	278	1
2_MACS_peak_1684_lociStitched	chr1	167596653	167600588	2	3909	10694.1495	279	1
2_MACS_peak_11966_lociStitched	chr2	43451197	43455117	2	3898	13534.584	280	1
1_MACS_peak_20388_lociStitched	chr7	102064039	102067934	1	3896	14753.8705	281	1
3_MACS_peak_11766_lociStitched	chr2	20405170	20409158	3	3895	8980.1784	282	1
6_MACS_peak_11794_lociStitched	chr2	23884424	23889467	6	3894	6968.9217	283	1
2_MACS_peak_17380_lociStitched	chr5	55981220	55985130	2	3889	11284.26	284	1
2_MACS_peak_8114_lociStitched	chr16	67594902	67598807	2	3879	17590.0725	285	1
2_MACS_peak_8281_lociStitched	chr16	79908110	79912303	2	3876	10903.4772	286	1
2_MACS_peak_11863_lociStitched	chr2	28612929	28616887	2	3872	10455.4528	287	1
2_MACS_peak_7369_lociStitched	chr15	101738224	101742324	2	3867	11537.4	288	1
4_MACS_peak_11734_lociStitched	chr2	11886752	11891372	4	3864	7511.658	289	1
4_MACS_peak_13499_lociStitched	chr20	4467324	4471815	4	3832	6305.364	290	1
2_MACS_peak_20533_lociStitched	chr7	128577438	128581347	2	3824	6645.3	291	1
5_MACS_peak_19127_lociStitched	chr6	108992242	108996783	5	3820	6341.9606	292	1
2_MACS_peak_16100_lociStitched	chr3	152877508	152881365	2	3813	16569.2863	293	1
4_MACS_peak_7058_lociStitched	chr15	74675509	74679949	4	3806	9761.34	294	1
1_MACS_peak_10283_lociStitched	chr19	917085	920881	1	3797	11637.0176	295	1
2_MACS_peak_3647_lociStitched	chr11	62606227	62610233	2	3797	13358.4076	296	1
2_MACS_peak_10358_lociStitched	chr19	2086790	2090710	2	3787	9881.144	297	1
2_MACS_peak_21354_lociStitched	chr8	103540051	103544102	2	3784	9983.6895	298	1
4_MACS_peak_8329_lociStitched	chr16	85586646	85590881	4	3783	7485.3625	299	1
2_MACS_peak_17413_lociStitched	chr5	60613868	60617677	2	3780	10594.3526	300	1
6_MACS_peak_10006_lociStitched	chr18	37520694	37525645	6	3770	6713.556	301	1
3_MACS_peak_19840_lociStitched	chr7	46042892	46046852	3	3769	11812.284	302	1
3_MACS_peak_9430_lociStitched	chr17	70598631	70602981	3	3769	7633.38	303	1
3_MACS_peak_2942_lociStitched	chr10	104402060	104405877	3	3768	8251.2089	304	1
2_MACS_peak_1450_lociStitched	chr1	154297600	154301534	2	3763	9861.3578	305	1
3_MACS_peak_1951_lociStitched	chr1	206730081	206734127	3	3760	8306.438	306	1
3_MACS_peak_20793_lociStitched	chr7	156806630	156810803	3	3751	7652.4474	307	1
2_MACS_peak_21655_lociStitched	chr8	145014970	145018710	2	3740	9836.948	308	1
2_MACS_peak_6529_lociStitched	chr15	21082145	21085926	2	3735	9132.6274	309	1
7_MACS_peak_12365_lociStitched	chr2	89131539	89136498	7	3735	5825.8332	310	1
2_MACS_peak_13575_lociStitched	chr20	17852599	17856440	2	3732	6560.0439	311	1
1_MACS_peak_1333_lociStitched	chr1	149811708	149815434	1	3727	13971.3822	312	1
2_MACS_peak_2091_lociStitched	chr1	226127692	226131456	2	3717	8168.6328	313	1
2_MACS_peak_4974_lociStitched	chr12	57913243	57917167	2	3717	11227.3488	314	1
2_MACS_peak_13630_lociStitched	chr20	25289233	25292953	2	3709	12697.104	315	1
2_MACS_peak_11534_lociStitched	chr19	56151614	56155458	2	3701	9143.3384	316	1
3_MACS_peak_12016_lociStitched	chr2	47535476	47539369	3	3698	8208.0012	317	1
1_MACS_peak_18229_lociStitched	chr5	179245170	179248865	1	3696	12262.5965	318	1
3_MACS_peak_18881_lociStitched	chr6	43737482	43741731	3	3696	15719.1755	319	1
2_MACS_peak_16119_lociStitched	chr3	156805054	156808751	2	3694	12611.5761	320	1
2_MACS_peak_1338_lociStitched	chr1	149856696	149860601	2	3692	15141.6375	321	1
3_MACS_peak_6808_lociStitched	chr15	52310878	52314790	3	3690	11212.9656	322	1
5_MACS_peak_17383_lociStitched	chr5	55991921	55995904	5	3685	6598.6361	323	1
2_MACS_peak_8072_lociStitched	chr16	66554965	66558879	2	3681	6984.1416	324	1
6_MACS_peak_19363_lociStitched	chr6	158251123	158255619	6	3679	7107.2768	325	1
5_MACS_peak_12345_lociStitched	chr2	87816769	87821064	5	3676	5504.472	326	1
1_MACS_peak_7006_lociStitched	chr15	69958564	69962236	1	3673	8567.8776	327	1
3_MACS_peak_18504_lociStitched	chr6	26155709	26159704	3	3673	12621.803	328	1
1_MACS_peak_15182_lociStitched	chr3	13459633	13463301	1	3669	12642.8624	329	1
2_MACS_peak_13955_lociStitched	chr20	55964367	55968212	2	3669	7292.8115	330	1
5_MACS_peak_13393_lociStitched	chr2	241504745	241508810	5	3661	7128.7905	331	1
3_MACS_peak_9617_lociStitched	chr17	76776054	76779962	3	3658	10654.7712	332	1
1_MACS_peak_17083_lociStitched	chr5	188886	192538	1	3653	12809.39	333	1
2_MACS_peak_3969_lociStitched	chr11	72862288	72866011	2	3652	8868.5583	334	1
1_MACS_peak_15003_lociStitched	chr22	46464942	46468590	1	3649	15634.9632	335	1
4_MACS_peak_13401_lociStitched	chr2	241523022	241526845	4	3640	8847.5689	336	1
2_MACS_peak_1781_lociStitched	chr1	183737592	183741498	2	3640	9282.609	337	1
5_MACS_peak_12717_lociStitched	chr2	121642283	121646371	5	3633	5895.3048	338	1
2_MACS_peak_7821_lociStitched	chr16	29815980	29819752	2	3628	12567.9268	339	1
3_MACS_peak_14371_lociStitched	chr21	43651765	43655578	3	3628	12024.6768	340	1
2_MACS_peak_7019_lociStitched	chr15	70549556	70553307	2	3627	7218.0493	341	1
2_MACS_peak_573_lociStitched	chr1	31218239	31221860	2	3622	5892.4533	342	1
5_MACS_peak_2561_lociStitched	chr10	44888568	44893093	5	3616	7913.32	343	1
3_MACS_peak_11543_lociStitched	chr19	56340314	56344153	3	3615	8901.8732	344	1
5_MACS_peak_12627_lociStitched	chr2	112220434	112224648	5	3614	7226.5886	345	1
2_MACS_peak_2219_lociStitched	chr1	234859077	234862725	2	3611	11238.3936	346	1
3_MACS_peak_9837_lociStitched	chr18	9135609	9139340	3	3610	9029.02	347	1
3_MACS_peak_538_lociStitched	chr1	28573154	28577020	3	3604	9934.0736	348	1
3_MACS_peak_10796_lociStitched	chr19	16434926	16439227	3	3603	9026.9388	349	1
1_MACS_peak_21436_lociStitched	chr8	120885983	120889584	1	3602	8966.8501	350	1
1_MACS_peak_15356_lociStitched	chr3	39191886	39195487	1	3602	11013.2984	351	1
3_MACS_peak_10225_lociStitched	chr18	72920194	72924197	3	3599	11127.1391	352	1
2_MACS_peak_17530_lociStitched	chr5	75841957	75845661	2	3598	7340.2168	353	1
3_MACS_peak_2325_lociStitched	chr10	3824655	3828438	3	3592	11041.0638	354	1
3_MACS_peak_18501_lociStitched	chr6	26122580	26126400	3	3590	9969.054	355	1
3_MACS_peak_1355_lociStitched	chr1	150532988	150536810	3	3585	7403.5962	356	1
3_MACS_peak_6060_lociStitched	chr14	50466806	50470556	3	3581	6889.5	357	1
1_MACS_peak_14577_lociStitched	chr22	23478118	23481691	1	3574	8185.3857	358	1
1_MACS_peak_3968_lociStitched	chr11	72851747	72855316	1	3570	11789.1208	359	1
5_MACS_peak_8870_lociStitched	chr17	32703617	32708051	5	3567	6012.0606	360	1
5_MACS_peak_1361_lociStitched	chr1	150583004	150586843	5	3564	7137.8527	361	1
3_MACS_peak_6389_lociStitched	chr14	103569673	103573313	3	3563	9010.82	362	1
2_MACS_peak_7603_lociStitched	chr16	9055051	9058674	2	3554	14283.6775	363	1
4_MACS_peak_11713_lociStitched	chr2	10547595	10551769	4	3547	8027.0194	364	1
3_MACS_peak_17432_lociStitched	chr5	61943707	61947501	3	3545	6941.123	365	1
1_MACS_peak_16064_lociStitched	chr3	150125208	150128747	1	3540	12300.5023	366	1
3_MACS_peak_7753_lociStitched	chr16	23346266	23350041	3	3540	7291.4125	367	1
5_MACS_peak_1377_lociStitched	chr1	150977373	150981470	5	3539	5426.4765	368	1
4_MACS_peak_18745_lociStitched	chr6	34622859	34626683	4	3538	8405.5344	369	1
5_MACS_peak_2989_lociStitched	chr10	112217364	112221484	5	3534	6410.72	370	1
2_MACS_peak_22571_lociStitched	chr9	139587782	139591315	2	3530	8591.1961	371	1
2_MACS_peak_22038_lociStitched	chr9	93953166	93956764	2	3518	10419.4482	372	1
1_MACS_peak_15063_lociStitched	chr22	50353144	50356660	1	3517	11528.6124	373	1
1_MACS_peak_16121_lociStitched	chr3	156820734	156824247	1	3514	7785.1593	374	1
1_MACS_peak_22320_lociStitched	chr9	130538762	130542273	1	3512	9884.8694	375	1
2_MACS_peak_19642_lociStitched	chr7	23507706	23511572	2	3510	12755.0938	376	1
1_MACS_peak_22229_lociStitched	chr9	123637625	123641133	1	3509	13704.002	377	1
2_MACS_peak_1471_lociStitched	chr1	154830898	154834409	2	3509	15206.8432	378	1
2_MACS_peak_22718_lociStitched	chrX	11444026	11447962	2	3509	8520.6528	379	1
2_MACS_peak_3508_lociStitched	chr11	47414285	47417832	2	3507	8489.7445	380	1
3_MACS_peak_5297_lociStitched	chr12	116796502	116800074	3	3504	7405.4704	381	1
4_MACS_peak_19823_lociStitched	chr7	45440061	45444013	4	3501	5468.3824	382	1
1_MACS_peak_20389_lociStitched	chr7	102071907	102075406	1	3500	14151.7055	383	1
2_MACS_peak_22230_lociStitched	chr9	123653112	123656694	2	3499	11166.885	384	1
4_MACS_peak_15476_lociStitched	chr3	46587496	46591613	4	3496	6125.6843	385	1
2_MACS_peak_4582_lociStitched	chr12	12876169	12879802	2	3492	18044.3844	386	1
2_MACS_peak_10243_lociStitched	chr18	77153113	77156664	2	3486	8488.3104	387	1
5_MACS_peak_20727_lociStitched	chr7	150597758	150601841	5	3480	6209.0181	388	1
2_MACS_peak_18740_lociStitched	chr6	34203302	34206810	2	3472	11017.2248	389	1
5_MACS_peak_2369_lociStitched	chr10	7511768	7516055	5	3471	6064.3902	390	1
3_MACS_peak_9597_lociStitched	chr17	76247102	76250799	3	3467	8853.5756	391	1
3_MACS_peak_745_lociStitched	chr1	41981413	41985132	3	3467	7590.1071	392	1
4_MACS_peak_11293_lociStitched	chr19	47217204	47221422	4	3467	6809.5392	393	1
2_MACS_peak_16090_lociStitched	chr3	151984467	151988304	2	3463	12416.532	394	1
4_MACS_peak_1788_lociStitched	chr1	183879242	183882910	4	3455	7237.6976	395	1
1_MACS_peak_17390_lociStitched	chr5	56110007	56113460	1	3454	17746.0029	396	1
5_MACS_peak_21546_lociStitched	chr8	134510341	134514503	5	3454	7055.4224	397	1
4_MACS_peak_21619_lociStitched	chr8	144425037	144428889	4	3453	8267.5476	398	1
2_MACS_peak_9934_lociStitched	chr18	20713793	20717389	2	3448	13148.0548	399	1
6_MACS_peak_17748_lociStitched	chr5	121632692	121637523	6	3446	5497.678	400	1
5_MACS_peak_9846_lociStitched	chr18	10474259	10478657	5	3445	7247.904	401	1
1_MACS_peak_20866_lociStitched	chr8	11321755	11325196	1	3442	9380.5101	402	1
2_MACS_peak_6562_lociStitched	chr15	22093299	22096892	2	3440	10260.1708	403	1
2_MACS_peak_9425_lociStitched	chr17	70582699	70586335	2	3436	8394.0696	404	1
2_MACS_peak_17316_lociStitched	chr5	42991510	42995096	2	3434	9197.3728	405	1
5_MACS_peak_3736_lociStitched	chr11	65254265	65258085	5	3432	6756.816	406	1
2_MACS_peak_4787_lociStitched	chr12	50502923	50506697	2	3426	8178.258	407	1
2_MACS_peak_15154_lociStitched	chr3	10435216	10438984	2	3424	6821.2104	408	1
1_MACS_peak_22833_lociStitched	chrX	40033172	40036590	1	3419	10405.0756	409	1
3_MACS_peak_13108_lociStitched	chr2	201980531	201984150	3	3418	9952.25	410	1
1_MACS_peak_17982_lociStitched	chr5	142782071	142785487	1	3417	10041.332	411	1
3_MACS_peak_407_lociStitched	chr1	23854519	23858270	3	3413	9104.4272	412	1
4_MACS_peak_13045_lociStitched	chr2	191331664	191335449	4	3407	5782.3445	413	1
2_MACS_peak_9682_lociStitched	chr17	79479037	79482515	2	3402	15968.5414	414	1
3_MACS_peak_4359_lociStitched	chr11	130048327	130052132	3	3402	8214.995	415	1
3_MACS_peak_15119_lociStitched	chr3	5227716	5231233	3	3401	11283.2394	416	1
3_MACS_peak_21733_lociStitched	chr9	2014706	2018348	3	3400	6567.2544	417	1
1_MACS_peak_6520_lociStitched	chr15	20988554	20991948	1	3395	7471.891	418	1
3_MACS_peak_19755_lociStitched	chr7	39988242	39991723	3	3393	11520.3695	419	1
1_MACS_peak_1528_lociStitched	chr1	155947250	155950640	1	3391	7693.944	420	1
1_MACS_peak_12566_lociStitched	chr2	107457098	107460486	1	3389	8680.056	421	1
2_MACS_peak_18618_lociStitched	chr6	30582903	30586472	2	3389	7563.0679	422	1
3_MACS_peak_12444_lociStitched	chr2	96906148	96909813	3	3386	5519.8565	423	1
4_MACS_peak_827_lociStitched	chr1	46506134	46510249	4	3385	6078.2665	424	1
2_MACS_peak_8111_lociStitched	chr16	67580687	67584067	2	3380	11066.796	425	1
2_MACS_peak_5693_lociStitched	chr13	50697225	50700776	2	3379	13777.1698	426	1
3_MACS_peak_10788_lociStitched	chr19	16227676	16231190	3	3376	8381.5928	427	1
3_MACS_peak_15223_lociStitched	chr3	14930224	14933820	3	3362	7968.3764	428	1
4_MACS_peak_14414_lociStitched	chr21	45136237	45140251	4	3358	11520.5814	429	1
4_MACS_peak_12616_lociStitched	chr2	112193173	112197281	4	3358	5656.3052	430	1
3_MACS_peak_18115_lociStitched	chr5	173215681	173219136	3	3352	8913.209	431	1
1_MACS_peak_145_lociStitched	chr1	6660605	6663953	1	3349	11485.9836	432	1
4_MACS_peak_378_lociStitched	chr1	21618628	21622615	4	3342	6822.1557	433	1
2_MACS_peak_6477_lociStitched	chr14	106112375	106115723	2	3330	6755.2596	434	1
2_MACS_peak_17318_lociStitched	chr5	43007166	43010700	2	3327	8384.0616	435	1
1_MACS_peak_7464_lociStitched	chr16	2057351	2060676	1	3326	8309.5075	436	1
4_MACS_peak_7063_lociStitched	chr15	74691853	74695841	4	3322	6186.5844	437	1
3_MACS_peak_19887_lociStitched	chr7	51336330	51339861	3	3319	7180.9947	438	1
4_MACS_peak_17103_lociStitched	chr5	1006376	1010267	4	3318	8211.5664	439	1
4_MACS_peak_2120_lociStitched	chr1	227679757	227683332	4	3316	7374.51	440	1
2_MACS_peak_22311_lociStitched	chr9	130330306	130333671	2	3313	10201.6705	441	1
2_MACS_peak_5395_lociStitched	chr12	123542029	123545497	2	3310	6844.098	442	1
2_MACS_peak_16177_lociStitched	chr3	171817076	171820481	2	3309	5303.628	443	1
2_MACS_peak_667_lociStitched	chr1	36850543	36853891	2	3308	12022.3332	444	1
2_MACS_peak_7362_lociStitched	chr15	101469468	101472910	2	3306	5843.8276	445	1
1_MACS_peak_14404_lociStitched	chr21	44817481	44820779	1	3299	9931.927	446	1
5_MACS_peak_16902_lociStitched	chr4	140128297	140131948	5	3299	8433.81	447	1
2_MACS_peak_7832_lociStitched	chr16	30074953	30078289	2	3298	8713.632	448	1
2_MACS_peak_5397_lociStitched	chr12	123546140	123549718	2	3296	6948.1182	449	1
2_MACS_peak_6058_lociStitched	chr14	50436768	50440201	2	3291	6089.7987	450	1
1_MACS_peak_6861_lociStitched	chr15	56535084	56538369	1	3286	8821.2105	451	1
2_MACS_peak_3911_lociStitched	chr11	68606031	68609389	2	3286	7324.4696	452	1
4_MACS_peak_2978_lociStitched	chr10	112115353	112118946	4	3284	5908.6885	453	1
3_MACS_peak_17325_lociStitched	chr5	43039641	43043642	3	3280	10507.8263	454	1
1_MACS_peak_3890_lociStitched	chr11	67775226	67778504	1	3279	14647.743	455	1
2_MACS_peak_7313_lociStitched	chr15	93351240	93354537	2	3274	11508.8379	456	1
1_MACS_peak_2087_lociStitched	chr1	226084392	226087664	1	3273	9442.0104	457	1
6_MACS_peak_4197_lociStitched	chr11	113108217	113112807	6	3267	5431.347	458	1
4_MACS_peak_15372_lociStitched	chr3	39318809	39322885	4	3264	4705.3344	459	1
2_MACS_peak_3937_lociStitched	chr11	70505564	70508862	2	3262	9696.12	460	1
2_MACS_peak_17697_lociStitched	chr5	109256119	109259421	2	3257	9949.5864	461	1
5_MACS_peak_21015_lociStitched	chr8	29205542	29209832	5	3255	6731.868	462	1
1_MACS_peak_10284_lociStitched	chr19	923579	926829	1	3251	9626.175	463	1
3_MACS_peak_2366_lociStitched	chr10	7450362	7453738	3	3243	5858.7104	464	1
3_MACS_peak_7021_lociStitched	chr15	70554086	70557597	3	3240	7190.8791	465	1
1_MACS_peak_15953_lociStitched	chr3	129294438	129297674	1	3237	12892.8712	466	1
2_MACS_peak_14385_lociStitched	chr21	44526785	44530025	2	3237	9332.172	467	1
5_MACS_peak_20882_lociStitched	chr8	11388762	11392709	5	3237	5195.4361	468	1
4_MACS_peak_2278_lociStitched	chr1	246376007	246379714	4	3236	6654.065	469	1
2_MACS_peak_7560_lociStitched	chr16	4320827	4324113	2	3233	11368.9028	470	1
4_MACS_peak_5845_lociStitched	chr13	112624421	112628241	4	3229	5067.994	471	1
2_MACS_peak_3609_lociStitched	chr11	62223966	62227219	2	3225	6376.8559	472	1
2_MACS_peak_10584_lociStitched	chr19	10380327	10383721	2	3217	5554.281	473	1
3_MACS_peak_9526_lociStitched	chr17	74487186	74490568	3	3216	7636.2178	474	1
4_MACS_peak_14746_lociStitched	chr22	37255329	37259108	4	3216	7295.7374	475	1
3_MACS_peak_7535_lociStitched	chr16	3264655	3268137	3	3213	8161.808	476	1
4_MACS_peak_13174_lociStitched	chr2	207997664	208001183	4	3211	4539.1581	477	1
3_MACS_peak_20714_lociStitched	chr7	150101583	150104932	3	3209	10016.859	478	1
6_MACS_peak_5675_lociStitched	chr13	49549446	49553936	6	3208	6778.553	479	1
3_MACS_peak_13580_lociStitched	chr20	17947036	17950844	3	3207	14282.2848	480	1
4_MACS_peak_16418_lociStitched	chr4	1240592	1243862	4	3206	9504.582	481	1
3_MACS_peak_20085_lociStitched	chr7	68571162	68574410	3	3205	4785.2784	482	1
1_MACS_peak_6881_lociStitched	chr15	58588999	58592201	1	3203	8001.1576	483	1
3_MACS_peak_15912_lociStitched	chr3	126629440	126633121	3	3201	6065.1837	484	1
2_MACS_peak_22358_lociStitched	chr9	131445658	131448958	2	3199	5759.16	485	1
3_MACS_peak_9643_lociStitched	chr17	77810671	77814029	3	3199	7183.4336	486	1
3_MACS_peak_1783_lociStitched	chr1	183774109	183777775	3	3199	6355.7442	487	1
1_MACS_peak_15095_lociStitched	chr22	50967904	50971101	1	3198	15976.6878	488	1
3_MACS_peak_14797_lociStitched	chr22	38709691	38713387	3	3196	6687.1728	489	1
4_MACS_peak_8083_lociStitched	chr16	66911625	66915284	4	3194	7302.6322	490	1
1_MACS_peak_14762_lociStitched	chr22	37765003	37768191	1	3189	11891.8776	491	1
4_MACS_peak_8300_lociStitched	chr16	81841778	81845264	4	3187	5798.6124	492	1
4_MACS_peak_12359_lociStitched	chr2	89051785	89055501	4	3185	6438.3416	493	1
3_MACS_peak_23102_lociStitched	chrX	123093467	123096942	3	3179	8370.2325	494	1
4_MACS_peak_12582_lociStitched	chr2	109858329	109862011	4	3179	6008.6558	495	1
2_MACS_peak_12339_lociStitched	chr2	87795906	87799241	2	3178	7831.247	496	1
2_MACS_peak_18035_lociStitched	chr5	154133747	154137046	2	3172	12874.0176	497	1
3_MACS_peak_18147_lociStitched	chr5	175619461	175622808	3	3172	6032.6328	498	1
3_MACS_peak_4535_lociStitched	chr12	8471849	8475851	3	3169	5255.0262	499	1
2_MACS_peak_20542_lociStitched	chr7	129589620	129592831	2	3168	6014.8452	500	1
1_MACS_peak_22128_lociStitched	chr9	100744796	100747961	1	3166	14304.2175	501	1
3_MACS_peak_20790_lociStitched	chr7	156801523	156804894	3	3164	9035.9655	502	1
4_MACS_peak_14804_lociStitched	chr22	38792739	38796107	4	3161	6567.9368	503	1
3_MACS_peak_3831_lociStitched	chr11	66631033	66634206	3	3160	6843.5264	504	1
1_MACS_peak_15601_lociStitched	chr3	52258565	52261723	1	3159	8594.1812	505	1
1_MACS_peak_21300_lociStitched	chr8	95959604	95962760	1	3157	16321.8852	506	1
4_MACS_peak_19133_lociStitched	chr6	109053835	109057344	4	3154	5372.279	507	1
1_MACS_peak_2012_lociStitched	chr1	212780201	212783351	1	3151	11739.42	508	1
3_MACS_peak_9000_lociStitched	chr17	39675493	39679149	3	3151	4404.7488	509	1
5_MACS_peak_92_lociStitched	chr1	2477260	2481083	5	3145	5722.6487	510	1
3_MACS_peak_4819_lociStitched	chr12	52510708	52514190	3	3143	6819.497	511	1
2_MACS_peak_18927_lociStitched	chr6	52400224	52403545	2	3142	7411.8078	512	1
2_MACS_peak_22702_lociStitched	chrX	9431220	9434400	2	3133	6910.14	513	1
2_MACS_peak_228_lociStitched	chr1	11627408	11630612	2	3132	7795.6524	514	1
1_MACS_peak_22827_lociStitched	chrX	39964043	39967173	1	3131	8040.344	515	1
2_MACS_peak_8547_lociStitched	chr17	4850870	4854110	2	3129	7720.596	516	1
2_MACS_peak_16888_lociStitched	chr4	129730806	129733993	2	3128	6106.9294	517	1
4_MACS_peak_19846_lociStitched	chr7	46066086	46069479	4	3128	5484.7845	518	1
1_MACS_peak_14723_lociStitched	chr22	36726578	36729703	1	3126	9871.25	519	1
1_MACS_peak_16900_lociStitched	chr4	140097052	140100176	1	3125	7852.174	520	1
4_MACS_peak_19932_lociStitched	chr7	55622757	55626481	4	3123	5338.7264	521	1
1_MACS_peak_17635_lociStitched	chr5	92242660	92245770	1	3111	6364.926	522	1
1_MACS_peak_14572_lociStitched	chr22	23283022	23286132	1	3111	10666.989	523	1
2_MACS_peak_14999_lociStitched	chr22	46447858	46450974	2	3111	10946.1964	524	1
2_MACS_peak_13634_lociStitched	chr20	25297537	25300800	2	3109	6876.4462	525	1
5_MACS_peak_20380_lociStitched	chr7	101947248	101951034	5	3109	6968.5116	526	1
1_MACS_peak_21953_lociStitched	chr9	73033248	73036355	1	3108	9832.7229	527	1
2_MACS_peak_7872_lociStitched	chr16	30668276	30671611	2	3104	12440.5505	528	1
2_MACS_peak_7270_lociStitched	chr15	90732890	90736223	2	3102	7664.9001	529	1
2_MACS_peak_9725_lociStitched	chr17	80054642	80057763	2	3100	11441.2739	530	1
1_MACS_peak_1501_lociStitched	chr1	155162170	155165268	1	3099	9043.9914	531	1
1_MACS_peak_7316_lociStitched	chr15	93373861	93376956	1	3096	6676.534	532	1
1_MACS_peak_6523_lociStitched	chr15	21003715	21006809	1	3095	6513.1794	533	1
1_MACS_peak_17529_lociStitched	chr5	75697673	75700766	1	3094	12007.026	534	1
1_MACS_peak_19160_lociStitched	chr6	111803174	111806266	1	3093	10681.0048	535	1
3_MACS_peak_12491_lociStitched	chr2	99102842	99106070	3	3090	6455.6772	536	1
1_MACS_peak_1500_lociStitched	chr1	155156488	155159576	1	3089	11193.0736	537	1
1_MACS_peak_3893_lociStitched	chr11	67805511	67808593	1	3083	6599.1784	538	1
3_MACS_peak_7349_lociStitched	chr15	100868115	100871424	3	3079	5103.4707	539	1
3_MACS_peak_13543_lociStitched	chr20	10652439	10655676	3	3078	7236.6372	540	1
2_MACS_peak_12467_lociStitched	chr2	97559576	97562777	2	3076	6922.4826	541	1
6_MACS_peak_20075_lociStitched	chr7	68037632	68041224	6	3076	4292.44	542	1
3_MACS_peak_11640_lociStitched	chr2	2850320	2853837	3	3075	5076.0861	543	1
1_MACS_peak_24_lociStitched	chr1	1078390	1081463	1	3074	18183.8629	544	1
3_MACS_peak_22815_lociStitched	chrX	39053838	39057102	3	3074	7045.9968	545	1
3_MACS_peak_20724_lociStitched	chr7	150593182	150596294	3	3073	9703.216	546	1
2_MACS_peak_13801_lociStitched	chr20	40721123	40724304	2	3073	9089.3894	547	1
2_MACS_peak_20887_lociStitched	chr8	11393959	11397038	2	3071	4516.893	548	1
4_MACS_peak_20366_lociStitched	chr7	101457585	101460946	4	3070	6293.4725	549	1
3_MACS_peak_13973_lociStitched	chr20	56254402	56257799	3	3065	4895.077	550	1
3_MACS_peak_6832_lociStitched	chr15	52858368	52861485	3	3063	10460.3403	551	1
3_MACS_peak_10074_lociStitched	chr18	48677885	48680963	3	3062	8019.729	552	1
2_MACS_peak_14919_lociStitched	chr22	42227277	42230394	2	3062	12935.55	553	1
3_MACS_peak_10449_lociStitched	chr19	4064515	4067935	3	3060	8184.402	554	1
2_MACS_peak_19662_lociStitched	chr7	26239164	26242315	2	3058	12646.8536	555	1
3_MACS_peak_4482_lociStitched	chr12	6641346	6644679	3	3058	5737.7595	556	1
3_MACS_peak_4450_lociStitched	chr12	5539467	5542656	3	3053	5765.0742	557	1
6_MACS_peak_20870_lociStitched	chr8	11353708	11357299	6	3052	4759.1523	558	1
3_MACS_peak_15433_lociStitched	chr3	46138739	46142175	3	3048	6727.3444	559	1
1_MACS_peak_18094_lociStitched	chr5	172197119	172200165	1	3047	13279.037	560	1
1_MACS_peak_17849_lociStitched	chr5	133859669	133862715	1	3047	9955.851	561	1
4_MACS_peak_2124_lociStitched	chr1	227693479	227697014	4	3047	7331.2365	562	1
3_MACS_peak_1964_lociStitched	chr1	207094706	207097966	3	3046	5785.848	563	1
4_MACS_peak_17808_lociStitched	chr5	131830830	131834333	4	3046	4971.8079	564	1
3_MACS_peak_15264_lociStitched	chr3	16878417	16881591	3	3045	5082.8436	565	1
2_MACS_peak_19338_lociStitched	chr6	157097998	157101122	2	3042	10119.2608	566	1
2_MACS_peak_3679_lociStitched	chr11	64036436	64039539	2	3041	7258.2273	567	1
4_MACS_peak_8493_lociStitched	chr17	2302211	2305469	4	3033	6468.4332	568	1
2_MACS_peak_22561_lociStitched	chr9	139444238	139447492	2	3032	5751.445	569	1
2_MACS_peak_18579_lociStitched	chr6	27804279	27807432	2	3031	12391.29	570	1
4_MACS_peak_21361_lociStitched	chr8	103666437	103669953	4	3030	6991.566	571	1
2_MACS_peak_15462_lociStitched	chr3	46456597	46459778	2	3028	7015.6955	572	1
3_MACS_peak_7573_lociStitched	chr16	4663889	4667278	3	3028	11253.5134	573	1
4_MACS_peak_8605_lociStitched	chr17	7745064	7748681	4	3028	5237.0543	574	1
5_MACS_peak_13347_lociStitched	chr2	236408301	236412164	5	3024	5991.8993	575	1
2_MACS_peak_18497_lociStitched	chr6	26054464	26057530	2	3023	7777.5222	576	1
5_MACS_peak_1857_lociStitched	chr1	201851091	201854380	5	3020	4977.9015	577	1
3_MACS_peak_18166_lociStitched	chr5	176243391	176246595	3	3018	6821.9568	578	1
3_MACS_peak_11113_lociStitched	chr19	39340084	39343536	3	3018	8900.982	579	1
7_MACS_peak_15743_lociStitched	chr3	98488111	98491874	7	3017	5003.2848	580	1
5_MACS_peak_14192_lociStitched	chr21	30605408	30608838	5	3016	4269.321	581	1
1_MACS_peak_18401_lociStitched	chr6	12010511	12013524	1	3014	9444.2485	582	1
4_MACS_peak_15471_lociStitched	chr3	46578531	46582405	4	3014	6815.9156	583	1
2_MACS_peak_15037_lociStitched	chr22	48492137	48495423	2	3013	8589.2754	584	1
5_MACS_peak_3343_lociStitched	chr11	12695466	12699010	5	3012	4736.9104	585	1
3_MACS_peak_10055_lociStitched	chr18	46476350	46479614	3	3008	7047.9552	586	1
4_MACS_peak_14471_lociStitched	chr21	46529250	46532986	4	3008	6250.328	587	1
7_MACS_peak_5810_lociStitched	chr13	104789124	104793282	7	3001	4601.6586	588	1
2_MACS_peak_4190_lociStitched	chr11	112500373	112503446	2	2998	4721.9718	589	1
6_MACS_peak_16082_lociStitched	chr3	151915670	151919134	6	2998	4446.7368	590	1
2_MACS_peak_8338_lociStitched	chr16	85644662	85647726	2	2996	8130.9368	591	1
3_MACS_peak_19281_lociStitched	chr6	143265556	143268754	3	2994	6466.0362	592	1
4_MACS_peak_1122_lociStitched	chr1	111173585	111177055	4	2989	4190.372	593	1
1_MACS_peak_10216_lociStitched	chr18	70533894	70536881	1	2988	7542.175	594	1
2_MACS_peak_12884_lociStitched	chr2	157188634	157191642	2	2981	8152.5824	595	1
1_MACS_peak_19784_lociStitched	chr7	44135340	44138319	1	2980	9064.5012	596	1
1_MACS_peak_16298_lociStitched	chr3	185540859	185543835	1	2977	6650.1696	597	1
2_MACS_peak_21452_lociStitched	chr8	120944292	120947413	2	2976	10784.9276	598	1
1_MACS_peak_1323_lociStitched	chr1	149222050	149225024	1	2975	15490.9712	599	1
2_MACS_peak_22542_lociStitched	chr9	138999754	139003077	2	2975	16024.8352	600	1
2_MACS_peak_18560_lociStitched	chr6	27098904	27102005	2	2973	9212.4508	601	1
3_MACS_peak_13657_lociStitched	chr20	30308543	30311843	3	2969	7191.03	602	1
3_MACS_peak_7722_lociStitched	chr16	21333243	21336336	3	2967	5451.7218	603	1
4_MACS_peak_7469_lociStitched	chr16	2202799	2206354	4	2967	4941.0945	604	1
2_MACS_peak_21659_lociStitched	chr8	145050179	145053302	2	2966	6457.7394	605	1
1_MACS_peak_4035_lociStitched	chr11	78579998	78582960	1	2963	6365.0418	606	1
2_MACS_peak_8960_lociStitched	chr17	37909898	37912994	2	2959	10088.9352	607	1
4_MACS_peak_19924_lociStitched	chr7	55614383	55617942	4	2958	5818.2532	608	1
1_MACS_peak_12223_lociStitched	chr2	73337784	73340740	1	2957	7159.7276	609	1
2_MACS_peak_1985_lociStitched	chr1	209278986	209282020	2	2957	7514.0044	610	1
2_MACS_peak_3232_lociStitched	chr11	2709022	2712115	2	2957	4980.6579	611	1
2_MACS_peak_2428_lociStitched	chr10	15828001	15831119	2	2955	4760.5624	612	1
4_MACS_peak_13966_lociStitched	chr20	56193227	56196769	4	2953	5900.2636	613	1
2_MACS_peak_309_lociStitched	chr1	16173604	16176764	2	2952	9052.452	614	1
3_MACS_peak_10980_lociStitched	chr19	29070490	29073757	3	2951	5157.6129	615	1
2_MACS_peak_22559_lociStitched	chr9	139439327	139442437	2	2950	12937.289	616	1
2_MACS_peak_7728_lociStitched	chr16	21529374	21532365	2	2946	13231.5858	617	1
1_MACS_peak_20115_lociStitched	chr7	73239940	73242884	1	2945	7746.8416	618	1
2_MACS_peak_21592_lociStitched	chr8	142426462	142429552	2	2944	6662.967	619	1
2_MACS_peak_21795_lociStitched	chr9	21993271	21996242	2	2942	7566.8399	620	1
4_MACS_peak_17832_lociStitched	chr5	133224065	133227603	4	2939	4802.835	621	1
2_MACS_peak_18255_lociStitched	chr6	256507	259448	2	2936	11578.717	622	1
3_MACS_peak_21575_lociStitched	chr8	142126814	142130203	3	2936	6246.9437	623	1
1_MACS_peak_19727_lociStitched	chr7	32929665	32932599	1	2935	8841.9024	624	1
2_MACS_peak_18474_lociStitched	chr6	25025905	25028846	2	2935	5424.3804	625	1
1_MACS_peak_1473_lociStitched	chr1	154908456	154911389	1	2934	14175.7756	626	1
3_MACS_peak_8139_lociStitched	chr16	68284372	68287474	3	2933	5581.4286	627	1
2_MACS_peak_7014_lociStitched	chr15	70326966	70330161	2	2933	8864.5275	628	1
3_MACS_peak_8634_lociStitched	chr17	8150543	8153521	3	2931	6259.756	629	1
2_MACS_peak_21301_lociStitched	chr8	95971254	95974235	2	2930	5938.152	630	1
2_MACS_peak_1991_lociStitched	chr1	211431264	211434551	2	2929	9630.5813	631	1
1_MACS_peak_273_lociStitched	chr1	14219008	14221934	1	2927	7271.6952	632	1
5_MACS_peak_10515_lociStitched	chr19	6737186	6740987	5	2924	7253.4483	633	1
1_MACS_peak_7448_lociStitched	chr16	1820772	1823690	1	2919	8287.4118	634	1
1_MACS_peak_14985_lociStitched	chr22	45657521	45660437	1	2917	6989.3604	635	1
2_MACS_peak_7029_lociStitched	chr15	70770102	70773025	2	2914	7069.8601	636	1
4_MACS_peak_22168_lociStitched	chr9	112679141	112682442	4	2914	5943.4505	637	1
2_MACS_peak_21697_lociStitched	chr8	145732348	145735259	2	2911	11037.0565	638	1
1_MACS_peak_12461_lociStitched	chr2	97201585	97204494	1	2910	11442.5515	639	1
1_MACS_peak_17376_lociStitched	chr5	55963884	55966792	1	2909	8204.922	640	1
4_MACS_peak_17320_lociStitched	chr5	43017491	43020865	4	2909	6326.5874	641	1
5_MACS_peak_12385_lociStitched	chr2	89164309	89167494	5	2908	3859.9015	642	1
2_MACS_peak_19658_lociStitched	chr7	26006259	26009177	2	2905	8381.6632	643	1
1_MACS_peak_8007_lociStitched	chr16	56964156	56967054	1	2899	16422.6762	644	1
1_MACS_peak_9094_lociStitched	chr17	42401387	42404283	1	2897	6276.7904	645	1
3_MACS_peak_1554_lociStitched	chr1	156468673	156471741	3	2896	12434.2972	646	1
2_MACS_peak_17107_lociStitched	chr5	1111161	1114269	2	2894	7338.6096	647	1
2_MACS_peak_16243_lociStitched	chr3	180525106	180528417	2	2894	5963.7732	648	1
2_MACS_peak_2213_lociStitched	chr1	234734126	234737075	2	2893	6183.7581	649	1
3_MACS_peak_16070_lociStitched	chr3	150319795	150322907	3	2893	7026.5848	650	1
4_MACS_peak_16002_lociStitched	chr3	136469020	136472313	4	2883	11458.3228	651	1
4_MACS_peak_18304_lociStitched	chr6	3355438	3358370	4	2881	7122.4144	652	1
2_MACS_peak_19698_lociStitched	chr7	30323411	30326652	2	2881	11986.1903	653	1
5_MACS_peak_7217_lociStitched	chr15	85799440	85802862	5	2881	4935.5506	654	1
3_MACS_peak_17970_lociStitched	chr5	142497329	142500795	3	2881	6156.3092	655	1
1_MACS_peak_18281_lociStitched	chr6	2988455	2991333	1	2879	9261.6918	656	1
1_MACS_peak_20419_lociStitched	chr7	104583439	104586315	1	2877	10385.5236	657	1
3_MACS_peak_2998_lociStitched	chr10	112600625	112604010	3	2877	5800.1975	658	1
1_MACS_peak_22544_lociStitched	chr9	139008855	139011728	1	2874	14058.7382	659	1
4_MACS_peak_5266_lociStitched	chr12	112449745	112453029	4	2872	7540.7208	660	1
6_MACS_peak_3296_lociStitched	chr11	10324154	10328442	6	2872	4342.8864	661	1
3_MACS_peak_18805_lociStitched	chr6	37136809	37139967	3	2871	8537.9688	662	1
3_MACS_peak_2619_lociStitched	chr10	52382524	52385521	3	2870	5476.1184	663	1
1_MACS_peak_13907_lociStitched	chr20	48806946	48809814	1	2869	10989.6024	664	1
3_MACS_peak_19861_lociStitched	chr7	47518521	47521743	3	2867	5718.0834	665	1
3_MACS_peak_6474_lociStitched	chr14	106093281	106096379	3	2865	4539.4994	666	1
3_MACS_peak_13925_lociStitched	chr20	52237512	52240729	3	2865	4273.7845	667	1
3_MACS_peak_17844_lociStitched	chr5	133770930	133773816	3	2861	6204.3228	668	1
4_MACS_peak_18169_lociStitched	chr5	176247622	176250804	4	2858	4945.1462	669	1
3_MACS_peak_10984_lociStitched	chr19	29080290	29083331	3	2857	4119.6427	670	1
3_MACS_peak_8148_lociStitched	chr16	68502520	68505734	3	2857	7002.6632	671	1
3_MACS_peak_14989_lociStitched	chr22	46179125	46182507	3	2857	7047.0734	672	1
2_MACS_peak_9394_lociStitched	chr17	65645245	65648115	2	2855	6560.533	673	1
3_MACS_peak_1576_lociStitched	chr1	157145342	157148659	3	2854	4956.9248	674	1
5_MACS_peak_10095_lociStitched	chr18	52980627	52984393	5	2854	4064.2672	675	1
2_MACS_peak_1885_lociStitched	chr1	203273719	203276578	2	2853	12958.7034	676	1
4_MACS_peak_854_lociStitched	chr1	51699794	51702760	4	2851	5537.8186	677	1
2_MACS_peak_13434_lociStitched	chr20	304624	307568	2	2848	9110.208	678	1
4_MACS_peak_21444_lociStitched	chr8	120930813	120934113	4	2848	6649.5	679	1
4_MACS_peak_9246_lociStitched	chr17	55681131	55684227	4	2846	4523.5656	680	1
3_MACS_peak_20286_lociStitched	chr7	98475749	98478654	3	2842	11046.553	681	1
1_MACS_peak_2550_lociStitched	chr10	43902535	43905375	1	2841	7800.344	682	1
2_MACS_peak_10868_lociStitched	chr19	18390561	18393697	2	2841	12042.24	683	1
2_MACS_peak_7742_lociStitched	chr16	22200491	22203743	2	2840	5204.5008	684	1
4_MACS_peak_2569_lociStitched	chr10	44932904	44936175	4	2838	6154.7136	685	1
3_MACS_peak_17356_lociStitched	chr5	54038239	54041506	3	2828	5507.1819	686	1
2_MACS_peak_21538_lociStitched	chr8	134228291	134231302	2	2825	5527.2927	687	1
3_MACS_peak_255_lociStitched	chr1	12675849	12679019	3	2824	5154.42	688	1
7_MACS_peak_16674_lociStitched	chr4	71542590	71546783	7	2822	5504.1511	689	1
1_MACS_peak_17906_lociStitched	chr5	139027507	139030327	1	2821	6411.834	690	1
2_MACS_peak_15602_lociStitched	chr3	52271737	52274676	2	2817	6443.1697	691	1
4_MACS_peak_4531_lociStitched	chr12	8393235	8396607	4	2817	4670.5572	692	1
5_MACS_peak_4678_lociStitched	chr12	31901552	31905473	5	2817	4466.019	693	1
1_MACS_peak_7333_lociStitched	chr15	99190065	99192879	1	2815	12096.8232	694	1
2_MACS_peak_20575_lociStitched	chr7	134854182	134857060	2	2815	7121.3232	695	1
3_MACS_peak_18445_lociStitched	chr6	16759852	16762688	3	2812	5444.8364	696	1
2_MACS_peak_15134_lociStitched	chr3	9437710	9440564	2	2811	7061.6522	697	1
1_MACS_peak_4725_lociStitched	chr12	46661023	46663831	1	2809	9436.0032	698	1
2_MACS_peak_10511_lociStitched	chr19	6575801	6578637	2	2805	7695.7696	699	1
2_MACS_peak_15996_lociStitched	chr3	134203420	134206260	2	2805	8110.472	700	1
3_MACS_peak_15358_lociStitched	chr3	39247846	39250765	3	2804	4510.1469	701	1
3_MACS_peak_3184_lociStitched	chr11	534751	537983	3	2802	6887.392	702	1
1_MACS_peak_14287_lociStitched	chr21	38737864	38740659	1	2796	17135.586	703	1
2_MACS_peak_546_lociStitched	chr1	28831876	28834907	2	2796	5016.9112	704	1
1_MACS_peak_15998_lociStitched	chr3	135913680	135916474	1	2795	10848.2638	705	1
1_MACS_peak_10139_lociStitched	chr18	60382585	60385378	1	2794	9895.3197	706	1
3_MACS_peak_12632_lociStitched	chr2	112230649	112233844	3	2793	3867.867	707	1
4_MACS_peak_11209_lociStitched	chr19	42772067	42775597	4	2791	6498.377	708	1
1_MACS_peak_18465_lociStitched	chr6	20402022	20404811	1	2790	12237.8531	709	1
1_MACS_peak_14405_lociStitched	chr21	44830084	44832869	1	2786	7882.107	710	1
3_MACS_peak_21439_lociStitched	chr8	120919867	120922999	3	2785	5319.702	711	1
3_MACS_peak_16743_lociStitched	chr4	84138192	84141804	3	2782	4963.2492	712	1
2_MACS_peak_9978_lociStitched	chr18	31249528	31252711	2	2780	5538.42	713	1
3_MACS_peak_7511_lociStitched	chr16	3017863	3020689	3	2778	7527.051	714	1
1_MACS_peak_7801_lociStitched	chr16	28833539	28836315	1	2777	11701.9504	715	1
2_MACS_peak_15361_lociStitched	chr3	39256713	39259600	2	2777	9475.134	716	1
4_MACS_peak_16389_lociStitched	chr3	197461026	197464402	4	2777	5989.3616	717	1
2_MACS_peak_11537_lociStitched	chr19	56164868	56167646	2	2776	11757.3294	718	1
1_MACS_peak_17681_lociStitched	chr5	107716323	107719097	1	2775	11178.9426	719	1
2_MACS_peak_8375_lociStitched	chr16	88101501	88104443	2	2775	8988.1042	720	1
2_MACS_peak_22272_lociStitched	chr9	127630527	127633300	2	2774	9454.8208	721	1
2_MACS_peak_21344_lociStitched	chr8	101962982	101965757	2	2774	12421.455	722	1
2_MACS_peak_6387_lociStitched	chr14	103565611	103568599	2	2774	6298.4052	723	1
2_MACS_peak_3683_lociStitched	chr11	64071389	64074497	2	2770	10596.726	724	1
2_MACS_peak_21590_lociStitched	chr8	142422898	142425794	2	2765	5508.4816	725	1
1_MACS_peak_16073_lociStitched	chr3	150479535	150482297	1	2763	12771.7642	726	1
2_MACS_peak_1233_lociStitched	chr1	143912671	143915931	2	2763	4305.482	727	1
3_MACS_peak_6506_lociStitched	chr15	20471091	20473927	3	2761	4655.294	728	1
2_MACS_peak_11706_lociStitched	chr2	10260460	10263443	2	2761	8670.6861	729	1
2_MACS_peak_9781_lociStitched	chr17	81146347	81149161	2	2760	6531.5754	730	1
4_MACS_peak_9568_lociStitched	chr17	75315150	75318055	4	2759	5462.2715	731	1
3_MACS_peak_337_lociStitched	chr1	17230250	17233204	3	2759	14772.0678	732	1
2_MACS_peak_2101_lociStitched	chr1	226308900	226311657	2	2758	10374.3153	733	1
2_MACS_peak_5389_lociStitched	chr12	123371511	123374318	2	2757	7404.0239	734	1
5_MACS_peak_10195_lociStitched	chr18	67300579	67303926	5	2757	4544.5566	735	1
1_MACS_peak_7922_lociStitched	chr16	33384642	33387396	1	2755	4503.6162	736	1
2_MACS_peak_6553_lociStitched	chr15	22010352	22013527	2	2755	5700.7125	737	1
1_MACS_peak_9650_lociStitched	chr17	77965655	77968408	1	2754	7367.3033	738	1
2_MACS_peak_11304_lociStitched	chr19	47614304	47617126	2	2754	8226.13	739	1
3_MACS_peak_7786_lociStitched	chr16	27235983	27238952	3	2748	7725.6349	740	1
4_MACS_peak_13326_lociStitched	chr2	234873759	234876615	4	2746	4778.6592	741	1
3_MACS_peak_18104_lociStitched	chr5	172754318	172757248	3	2746	4414.045	742	1
5_MACS_peak_656_lociStitched	chr1	36614649	36617773	5	2745	4335.4872	743	1
3_MACS_peak_19703_lociStitched	chr7	30360384	30363176	3	2742	4131.6016	744	1
2_MACS_peak_18524_lociStitched	chr6	26271833	26274797	2	2740	6661.59	745	1
3_MACS_peak_16498_lociStitched	chr4	7753767	7757438	3	2739	5563.4005	746	1
5_MACS_peak_3125_lociStitched	chr10	133646070	133649090	5	2736	4025.056	747	1
3_MACS_peak_19890_lociStitched	chr7	51343825	51347064	3	2733	4282.6058	748	1
3_MACS_peak_16265_lociStitched	chr3	183202139	183205082	3	2731	5113.1682	749	1
1_MACS_peak_23187_lociStitched	chrX	153191042	153193771	1	2730	8447.0737	750	1
3_MACS_peak_602_lociStitched	chr1	32471272	32474255	3	2730	9247.0017	751	1
1_MACS_peak_10320_lociStitched	chr19	1467892	1470619	1	2728	7433.802	752	1
3_MACS_peak_18236_lociStitched	chr5	180229282	180232077	3	2727	6706.882	753	1
4_MACS_peak_1548_lociStitched	chr1	156459285	156462224	4	2726	4358.2431	754	1
3_MACS_peak_5032_lociStitched	chr12	68381724	68384658	3	2725	4489.3134	755	1
3_MACS_peak_20763_lociStitched	chr7	153108330	153111598	3	2725	9881.7784	756	1
2_MACS_peak_7309_lociStitched	chr15	93180433	93183161	2	2724	9917.3712	757	1
1_MACS_peak_10223_lociStitched	chr18	72207578	72210300	1	2723	6110.89	758	1
1_MACS_peak_447_lociStitched	chr1	25254714	25257436	1	2723	6608.4716	759	1
4_MACS_peak_22105_lociStitched	chr9	98268111	98271511	4	2722	4698.8	760	1
2_MACS_peak_9747_lociStitched	chr17	80307796	80310582	2	2720	9339.5078	761	1
3_MACS_peak_10338_lociStitched	chr19	1862028	1865312	3	2719	6148.9616	762	1
5_MACS_peak_4372_lociStitched	chr11	132226454	132229895	5	2717	3848.7585	763	1
2_MACS_peak_11779_lociStitched	chr2	20618251	20621168	2	2716	7022.9692	764	1
1_MACS_peak_16134_lociStitched	chr3	160116584	160119295	1	2712	9968.8892	765	1
3_MACS_peak_9647_lociStitched	chr17	77892626	77895646	3	2711	4848.912	766	1
2_MACS_peak_22391_lociStitched	chr9	132197866	132200641	2	2710	6096.12	767	1
2_MACS_peak_11743_lociStitched	chr2	13661971	13664804	2	2709	3987.7308	768	1
1_MACS_peak_5913_lociStitched	chr14	19932572	19935279	1	2708	7195.206	769	1
2_MACS_peak_824_lociStitched	chr1	46151386	46154200	2	2708	7407.5736	770	1
1_MACS_peak_15172_lociStitched	chr3	13055297	13058000	1	2704	7825.7256	771	1
1_MACS_peak_12625_lociStitched	chr2	112209203	112211906	1	2704	8431.1976	772	1
4_MACS_peak_19928_lociStitched	chr7	55618513	55621793	4	2704	4801.92	773	1
2_MACS_peak_19411_lociStitched	chr6	163834245	163836985	2	2703	9234.622	774	1
2_MACS_peak_3370_lociStitched	chr11	12866120	12869061	2	2703	4818.2403	775	1
2_MACS_peak_5098_lociStitched	chr12	89745079	89748278	2	2703	5677.5852	776	1
1_MACS_peak_21464_lociStitched	chr8	123792407	123795108	1	2702	7735.664	777	1
1_MACS_peak_1921_lociStitched	chr1	205227138	205229838	1	2701	7149.87	778	1
2_MACS_peak_18297_lociStitched	chr6	3337222	3339925	2	2701	4754.0364	779	1
1_MACS_peak_10_lociStitched	chr1	934764	937463	1	2700	8830.8581	780	1
1_MACS_peak_6638_lociStitched	chr15	31651999	31654697	1	2699	6520.7962	781	1
3_MACS_peak_886_lociStitched	chr1	53791244	53794238	3	2697	8437.9902	782	1
2_MACS_peak_6883_lociStitched	chr15	58622995	58625733	2	2696	6607.3416	783	1
1_MACS_peak_5906_lociStitched	chr14	19640141	19642835	1	2695	8419.8276	784	1
1_MACS_peak_21540_lociStitched	chr8	134245421	134248114	1	2694	8367.6896	785	1
1_MACS_peak_14165_lociStitched	chr21	17566303	17568996	1	2694	4937.0769	786	1
3_MACS_peak_274_lociStitched	chr1	14223038	14225823	3	2690	6435.8565	787	1
4_MACS_peak_22024_lociStitched	chr9	93703625	93706757	4	2689	7159.752	788	1
3_MACS_peak_10799_lociStitched	chr19	16475275	16478209	3	2682	5121.0036	789	1
2_MACS_peak_14055_lociStitched	chr20	60941335	60944340	2	2681	7463.819	790	1
5_MACS_peak_17266_lociStitched	chr5	27471165	27474177	5	2681	5302.9272	791	1
1_MACS_peak_13782_lociStitched	chr20	39630921	39633600	1	2680	5482.5735	792	1
4_MACS_peak_14143_lociStitched	chr21	15035698	15038909	4	2680	4363.4279	793	1
2_MACS_peak_12751_lociStitched	chr2	128586149	128588927	2	2679	6030.2046	794	1
4_MACS_peak_13178_lociStitched	chr2	208006271	208009411	4	2678	4509.354	795	1
4_MACS_peak_10768_lociStitched	chr19	15442301	15445614	4	2677	5364.0783	796	1
3_MACS_peak_20450_lociStitched	chr7	107843209	107846040	3	2675	7317.0026	797	1
4_MACS_peak_8799_lociStitched	chr17	27276175	27279429	4	2674	5295.5596	798	1
5_MACS_peak_8528_lociStitched	chr17	4277392	4280707	5	2674	4142.424	799	1
2_MACS_peak_16411_lociStitched	chr4	1147753	1150436	2	2673	5813.5244	800	1
2_MACS_peak_11748_lociStitched	chr2	16080692	16083554	2	2671	4302.7308	801	1
2_MACS_peak_12953_lociStitched	chr2	174828097	174830792	2	2668	11296.6315	802	1
4_MACS_peak_4741_lociStitched	chr12	48205635	48208698	4	2665	5373.7272	803	1
2_MACS_peak_19936_lociStitched	chr7	55627943	55630728	2	2664	6442.5405	804	1
2_MACS_peak_15199_lociStitched	chr3	14410804	14413480	2	2661	4710.8304	805	1
2_MACS_peak_2271_lociStitched	chr1	244996615	244999454	2	2661	13880.7227	806	1
4_MACS_peak_20607_lociStitched	chr7	140771239	140774238	4	2657	4102.0322	807	1
1_MACS_peak_3596_lociStitched	chr11	61594469	61597124	1	2656	7310.808	808	1
1_MACS_peak_873_lociStitched	chr1	53067662	53070314	1	2653	8703.3336	809	1
3_MACS_peak_19770_lociStitched	chr7	43795801	43798957	3	2651	7584.4992	810	1
2_MACS_peak_8474_lociStitched	chr17	1530686	1533351	2	2650	5979.9935	811	1
1_MACS_peak_9197_lociStitched	chr17	48226232	48228879	1	2648	6296.6836	812	1
4_MACS_peak_8267_lociStitched	chr16	79747311	79750554	4	2648	4577.8188	813	1
3_MACS_peak_12099_lociStitched	chr2	64499334	64502232	3	2646	4582.3176	814	1
1_MACS_peak_13612_lociStitched	chr20	24449467	24452111	1	2645	6088.0744	815	1
3_MACS_peak_18514_lociStitched	chr6	26204163	26206911	3	2645	5276.7096	816	1
3_MACS_peak_20136_lociStitched	chr7	73890969	73894080	3	2645	4100.298	817	1
1_MACS_peak_8685_lociStitched	chr17	17584292	17586935	1	2644	11843.5473	818	1
3_MACS_peak_3553_lociStitched	chr11	59039040	59041851	3	2644	5574.4941	819	1
2_MACS_peak_1481_lociStitched	chr1	154946211	154948915	2	2643	7358.6656	820	1
2_MACS_peak_6425_lociStitched	chr14	105391240	105394013	2	2643	5111.4709	821	1
1_MACS_peak_3651_lociStitched	chr11	62648215	62650854	1	2640	11116.7875	822	1
3_MACS_peak_7280_lociStitched	chr15	91473068	91475888	3	2638	5634.36	823	1
3_MACS_peak_22508_lociStitched	chr9	137787651	137790583	3	2637	7367.2364	824	1
1_MACS_peak_8704_lociStitched	chr17	18085608	18088243	1	2636	12833.2405	825	1
3_MACS_peak_16193_lociStitched	chr3	175053507	175056679	3	2636	5230.3108	826	1
2_MACS_peak_3723_lociStitched	chr11	65148116	65150965	2	2635	7782.8982	827	1
3_MACS_peak_13922_lociStitched	chr20	52208579	52211609	3	2635	5201.904	828	1
1_MACS_peak_1583_lociStitched	chr1	157328242	157330875	1	2634	5180.1642	829	1
3_MACS_peak_2415_lociStitched	chr10	14782585	14785653	3	2633	4505.0512	830	1
1_MACS_peak_17123_lociStitched	chr5	1399535	1402163	1	2629	4565.0988	831	1
1_MACS_peak_11127_lociStitched	chr19	39892814	39895441	1	2628	10549.5066	832	1
3_MACS_peak_13422_lociStitched	chr2	242800677	242803437	3	2625	5510.616	833	1
1_MACS_peak_18788_lociStitched	chr6	36646442	36649064	1	2623	7714.9728	834	1
1_MACS_peak_9283_lociStitched	chr17	57500132	57502754	1	2623	4403.3868	835	1
2_MACS_peak_10603_lociStitched	chr19	10529841	10532477	2	2623	5573.822	836	1
1_MACS_peak_11696_lociStitched	chr2	9902785	9905406	1	2622	5303.5935	837	1
2_MACS_peak_20378_lociStitched	chr7	101929670	101932377	2	2619	6542.819	838	1
2_MACS_peak_15563_lociStitched	chr3	50374026	50376667	2	2616	7304.2137	839	1
2_MACS_peak_22808_lociStitched	chrX	39002705	39005426	2	2616	5372.0703	840	1
4_MACS_peak_18931_lociStitched	chr6	52420944	52424108	4	2616	4914.0084	841	1
2_MACS_peak_7425_lociStitched	chr16	1023422	1026088	2	2615	9272.8812	842	1
3_MACS_peak_10021_lociStitched	chr18	42337950	42340739	3	2615	6807.1123	843	1
1_MACS_peak_10373_lociStitched	chr19	2288748	2291360	1	2613	9652.646	844	1
3_MACS_peak_10395_lociStitched	chr19	2620048	2622789	3	2612	5182.6828	845	1
3_MACS_peak_3086_lociStitched	chr10	125851324	125854140	3	2611	5241.984	846	1
2_MACS_peak_3871_lociStitched	chr11	67395852	67398610	2	2610	6941.6102	847	1
1_MACS_peak_6835_lociStitched	chr15	52969828	52972436	1	2609	9650.1216	848	1
3_MACS_peak_17111_lociStitched	chr5	1129282	1132050	3	2608	6110.0832	849	1
6_MACS_peak_2513_lociStitched	chr10	31607320	31610776	6	2607	4896.1152	850	1
2_MACS_peak_18264_lociStitched	chr6	391333	393942	2	2606	9827.3203	851	1
1_MACS_peak_22838_lociStitched	chrX	40943360	40945963	1	2604	8610.2034	852	1
1_MACS_peak_18848_lociStitched	chr6	42749340	42751942	1	2603	15947.1376	853	1
3_MACS_peak_9981_lociStitched	chr18	31381645	31384591	3	2602	7347.324	854	1
5_MACS_peak_12816_lociStitched	chr2	134893664	134896759	5	2602	3885.463	855	1
2_MACS_peak_1351_lociStitched	chr1	150335960	150338571	2	2601	7873.2094	856	1
4_MACS_peak_10987_lociStitched	chr19	29093171	29096153	4	2596	4535.622	857	1
1_MACS_peak_22570_lociStitched	chr9	139584565	139587156	1	2592	6521.0288	858	1
1_MACS_peak_20328_lociStitched	chr7	100025665	100028256	1	2592	13747.5869	859	1
1_MACS_peak_14382_lociStitched	chr21	44464357	44466948	1	2592	7540.8464	860	1
2_MACS_peak_14253_lociStitched	chr21	36577057	36579840	2	2592	5866.8423	861	1
3_MACS_peak_837_lociStitched	chr1	46796136	46799144	3	2592	6018.4064	862	1
2_MACS_peak_12603_lociStitched	chr2	111504464	111507355	2	2589	5774.4834	863	1
3_MACS_peak_15574_lociStitched	chr3	50637032	50640119	3	2588	5555.9826	864	1
1_MACS_peak_7169_lociStitched	chr15	81292214	81294800	1	2587	16780.0368	865	1
2_MACS_peak_5212_lociStitched	chr12	108954533	108957305	2	2585	6745.3848	866	1
2_MACS_peak_4909_lociStitched	chr12	56320484	56323072	2	2583	5010.368	867	1
1_MACS_peak_54_lociStitched	chr1	1536486	1539067	1	2582	5393.2576	868	1
3_MACS_peak_9344_lociStitched	chr17	62152096	62154870	3	2581	5562.9796	869	1
1_MACS_peak_14725_lociStitched	chr22	36781585	36784160	1	2576	5867.91	870	1
4_MACS_peak_8393_lociStitched	chr16	88716013	88718785	4	2575	3967.5636	871	1
1_MACS_peak_738_lociStitched	chr1	41947463	41950036	1	2574	8207.6127	872	1
2_MACS_peak_7710_lociStitched	chr16	19787221	19789860	2	2573	5318.1128	873	1
5_MACS_peak_3089_lociStitched	chr10	125863922	125867430	5	2571	4651.9588	874	1
2_MACS_peak_6920_lociStitched	chr15	63795424	63798021	2	2568	12338.8664	875	1
