#LP-1 Enhancers
#Created from /data/projects/IRF4_mm_trn_data/myeloma_public_data/rose/LP-1.H3K27ac_ROSE/LP-1_0KB_STITCHED_ENHANCER_REGION_MAP.txt
#Ranked by LP.1.jin.bam
#Using cutoff of 8115.7302 for Super-Enhancers
#Created on Jul 16 2024 
REGION_ID	CHROM	START	STOP	NUM_LOCI	CONSTITUENT_SIZE	LP.1.jin.bam	enhancerRank	isSuper
3_MACS_peak_9178_lociStitched	chr14	106144120	106177451	3	32681	143476.6226	1	1
3_MACS_peak_9170_lociStitched	chr14	106023696	106051179	3	27451	118418.7504	2	1
4_MACS_peak_25239_lociStitched	chr6	290375	333243	4	42651	114410.4052	3	1
4_MACS_peak_21566_lociStitched	chr3	141085104	141113755	4	28082	75684.4816	4	1
1_MACS_peak_1688_lociStitched	chr1	154907271	154919265	1	11995	46175.7006	5	1
4_MACS_peak_12939_lociStitched	chr17	56407604	56424096	4	15776	45057.7932	6	1
8_MACS_peak_19633_lociStitched	chr22	23264592	23282195	8	16850	44491.5825	7	1
6_MACS_peak_2213_lociStitched	chr1	184708912	184725619	6	16491	43025.5371	8	1
12_MACS_peak_22664_lociStitched	chr4	71524275	71549850	12	24479	42922.5225	9	1
5_MACS_peak_1374_lociStitched	chr1	118192318	118211155	5	18186	40676.6178	10	1
4_MACS_peak_1777_lociStitched	chr1	156457119	156476082	4	18441	38845.7055	11	1
11_MACS_peak_23953_lociStitched	chr5	55435541	55455172	11	19110	36843.4608	12	1
3_MACS_peak_1371_lociStitched	chr1	118171467	118190110	3	18066	36773.3175	13	1
4_MACS_peak_19625_lociStitched	chr22	23229732	23249091	4	18877	34491.9303	14	1
4_MACS_peak_18943_lociStitched	chr20	52195984	52213673	4	17325	34332.5801	15	1
3_MACS_peak_30147_lociStitched	chr8	126291663	126310799	3	18475	33683.1872	16	1
6_MACS_peak_21850_lociStitched	chr3	171809785	171828638	6	18560	33096.4415	17	1
5_MACS_peak_25364_lociStitched	chr6	7902245	7919504	5	16827	32776.5669	18	1
1_MACS_peak_12705_lociStitched	chr17	43296713	43309195	1	12483	32773.9874	19	1
2_MACS_peak_5116_lociStitched	chr11	65183575	65193714	2	10047	32146.7134	20	1
10_MACS_peak_2980_lociStitched	chr10	5929828	5949359	10	18294	30112.8958	21	1
11_MACS_peak_3202_lociStitched	chr10	22595345	22616812	11	19734	29965.7853	22	1
3_MACS_peak_1550_lociStitched	chr1	149818471	149827684	3	9152	29638.221	23	1
5_MACS_peak_17627_lociStitched	chr2	201980009	201994923	5	14523	29286.6218	24	1
7_MACS_peak_13582_lociStitched	chr18	9059203	9074694	7	14689	28941.8353	25	1
15_MACS_peak_8817_lociStitched	chr14	81935404	81957192	15	21111	28890.888	26	1
7_MACS_peak_27914_lociStitched	chr7	81500585	81519420	7	17869	28698.8895	27	1
3_MACS_peak_23599_lociStitched	chr5	1311335	1323993	3	12206	28313.4144	28	1
2_MACS_peak_1573_lociStitched	chr1	150531533	150543125	2	11577	28178.9928	29	1
4_MACS_peak_1546_lociStitched	chr1	149809645	149817659	4	7981	27942.4138	30	1
12_MACS_peak_890_lociStitched	chr1	51432126	51448806	12	15520	27603.732	31	1
1_MACS_peak_2000_lociStitched	chr1	167595778	167602409	1	6632	27216.9395	32	1
4_MACS_peak_2435_lociStitched	chr1	203264706	203278376	4	13211	27104.876	33	1
4_MACS_peak_21416_lociStitched	chr3	129023274	129037085	4	13495	27017.0782	34	1
10_MACS_peak_27903_lociStitched	chr7	81418251	81436004	10	16874	26038.3251	35	1
10_MACS_peak_10021_lociStitched	chr15	75063111	75081795	10	17358	25925.9184	36	1
3_MACS_peak_29736_lociStitched	chr8	95953546	95964012	3	10276	25844.7404	37	1
13_MACS_peak_23740_lociStitched	chr5	26869383	26887160	13	16871	25787.3162	38	1
1_MACS_peak_1746_lociStitched	chr1	155943980	155953499	1	9520	25273.8969	39	1
3_MACS_peak_1696_lociStitched	chr1	154969624	154977530	3	7724	25169.5416	40	1
3_MACS_peak_12135_lociStitched	chr17	18217377	18232394	3	14911	25037.8441	41	1
8_MACS_peak_10710_lociStitched	chr16	11821566	11837579	8	15018	24701.6538	42	1
2_MACS_peak_1554_lociStitched	chr1	149855164	149861437	2	6196	24119.685	43	1
5_MACS_peak_13272_lociStitched	chr17	74775540	74788985	5	13157	23856.808	44	1
3_MACS_peak_10747_lociStitched	chr16	14394935	14405511	3	10463	23127.5968	45	1
3_MACS_peak_17961_lociStitched	chr2	231729073	231740315	3	11171	22913.4444	46	1
6_MACS_peak_19898_lociStitched	chr22	37605983	37621377	6	14727	22849.3142	47	1
6_MACS_peak_31066_lociStitched	chr9	93676408	93690181	6	12952	22696.5267	48	1
10_MACS_peak_4604_lociStitched	chr11	16973425	16990153	10	14825	22617.9288	49	1
10_MACS_peak_13907_lociStitched	chr18	46439364	46455926	10	15682	22146.7064	50	1
10_MACS_peak_5132_lociStitched	chr11	65261024	65274815	10	12775	21960.7884	51	1
10_MACS_peak_8175_lociStitched	chr14	23022874	23040202	10	15908	21854.0736	52	1
5_MACS_peak_23469_lociStitched	chr4	185200709	185210726	5	9827	21182.9499	53	1
5_MACS_peak_21880_lociStitched	chr3	177068504	177079956	5	10968	21127.7948	54	1
1_MACS_peak_24284_lociStitched	chr5	88175337	88186897	1	11561	21083.128	55	1
1_MACS_peak_1461_lociStitched	chr1	145208237	145212535	1	4299	21046.8762	56	1
4_MACS_peak_2089_lociStitched	chr1	174931964	174942885	4	10829	21044.767	57	1
3_MACS_peak_23903_lociStitched	chr5	53813487	53823335	3	9360	20930.9392	58	1
4_MACS_peak_17993_lociStitched	chr2	232570140	232577512	4	7077	20884.1388	59	1
1_MACS_peak_21878_lociStitched	chr3	176912348	176921112	1	8765	20873.2188	60	1
3_MACS_peak_7341_lociStitched	chr12	122237164	122244117	3	6791	20763.7439	61	1
9_MACS_peak_17653_lociStitched	chr2	202112920	202126797	9	12502	20744.7273	62	1
6_MACS_peak_23542_lociStitched	chr4	186272577	186285715	6	12540	20648.9946	63	1
9_MACS_peak_19942_lociStitched	chr22	38783457	38798487	9	13704	20541.501	64	1
1_MACS_peak_28712_lociStitched	chr7	150100473	150107143	1	6671	20397.527	65	1
3_MACS_peak_25886_lociStitched	chr6	32934849	32941590	3	6290	20384.1099	66	1
2_MACS_peak_14079_lociStitched	chr18	60822423	60832046	2	9574	20195.7901	67	1
4_MACS_peak_28158_lociStitched	chr7	101382399	101393194	4	10030	20135.9135	68	1
6_MACS_peak_11940_lociStitched	chr17	6914791	6928170	6	12810	20025.6872	69	1
1_MACS_peak_2182_lociStitched	chr1	183808692	183816953	1	8262	19899.9229	70	1
4_MACS_peak_16822_lociStitched	chr2	86219764	86228883	4	8632	19867.5653	71	1
3_MACS_peak_18773_lociStitched	chr20	43270616	43282299	3	11390	19864.6049	72	1
2_MACS_peak_17824_lociStitched	chr2	217079288	217089623	2	9971	19862.8365	73	1
4_MACS_peak_31081_lociStitched	chr9	93732176	93741957	4	9395	19807.5031	74	1
6_MACS_peak_4677_lociStitched	chr11	22684103	22692560	6	8340	19628.697	75	1
2_MACS_peak_2397_lociStitched	chr1	200986185	200992880	2	6668	19369.974	76	1
1_MACS_peak_28012_lociStitched	chr7	92459122	92466899	1	7778	18812.563	77	1
2_MACS_peak_26161_lociStitched	chr6	45386741	45394448	2	7699	18644.0037	78	1
2_MACS_peak_1668_lociStitched	chr1	154296576	154302485	2	5825	18545.9874	79	1
1_MACS_peak_1671_lociStitched	chr1	154374045	154381941	1	7897	18513.7512	80	1
2_MACS_peak_9785_lociStitched	chr15	60874838	60885436	2	10294	18365.2742	81	1
4_MACS_peak_2507_lociStitched	chr1	206285974	206295219	4	8620	18362.419	82	1
4_MACS_peak_14819_lociStitched	chr19	16473781	16485221	4	10616	18146.128	83	1
2_MACS_peak_22524_lociStitched	chr4	40194104	40203269	2	9147	17974.398	84	1
5_MACS_peak_7071_lociStitched	chr12	109020998	109031676	5	10403	17963.5994	85	1
8_MACS_peak_6500_lociStitched	chr12	53590801	53603590	8	11634	17939.1303	86	1
3_MACS_peak_29112_lociStitched	chr8	26428208	26437377	3	8647	17862.1289	87	1
5_MACS_peak_5872_lociStitched	chr11	128585743	128598274	5	12106	17819.082	88	1
1_MACS_peak_2434_lociStitched	chr1	203254941	203261544	1	6604	17803.0086	89	1
2_MACS_peak_28249_lociStitched	chr7	104651443	104657836	2	6323	17770.6221	90	1
3_MACS_peak_30162_lociStitched	chr8	126441062	126447672	3	6385	17685.055	91	1
4_MACS_peak_25243_lociStitched	chr6	389087	397589	4	8289	17513.2698	92	1
4_MACS_peak_19126_lociStitched	chr20	62364511	62373107	4	8476	17478.2468	93	1
2_MACS_peak_29795_lociStitched	chr8	101318162	101323675	2	5509	17472.9022	94	1
8_MACS_peak_31091_lociStitched	chr9	93917328	93928431	8	9393	17442.813	95	1
3_MACS_peak_28633_lociStitched	chr7	141254713	141265025	3	10112	17315.9104	96	1
3_MACS_peak_28190_lociStitched	chr7	102063773	102070608	3	6758	17226.2505	97	1
11_MACS_peak_31318_lociStitched	chr9	112908621	112924805	11	14482	17223.0128	98	1
2_MACS_peak_24713_lociStitched	chr5	138721515	138730427	2	8533	17184.1184	99	1
7_MACS_peak_21340_lociStitched	chr3	124499685	124513675	7	12973	16927.9	100	1
2_MACS_peak_2956_lociStitched	chr10	3823232	3829091	2	5669	16811.2287	101	1
4_MACS_peak_12604_lociStitched	chr17	40825176	40833894	4	8203	16776.0474	102	1
4_MACS_peak_4979_lociStitched	chr11	62316903	62328079	4	10562	16472.3064	103	1
2_MACS_peak_1792_lociStitched	chr1	156716489	156722583	2	6020	16470.2538	104	1
6_MACS_peak_29643_lociStitched	chr8	85158720	85169757	6	10186	16466.1003	105	1
2_MACS_peak_7451_lociStitched	chr12	125398417	125406303	2	7873	16424.1722	106	1
3_MACS_peak_28237_lociStitched	chr7	104578642	104587138	3	8344	16395.5808	107	1
5_MACS_peak_21657_lociStitched	chr3	151911497	151923359	5	11286	16313.8086	108	1
3_MACS_peak_15182_lociStitched	chr19	39892230	39902386	3	9690	16269.912	109	1
3_MACS_peak_2307_lociStitched	chr1	194796344	194802832	3	6140	16232.976	110	1
2_MACS_peak_19728_lociStitched	chr22	29191229	29199002	2	7278	16169.3946	111	1
12_MACS_peak_6099_lociStitched	chr12	9872103	9887820	12	14164	16095.7797	112	1
5_MACS_peak_2354_lociStitched	chr1	198898074	198907465	5	8934	16089.6003	113	1
2_MACS_peak_10041_lociStitched	chr15	75334059	75341612	2	7529	16075.0499	114	1
1_MACS_peak_1545_lociStitched	chr1	149801668	149808309	1	6642	16071.22	115	1
2_MACS_peak_441_lociStitched	chr1	27018559	27025245	2	6616	15931.4008	116	1
3_MACS_peak_2439_lociStitched	chr1	203288605	203298166	3	9360	15876.0405	117	1
4_MACS_peak_28175_lociStitched	chr7	101928551	101938305	4	9611	15821.9634	118	1
7_MACS_peak_23763_lociStitched	chr5	27462941	27474382	7	10438	15802.3092	119	1
18_MACS_peak_26761_lociStitched	chr6	135332304	135349264	18	14165	15796.544	120	1
4_MACS_peak_4529_lociStitched	chr11	10323912	10332936	4	8823	15720.7104	121	1
3_MACS_peak_2500_lociStitched	chr1	206132395	206139829	3	6635	15669.3852	122	1
3_MACS_peak_21665_lociStitched	chr3	151984062	151990920	3	6821	15638.9832	123	1
3_MACS_peak_23596_lociStitched	chr5	1290852	1297716	3	6718	15621.7776	124	1
1_MACS_peak_2396_lociStitched	chr1	200858935	200864790	1	5856	15610.0155	125	1
5_MACS_peak_13433_lociStitched	chr17	79478472	79485251	5	6426	15602.5464	126	1
4_MACS_peak_25644_lociStitched	chr6	27094352	27102869	4	8182	15565.6692	127	1
1_MACS_peak_1553_lociStitched	chr1	149829156	149835065	1	5910	15548.3517	128	1
3_MACS_peak_5773_lociStitched	chr11	120365550	120374955	3	8938	15497.559	129	1
4_MACS_peak_25577_lociStitched	chr6	26025981	26035349	4	9273	15480.62	130	1
4_MACS_peak_3775_lociStitched	chr10	89620179	89628591	4	8097	15456.2088	131	1
6_MACS_peak_21645_lociStitched	chr3	150314344	150322874	6	8392	15431.623	132	1
2_MACS_peak_13095_lociStitched	chr17	65641831	65650244	2	8356	15369.7097	133	1
2_MACS_peak_29888_lociStitched	chr8	103816777	103823090	2	6162	15340.59	134	1
5_MACS_peak_4116_lociStitched	chr10	111967300	111975832	5	8324	15309.8208	135	1
7_MACS_peak_7387_lociStitched	chr12	123370687	123381141	7	9619	15297.3382	136	1
3_MACS_peak_3044_lociStitched	chr10	11216750	11224177	3	7302	15259.5142	137	1
5_MACS_peak_28181_lociStitched	chr7	101945397	101954007	5	8077	15250.032	138	1
1_MACS_peak_9947_lociStitched	chr15	69109105	69114482	1	5378	15245.4081	139	1
3_MACS_peak_3793_lociStitched	chr10	90144014	90152636	3	8372	15243.696	140	1
2_MACS_peak_10063_lociStitched	chr15	75491150	75497177	2	5981	15201.2994	141	1
3_MACS_peak_25798_lociStitched	chr6	31701402	31708992	3	7391	15172.41	142	1
5_MACS_peak_8767_lociStitched	chr14	77487548	77496472	5	8537	15052.1108	143	1
8_MACS_peak_20667_lociStitched	chr3	45605926	45618471	8	11271	14944.8585	144	1
3_MACS_peak_9726_lociStitched	chr15	58749435	58759107	3	9215	14891.9784	145	1
1_MACS_peak_1531_lociStitched	chr1	149222039	149225573	1	3535	14868.9516	146	1
3_MACS_peak_31074_lociStitched	chr9	93701422	93708710	3	7202	14839.0968	147	1
1_MACS_peak_18760_lociStitched	chr20	42695557	42700704	1	5148	14803.2867	148	1
3_MACS_peak_28007_lociStitched	chr7	92437175	92445852	3	8459	14769.1217	149	1
4_MACS_peak_4973_lociStitched	chr11	62223496	62232769	4	9080	14738.5062	150	1
1_MACS_peak_3043_lociStitched	chr10	11203611	11210199	1	6589	14663.5704	151	1
1_MACS_peak_29739_lociStitched	chr8	95970069	95976953	1	6885	14580.312	152	1
3_MACS_peak_18737_lociStitched	chr20	42336571	42345985	3	9367	14445.783	153	1
4_MACS_peak_29926_lociStitched	chr8	105287846	105295105	4	7129	14357.5761	154	1
2_MACS_peak_1838_lociStitched	chr1	160677075	160684842	2	7589	14349.5325	155	1
2_MACS_peak_1862_lociStitched	chr1	161151085	161157730	2	6622	14268.144	156	1
1_MACS_peak_29133_lociStitched	chr8	27230442	27238585	1	8144	14260.0216	157	1
4_MACS_peak_11514_lociStitched	chr16	79629847	79637025	4	6599	14188.7526	158	1
5_MACS_peak_22972_lociStitched	chr4	105407251	105417028	5	9363	14136.5643	159	1
3_MACS_peak_11529_lociStitched	chr16	79908049	79916096	3	7573	14123.2897	160	1
1_MACS_peak_29820_lociStitched	chr8	101962303	101966333	1	4031	14063.894	161	1
1_MACS_peak_30031_lociStitched	chr8	119574209	119580903	1	6695	13914.1484	162	1
2_MACS_peak_13920_lociStitched	chr18	46473475	46480056	2	6534	13904.9949	163	1
1_MACS_peak_4260_lociStitched	chr10	125850107	125856047	1	5941	13894.848	164	1
8_MACS_peak_9895_lociStitched	chr15	67368792	67381131	8	11241	13875.2055	165	1
3_MACS_peak_7299_lociStitched	chr12	121690744	121699733	3	8637	13867.3303	166	1
4_MACS_peak_25681_lociStitched	chr6	27857652	27863892	4	5985	13846.56	167	1
10_MACS_peak_19208_lociStitched	chr21	19151867	19163847	10	10867	13781.792	168	1
2_MACS_peak_2183_lociStitched	chr1	183876535	183883857	2	6950	13659.9232	169	1
2_MACS_peak_9688_lociStitched	chr15	54872505	54879251	2	6664	13650.531	170	1
5_MACS_peak_11412_lociStitched	chr16	71186371	71194434	5	7616	13626.47	171	1
5_MACS_peak_26541_lociStitched	chr6	106543451	106555125	5	11035	13622.3906	172	1
3_MACS_peak_25413_lociStitched	chr6	11829425	11837809	3	8254	13613.9392	173	1
5_MACS_peak_30170_lociStitched	chr8	126779822	126789192	5	9161	13568.697	174	1
3_MACS_peak_13597_lociStitched	chr18	9101725	9109370	3	7458	13509.4795	175	1
7_MACS_peak_18515_lociStitched	chr20	31254018	31262963	7	7736	13506.0555	176	1
4_MACS_peak_21734_lociStitched	chr3	156847882	156856248	4	7785	13419.9006	177	1
2_MACS_peak_29890_lociStitched	chr8	103823859	103829097	2	5111	13395.6612	178	1
9_MACS_peak_30047_lociStitched	chr8	120924556	120935885	9	10097	13353.4923	179	1
4_MACS_peak_26182_lociStitched	chr6	45674131	45683454	4	8797	13343.0776	180	1
2_MACS_peak_16684_lociStitched	chr2	70312114	70316735	2	4618	13329.7366	181	1
1_MACS_peak_11670_lociStitched	chr16	88846217	88852571	1	6355	13298.2866	182	1
5_MACS_peak_16863_lociStitched	chr2	87806243	87816536	5	9683	13291.3509	183	1
3_MACS_peak_13544_lociStitched	chr18	3446524	3452709	3	6021	13216.108	184	1
2_MACS_peak_9324_lociStitched	chr15	31554209	31560679	2	6413	13148.334	185	1
2_MACS_peak_1733_lociStitched	chr1	155531036	155535082	2	3940	13121.178	186	1
2_MACS_peak_1575_lociStitched	chr1	150547847	150553255	2	4919	13118.1856	187	1
1_MACS_peak_21338_lociStitched	chr3	124487826	124494371	1	6546	13101.781	188	1
5_MACS_peak_24805_lociStitched	chr5	142776714	142785663	5	8213	13083.438	189	1
1_MACS_peak_12670_lociStitched	chr17	42294640	42300133	1	5494	13036.5369	190	1
4_MACS_peak_13601_lociStitched	chr18	9135085	9141734	4	6525	13035.3645	191	1
2_MACS_peak_6856_lociStitched	chr12	93963572	93968897	2	5112	12991.935	192	1
6_MACS_peak_21897_lociStitched	chr3	178230007	178239217	6	8551	12987.942	193	1
1_MACS_peak_17981_lociStitched	chr2	232476252	232480881	1	4630	12966.2919	194	1
7_MACS_peak_12534_lociStitched	chr17	38473775	38484536	7	10270	12962.7006	195	1
3_MACS_peak_19732_lociStitched	chr22	29212227	29221522	3	9224	12906.1075	196	1
3_MACS_peak_10677_lociStitched	chr16	10969711	10977265	3	7095	12902.232	197	1
4_MACS_peak_18686_lociStitched	chr20	37499142	37505382	4	6076	12888.096	198	1
4_MACS_peak_6607_lociStitched	chr12	57076733	57084414	4	7349	12864.1388	199	1
2_MACS_peak_1428_lociStitched	chr1	143913713	143919218	2	5294	12853.6245	200	1
2_MACS_peak_18453_lociStitched	chr20	25274312	25281784	2	7367	12823.4464	201	1
2_MACS_peak_5166_lociStitched	chr11	65624464	65629149	2	4641	12811.1325	202	1
3_MACS_peak_18742_lociStitched	chr20	42376652	42382602	3	5616	12809.755	203	1
2_MACS_peak_9929_lociStitched	chr15	68492659	68500166	2	7466	12809.1941	204	1
1_MACS_peak_1961_lociStitched	chr1	165796172	165799554	1	3383	12807.9722	205	1
9_MACS_peak_27184_lociStitched	chr7	11330532	11341744	9	10126	12774.9528	206	1
2_MACS_peak_26110_lociStitched	chr6	43737322	43742195	2	4862	12762.8743	207	1
1_MACS_peak_13302_lociStitched	chr17	75365334	75371289	1	5956	12754.419	208	1
1_MACS_peak_19025_lociStitched	chr20	57463304	57468618	1	5315	12740.8464	209	1
1_MACS_peak_16069_lociStitched	chr2	20614434	20620774	1	6341	12723.746	210	1
1_MACS_peak_1394_lociStitched	chr1	120610144	120613147	1	3004	12696.9843	211	1
6_MACS_peak_19050_lociStitched	chr20	58674704	58683356	6	8159	12694.2144	212	1
4_MACS_peak_21727_lociStitched	chr3	156804088	156811470	4	7180	12687.4434	213	1
2_MACS_peak_12491_lociStitched	chr17	37909368	37916053	2	6606	12639.3295	214	1
3_MACS_peak_25420_lociStitched	chr6	12007280	12013834	3	6382	12632.835	215	1
2_MACS_peak_18997_lociStitched	chr20	55964077	55970148	2	6025	12594.8966	216	1
3_MACS_peak_10404_lociStitched	chr15	101458379	101464962	3	6480	12593.9373	217	1
3_MACS_peak_9326_lociStitched	chr15	31616227	31622946	3	6218	12467.1045	218	1
3_MACS_peak_22109_lociStitched	chr3	196356200	196362190	3	5915	12458.002	219	1
10_MACS_peak_7894_lociStitched	chr13	65979654	65991361	10	10493	12438.6875	220	1
3_MACS_peak_10990_lociStitched	chr16	29815749	29821095	3	5273	12386.682	221	1
2_MACS_peak_20228_lociStitched	chr22	50326396	50332019	2	5607	12374.5361	222	1
1_MACS_peak_1819_lociStitched	chr1	159892040	159896158	1	4119	12282.7586	223	1
3_MACS_peak_9246_lociStitched	chr15	23613094	23619586	3	6337	12275.7228	224	1
3_MACS_peak_14805_lociStitched	chr19	16186381	16191526	3	5082	12248.187	225	1
6_MACS_peak_3240_lociStitched	chr10	23727310	23737016	6	8991	12213.0598	226	1
2_MACS_peak_23666_lociStitched	chr5	6479084	6485969	2	6754	12200.22	227	1
2_MACS_peak_106_lociStitched	chr1	6977281	6984709	2	7340	12153.6936	228	1
9_MACS_peak_3014_lociStitched	chr10	7510923	7522377	9	9831	12151.5486	229	1
6_MACS_peak_6004_lociStitched	chr12	4377568	4386579	6	8388	12148.6302	230	1
3_MACS_peak_12099_lociStitched	chr17	17390681	17400283	3	9314	12107.1618	231	1
8_MACS_peak_17076_lociStitched	chr2	112191559	112202499	8	10036	12067.914	232	1
2_MACS_peak_30249_lociStitched	chr8	134579902	134585938	2	5899	12039.4056	233	1
3_MACS_peak_17820_lociStitched	chr2	216973155	216980041	3	6681	12026.399	234	1
1_MACS_peak_2009_lociStitched	chr1	167904081	167907338	1	3258	12020.6099	235	1
1_MACS_peak_2125_lociStitched	chr1	179049165	179053394	1	4230	12011.6287	236	1
1_MACS_peak_13322_lociStitched	chr17	76122730	76129075	1	6346	11917.179	237	1
6_MACS_peak_14945_lociStitched	chr19	19054221	19064922	6	10018	11899.512	238	1
3_MACS_peak_23792_lociStitched	chr5	32581038	32587962	3	6802	11894.7396	239	1
4_MACS_peak_19122_lociStitched	chr20	62357738	62363983	4	5964	11877.99	240	1
7_MACS_peak_6163_lociStitched	chr12	12866599	12875321	7	7973	11865.4088	241	1
7_MACS_peak_4039_lociStitched	chr10	104531678	104539152	7	6732	11858.2484	242	1
3_MACS_peak_5678_lociStitched	chr11	115132991	115140526	3	7489	11799.81	243	1
1_MACS_peak_28705_lociStitched	chr7	150063981	150068070	1	4090	11798.4006	244	1
2_MACS_peak_1567_lociStitched	chr1	150335552	150338690	2	3112	11797.311	245	1
4_MACS_peak_13161_lociStitched	chr17	72743531	72752039	4	8074	11795.4912	246	1
2_MACS_peak_21497_lociStitched	chr3	135912219	135917179	2	4890	11775.04	247	1
3_MACS_peak_12081_lociStitched	chr17	16872348	16880471	3	7764	11734.4858	248	1
2_MACS_peak_10729_lociStitched	chr16	12056507	12062990	2	6415	11721.264	249	1
2_MACS_peak_30060_lociStitched	chr8	120942404	120948070	2	5392	11710.4888	250	1
5_MACS_peak_3136_lociStitched	chr10	15826747	15836251	5	8658	11681.3664	251	1
8_MACS_peak_6386_lociStitched	chr12	48200673	48209569	8	8274	11676.8896	252	1
4_MACS_peak_1473_lociStitched	chr1	145451325	145457358	4	5481	11626.1943	253	1
5_MACS_peak_21545_lociStitched	chr3	140471769	140480789	5	8649	11620.466	254	1
2_MACS_peak_26352_lociStitched	chr6	74228790	74234276	2	5367	11590.8208	255	1
1_MACS_peak_1987_lociStitched	chr1	167423523	167426435	1	2913	11578.112	256	1
1_MACS_peak_26065_lociStitched	chr6	42748397	42752102	1	3706	11572.5675	257	1
3_MACS_peak_29882_lociStitched	chr8	103665730	103670366	3	4357	11559.866	258	1
2_MACS_peak_18570_lociStitched	chr20	32468588	32474003	2	5356	11544.78	259	1
2_MACS_peak_12840_lociStitched	chr17	48226227	48233853	2	7604	11543.4762	260	1
1_MACS_peak_1736_lociStitched	chr1	155657044	155659936	1	2893	11539.08	261	1
2_MACS_peak_23497_lociStitched	chr4	185392797	185397352	2	4301	11504.5635	262	1
3_MACS_peak_17105_lociStitched	chr2	112458989	112465797	3	6450	11498.0312	263	1
2_MACS_peak_1983_lociStitched	chr1	167188430	167192173	2	3536	11493.2558	264	1
5_MACS_peak_27562_lociStitched	chr7	50343041	50352271	5	8831	11485.812	265	1
3_MACS_peak_1612_lociStitched	chr1	151316603	151322226	3	5446	11476.543	266	1
5_MACS_peak_3024_lociStitched	chr10	7529341	7536717	5	7054	11470.4176	267	1
3_MACS_peak_16196_lociStitched	chr2	33716980	33724557	3	7210	11465.5164	268	1
6_MACS_peak_29840_lociStitched	chr8	102918841	102926218	6	7196	11443.9401	269	1
3_MACS_peak_31632_lociStitched	chr9	132646886	132654038	3	6932	11429.6112	270	1
5_MACS_peak_7237_lociStitched	chr12	120553141	120561693	5	8083	11420.3408	271	1
1_MACS_peak_1591_lociStitched	chr1	150945577	150948442	1	2866	11416.7385	272	1
2_MACS_peak_29502_lociStitched	chr8	67415895	67422396	2	6072	11399.5035	273	1
4_MACS_peak_10047_lociStitched	chr15	75356958	75364197	4	6953	11394.9099	274	1
2_MACS_peak_17987_lociStitched	chr2	232534812	232540286	2	5389	11389.2044	275	1
3_MACS_peak_10817_lociStitched	chr16	17435648	17443075	3	7324	11386.3337	276	1
2_MACS_peak_19010_lociStitched	chr20	56253090	56259403	2	6268	11384.8642	277	1
2_MACS_peak_8605_lociStitched	chr14	69258042	69263225	2	5182	11381.868	278	1
3_MACS_peak_16359_lociStitched	chr2	47166773	47173869	3	7055	11345.0848	279	1
3_MACS_peak_13993_lociStitched	chr18	52983841	52991864	3	7903	11314.8369	280	1
4_MACS_peak_1767_lociStitched	chr1	156194504	156200548	4	5804	11307.7196	281	1
2_MACS_peak_5150_lociStitched	chr11	65339448	65345883	2	6252	11281.842	282	1
4_MACS_peak_8681_lociStitched	chr14	73353270	73361843	4	7924	11276.9242	283	1
2_MACS_peak_27780_lociStitched	chr7	74069759	74072962	2	3174	11255.342	284	1
2_MACS_peak_7120_lociStitched	chr12	111105736	111112862	2	7092	11236.2768	285	1
2_MACS_peak_30203_lociStitched	chr8	129003384	129009361	2	5776	11227.1968	286	1
2_MACS_peak_1560_lociStitched	chr1	150206318	150209765	2	3431	11216.8827	287	1
5_MACS_peak_25966_lociStitched	chr6	35694505	35701238	5	6330	11207.0785	288	1
2_MACS_peak_4977_lociStitched	chr11	62309574	62315619	2	5979	11185.668	289	1
1_MACS_peak_16364_lociStitched	chr2	47208409	47214364	1	5956	11134.659	290	1
2_MACS_peak_11761_lociStitched	chr17	396641	402890	2	6045	11128.8441	291	1
3_MACS_peak_4022_lociStitched	chr10	104401473	104406733	3	5164	11122.796	292	1
10_MACS_peak_24274_lociStitched	chr5	88163687	88174449	10	9515	11121.4508	293	1
1_MACS_peak_3096_lociStitched	chr10	13388301	13392386	1	4086	11107.932	294	1
2_MACS_peak_11904_lociStitched	chr17	4850179	4855078	2	4815	11107.5027	295	1
5_MACS_peak_25758_lociStitched	chr6	30683659	30690351	5	6042	11099.3512	296	1
3_MACS_peak_6349_lociStitched	chr12	46120192	46125211	3	4925	11073.9216	297	1
1_MACS_peak_1832_lociStitched	chr1	160230492	160233848	1	3357	11049.9656	298	1
1_MACS_peak_1413_lociStitched	chr1	120834137	120838442	1	4306	11048.352	299	1
2_MACS_peak_19063_lociStitched	chr20	58976845	58983922	2	6922	11045.0739	300	1
2_MACS_peak_4304_lociStitched	chr10	129569431	129576667	2	6804	11016.0864	301	1
1_MACS_peak_6858_lociStitched	chr12	93984110	93991111	1	7002	11000.6713	302	1
5_MACS_peak_13328_lociStitched	chr17	76163966	76171801	5	7222	10995.639	303	1
3_MACS_peak_24329_lociStitched	chr5	90675179	90680737	3	5395	10992.0566	304	1
1_MACS_peak_6366_lociStitched	chr12	46660431	46664358	1	3928	10991.2803	305	1
2_MACS_peak_29026_lociStitched	chr8	22297070	22302443	2	5180	10989.9342	306	1
1_MACS_peak_18947_lociStitched	chr20	52236973	52241718	1	4746	10922.5155	307	1
2_MACS_peak_22354_lociStitched	chr4	15002936	15007823	2	4410	10892.6343	308	1
6_MACS_peak_9739_lociStitched	chr15	58841219	58850371	6	8546	10855.1872	309	1
3_MACS_peak_9618_lociStitched	chr15	51531764	51539211	3	7104	10846.5555	310	1
3_MACS_peak_1907_lociStitched	chr1	162530437	162535083	3	4467	10839.118	311	1
1_MACS_peak_3012_lociStitched	chr10	7450073	7454107	1	4035	10803.4554	312	1
3_MACS_peak_3645_lociStitched	chr10	74090698	74097145	3	6243	10802.5932	313	1
3_MACS_peak_27713_lociStitched	chr7	71504120	71511459	3	7176	10780.2571	314	1
3_MACS_peak_25609_lociStitched	chr6	26270342	26275242	3	4676	10759.42	315	1
4_MACS_peak_23778_lociStitched	chr5	32206000	32212951	4	6081	10742.7705	316	1
6_MACS_peak_322_lociStitched	chr1	23850665	23858793	6	6883	10720.832	317	1
4_MACS_peak_16275_lociStitched	chr2	42327820	42334216	4	6045	10710.102	318	1
3_MACS_peak_28170_lociStitched	chr7	101632462	101640343	3	7714	10653.5358	319	1
6_MACS_peak_22291_lociStitched	chr4	10094300	10103061	6	7642	10642.8628	320	1
2_MACS_peak_10309_lociStitched	chr15	93350848	93356363	2	5433	10615.8235	321	1
8_MACS_peak_7930_lociStitched	chr13	66203423	66213907	8	9493	10614.0016	322	1
2_MACS_peak_29824_lociStitched	chr8	102215529	102219856	2	4303	10605.477	323	1
2_MACS_peak_12735_lociStitched	chr17	44268637	44273283	2	4480	10576.1544	324	1
2_MACS_peak_23263_lociStitched	chr4	146856050	146860450	2	4326	10574.08	325	1
6_MACS_peak_16348_lociStitched	chr2	46794424	46805006	6	9357	10552.3704	326	1
2_MACS_peak_2197_lociStitched	chr1	184459099	184465769	2	6356	10530.596	327	1
7_MACS_peak_1917_lociStitched	chr1	162552698	162561603	7	8253	10480.2945	328	1
3_MACS_peak_13972_lociStitched	chr18	49917324	49923820	3	6279	10469.6032	329	1
1_MACS_peak_1450_lociStitched	chr1	145138969	145141738	1	2770	10465.4355	330	1
4_MACS_peak_22074_lociStitched	chr3	195265112	195271815	4	6473	10459.3612	331	1
9_MACS_peak_7992_lociStitched	chr13	91991624	92001742	9	9200	10452.9058	332	1
2_MACS_peak_6628_lociStitched	chr12	57913102	57917819	2	4509	10450.0418	333	1
13_MACS_peak_12313_lociStitched	chr17	29576498	29588947	13	10509	10428.5273	334	1
1_MACS_peak_28632_lociStitched	chr7	141249743	141254209	1	4467	10419.6246	335	1
1_MACS_peak_28515_lociStitched	chr7	129588591	129592842	1	4252	10380.942	336	1
2_MACS_peak_16803_lociStitched	chr2	85764371	85767961	2	3583	10379.767	337	1
4_MACS_peak_12114_lociStitched	chr17	17738510	17744615	4	5761	10377.279	338	1
2_MACS_peak_29931_lociStitched	chr8	105597349	105602421	2	4839	10374.776	339	1
1_MACS_peak_23453_lociStitched	chr4	183837524	183841066	1	3543	10364.6004	340	1
1_MACS_peak_28684_lociStitched	chr7	148822316	148825928	1	3613	10356.3264	341	1
2_MACS_peak_990_lociStitched	chr1	59247417	59251508	2	3928	10349.4118	342	1
1_MACS_peak_26334_lociStitched	chr6	73328968	73333800	1	4833	10334.6816	343	1
2_MACS_peak_1988_lociStitched	chr1	167459065	167463913	2	4788	10309.7568	344	1
4_MACS_peak_5623_lociStitched	chr11	111237324	111246164	4	8224	10275.616	345	1
4_MACS_peak_10316_lociStitched	chr15	93423964	93428743	4	4278	10234.2285	346	1
1_MACS_peak_25278_lociStitched	chr6	3022351	3028518	1	6168	10205.1516	347	1
2_MACS_peak_11006_lociStitched	chr16	30074767	30078559	2	3687	10203.5136	348	1
2_MACS_peak_25587_lociStitched	chr6	26122184	26126904	2	4506	10167.352	349	1
2_MACS_peak_23481_lociStitched	chr4	185301763	185307659	2	5708	10154.0912	350	1
6_MACS_peak_26535_lociStitched	chr6	106533303	106542913	6	9045	10151.043	351	1
1_MACS_peak_29854_lociStitched	chr8	103134286	103137780	1	3495	10142.7326	352	1
1_MACS_peak_19927_lociStitched	chr22	38463378	38468396	1	5019	10138.3672	353	1
5_MACS_peak_24867_lociStitched	chr5	149788642	149794966	5	5890	10108.2816	354	1
2_MACS_peak_31214_lociStitched	chr9	100744558	100747977	2	3338	10102.4612	355	1
5_MACS_peak_11877_lociStitched	chr17	4274108	4281569	5	7255	10101.4479	356	1
3_MACS_peak_13822_lociStitched	chr18	42259013	42264088	3	4923	10095.6975	357	1
2_MACS_peak_1665_lociStitched	chr1	154191656	154194536	2	2772	10077.696	358	1
2_MACS_peak_9850_lociStitched	chr15	65183802	65188916	2	5103	10046.9644	359	1
1_MACS_peak_2097_lociStitched	chr1	174966968	174970374	1	3407	10046.3376	360	1
3_MACS_peak_30131_lociStitched	chr8	126161986	126168486	3	6381	10015.85	361	1
1_MACS_peak_19158_lociStitched	chr21	11168394	11171986	1	3593	9943.0152	362	1
3_MACS_peak_22414_lociStitched	chr4	24117238	24123994	3	6447	9936.0492	363	1
1_MACS_peak_28672_lociStitched	chr7	148394702	148397964	1	3263	9925.2874	364	1
3_MACS_peak_18080_lociStitched	chr2	238599952	238606508	3	6376	9924.4728	365	1
4_MACS_peak_30451_lociStitched	chr9	623224	630956	4	7208	9900.0528	366	1
6_MACS_peak_9645_lociStitched	chr15	52753207	52760112	6	6117	9870.6975	367	1
2_MACS_peak_8870_lociStitched	chr14	89893130	89898291	2	5076	9867.3159	368	1
1_MACS_peak_1691_lociStitched	chr1	154932838	154936009	1	3172	9863.3955	369	1
2_MACS_peak_28502_lociStitched	chr7	128760375	128765109	2	4734	9862.3422	370	1
2_MACS_peak_4261_lociStitched	chr10	125862011	125868265	2	6036	9860.6818	371	1
2_MACS_peak_29197_lociStitched	chr8	29629655	29634482	2	4723	9855.2859	372	1
3_MACS_peak_20071_lociStitched	chr22	41840063	41844510	3	4319	9853.2179	373	1
3_MACS_peak_1720_lociStitched	chr1	155276993	155280889	3	3826	9851.8152	374	1
2_MACS_peak_28062_lociStitched	chr7	98475518	98480765	2	5129	9818.1864	375	1
1_MACS_peak_3390_lociStitched	chr10	43901202	43905837	1	4636	9817.857	376	1
1_MACS_peak_1634_lociStitched	chr1	152082022	152085503	1	3482	9809.1099	377	1
6_MACS_peak_13591_lociStitched	chr18	9079321	9086527	6	6537	9807.366	378	1
2_MACS_peak_14246_lociStitched	chr19	1647903	1653720	2	5689	9792.9195	379	1
4_MACS_peak_641_lociStitched	chr1	37939526	37946174	4	6385	9781.2024	380	1
1_MACS_peak_2194_lociStitched	chr1	184354995	184358392	1	3398	9759.9207	381	1
1_MACS_peak_2990_lociStitched	chr10	6017139	6020768	1	3630	9738.4215	382	1
3_MACS_peak_14814_lociStitched	chr19	16434771	16440363	3	5204	9737.9088	383	1
2_MACS_peak_22167_lociStitched	chr4	1240848	1244792	2	3918	9706.9728	384	1
3_MACS_peak_18340_lociStitched	chr20	10650288	10655954	3	5445	9684.8938	385	1
2_MACS_peak_19665_lociStitched	chr22	24184785	24191935	2	7051	9684.675	386	1
8_MACS_peak_31107_lociStitched	chr9	94184219	94192337	8	7240	9681.5268	387	1
5_MACS_peak_11648_lociStitched	chr16	87807339	87814531	5	6381	9674.6784	388	1
2_MACS_peak_21738_lociStitched	chr3	156875892	156879735	2	3557	9662.0706	389	1
3_MACS_peak_24861_lociStitched	chr5	149717425	149723879	3	6336	9644.2122	390	1
2_MACS_peak_25679_lociStitched	chr6	27803850	27807799	2	3880	9634.7702	391	1
2_MACS_peak_10411_lociStitched	chr15	101737988	101742379	2	4229	9630.7803	392	1
1_MACS_peak_27678_lociStitched	chr7	70158568	70161873	1	3306	9630.4395	393	1
6_MACS_peak_7308_lociStitched	chr12	121729676	121736360	6	6248	9610.2552	394	1
2_MACS_peak_9329_lociStitched	chr15	31635829	31642173	2	5906	9607.988	395	1
6_MACS_peak_12608_lociStitched	chr17	40853905	40862166	6	7303	9606.7169	396	1
2_MACS_peak_19374_lociStitched	chr21	38737779	38741177	2	3295	9595.6122	397	1
1_MACS_peak_1693_lociStitched	chr1	154945277	154949147	1	3871	9590.247	398	1
1_MACS_peak_23162_lociStitched	chr4	129730414	129734676	1	4263	9586.5166	399	1
1_MACS_peak_18908_lociStitched	chr20	48806728	48810286	1	3559	9568.5294	400	1
2_MACS_peak_6992_lociStitched	chr12	104320562	104325412	2	4580	9553.045	401	1
3_MACS_peak_16427_lociStitched	chr2	54784600	54789832	3	4930	9510.7296	402	1
4_MACS_peak_26667_lociStitched	chr6	119212566	119218429	4	5241	9510.3723	403	1
2_MACS_peak_22062_lociStitched	chr3	194206264	194209734	2	3401	9503.636	404	1
3_MACS_peak_21501_lociStitched	chr3	136468921	136473243	3	4192	9501.4848	405	1
3_MACS_peak_17814_lociStitched	chr2	216945517	216951982	3	5996	9486.0945	406	1
7_MACS_peak_22233_lociStitched	chr4	6180657	6188156	7	6836	9483.9853	407	1
1_MACS_peak_1426_lociStitched	chr1	143742239	143745411	1	3173	9483.6456	408	1
2_MACS_peak_3196_lociStitched	chr10	22539590	22544053	2	4351	9476.2879	409	1
1_MACS_peak_19904_lociStitched	chr22	37623979	37628904	1	4926	9474.715	410	1
5_MACS_peak_26552_lociStitched	chr6	106610328	106618170	5	7417	9474.7044	411	1
2_MACS_peak_10956_lociStitched	chr16	28833208	28836867	2	3631	9474.6146	412	1
1_MACS_peak_1690_lociStitched	chr1	154924685	154929977	1	5293	9473.2092	413	1
2_MACS_peak_28765_lociStitched	chr7	155087741	155091729	2	3909	9463.1252	414	1
1_MACS_peak_9669_lociStitched	chr15	52967435	52972349	1	4915	9446.6736	415	1
2_MACS_peak_2228_lociStitched	chr1	185284691	185287739	2	3025	9438.4368	416	1
5_MACS_peak_32741_lociStitched	chrX	153233715	153239684	5	5696	9436.989	417	1
2_MACS_peak_16194_lociStitched	chr2	33699082	33704905	2	5363	9426.8547	418	1
2_MACS_peak_19115_lociStitched	chr20	62257246	62260428	2	3179	9420.6292	419	1
1_MACS_peak_20675_lociStitched	chr3	45634475	45639928	1	5454	9419.5122	420	1
3_MACS_peak_2948_lociStitched	chr10	3663961	3670229	3	6198	9410.1484	421	1
1_MACS_peak_16826_lociStitched	chr2	86261565	86266614	1	5050	9408.8115	422	1
1_MACS_peak_2282_lociStitched	chr1	193026920	193029484	1	2565	9407.8288	423	1
8_MACS_peak_32122_lociStitched	chrX	48771312	48779773	8	7316	9397.6327	424	1
1_MACS_peak_28761_lociStitched	chr7	154994615	154999360	1	4746	9391.7785	425	1
2_MACS_peak_5913_lociStitched	chr11	132225345	132231470	2	5948	9362.0625	426	1
5_MACS_peak_31176_lociStitched	chr9	98267736	98273988	5	5683	9344.8644	427	1
5_MACS_peak_3048_lociStitched	chr10	11282670	11290041	5	6504	9339.7941	428	1
3_MACS_peak_29610_lociStitched	chr8	81010938	81016655	3	5620	9336.4327	429	1
4_MACS_peak_22784_lociStitched	chr4	78736142	78742424	4	5677	9333.1674	430	1
2_MACS_peak_20777_lociStitched	chr3	49055093	49060570	2	5385	9316.377	431	1
3_MACS_peak_7202_lociStitched	chr12	116970748	116977837	3	6866	9290.1345	432	1
3_MACS_peak_13890_lociStitched	chr18	46307747	46314379	3	6203	9280.1576	433	1
5_MACS_peak_5764_lociStitched	chr11	120206154	120212394	5	5799	9260.16	434	1
2_MACS_peak_5181_lociStitched	chr11	65768921	65775469	2	6377	9256.2528	435	1
2_MACS_peak_3155_lociStitched	chr10	17268799	17273185	2	4334	9256.2144	436	1
3_MACS_peak_15967_lociStitched	chr2	10259894	10264125	3	4111	9247.2736	437	1
4_MACS_peak_22865_lociStitched	chr4	87855311	87862573	4	6831	9245.9784	438	1
1_MACS_peak_9353_lociStitched	chr15	34329998	34333915	1	3918	9244.9034	439	1
1_MACS_peak_1524_lociStitched	chr1	148554973	148557851	1	2879	9243.8482	440	1
1_MACS_peak_1842_lociStitched	chr1	160708075	160713789	1	5715	9240.1094	441	1
3_MACS_peak_12661_lociStitched	chr17	42244625	42250178	3	5323	9226.3095	442	1
3_MACS_peak_14117_lociStitched	chr18	72162712	72169437	3	6612	9213.9225	443	1
2_MACS_peak_17964_lociStitched	chr2	231755040	231761143	2	6103	9210.6476	444	1
3_MACS_peak_22091_lociStitched	chr3	195821308	195827084	3	5649	9206.3664	445	1
3_MACS_peak_21442_lociStitched	chr3	130566960	130573842	3	6583	9195.0402	446	1
3_MACS_peak_29902_lociStitched	chr8	104382449	104386109	3	3233	9185.502	447	1
4_MACS_peak_20090_lociStitched	chr22	42227050	42231804	4	4201	9183.7772	448	1
1_MACS_peak_23577_lociStitched	chr5	188903	193428	1	4526	9177.605	449	1
4_MACS_peak_18138_lociStitched	chr2	241503972	241509493	4	5339	9177.0062	450	1
2_MACS_peak_1758_lociStitched	chr1	156094747	156100767	2	6020	9176.286	451	1
7_MACS_peak_16377_lociStitched	chr2	47729963	47738194	7	7313	9161.9261	452	1
5_MACS_peak_26440_lociStitched	chr6	90060700	90068024	5	6873	9157.1972	453	1
2_MACS_peak_11619_lociStitched	chr16	85586584	85591940	2	5299	9152.3328	454	1
3_MACS_peak_25589_lociStitched	chr6	26155509	26160575	3	4733	9150.2092	455	1
3_MACS_peak_29637_lociStitched	chr8	85094438	85099539	3	4993	9138.4415	456	1
6_MACS_peak_19646_lociStitched	chr22	23477778	23484738	6	6317	9118.296	457	1
1_MACS_peak_1460_lociStitched	chr1	145193952	145198353	1	4402	9117.1116	458	1
2_MACS_peak_21780_lociStitched	chr3	160116549	160120631	2	3687	9101.6354	459	1
3_MACS_peak_8983_lociStitched	chr14	94474531	94481406	3	6099	9097.6875	460	1
1_MACS_peak_2174_lociStitched	chr1	183439424	183442372	1	2949	9094.8748	461	1
5_MACS_peak_28813_lociStitched	chr7	158840809	158846920	5	5966	9077.2794	462	1
3_MACS_peak_3009_lociStitched	chr10	6966674	6971817	3	5007	9037.7939	463	1
2_MACS_peak_30068_lociStitched	chr8	121821095	121825103	2	3974	9034.4328	464	1
2_MACS_peak_27753_lociStitched	chr7	73093087	73098828	2	5640	9032.8894	465	1
2_MACS_peak_14135_lociStitched	chr18	72919759	72924296	2	4475	9013.6579	466	1
6_MACS_peak_4033_lociStitched	chr10	104521562	104529817	6	6601	8993.8225	467	1
1_MACS_peak_29567_lociStitched	chr8	74204806	74208334	1	3529	8992.1664	468	1
2_MACS_peak_28532_lociStitched	chr7	130790266	130795516	2	5224	8991.15	469	1
4_MACS_peak_3634_lociStitched	chr10	74018395	74024151	4	5569	8988.5696	470	1
2_MACS_peak_10689_lociStitched	chr16	11587310	11592177	2	4666	8985.4554	471	1
8_MACS_peak_3414_lociStitched	chr10	45467605	45475557	8	7249	8972.2416	472	1
6_MACS_peak_9932_lociStitched	chr15	68516566	68523340	6	5907	8969.4534	473	1
1_MACS_peak_28162_lociStitched	chr7	101457103	101461253	1	4151	8964.83	474	1
2_MACS_peak_3620_lociStitched	chr10	73485182	73490314	2	4639	8952.774	475	1
2_MACS_peak_2055_lociStitched	chr1	172786452	172791753	2	5135	8949.1482	476	1
2_MACS_peak_5018_lociStitched	chr11	62606147	62610878	2	4409	8947.7403	477	1
4_MACS_peak_7287_lociStitched	chr12	121565819	121572498	4	6159	8937.8378	478	1
2_MACS_peak_9732_lociStitched	chr15	58762758	58767973	2	4902	8882.188	479	1
2_MACS_peak_23988_lociStitched	chr5	56109726	56113904	2	4133	8876.161	480	1
2_MACS_peak_25526_lociStitched	chr6	20401100	20404970	2	3579	8861.913	481	1
3_MACS_peak_22303_lociStitched	chr4	10116358	10120893	3	4443	8860.483	482	1
3_MACS_peak_1455_lociStitched	chr1	145156278	145160634	3	4157	8859.6684	483	1
5_MACS_peak_6311_lociStitched	chr12	40009701	40016869	5	6031	8855.3472	484	1
1_MACS_peak_5627_lociStitched	chr11	111246769	111251296	1	4528	8853.0012	485	1
1_MACS_peak_11679_lociStitched	chr16	89041054	89046139	1	5086	8852.4765	486	1
1_MACS_peak_1904_lociStitched	chr1	162327598	162332232	1	4635	8846.306	487	1
2_MACS_peak_20233_lociStitched	chr22	50352911	50357304	2	4346	8843.109	488	1
1_MACS_peak_28193_lociStitched	chr7	102071234	102075998	1	4765	8839.1256	489	1
2_MACS_peak_19953_lociStitched	chr22	38900475	38903688	2	3167	8829.324	490	1
3_MACS_peak_26079_lociStitched	chr6	43138175	43142408	3	3947	8827.4982	491	1
2_MACS_peak_25752_lociStitched	chr6	30649935	30656091	2	6146	8824.626	492	1
2_MACS_peak_25507_lociStitched	chr6	16759774	16763894	2	4013	8822.98	493	1
2_MACS_peak_31517_lociStitched	chr9	130537607	130543222	2	5308	8813.8655	494	1
1_MACS_peak_1600_lociStitched	chr1	151042041	151044258	1	2218	8799.0513	495	1
3_MACS_peak_9734_lociStitched	chr15	58794235	58799280	3	4670	8795.9575	496	1
3_MACS_peak_23548_lociStitched	chr4	186313943	186319593	3	5485	8780.1	497	1
4_MACS_peak_5375_lociStitched	chr11	73689534	73695823	4	5756	8776.9284	498	1
5_MACS_peak_10068_lociStitched	chr15	75742774	75748759	5	5008	8776.404	499	1
2_MACS_peak_25261_lociStitched	chr6	1009614	1015549	2	5545	8767.7755	500	1
5_MACS_peak_10012_lociStitched	chr15	74832264	74840477	5	7476	8767.3775	501	1
4_MACS_peak_13244_lociStitched	chr17	74258719	74263871	4	4725	8757.8848	502	1
6_MACS_peak_22259_lociStitched	chr4	6987661	6995943	6	7201	8745.792	503	1
2_MACS_peak_18035_lociStitched	chr2	234873168	234878223	2	5054	8745.15	504	1
2_MACS_peak_22519_lociStitched	chr4	40055725	40059645	2	3562	8742.384	505	1
1_MACS_peak_19740_lociStitched	chr22	29662505	29665545	1	3041	8728.144	506	1
2_MACS_peak_9958_lociStitched	chr15	70387623	70391905	2	4121	8728.0006	507	1
4_MACS_peak_29558_lociStitched	chr8	72268562	72275883	4	7279	8725.8999	508	1
2_MACS_peak_22740_lociStitched	chr4	77116612	77122591	2	5947	8725.7526	509	1
5_MACS_peak_6890_lociStitched	chr12	95208593	95214824	5	5745	8720.9076	510	1
1_MACS_peak_6438_lociStitched	chr12	49759577	49763703	1	4127	8719.8884	511	1
1_MACS_peak_31085_lociStitched	chr9	93795542	93800712	1	5171	8710.416	512	1
1_MACS_peak_29755_lociStitched	chr8	98655307	98658565	1	3259	8693.973	513	1
2_MACS_peak_7254_lociStitched	chr12	120628122	120633867	2	5629	8690.4615	514	1
5_MACS_peak_17731_lociStitched	chr2	204661628	204667478	5	5242	8689.005	515	1
1_MACS_peak_23536_lociStitched	chr4	186250353	186256533	1	6181	8687.844	516	1
3_MACS_peak_21125_lociStitched	chr3	98449380	98454678	3	5134	8678.124	517	1
2_MACS_peak_12457_lociStitched	chr17	36857384	36862426	2	5004	8652.072	518	1
3_MACS_peak_22154_lociStitched	chr4	667164	671759	3	4427	8651.9255	519	1
2_MACS_peak_19765_lociStitched	chr22	31001797	31006792	2	4886	8640.351	520	1
3_MACS_peak_11206_lociStitched	chr16	56964333	56968488	3	3822	8634.5055	521	1
3_MACS_peak_27222_lociStitched	chr7	20484609	20491125	3	6350	8630.442	522	1
3_MACS_peak_9117_lociStitched	chr14	103797228	103801922	3	4431	8610.2042	523	1
3_MACS_peak_21477_lociStitched	chr3	133290797	133295567	3	4278	8606.034	524	1
2_MACS_peak_13474_lociStitched	chr17	80054404	80058022	2	3447	8601.795	525	1
3_MACS_peak_495_lociStitched	chr1	28831325	28836875	3	5328	8561.985	526	1
4_MACS_peak_19986_lociStitched	chr22	39459592	39466504	4	6460	8561.2032	527	1
1_MACS_peak_4360_lociStitched	chr11	267537	271651	1	4115	8560.8226	528	1
6_MACS_peak_15991_lociStitched	chr2	11636973	11643353	6	5892	8555.58	529	1
2_MACS_peak_25747_lociStitched	chr6	30582815	30586934	2	3917	8548.1607	530	1
4_MACS_peak_18557_lociStitched	chr20	32363492	32369761	4	5907	8537.1242	531	1
3_MACS_peak_3707_lociStitched	chr10	77159486	77164877	3	5324	8532.3357	532	1
3_MACS_peak_5186_lociStitched	chr11	65818560	65823222	3	4477	8531.9262	533	1
2_MACS_peak_17812_lociStitched	chr2	216877199	216882720	2	5141	8516.6946	534	1
2_MACS_peak_16295_lociStitched	chr2	43452241	43455686	2	3427	8515.0065	535	1
1_MACS_peak_2484_lociStitched	chr1	205252914	205257422	1	4509	8475.4908	536	1
3_MACS_peak_11683_lociStitched	chr16	89179569	89185771	3	5957	8458.2876	537	1
12_MACS_peak_21745_lociStitched	chr3	158067439	158075754	12	7018	8454.692	538	1
3_MACS_peak_24182_lociStitched	chr5	75697310	75701339	3	3937	8452.4391	539	1
2_MACS_peak_23534_lociStitched	chr4	186228230	186234036	2	5687	8448.8912	540	1
1_MACS_peak_2024_lociStitched	chr1	169861748	169864226	1	2479	8443.2894	541	1
3_MACS_peak_28361_lociStitched	chr7	114568226	114573933	3	5634	8441.2237	542	1
5_MACS_peak_14731_lociStitched	chr19	13260464	13266989	5	6235	8438.7825	543	1
6_MACS_peak_16317_lociStitched	chr2	45664598	45671541	6	6110	8430.1906	544	1
1_MACS_peak_1655_lociStitched	chr1	153917258	153919656	1	2399	8424.6536	545	1
1_MACS_peak_18723_lociStitched	chr20	42085132	42087638	1	2507	8419.1576	546	1
2_MACS_peak_5794_lociStitched	chr11	122931127	122935799	2	4246	8413.8048	547	1
1_MACS_peak_13457_lociStitched	chr17	79827928	79830889	1	2962	8405.0946	548	1
2_MACS_peak_16774_lociStitched	chr2	80962502	80966574	2	4042	8394.428	549	1
1_MACS_peak_28675_lociStitched	chr7	148579901	148582732	1	2832	8389.9516	550	1
1_MACS_peak_5152_lociStitched	chr11	65353567	65357527	1	3961	8389.26	551	1
4_MACS_peak_345_lociStitched	chr1	24513139	24519365	4	5918	8353.4242	552	1
3_MACS_peak_4908_lociStitched	chr11	58343939	58347575	3	3518	8339.8932	553	1
5_MACS_peak_7526_lociStitched	chr12	133020913	133028002	5	6519	8331.7017	554	1
1_MACS_peak_21638_lociStitched	chr3	150124777	150128860	1	4084	8329.32	555	1
2_MACS_peak_1749_lociStitched	chr1	156022716	156025496	2	2762	8324.988	556	1
4_MACS_peak_4074_lociStitched	chr10	105258251	105265747	4	6915	8304.8184	557	1
2_MACS_peak_2813_lociStitched	chr1	234742925	234747954	2	5017	8291.3123	558	1
4_MACS_peak_7065_lociStitched	chr12	108958166	108964586	4	6027	8290.146	559	1
1_MACS_peak_10704_lociStitched	chr16	11677763	11682014	1	4252	8281.3731	560	1
2_MACS_peak_10311_lociStitched	chr15	93360436	93364603	2	4166	8276.0787	561	1
3_MACS_peak_8926_lociStitched	chr14	91880876	91885353	3	4357	8271.7052	562	1
3_MACS_peak_22181_lociStitched	chr4	1871215	1875395	3	3557	8242.96	563	1
3_MACS_peak_8920_lociStitched	chr14	91837602	91844323	3	6560	8219.783	564	1
5_MACS_peak_20881_lociStitched	chr3	52738169	52744749	5	5854	8217.104	565	1
7_MACS_peak_9253_lociStitched	chr15	23676534	23684137	7	6616	8211.24	566	1
3_MACS_peak_24923_lociStitched	chr5	154133104	154137393	3	4004	8209.146	567	1
1_MACS_peak_18916_lociStitched	chr20	49546118	49548979	1	2862	8197.0511	568	1
2_MACS_peak_3236_lociStitched	chr10	22969523	22975370	2	5648	8195.1552	569	1
2_MACS_peak_26059_lociStitched	chr6	42712059	42716023	2	3874	8190.0204	570	1
2_MACS_peak_15440_lociStitched	chr19	47287105	47291920	2	4812	8163.351	571	1
1_MACS_peak_6850_lociStitched	chr12	93771572	93773221	1	1650	8162.55	572	1
1_MACS_peak_21835_lociStitched	chr3	170072597	170076509	1	3913	8134.2216	573	1
5_MACS_peak_18782_lociStitched	chr20	43594473	43601344	5	6615	8128.393	574	1
3_MACS_peak_21691_lociStitched	chr3	152877978	152881803	3	3494	8127.36	575	1
1_MACS_peak_1776_lociStitched	chr1	156425710	156428367	1	2658	8120.3234	576	1
