#MM5 Enhancers
#Created from /data/projects/IRF4_mm_trn_data/myeloma_public_data/rose/MM5.H3K27ac_ROSE/MM5_3KB_STITCHED_ENHANCER_REGION_MAP.txt
#Ranked by MM5.jin.bam
#Using cutoff of 14217.096 for Super-Enhancers
#Created on Jul 16 2024 
REGION_ID	CHROM	START	STOP	NUM_LOCI	CONSTITUENT_SIZE	MM5.jin.bam	enhancerRank	isSuper
3_MACS_peak_10164_lociStitched	chr14	106024814	106056795	3	31871	206235.8747	1	1
6_MACS_peak_10170_lociStitched	chr14	106145479	106179043	6	32308	141673.644	2	1
4_MACS_peak_28263_lociStitched	chr6	106531213	106565912	4	30006	121859.4181	3	1
13_MACS_peak_26864_lociStitched	chr6	287224	347291	13	45268	117947.5612	4	1
8_MACS_peak_31567_lociStitched	chr8	95948085	95976867	8	20468	113884.6176	5	1
35_MACS_peak_10185_lociStitched	chr14	106325095	106386772	35	45717	108798.228	6	1
7_MACS_peak_1864_lociStitched	chr1	118191984	118230790	7	33790	101450.5258	7	1
6_MACS_peak_1858_lociStitched	chr1	118147475	118188073	6	39842	101190.515	8	1
21_MACS_peak_9932_lociStitched	chr14	91829166	91885646	21	44626	95970.816	9	1
3_MACS_peak_18123_lociStitched	chr2	136870554	136898419	3	23932	87866.7045	10	1
7_MACS_peak_20387_lociStitched	chr21	44723347	44749063	7	22036	86992.0848	11	1
5_MACS_peak_5738_lociStitched	chr11	65183550	65201782	5	15667	80614.6112	12	1
5_MACS_peak_31978_lociStitched	chr8	126434473	126452439	5	14181	77338.2402	13	1
10_MACS_peak_13704_lociStitched	chr17	62150209	62186985	10	30518	75593.068	14	1
5_MACS_peak_24419_lociStitched	chr4	96443538	96472563	5	28488	73845.405	15	1
17_MACS_peak_8273_lociStitched	chr12	123345039	123388420	17	33689	72823.6847	16	1
4_MACS_peak_18268_lociStitched	chr2	158289561	158302043	4	11923	71589.2628	17	1
9_MACS_peak_22949_lociStitched	chr3	141079360	141112545	9	25136	69532.5305	18	1
18_MACS_peak_27057_lociStitched	chr6	7878724	7921438	18	35943	69119.7948	19	1
4_MACS_peak_3955_lociStitched	chr10	22595098	22615306	4	19434	68773.8864	20	1
11_MACS_peak_857_lociStitched	chr1	40839141	40871938	11	29264	68132.4878	21	1
14_MACS_peak_20657_lociStitched	chr22	23252545	23287347	14	24729	67902.1822	22	1
7_MACS_peak_20395_lociStitched	chr21	44770614	44792650	7	18602	67646.1128	23	1
4_MACS_peak_29119_lociStitched	chr7	8006493	8030847	4	22153	66493.7262	24	1
13_MACS_peak_17572_lociStitched	chr2	88896820	88928705	13	20393	65383.381	25	1
6_MACS_peak_23498_lociStitched	chr3	186703255	186721997	6	15919	62605.7768	26	1
7_MACS_peak_17542_lociStitched	chr2	87794288	87823055	7	25266	62179.8705	27	1
14_MACS_peak_21169_lociStitched	chr22	42310767	42343514	14	17789	61823.0613	28	1
16_MACS_peak_17851_lociStitched	chr2	112181988	112224728	16	31895	61049.816	29	1
9_MACS_peak_26261_lociStitched	chr5	131744805	131774658	9	23388	60676.2225	30	1
4_MACS_peak_3508_lociStitched	chr1	234734123	234749686	4	14971	60305.0687	31	1
5_MACS_peak_4257_lociStitched	chr10	63800685	63816405	5	15425	60278.34	32	1
26_MACS_peak_17679_lociStitched	chr2	99060788	99113795	26	35742	58636.3434	33	1
7_MACS_peak_2974_lociStitched	chr1	203236548	203261304	7	14578	57453.7248	34	1
2_MACS_peak_32883_lociStitched	chr9	73025814	73037050	2	8793	57359.78	35	1
3_MACS_peak_6843_lociStitched	chr12	26266162	26280995	3	14672	56260.0857	36	1
11_MACS_peak_26273_lociStitched	chr5	131788825	131817237	11	19047	55906.2924	37	1
3_MACS_peak_18758_lociStitched	chr2	201979444	201996369	3	16918	55662.94	38	1
5_MACS_peak_5751_lociStitched	chr11	65254539	65274415	5	16778	55567.3332	39	1
6_MACS_peak_28370_lociStitched	chr6	109183574	109208513	6	18948	55439.397	40	1
7_MACS_peak_13117_lociStitched	chr17	37909361	37935238	7	21065	53803.4584	41	1
6_MACS_peak_7104_lociStitched	chr12	48191173	48215120	6	22142	53734.6733	42	1
9_MACS_peak_20405_lociStitched	chr21	44829506	44852032	9	15750	53440.6824	43	1
7_MACS_peak_22958_lociStitched	chr3	141117770	141141380	7	19910	52763.628	44	1
6_MACS_peak_6287_lociStitched	chr11	111227975	111251851	6	21149	51722.5788	45	1
1_MACS_peak_8371_lociStitched	chr12	125397829	125407132	1	9304	51012.0702	46	1
2_MACS_peak_30533_lociStitched	chr7	139462624	139478623	2	14244	50985.6132	47	1
15_MACS_peak_10320_lociStitched	chr15	31626906	31661186	15	25894	50964.076	48	1
2_MACS_peak_6755_lociStitched	chr12	12866258	12879721	2	13119	49524.9918	49	1
9_MACS_peak_30460_lociStitched	chr7	137660500	137687949	9	24192	49421.9245	50	1
4_MACS_peak_23841_lociStitched	chr4	14166064	14186353	4	17527	48979.6749	51	1
6_MACS_peak_2104_lociStitched	chr1	150531919	150553224	6	18599	48860.887	52	1
13_MACS_peak_26395_lociStitched	chr5	139027232	139059031	13	25544	48124.6066	53	1
5_MACS_peak_14682_lociStitched	chr18	60817299	60831803	5	13085	48076.4088	54	1
8_MACS_peak_1232_lociStitched	chr1	65412546	65434334	8	19064	47916.1696	55	1
14_MACS_peak_20943_lociStitched	chr22	37614123	37642100	14	23547	46489.3809	56	1
2_MACS_peak_3665_lociStitched	chr10	3823387	3829089	2	5449	46348.1368	57	1
6_MACS_peak_15334_lociStitched	chr19	13943793	13962376	6	13581	46147.1639	58	1
10_MACS_peak_21416_lociStitched	chr3	5222936	5247281	10	18744	45208.665	59	1
7_MACS_peak_14790_lociStitched	chr19	905864	928497	7	13593	45107.569	60	1
11_MACS_peak_20440_lociStitched	chr21	45552680	45581444	11	19644	45061.6824	61	1
4_MACS_peak_7969_lociStitched	chr12	106694321	106710380	4	10944	44401.5291	62	1
3_MACS_peak_15901_lociStitched	chr19	42438367	42456022	3	12756	43803.8205	63	1
1_MACS_peak_25175_lociStitched	chr5	9981	11819	1	1839	43740.5402	64	1
12_MACS_peak_23235_lociStitched	chr3	171802007	171833530	12	25563	43514.3492	65	1
11_MACS_peak_4120_lociStitched	chr10	45913032	45937858	11	16429	43338.7482	66	1
3_MACS_peak_28306_lociStitched	chr6	108878237	108888946	3	9859	42960.2244	67	1
5_MACS_peak_18243_lociStitched	chr2	157185499	157200249	5	10452	42370.85	68	1
7_MACS_peak_15788_lociStitched	chr19	39887686	39904662	7	14923	42339.8416	69	1
3_MACS_peak_5088_lociStitched	chr11	307044	321366	3	12502	42136.7562	70	1
6_MACS_peak_1269_lociStitched	chr1	66795863	66818831	6	19226	41413.6008	71	1
3_MACS_peak_16574_lociStitched	chr2	20403318	20426422	3	22975	41203.6736	72	1
7_MACS_peak_8238_lociStitched	chr12	122227111	122245098	7	11275	41096.6976	73	1
2_MACS_peak_6354_lociStitched	chr11	115089091	115101080	2	8576	40411.3223	74	1
14_MACS_peak_29597_lociStitched	chr7	47606442	47629998	14	18102	40389.1176	75	1
12_MACS_peak_17529_lociStitched	chr2	87753775	87777003	12	16638	40251.8012	76	1
5_MACS_peak_14696_lociStitched	chr18	60871174	60886061	5	14088	39956.708	77	1
6_MACS_peak_15297_lociStitched	chr19	12885396	12905366	6	14259	39764.264	78	1
6_MACS_peak_21503_lociStitched	chr3	13034675	13060747	6	17800	39619.0112	79	1
11_MACS_peak_1400_lociStitched	chr1	82258349	82279627	11	16895	39389.8336	80	1
9_MACS_peak_28180_lociStitched	chr6	90054910	90074216	9	13308	39318.5996	81	1
4_MACS_peak_29306_lociStitched	chr7	25998581	26011629	4	10626	39316.2336	82	1
7_MACS_peak_2333_lociStitched	chr1	156455709	156479302	7	20515	39183.2544	83	1
19_MACS_peak_12402_lociStitched	chr16	81837249	81876938	19	23954	39125.4162	84	1
6_MACS_peak_21354_lociStitched	chr22	50963341	50988088	6	16094	38855.2647	85	1
3_MACS_peak_8831_lociStitched	chr13	50695542	50705494	3	9118	38446.5664	86	1
3_MACS_peak_24026_lociStitched	chr4	40191037	40210465	3	19256	37573.752	87	1
7_MACS_peak_5028_lociStitched	chr10	126402342	126423684	7	13640	37480.8204	88	1
8_MACS_peak_31958_lociStitched	chr8	126285265	126308598	8	17368	37444.7984	89	1
7_MACS_peak_13954_lociStitched	chr17	75131481	75151679	7	15834	37390.5376	90	1
11_MACS_peak_20646_lociStitched	chr22	23219969	23249041	11	21338	37322.6336	91	1
4_MACS_peak_29639_lociStitched	chr7	50343607	50361274	4	15556	37153.701	92	1
16_MACS_peak_25448_lociStitched	chr5	56108684	56137621	16	19275	36972.8049	93	1
4_MACS_peak_8008_lociStitched	chr12	109020460	109036369	4	13889	36929.5617	94	1
3_MACS_peak_7663_lociStitched	chr12	92528317	92541180	3	10560	36831.9142	95	1
5_MACS_peak_21510_lociStitched	chr3	13365446	13382912	5	14942	36358.9722	96	1
1_MACS_peak_5086_lociStitched	chr11	267521	271699	1	4179	36255.8484	97	1
4_MACS_peak_19951_lociStitched	chr20	56038837	56058258	4	13805	36156.0757	98	1
1_MACS_peak_16893_lociStitched	chr2	43444736	43456576	1	11841	35901.248	99	1
1_MACS_peak_30146_lociStitched	chr7	104651252	104656483	1	5232	35623.6331	100	1
7_MACS_peak_26746_lociStitched	chr5	176270522	176291943	7	19139	35582.4231	101	1
2_MACS_peak_19789_lociStitched	chr20	45976307	45990265	2	13194	35563.5882	102	1
6_MACS_peak_21381_lociStitched	chr3	3137175	3153646	6	11491	34905.3432	103	1
13_MACS_peak_10945_lociStitched	chr15	75065550	75093037	13	20125	34273.5403	104	1
1_MACS_peak_27789_lociStitched	chr6	42748679	42752626	1	3948	33926.0438	105	1
3_MACS_peak_25894_lociStitched	chr5	95288784	95298790	3	9122	33916.3376	106	1
4_MACS_peak_24778_lociStitched	chr4	141671692	141683476	4	8685	33648.0336	107	1
3_MACS_peak_18146_lociStitched	chr2	137132476	137143456	3	10806	33588.918	108	1
2_MACS_peak_7799_lociStitched	chr12	96791804	96803047	2	10717	33410.8231	109	1
3_MACS_peak_7958_lociStitched	chr12	106637373	106645845	3	7771	32960.316	110	1
5_MACS_peak_26284_lociStitched	chr5	131820848	131837058	5	12942	32862.533	111	1
5_MACS_peak_26884_lociStitched	chr6	388992	404766	5	13599	32819.3844	112	1
12_MACS_peak_6540_lociStitched	chr11	128585837	128611678	12	19728	32802.5654	113	1
15_MACS_peak_5013_lociStitched	chr10	126373755	126398010	15	16348	32761.2285	114	1
8_MACS_peak_470_lociStitched	chr1	25870005	25891963	8	18793	32429.7702	115	1
1_MACS_peak_25835_lociStitched	chr5	90673854	90680786	1	6933	32249.0504	116	1
1_MACS_peak_30395_lociStitched	chr7	130789110	130797019	1	7910	32180.9301	117	1
7_MACS_peak_20961_lociStitched	chr22	37762383	37775476	7	9260	32102.7267	118	1
5_MACS_peak_30423_lociStitched	chr7	134842073	134858279	5	11937	32039.262	119	1
3_MACS_peak_23303_lociStitched	chr3	176911589	176920306	3	8689	31928.6276	120	1
5_MACS_peak_2981_lociStitched	chr1	203264843	203278502	5	10118	31844.5926	121	1
2_MACS_peak_32142_lociStitched	chr8	141597944	141609629	2	9992	31690.8885	122	1
6_MACS_peak_733_lociStitched	chr1	36614281	36633489	6	11807	31685.5168	123	1
5_MACS_peak_33475_lociStitched	chr9	130660832	130680206	5	11830	31647.429	124	1
12_MACS_peak_3806_lociStitched	chr10	11557127	11582145	12	19352	31570.2142	125	1
1_MACS_peak_18273_lociStitched	chr2	158323346	158328501	1	5156	31511.9995	126	1
1_MACS_peak_20225_lociStitched	chr21	35318857	35323032	1	4176	31248.205	127	1
7_MACS_peak_13906_lociStitched	chr17	74257751	74269648	7	9306	31216.5383	128	1
5_MACS_peak_10715_lociStitched	chr15	63788705	63798740	5	6955	31173.7275	129	1
8_MACS_peak_13535_lociStitched	chr17	55429889	55447970	8	13468	31168.0278	130	1
4_MACS_peak_16888_lociStitched	chr2	43394883	43407226	4	9714	31048.8165	131	1
10_MACS_peak_13156_lociStitched	chr17	38247775	38270176	10	14088	31027.6251	132	1
6_MACS_peak_30989_lociStitched	chr8	27232403	27257138	6	16614	31000.3755	133	1
3_MACS_peak_15442_lociStitched	chr19	16471681	16484567	3	11056	30999.8502	134	1
11_MACS_peak_4976_lociStitched	chr10	125813323	125840437	11	17701	30958.7652	135	1
9_MACS_peak_13973_lociStitched	chr17	75429734	75451500	9	15568	30931.6626	136	1
5_MACS_peak_4849_lociStitched	chr10	112255771	112273247	5	13052	30881.8396	137	1
1_MACS_peak_4246_lociStitched	chr10	63658603	63665577	1	6975	30854.3708	138	1
1_MACS_peak_30370_lociStitched	chr7	129586856	129593019	1	6164	30844.5824	139	1
2_MACS_peak_14680_lociStitched	chr18	60798456	60811259	2	10981	30656.7835	140	1
4_MACS_peak_27932_lociStitched	chr6	52355390	52370232	4	10683	30636.8564	141	1
4_MACS_peak_4842_lociStitched	chr10	112167294	112185118	4	15029	30600.2432	142	1
9_MACS_peak_26697_lociStitched	chr5	173205631	173223197	9	14243	30561.3268	143	1
2_MACS_peak_33634_lociStitched	chr9	134542848	134555905	2	9717	30494.6235	144	1
6_MACS_peak_4864_lociStitched	chr10	112618010	112634234	6	10874	30488.1408	145	1
7_MACS_peak_29575_lociStitched	chr7	47511909	47529043	7	13686	30438.551	146	1
5_MACS_peak_14907_lociStitched	chr19	2255556	2271790	5	10517	30265.0462	147	1
1_MACS_peak_9605_lociStitched	chr14	69258849	69263607	1	4759	30155.7282	148	1
5_MACS_peak_16454_lociStitched	chr2	9679223	9697075	5	11574	30139.5316	149	1
5_MACS_peak_3063_lociStitched	chr1	205275666	205291366	5	12501	29976.01	150	1
6_MACS_peak_24241_lociStitched	chr4	77116666	77138462	6	15433	29930.2672	151	1
1_MACS_peak_2986_lociStitched	chr1	203288638	203298316	1	9679	29878.8894	152	1
3_MACS_peak_5748_lociStitched	chr11	65236475	65246436	3	6747	29859.0936	153	1
4_MACS_peak_15678_lociStitched	chr19	35695004	35707882	4	8944	29804.8432	154	1
4_MACS_peak_20741_lociStitched	chr22	24819778	24833761	4	11652	29754.4257	155	1
2_MACS_peak_25074_lociStitched	chr4	185200746	185210664	2	9335	29653.8282	156	1
1_MACS_peak_17325_lociStitched	chr2	70310859	70317464	1	6606	29626.7275	157	1
2_MACS_peak_11317_lociStitched	chr15	93424613	93429290	2	4660	29601.6684	158	1
10_MACS_peak_33487_lociStitched	chr9	130725183	130749540	10	15257	29518.2483	159	1
7_MACS_peak_22193_lociStitched	chr3	53194229	53215529	7	16589	29498.37	160	1
5_MACS_peak_16498_lociStitched	chr2	11883220	11898173	5	13058	29451.4288	161	1
6_MACS_peak_9783_lociStitched	chr14	77490020	77508755	6	10981	29200.371	162	1
1_MACS_peak_24658_lociStitched	chr4	121987341	121996250	1	8910	29153.8116	163	1
10_MACS_peak_30520_lociStitched	chr7	139421262	139439389	10	12731	29150.0287	164	1
4_MACS_peak_14459_lociStitched	chr18	42300613	42317339	4	12756	29130.0016	165	1
8_MACS_peak_3442_lociStitched	chr1	230255287	230270685	8	12104	28954.3992	166	1
4_MACS_peak_3058_lociStitched	chr1	205242740	205258569	4	11105	28859.4328	167	1
4_MACS_peak_9512_lociStitched	chr14	61937720	61952310	4	8483	28857.561	168	1
1_MACS_peak_29667_lociStitched	chr7	55599063	55605185	1	6123	28754.4218	169	1
9_MACS_peak_16329_lociStitched	chr19	57779767	57795520	9	12036	28747.6497	170	1
6_MACS_peak_14938_lociStitched	chr19	2616387	2632218	6	11463	28747.5129	171	1
5_MACS_peak_2869_lociStitched	chr1	192595594	192609619	5	13374	28647.465	172	1
4_MACS_peak_26742_lociStitched	chr5	176236770	176252076	4	13927	28637.526	173	1
3_MACS_peak_28273_lociStitched	chr6	106609699	106618105	3	8217	28617.3864	174	1
1_MACS_peak_28169_lociStitched	chr6	89789127	89793193	1	4067	28591.2988	175	1
2_MACS_peak_25108_lociStitched	chr4	185390767	185397838	2	7042	28590.1743	176	1
6_MACS_peak_23989_lociStitched	chr4	38664287	38678073	6	12567	28477.7402	177	1
11_MACS_peak_21700_lociStitched	chr3	31792893	31815076	11	14225	28460.789	178	1
5_MACS_peak_13714_lociStitched	chr17	62192546	62210181	5	11050	28371.188	179	1
4_MACS_peak_20776_lociStitched	chr22	29192852	29199328	4	5932	28336.3856	180	1
2_MACS_peak_4830_lociStitched	chr10	111967162	111974265	2	6031	28310.4271	181	1
6_MACS_peak_147_lociStitched	chr1	8478942	8491374	6	11142	28295.232	182	1
7_MACS_peak_28493_lociStitched	chr6	119656258	119674820	7	9263	28282.9194	183	1
10_MACS_peak_31084_lociStitched	chr8	33407925	33425434	10	11871	28185.9882	184	1
8_MACS_peak_3345_lociStitched	chr1	226308815	226322830	8	9920	28184.165	185	1
2_MACS_peak_15539_lociStitched	chr19	18390086	18395935	2	4268	28152.4068	186	1
9_MACS_peak_4404_lociStitched	chr10	74076513	74096837	9	12979	28140.6104	187	1
1_MACS_peak_382_lociStitched	chr1	22105193	22110645	1	5453	27878.802	188	1
8_MACS_peak_13919_lociStitched	chr17	74475392	74498648	8	14501	27842.0832	189	1
3_MACS_peak_5943_lociStitched	chr11	69054389	69067185	3	10886	27821.0632	190	1
4_MACS_peak_25859_lociStitched	chr5	95193219	95207296	4	11674	27792.2211	191	1
13_MACS_peak_9816_lociStitched	chr14	81930649	81957363	13	15629	27699.7466	192	1
12_MACS_peak_17211_lociStitched	chr2	64863063	64886028	12	13928	27688.9005	193	1
6_MACS_peak_3786_lociStitched	chr10	11204712	11222907	6	15072	27561.786	194	1
2_MACS_peak_32114_lociStitched	chr8	134575179	134588964	2	12553	27557.5935	195	1
4_MACS_peak_2400_lociStitched	chr1	159036102	159048223	4	9812	27536.4878	196	1
11_MACS_peak_21916_lociStitched	chr3	45592662	45613808	11	14055	27445.3934	197	1
7_MACS_peak_5228_lociStitched	chr11	7531714	7550380	7	14374	27442.7532	198	1
4_MACS_peak_32577_lociStitched	chr9	33152690	33168669	4	10663	27293.7299	199	1
6_MACS_peak_25786_lociStitched	chr5	88170592	88186289	6	14433	27234.295	200	1
2_MACS_peak_7562_lociStitched	chr12	76419458	76427334	2	5325	27215.518	201	1
3_MACS_peak_31841_lociStitched	chr8	119571147	119580717	3	8894	27204.639	202	1
2_MACS_peak_21062_lociStitched	chr22	39540036	39548719	2	8490	27175.1851	203	1
1_MACS_peak_17586_lociStitched	chr2	89050648	89056775	1	6128	27134.6449	204	1
7_MACS_peak_22731_lociStitched	chr3	121709992	121725104	7	13015	27132.0848	205	1
8_MACS_peak_18405_lociStitched	chr2	172170186	172192096	8	13242	27087.333	206	1
2_MACS_peak_19091_lociStitched	chr2	232570365	232576121	2	5688	27056.078	207	1
1_MACS_peak_27511_lociStitched	chr6	32935836	32941065	1	5230	27029.7468	208	1
5_MACS_peak_24385_lociStitched	chr4	90210732	90229701	5	15117	26915.1141	209	1
4_MACS_peak_30141_lociStitched	chr7	104576754	104587280	4	7415	26856.0364	210	1
4_MACS_peak_29582_lociStitched	chr7	47533399	47545180	4	11562	26821.8027	211	1
5_MACS_peak_26113_lociStitched	chr5	119428646	119445129	5	12024	26732.1294	212	1
2_MACS_peak_26668_lociStitched	chr5	172191617	172200201	2	5508	26709.116	213	1
1_MACS_peak_1158_lociStitched	chr1	59247277	59251677	1	4401	26656.52	214	1
3_MACS_peak_15236_lociStitched	chr19	11196109	11207836	3	8948	26627.3262	215	1
1_MACS_peak_19861_lociStitched	chr20	48806373	48810836	1	4464	26601.7115	216	1
5_MACS_peak_12973_lociStitched	chr17	29635231	29649387	5	12777	26531.1752	217	1
8_MACS_peak_25100_lociStitched	chr4	185365818	185383642	8	15489	26511.4176	218	1
1_MACS_peak_29305_lociStitched	chr7	25985070	25992349	1	7280	26424.9537	219	1
1_MACS_peak_3142_lociStitched	chr1	207993994	208000991	1	6998	26345.8041	220	1
8_MACS_peak_18783_lociStitched	chr2	202082894	202102018	8	15084	26310.7992	221	1
4_MACS_peak_31990_lociStitched	chr8	126648007	126661918	4	11063	26219.4528	222	1
1_MACS_peak_1874_lociStitched	chr1	118294951	118304517	1	9567	26154.4006	223	1
6_MACS_peak_20730_lociStitched	chr22	24551509	24565566	6	11780	26133.3687	224	1
2_MACS_peak_23316_lociStitched	chr3	177073924	177080192	2	6256	26105.5932	225	1
2_MACS_peak_30201_lociStitched	chr7	113723113	113728622	2	5487	26088.4204	226	1
1_MACS_peak_4839_lociStitched	chr10	112112825	112119533	1	6709	26041.7976	227	1
2_MACS_peak_33431_lociStitched	chr9	127630377	127638370	2	7156	25862.9501	228	1
6_MACS_peak_18109_lociStitched	chr2	136730688	136744340	6	9478	25800.9148	229	1
9_MACS_peak_25632_lociStitched	chr5	71586192	71604441	9	14838	25716.4908	230	1
4_MACS_peak_28376_lociStitched	chr6	109213054	109228255	4	13956	25668.4086	231	1
5_MACS_peak_27130_lociStitched	chr6	13295420	13308727	5	12571	25596.0145	232	1
5_MACS_peak_5142_lociStitched	chr11	1865850	1878732	5	9196	25590.093	233	1
11_MACS_peak_18791_lociStitched	chr2	202116786	202133060	11	10260	25516.0046	234	1
5_MACS_peak_26319_lociStitched	chr5	133975409	133986427	5	9777	25487.9394	235	1
2_MACS_peak_3979_lociStitched	chr10	23727212	23731473	2	4145	25439.0222	236	1
4_MACS_peak_26012_lociStitched	chr5	109024170	109040972	4	10767	25416.3854	237	1
6_MACS_peak_32231_lociStitched	chr8	145012716	145027974	6	10766	25390.8378	238	1
2_MACS_peak_18551_lociStitched	chr2	182168624	182179668	2	10357	25369.1724	239	1
4_MACS_peak_24924_lociStitched	chr4	153452187	153461154	4	8730	25339.8453	240	1
3_MACS_peak_26711_lociStitched	chr5	173309617	173323352	3	13043	25310.858	241	1
2_MACS_peak_19717_lociStitched	chr20	42308185	42313431	2	4987	25190.2428	242	1
4_MACS_peak_1263_lociStitched	chr1	66736956	66750405	4	11376	25185.9423	243	1
6_MACS_peak_26099_lociStitched	chr5	118668013	118684953	6	12322	25184.698	244	1
3_MACS_peak_20146_lociStitched	chr21	30667553	30674645	3	4601	25137.594	245	1
4_MACS_peak_20010_lociStitched	chr20	61272999	61291241	4	13484	25097.3436	246	1
7_MACS_peak_13555_lociStitched	chr17	55675029	55690385	7	11243	25027.2088	247	1
3_MACS_peak_10613_lociStitched	chr15	52965183	52976651	3	8689	25015.1484	248	1
1_MACS_peak_16077_lociStitched	chr19	47612623	47617779	1	5157	25009.178	249	1
9_MACS_peak_9619_lociStitched	chr14	70102015	70125152	9	13522	25001.8422	250	1
1_MACS_peak_3420_lociStitched	chr1	228673982	228679059	1	5078	24997.1172	251	1
5_MACS_peak_34157_lociStitched	chrX	48789963	48804087	5	11076	24961.3452	252	1
1_MACS_peak_16700_lociStitched	chr2	30368433	30373669	1	5237	24942.2096	253	1
1_MACS_peak_27191_lociStitched	chr6	16759262	16764574	1	5313	24835.1936	254	1
3_MACS_peak_5701_lociStitched	chr11	64625853	64634331	3	5918	24683.697	255	1
2_MACS_peak_8809_lociStitched	chr13	49549138	49555945	2	6748	24634.533	256	1
6_MACS_peak_21463_lociStitched	chr3	10227487	10242073	6	11334	24591.996	257	1
2_MACS_peak_14631_lociStitched	chr18	56528619	56532750	2	4034	24555.0771	258	1
2_MACS_peak_23859_lociStitched	chr4	15002679	15010596	2	6658	24518.1573	259	1
2_MACS_peak_3753_lociStitched	chr10	6816840	6824754	2	7815	24471.6708	260	1
2_MACS_peak_17632_lociStitched	chr2	96923630	96932704	2	7767	24393.6342	261	1
2_MACS_peak_13311_lociStitched	chr17	43298405	43309198	2	9866	24354.4045	262	1
10_MACS_peak_33247_lociStitched	chr9	112904601	112924950	10	16230	24341.4738	263	1
2_MACS_peak_18876_lociStitched	chr2	208028383	208032298	2	3793	24237.3735	264	1
1_MACS_peak_16195_lociStitched	chr19	50378427	50381916	1	3490	24210.5199	265	1
4_MACS_peak_20249_lociStitched	chr21	36254901	36263517	4	8283	24204.0672	266	1
6_MACS_peak_11841_lociStitched	chr16	22195184	22212022	6	9252	24192.8384	267	1
5_MACS_peak_27494_lociStitched	chr6	32152661	32165007	5	8723	24142.603	268	1
3_MACS_peak_26392_lociStitched	chr5	139013189	139023264	3	7552	24139.7	269	1
15_MACS_peak_28331_lociStitched	chr6	108970840	108999436	15	13366	24057.8148	270	1
6_MACS_peak_18016_lociStitched	chr2	127413231	127428304	6	11645	24045.9569	271	1
11_MACS_peak_27466_lociStitched	chr6	31779670	31804880	11	11161	24045.298	272	1
9_MACS_peak_15822_lociStitched	chr19	40909500	40932536	9	10120	23996.6012	273	1
7_MACS_peak_11646_lociStitched	chr16	11821659	11837622	7	14083	23902.9962	274	1
3_MACS_peak_929_lociStitched	chr1	44296514	44305832	3	9013	23897.8746	275	1
4_MACS_peak_24774_lociStitched	chr4	141653717	141667375	4	6952	23715.7512	276	1
1_MACS_peak_9866_lociStitched	chr14	89768016	89772938	1	4923	23659.5618	277	1
5_MACS_peak_3450_lociStitched	chr1	230275736	230287612	5	9634	23626.1144	278	1
7_MACS_peak_34150_lociStitched	chrX	48768913	48785974	7	11155	23484.4665	279	1
4_MACS_peak_22671_lociStitched	chr3	114856317	114867604	4	6962	23482.6035	280	1
2_MACS_peak_30837_lociStitched	chr8	12610406	12616935	2	6442	23433.2339	281	1
1_MACS_peak_31066_lociStitched	chr8	29939134	29941573	1	2440	23412.2049	282	1
1_MACS_peak_7425_lociStitched	chr12	58817245	58821307	1	4063	23404.0254	283	1
4_MACS_peak_18344_lociStitched	chr2	165608941	165619933	4	10504	23400.8688	284	1
3_MACS_peak_32151_lociStitched	chr8	142123642	142132358	3	7439	23371.0824	285	1
3_MACS_peak_9830_lociStitched	chr14	81990464	82000324	3	8004	23325.802	286	1
1_MACS_peak_30422_lociStitched	chr7	134831235	134835696	1	4462	23229.7653	287	1
1_MACS_peak_1388_lociStitched	chr1	81769272	81780783	1	11512	23209.6293	288	1
1_MACS_peak_30177_lociStitched	chr7	106807389	106810732	1	3344	23201.0886	289	1
1_MACS_peak_8829_lociStitched	chr13	50649519	50657419	1	7901	23199.14	290	1
6_MACS_peak_31858_lociStitched	chr8	120944403	120959379	6	7757	23179.8528	291	1
6_MACS_peak_19636_lociStitched	chr20	35933574	35946146	6	10927	23151.338	292	1
9_MACS_peak_31619_lociStitched	chr8	98654777	98670608	9	8754	23064.1839	293	1
2_MACS_peak_33469_lociStitched	chr9	130538315	130549161	2	8464	23048.8346	294	1
2_MACS_peak_27427_lociStitched	chr6	31164699	31172968	2	5360	23045.703	295	1
9_MACS_peak_21670_lociStitched	chr3	30670042	30692183	9	13677	23024.4259	296	1
5_MACS_peak_18628_lociStitched	chr2	191320155	191335551	5	10588	23010.8616	297	1
5_MACS_peak_23225_lociStitched	chr3	171753130	171764917	5	5421	22975.2204	298	1
4_MACS_peak_16806_lociStitched	chr2	39345886	39357567	4	8183	22966.0141	299	1
6_MACS_peak_21158_lociStitched	chr22	42141490	42154533	6	11902	22962.2015	300	1
3_MACS_peak_15349_lociStitched	chr19	14111369	14118473	3	4316	22903.296	301	1
2_MACS_peak_15435_lociStitched	chr19	16434482	16442501	2	8013	22899.8583	302	1
6_MACS_peak_10877_lociStitched	chr15	70385642	70395925	6	7511	22884.8165	303	1
4_MACS_peak_19156_lociStitched	chr2	240174857	240190440	4	8206	22863.3776	304	1
14_MACS_peak_21928_lociStitched	chr3	45634403	45656026	14	13010	22799.2912	305	1
2_MACS_peak_6399_lociStitched	chr11	118659016	118664256	2	5134	22703.872	306	1
7_MACS_peak_24805_lociStitched	chr4	144267378	144285048	7	13122	22622.901	307	1
4_MACS_peak_6296_lociStitched	chr11	111284398	111294615	4	8048	22598.9823	308	1
2_MACS_peak_18520_lociStitched	chr2	178127268	178131654	2	4089	22592.286	309	1
3_MACS_peak_27397_lociStitched	chr6	30577952	30586671	3	5959	22591.8009	310	1
3_MACS_peak_21555_lociStitched	chr3	15835235	15842282	3	5188	22553.2188	311	1
2_MACS_peak_6475_lociStitched	chr11	122932181	122942312	2	6754	22525.2654	312	1
3_MACS_peak_16189_lociStitched	chr19	50312052	50322764	3	6047	22435.2128	313	1
11_MACS_peak_19802_lociStitched	chr20	46115233	46135301	11	10403	22434.0172	314	1
3_MACS_peak_26821_lociStitched	chr5	179243869	179249938	3	4549	22422.5274	315	1
8_MACS_peak_21077_lociStitched	chr22	39897202	39917505	8	12103	22396.2393	316	1
4_MACS_peak_10532_lociStitched	chr15	45011444	45023167	4	8302	22366.3117	317	1
1_MACS_peak_30032_lociStitched	chr7	100025455	100028872	1	3418	22349.2302	318	1
6_MACS_peak_3845_lociStitched	chr10	11710888	11730764	6	10486	22221.368	319	1
1_MACS_peak_8537_lociStitched	chr13	31189365	31195279	1	5915	22219.4894	320	1
2_MACS_peak_4583_lociStitched	chr10	92956908	92965150	2	7300	22198.1786	321	1
8_MACS_peak_11613_lociStitched	chr16	11665304	11681837	8	10776	22164.1398	322	1
4_MACS_peak_31721_lociStitched	chr8	103815948	103828638	4	9905	22142.781	323	1
3_MACS_peak_10979_lociStitched	chr15	75331413	75342008	3	9184	22131.8955	324	1
1_MACS_peak_14452_lociStitched	chr18	42258528	42264261	1	5734	22131.6732	325	1
8_MACS_peak_652_lociStitched	chr1	31214192	31231588	8	14659	22115.5348	326	1
2_MACS_peak_6939_lociStitched	chr12	31736422	31745093	2	8378	22104.9803	327	1
2_MACS_peak_25072_lociStitched	chr4	185184571	185191964	2	7058	22088.8054	328	1
2_MACS_peak_12164_lociStitched	chr16	66549488	66559749	2	9040	22061.15	329	1
2_MACS_peak_25220_lociStitched	chr5	6479048	6488495	2	9237	22038.9063	330	1
3_MACS_peak_17780_lociStitched	chr2	109221932	109231245	3	7819	21980.5426	331	1
13_MACS_peak_25872_lociStitched	chr5	95243859	95268122	13	13254	21943.4572	332	1
8_MACS_peak_5855_lociStitched	chr11	67030400	67048047	8	9627	21929.9269	333	1
3_MACS_peak_7629_lociStitched	chr12	89738215	89749023	3	9399	21885.1192	334	1
3_MACS_peak_24261_lociStitched	chr4	78736712	78743531	3	6015	21873.3063	335	1
3_MACS_peak_13881_lociStitched	chr17	73774499	73782777	3	6435	21864.6814	336	1
2_MACS_peak_13589_lociStitched	chr17	56407774	56417551	2	8851	21856.4835	337	1
4_MACS_peak_9563_lociStitched	chr14	64967143	64975274	4	7682	21799.211	338	1
4_MACS_peak_21613_lociStitched	chr3	23846909	23854670	4	6492	21768.0528	339	1
6_MACS_peak_31046_lociStitched	chr8	29081913	29096814	6	9752	21736.0887	340	1
7_MACS_peak_10307_lociStitched	chr15	31515297	31531556	7	10778	21705.765	341	1
5_MACS_peak_29537_lociStitched	chr7	45013646	45027076	5	11037	21641.102	342	1
3_MACS_peak_30664_lociStitched	chr7	150593047	150601951	3	6000	21640.2816	343	1
3_MACS_peak_29859_lociStitched	chr7	81413231	81425558	3	9245	21637.5831	344	1
4_MACS_peak_31660_lociStitched	chr8	101504708	101514615	4	6207	21609.1484	345	1
8_MACS_peak_9919_lociStitched	chr14	91781445	91800785	8	12489	21591.176	346	1
2_MACS_peak_16083_lociStitched	chr19	47728774	47735270	2	5884	21583.6096	347	1
12_MACS_peak_2839_lociStitched	chr1	189110253	189130679	12	16699	21575.9838	348	1
2_MACS_peak_6838_lociStitched	chr12	25535005	25540462	2	4394	21552.9672	349	1
9_MACS_peak_34544_lociStitched	chrX	128902957	128921983	9	10480	21546.945	350	1
7_MACS_peak_30214_lociStitched	chr7	114561632	114576643	7	10782	21543.7872	351	1
2_MACS_peak_2893_lociStitched	chr1	197741595	197751658	2	7123	21522.7444	352	1
2_MACS_peak_19029_lociStitched	chr2	227655474	227666616	2	9800	21494.0322	353	1
4_MACS_peak_7885_lociStitched	chr12	104849896	104858374	4	7151	21442.5576	354	1
1_MACS_peak_19238_lociStitched	chr20	2081888	2085004	1	3117	21435.8988	355	1
10_MACS_peak_11807_lociStitched	chr16	21512265	21532215	10	12593	21404.355	356	1
5_MACS_peak_14830_lociStitched	chr19	1239663	1254614	5	9666	21403.8516	357	1
6_MACS_peak_32974_lociStitched	chr9	91924686	91935125	6	6679	21362.3696	358	1
8_MACS_peak_18453_lociStitched	chr2	173410585	173424251	8	10406	21361.3246	359	1
5_MACS_peak_527_lociStitched	chr1	27018505	27028435	5	9039	21305.808	360	1
5_MACS_peak_3018_lociStitched	chr1	204481827	204494287	5	8373	21285.418	361	1
1_MACS_peak_31457_lociStitched	chr8	81396992	81400504	1	3513	21239.1712	362	1
7_MACS_peak_26132_lociStitched	chr5	122847124	122860484	7	9998	21235.72	363	1
1_MACS_peak_14648_lociStitched	chr18	56657480	56662636	1	5157	21228.7988	364	1
4_MACS_peak_28269_lociStitched	chr6	106585622	106596661	4	8701	21213.6463	365	1
1_MACS_peak_25696_lociStitched	chr5	78530474	78534793	1	4320	21204.9943	366	1
3_MACS_peak_17640_lociStitched	chr2	97192526	97204934	3	6284	21197.8272	367	1
7_MACS_peak_24928_lociStitched	chr4	153470995	153484523	7	11615	21184.848	368	1
8_MACS_peak_15105_lociStitched	chr19	7399942	7415447	8	9361	21150.3705	369	1
1_MACS_peak_13086_lociStitched	chr17	36856536	36862994	1	6459	21113.1394	370	1
6_MACS_peak_31575_lociStitched	chr8	95983204	95993374	6	6653	21110.886	371	1
3_MACS_peak_4131_lociStitched	chr10	45948346	45961294	3	12505	21089.7024	372	1
4_MACS_peak_22134_lociStitched	chr3	50637072	50649974	4	11003	21044.4522	373	1
5_MACS_peak_12916_lociStitched	chr17	27214962	27230060	5	8666	21011.8866	374	1
4_MACS_peak_823_lociStitched	chr1	40236292	40247724	4	8530	20985.7224	375	1
2_MACS_peak_26310_lociStitched	chr5	133702229	133708406	2	3769	20950.5309	376	1
2_MACS_peak_757_lociStitched	chr1	36850242	36857380	2	6800	20944.3196	377	1
5_MACS_peak_16112_lociStitched	chr19	48824112	48837698	5	7672	20915.647	378	1
2_MACS_peak_31128_lociStitched	chr8	38237629	38244571	2	6573	20886.3954	379	1
11_MACS_peak_13171_lociStitched	chr17	38463627	38487239	11	13757	20875.3692	380	1
4_MACS_peak_17031_lociStitched	chr2	54795120	54809532	4	12613	20861.37	381	1
5_MACS_peak_1489_lociStitched	chr1	87793169	87803095	5	7841	20817.7998	382	1
4_MACS_peak_32721_lociStitched	chr9	37528061	37534893	4	5948	20812.3216	383	1
3_MACS_peak_15858_lociStitched	chr19	41768430	41772958	3	4142	20807.5184	384	1
6_MACS_peak_14070_lociStitched	chr17	78226431	78238395	6	8306	20728.8264	385	1
1_MACS_peak_31679_lociStitched	chr8	101962641	101966520	1	3880	20718.1269	386	1
4_MACS_peak_30602_lociStitched	chr7	144044989	144053860	4	8209	20690.7204	387	1
3_MACS_peak_24166_lociStitched	chr4	69210203	69216569	3	3615	20670.402	388	1
4_MACS_peak_33573_lociStitched	chr9	132646198	132657044	4	9034	20587.8772	389	1
2_MACS_peak_10767_lociStitched	chr15	65183155	65190848	2	7610	20581.8522	390	1
8_MACS_peak_25777_lociStitched	chr5	88114616	88132833	8	13521	20568.8147	391	1
1_MACS_peak_28442_lociStitched	chr6	114175610	114180897	1	5288	20506.1582	392	1
17_MACS_peak_27660_lociStitched	chr6	36702157	36727718	17	15739	20505.0342	393	1
4_MACS_peak_30418_lociStitched	chr7	134670688	134682311	4	9043	20471.5899	394	1
1_MACS_peak_7862_lociStitched	chr12	102870781	102879237	1	8457	20463.52	395	1
4_MACS_peak_27252_lociStitched	chr6	25403490	25416036	4	12090	20462.526	396	1
1_MACS_peak_20511_lociStitched	chr22	17736847	17740423	1	3577	20421.8208	397	1
1_MACS_peak_16628_lociStitched	chr2	25639857	25646176	1	6320	20338.3334	398	1
1_MACS_peak_24025_lociStitched	chr4	40056204	40060389	1	4186	20328.6375	399	1
5_MACS_peak_33411_lociStitched	chr9	126097627	126106932	5	6847	20324.9115	400	1
1_MACS_peak_21134_lociStitched	chr22	41486652	41489423	1	2772	20318.0804	401	1
9_MACS_peak_15392_lociStitched	chr19	15391879	15413154	9	14170	20313.37	402	1
1_MACS_peak_32384_lociStitched	chr9	3524625	3529007	1	4383	20309.6936	403	1
1_MACS_peak_32777_lociStitched	chr9	66454643	66459527	1	4885	20303.2764	404	1
1_MACS_peak_10315_lociStitched	chr15	31554032	31560883	1	6852	20301.5683	405	1
1_MACS_peak_3585_lociStitched	chr1	245132740	245135804	1	3065	20301.4512	406	1
3_MACS_peak_3439_lociStitched	chr1	230239052	230249540	3	9648	20281.6944	407	1
5_MACS_peak_18985_lociStitched	chr2	220109488	220120208	5	9743	20271.52	408	1
3_MACS_peak_1385_lociStitched	chr1	81696958	81706861	3	9297	20220.9357	409	1
3_MACS_peak_11602_lociStitched	chr16	11401946	11411111	3	5659	20216.157	410	1
4_MACS_peak_14821_lociStitched	chr19	1129911	1137286	4	5462	20187.5875	411	1
2_MACS_peak_2298_lociStitched	chr1	155944811	155954242	2	9325	20155.9332	412	1
2_MACS_peak_11199_lociStitched	chr15	89177425	89185481	2	7647	20140.8056	413	1
2_MACS_peak_27121_lociStitched	chr6	12007837	12013788	2	5885	20139.9693	414	1
2_MACS_peak_10318_lociStitched	chr15	31615642	31621498	2	5856	20121.216	415	1
3_MACS_peak_8531_lociStitched	chr13	31033651	31040369	3	4185	20119.0664	416	1
4_MACS_peak_25285_lociStitched	chr5	32272792	32283917	4	8316	20065.05	417	1
4_MACS_peak_1966_lociStitched	chr1	144923401	144936232	4	11069	20058.7023	418	1
2_MACS_peak_21260_lociStitched	chr22	46446725	46455290	2	8236	20036.1045	419	1
5_MACS_peak_17485_lociStitched	chr2	86260490	86268772	5	7568	20021.735	420	1
2_MACS_peak_34061_lociStitched	chrX	40026224	40036946	2	10481	20009.3964	421	1
3_MACS_peak_19905_lociStitched	chr20	52205752	52213212	3	7073	20006.228	422	1
4_MACS_peak_10338_lociStitched	chr15	31726351	31737701	4	8238	19991.89	423	1
6_MACS_peak_30084_lociStitched	chr7	101936269	101952362	6	11531	19927.9619	424	1
2_MACS_peak_24177_lociStitched	chr4	69434818	69442819	2	7670	19915.2891	425	1
1_MACS_peak_20788_lociStitched	chr22	29662563	29665592	1	3030	19889.6256	426	1
1_MACS_peak_21028_lociStitched	chr22	38900506	38903650	1	3145	19838.3256	427	1
4_MACS_peak_31953_lociStitched	chr8	126236461	126250103	4	9755	19834.1038	428	1
2_MACS_peak_24945_lociStitched	chr4	153581027	153589301	2	8117	19826.1588	429	1
2_MACS_peak_29673_lociStitched	chr7	55635114	55641745	2	6156	19818.7328	430	1
4_MACS_peak_22774_lociStitched	chr3	124859988	124874228	4	10449	19792.176	431	1
3_MACS_peak_2228_lociStitched	chr1	154908487	154918540	3	7891	19758.1662	432	1
7_MACS_peak_25850_lociStitched	chr5	95143694	95160607	7	9781	19723.9406	433	1
4_MACS_peak_5262_lociStitched	chr11	10323920	10339776	4	10302	19669.368	434	1
6_MACS_peak_26829_lociStitched	chr5	180226463	180239038	6	10347	19649.695	435	1
1_MACS_peak_29481_lociStitched	chr7	39987727	39992644	1	4918	19648.8237	436	1
5_MACS_peak_18684_lociStitched	chr2	197023578	197037014	5	5965	19617.9036	437	1
8_MACS_peak_18554_lociStitched	chr2	182321024	182338905	8	10859	19606.5165	438	1
3_MACS_peak_18131_lociStitched	chr2	136989871	136999186	3	5848	19582.9245	439	1
2_MACS_peak_4251_lociStitched	chr10	63745818	63753836	2	6926	19560.7128	440	1
4_MACS_peak_20378_lociStitched	chr21	44580298	44589180	4	8559	19518.195	441	1
3_MACS_peak_30986_lociStitched	chr8	27217145	27228622	3	10977	19508.6046	442	1
1_MACS_peak_22705_lociStitched	chr3	119812173	119815620	1	3448	19489.6827	443	1
6_MACS_peak_8356_lociStitched	chr12	125023436	125039770	6	10684	19458.6942	444	1
5_MACS_peak_9705_lociStitched	chr14	74225085	74242370	5	12501	19452.539	445	1
1_MACS_peak_3409_lociStitched	chr1	228269131	228272209	1	3079	19432.6452	446	1
3_MACS_peak_31878_lociStitched	chr8	124044376	124055298	3	8362	19428.0536	447	1
4_MACS_peak_13982_lociStitched	chr17	75455178	75469942	4	9662	19405.8016	448	1
8_MACS_peak_25908_lociStitched	chr5	95661718	95680455	8	11289	19400.2898	449	1
9_MACS_peak_7356_lociStitched	chr12	57105502	57120175	9	11434	19388.9022	450	1
1_MACS_peak_10906_lociStitched	chr15	72765233	72768394	1	3162	19381.3554	451	1
1_MACS_peak_17541_lociStitched	chr2	87781724	87790556	1	8833	19368.576	452	1
4_MACS_peak_3748_lociStitched	chr10	6791545	6801071	4	6395	19365.4054	453	1
1_MACS_peak_11355_lociStitched	chr15	100104476	100108963	1	4488	19357.3667	454	1
4_MACS_peak_2661_lociStitched	chr1	175151736	175162880	4	8208	19356.0136	455	1
6_MACS_peak_14513_lociStitched	chr18	46443658	46462401	6	13520	19335.2788	456	1
8_MACS_peak_14028_lociStitched	chr17	76710678	76726789	8	13683	19333.2	457	1
3_MACS_peak_13133_lociStitched	chr17	38016014	38024792	3	7369	19308.9666	458	1
1_MACS_peak_25931_lociStitched	chr5	96266919	96273117	1	6199	19277.0196	459	1
4_MACS_peak_31762_lociStitched	chr8	106329547	106338654	4	8027	19254.0194	460	1
2_MACS_peak_6846_lociStitched	chr12	26306222	26316724	2	8331	19241.7644	461	1
4_MACS_peak_9550_lociStitched	chr14	64329896	64337788	4	6782	19235.9608	462	1
4_MACS_peak_17091_lociStitched	chr2	58103902	58115848	4	10825	19223.5032	463	1
1_MACS_peak_17841_lociStitched	chr2	111874791	111881058	1	6268	19195.1943	464	1
5_MACS_peak_21406_lociStitched	chr3	5014410	5029423	5	7775	19191.1179	465	1
1_MACS_peak_33146_lociStitched	chr9	100744244	100748196	1	3953	19185.7744	466	1
3_MACS_peak_25935_lociStitched	chr5	98263079	98269956	3	4304	19149.0065	467	1
1_MACS_peak_27816_lociStitched	chr6	43593449	43598600	1	5152	19116.3912	468	1
4_MACS_peak_30656_lociStitched	chr7	150100681	150113597	4	8971	19109.222	469	1
7_MACS_peak_3387_lociStitched	chr1	226910468	226927317	7	10630	19069.6982	470	1
7_MACS_peak_11663_lociStitched	chr16	12052436	12071319	7	10718	19060.5002	471	1
3_MACS_peak_32056_lociStitched	chr8	129277999	129287275	3	8455	19047.3384	472	1
1_MACS_peak_4034_lociStitched	chr10	32634751	32636858	1	2108	19038.4306	473	1
6_MACS_peak_16930_lociStitched	chr2	46768492	46779935	6	8669	19027.4204	474	1
2_MACS_peak_25341_lociStitched	chr5	39071950	39077849	2	5782	18982.982	475	1
9_MACS_peak_3830_lociStitched	chr10	11644735	11657625	9	8230	18976.658	476	1
7_MACS_peak_30593_lociStitched	chr7	143889472	143899592	7	7813	18976.012	477	1
4_MACS_peak_15004_lociStitched	chr19	4058084	4068424	4	8528	18968.73	478	1
4_MACS_peak_31998_lociStitched	chr8	128219044	128228638	4	8166	18945.2718	479	1
1_MACS_peak_27340_lociStitched	chr6	27803763	27807760	1	3998	18922.9971	480	1
4_MACS_peak_15694_lociStitched	chr19	36230377	36239993	4	6676	18856.0144	481	1
2_MACS_peak_5553_lociStitched	chr11	58340320	58347785	2	6911	18853.604	482	1
1_MACS_peak_2110_lociStitched	chr1	150581340	150587134	1	5795	18832.8176	483	1
9_MACS_peak_11071_lociStitched	chr15	81584122	81599976	9	11512	18818.698	484	1
2_MACS_peak_28280_lociStitched	chr6	106665197	106673971	2	7829	18793.908	485	1
1_MACS_peak_312_lociStitched	chr1	16969110	16972285	1	3176	18777.2675	486	1
7_MACS_peak_21090_lociStitched	chr22	40439417	40452712	7	6834	18765.8925	487	1
3_MACS_peak_5871_lociStitched	chr11	67167841	67178272	3	7893	18724.6881	488	1
8_MACS_peak_25090_lociStitched	chr4	185326383	185343647	8	10866	18658.9312	489	1
1_MACS_peak_30189_lociStitched	chr7	108208864	108212415	1	3552	18653.7581	490	1
7_MACS_peak_3042_lociStitched	chr1	204672045	204685958	7	10127	18625.3331	491	1
2_MACS_peak_32006_lociStitched	chr8	128746603	128754766	2	5677	18623.8845	492	1
3_MACS_peak_28429_lociStitched	chr6	113948966	113958035	3	7636	18544.2912	493	1
1_MACS_peak_5645_lociStitched	chr11	62606205	62610770	1	4566	18519.7485	494	1
3_MACS_peak_28421_lociStitched	chr6	111798242	111806263	3	5017	18506.0512	495	1
2_MACS_peak_32817_lociStitched	chr9	69784787	69788223	2	3378	18502.86	496	1
1_MACS_peak_26353_lociStitched	chr5	137909732	137912095	1	2364	18472.2799	497	1
5_MACS_peak_14747_lociStitched	chr18	77152919	77166384	5	8187	18465.901	498	1
5_MACS_peak_9088_lociStitched	chr13	114779515	114794416	5	9937	18463.8291	499	1
1_MACS_peak_7060_lociStitched	chr12	46120272	46127243	1	6972	18454.3283	500	1
5_MACS_peak_14886_lociStitched	chr19	2047646	2062628	5	8761	18450.333	501	1
5_MACS_peak_20824_lociStitched	chr22	31476597	31489827	5	7894	18436.005	502	1
2_MACS_peak_1092_lociStitched	chr1	53096973	53104701	2	6922	18434.3712	503	1
6_MACS_peak_20708_lociStitched	chr22	24176729	24190885	6	8598	18426.8652	504	1
1_MACS_peak_319_lociStitched	chr1	17229337	17233570	1	4234	18421.5927	505	1
3_MACS_peak_4931_lociStitched	chr10	121060613	121069527	3	6805	18404.7358	506	1
5_MACS_peak_11319_lociStitched	chr15	93443077	93452036	5	8617	18391.0352	507	1
1_MACS_peak_25991_lociStitched	chr5	107715976	107719510	1	3535	18383.868	508	1
4_MACS_peak_31853_lociStitched	chr8	120927290	120933712	4	5469	18334.1678	509	1
2_MACS_peak_22413_lociStitched	chr3	98449325	98454483	2	4946	18316.058	510	1
2_MACS_peak_15656_lociStitched	chr19	33862993	33866257	2	3064	18289.1712	511	1
7_MACS_peak_20115_lociStitched	chr21	19153088	19169188	7	10127	18244.52	512	1
3_MACS_peak_24534_lociStitched	chr4	106064095	106070129	3	5203	18244.4024	513	1
3_MACS_peak_15682_lociStitched	chr19	35730832	35740937	3	5264	18212.2415	514	1
1_MACS_peak_23519_lociStitched	chr3	186780438	186785943	1	5506	18190.1715	515	1
6_MACS_peak_5731_lociStitched	chr11	65148001	65158691	6	6681	18138.792	516	1
1_MACS_peak_5955_lociStitched	chr11	70823444	70828508	1	5065	18130.6392	517	1
1_MACS_peak_24337_lociStitched	chr4	87855201	87862663	1	7463	18091.619	518	1
3_MACS_peak_27567_lociStitched	chr6	34618562	34630324	3	6284	18072.313	519	1
3_MACS_peak_8505_lociStitched	chr13	28020164	28030281	3	5864	18068.962	520	1
3_MACS_peak_30103_lociStitched	chr7	102064511	102075031	3	7224	18063.892	521	1
4_MACS_peak_21311_lociStitched	chr22	50352607	50364797	4	9199	18031.448	522	1
4_MACS_peak_16869_lociStitched	chr2	42324342	42333923	4	6349	18014.1962	523	1
3_MACS_peak_16388_lociStitched	chr19	59065321	59071429	3	5532	18002.7192	524	1
1_MACS_peak_18868_lociStitched	chr2	206948968	206951928	1	2961	17968.384	525	1
7_MACS_peak_21741_lociStitched	chr3	31986238	32002865	7	11401	17952.1719	526	1
5_MACS_peak_19169_lociStitched	chr2	241499205	241509295	5	7853	17948.092	527	1
6_MACS_peak_23961_lociStitched	chr4	38062019	38080899	6	10279	17937.888	528	1
7_MACS_peak_21013_lociStitched	chr22	38699274	38714403	7	8443	17936.9424	529	1
1_MACS_peak_19579_lociStitched	chr20	34328987	34331996	1	3010	17902.6473	530	1
1_MACS_peak_21307_lociStitched	chr22	50326485	50331243	1	4759	17892.9348	531	1
10_MACS_peak_31788_lociStitched	chr8	107667867	107682873	10	8251	17870.6454	532	1
4_MACS_peak_14710_lociStitched	chr18	60980183	60988779	4	5515	17862.488	533	1
16_MACS_peak_6660_lociStitched	chr12	7052169	7074343	16	12784	17858.9396	534	1
2_MACS_peak_18747_lociStitched	chr2	201727078	201730046	2	2951	17850.4424	535	1
2_MACS_peak_2724_lociStitched	chr1	179846275	179853130	2	3365	17845.6215	536	1
1_MACS_peak_27225_lociStitched	chr6	24719043	24722497	1	3455	17839.5646	537	1
4_MACS_peak_28249_lociStitched	chr6	105927922	105938450	4	8274	17811.2704	538	1
2_MACS_peak_11307_lociStitched	chr15	93346364	93354664	2	5712	17788.56	539	1
8_MACS_peak_27918_lociStitched	chr6	50244700	50261337	8	11877	17751.679	540	1
6_MACS_peak_20675_lociStitched	chr22	23478185	23488661	6	8392	17749.4868	541	1
1_MACS_peak_25326_lociStitched	chr5	36240723	36243334	1	2612	17699.4468	542	1
1_MACS_peak_129_lociStitched	chr1	6660166	6664768	1	4603	17632.563	543	1
1_MACS_peak_5417_lociStitched	chr11	33278085	33282201	1	4117	17599.6044	544	1
11_MACS_peak_3985_lociStitched	chr10	24737810	24756635	11	12164	17573.1375	545	1
2_MACS_peak_27265_lociStitched	chr6	26020338	26028157	2	4980	17572.4206	546	1
1_MACS_peak_29008_lociStitched	chr7	2393312	2395698	1	2387	17567.1636	547	1
2_MACS_peak_31915_lociStitched	chr8	125380468	125386432	2	4776	17565.1728	548	1
1_MACS_peak_2703_lociStitched	chr1	178544330	178552168	1	7839	17546.1468	549	1
4_MACS_peak_27531_lociStitched	chr6	33377196	33387003	4	6215	17545.7037	550	1
10_MACS_peak_20912_lociStitched	chr22	36765467	36784834	10	10643	17536.8185	551	1
6_MACS_peak_20267_lociStitched	chr21	36593839	36608037	6	9170	17527.431	552	1
3_MACS_peak_1244_lociStitched	chr1	65531064	65538967	3	5048	17524.1122	553	1
1_MACS_peak_30546_lociStitched	chr7	139613735	139620053	1	6319	17516.0232	554	1
3_MACS_peak_19665_lociStitched	chr20	36719279	36729417	3	6852	17512.3812	555	1
3_MACS_peak_2363_lociStitched	chr1	157489412	157497848	3	8193	17476.8612	556	1
4_MACS_peak_805_lociStitched	chr1	39972108	39981231	4	7649	17469.6327	557	1
2_MACS_peak_31202_lociStitched	chr8	52809290	52815079	2	5484	17432.9946	558	1
4_MACS_peak_1756_lociStitched	chr1	111173000	111182235	4	8824	17430.139	559	1
3_MACS_peak_19545_lociStitched	chr20	33291198	33298358	3	4068	17413.836	560	1
1_MACS_peak_2080_lociStitched	chr1	149856374	149860841	1	4468	17407.899	561	1
4_MACS_peak_33578_lociStitched	chr9	132749271	132761828	4	8362	17405.2577	562	1
2_MACS_peak_9450_lociStitched	chr14	55564317	55571674	2	4848	17387.5338	563	1
11_MACS_peak_493_lociStitched	chr1	26436978	26453797	11	9815	17363.9356	564	1
2_MACS_peak_6525_lociStitched	chr11	128417952	128424259	2	6254	17349.2956	565	1
1_MACS_peak_1634_lociStitched	chr1	100502779	100505977	1	3199	17347.8708	566	1
7_MACS_peak_1575_lociStitched	chr1	93415393	93428604	7	9348	17334.1531	567	1
2_MACS_peak_19218_lociStitched	chr20	359709	363615	2	3786	17293.4244	568	1
1_MACS_peak_18964_lociStitched	chr2	219260141	219266173	1	6033	17279.2672	569	1
6_MACS_peak_19597_lociStitched	chr20	35088934	35101913	6	9694	17276.3469	570	1
1_MACS_peak_6564_lociStitched	chr11	129871344	129874411	1	3068	17231.3261	571	1
2_MACS_peak_8648_lociStitched	chr13	41236677	41242097	2	5401	17221.508	572	1
3_MACS_peak_25114_lociStitched	chr4	185451665	185460370	3	6625	17217.6195	573	1
2_MACS_peak_17272_lociStitched	chr2	65657854	65664982	2	5405	17196.3	574	1
3_MACS_peak_19086_lociStitched	chr2	232526377	232538368	3	6890	17178.3066	575	1
3_MACS_peak_32428_lociStitched	chr9	5624662	5631511	3	6377	17167.7034	576	1
1_MACS_peak_23695_lociStitched	chr4	698798	701424	1	2627	17153.8198	577	1
6_MACS_peak_14642_lociStitched	chr18	56627722	56643631	6	8124	17065.5843	578	1
1_MACS_peak_26469_lociStitched	chr5	142781829	142785683	1	3855	17038.9194	579	1
1_MACS_peak_8601_lociStitched	chr13	35515488	35524045	1	8558	17026.7186	580	1
4_MACS_peak_7016_lociStitched	chr12	40617077	40625109	4	6770	16990.8928	581	1
10_MACS_peak_16936_lociStitched	chr2	46783834	46802910	10	10871	16975.7324	582	1
1_MACS_peak_7401_lociStitched	chr12	57913120	57917542	1	4423	16961.0232	583	1
7_MACS_peak_31445_lociStitched	chr8	81068608	81084480	7	8735	16960.8192	584	1
1_MACS_peak_11311_lociStitched	chr15	93373592	93377602	1	4011	16949.468	585	1
3_MACS_peak_2378_lociStitched	chr1	157742047	157751803	3	7299	16941.294	586	1
4_MACS_peak_2951_lociStitched	chr1	202124156	202131407	4	5713	16875.9774	587	1
1_MACS_peak_15322_lociStitched	chr19	13260589	13267431	1	6843	16875.793	588	1
1_MACS_peak_26644_lociStitched	chr5	162929809	162936522	1	6714	16875.1394	589	1
3_MACS_peak_4816_lociStitched	chr10	106094215	106100156	3	4941	16859.9639	590	1
4_MACS_peak_3144_lociStitched	chr1	208040611	208049545	4	6276	16808.4276	591	1
8_MACS_peak_22300_lociStitched	chr3	69128604	69144182	8	9439	16797.7574	592	1
5_MACS_peak_7065_lociStitched	chr12	46776396	46787027	5	7472	16792.7276	593	1
5_MACS_peak_7809_lociStitched	chr12	96888701	96900991	5	7125	16769.705	594	1
11_MACS_peak_22417_lociStitched	chr3	98477660	98498084	11	10426	16757.892	595	1
3_MACS_peak_27512_lociStitched	chr6	33166817	33176854	3	5781	16737.7012	596	1
3_MACS_peak_26176_lociStitched	chr5	126111667	126119306	3	5057	16705.7291	597	1
6_MACS_peak_28432_lociStitched	chr6	113963221	113973822	6	7828	16702.9356	598	1
2_MACS_peak_7421_lociStitched	chr12	58288400	58294500	2	5843	16696.31	599	1
3_MACS_peak_18668_lociStitched	chr2	192539635	192545428	3	5406	16674.5712	600	1
3_MACS_peak_17190_lociStitched	chr2	64438336	64443634	3	5155	16673.8656	601	1
4_MACS_peak_93_lociStitched	chr1	2471841	2481770	4	7942	16643.9827	602	1
6_MACS_peak_24939_lociStitched	chr4	153554140	153566654	6	10133	16642.3686	603	1
4_MACS_peak_7999_lociStitched	chr12	108953450	108964384	4	10049	16606.5592	604	1
5_MACS_peak_9927_lociStitched	chr14	91808699	91824952	5	10878	16604.0648	605	1
5_MACS_peak_9005_lociStitched	chr13	99128425	99143021	5	7648	16600.0308	606	1
4_MACS_peak_17183_lociStitched	chr2	64366999	64372205	4	4706	16592.0426	607	1
1_MACS_peak_25277_lociStitched	chr5	32172494	32175528	1	3035	16576.8658	608	1
1_MACS_peak_7438_lociStitched	chr12	64797541	64799895	1	2355	16567.2166	609	1
2_MACS_peak_29495_lociStitched	chr7	43685215	43692266	2	6477	16530.3644	610	1
1_MACS_peak_13724_lociStitched	chr17	62500939	62504246	1	3308	16527.7246	611	1
1_MACS_peak_15104_lociStitched	chr19	7292610	7295464	1	2855	16525.5162	612	1
3_MACS_peak_31649_lociStitched	chr8	101318195	101327475	3	6644	16507.264	613	1
5_MACS_peak_24206_lociStitched	chr4	74454081	74465742	5	5645	16487.4879	614	1
1_MACS_peak_7638_lociStitched	chr12	90101105	90104475	1	3371	16481.659	615	1
2_MACS_peak_4289_lociStitched	chr10	65022678	65029461	2	4846	16481.3334	616	1
1_MACS_peak_31368_lociStitched	chr8	71313230	71317096	1	3867	16477.2786	617	1
3_MACS_peak_8346_lociStitched	chr12	124935558	124943328	3	7185	16445.982	618	1
1_MACS_peak_32893_lociStitched	chr9	74976589	74981253	1	4665	16436.4024	619	1
5_MACS_peak_17900_lociStitched	chr2	112456258	112465475	5	7529	16433.911	620	1
3_MACS_peak_3602_lociStitched	chr1	246315311	246324070	3	6440	16419.6214	621	1
5_MACS_peak_2348_lociStitched	chr1	156709897	156722534	5	9783	16416.7267	622	1
2_MACS_peak_16289_lociStitched	chr19	55763762	55771699	2	7782	16392.2861	623	1
5_MACS_peak_8942_lociStitched	chr13	78484396	78495177	5	9379	16373.1047	624	1
2_MACS_peak_11066_lociStitched	chr15	81290744	81294887	2	3865	16346.2065	625	1
1_MACS_peak_16962_lociStitched	chr2	48130774	48135160	1	4387	16332.5868	626	1
4_MACS_peak_10365_lociStitched	chr15	34619388	34630580	4	7841	16328.0088	627	1
1_MACS_peak_20260_lociStitched	chr21	36398034	36403974	1	5941	16315.398	628	1
11_MACS_peak_20635_lociStitched	chr22	23197161	23214541	11	11783	16288.536	629	1
5_MACS_peak_3224_lociStitched	chr1	216693383	216705702	5	7700	16270.9352	630	1
1_MACS_peak_19031_lociStitched	chr2	227699534	227705114	1	5581	16232.22	631	1
1_MACS_peak_1304_lociStitched	chr1	68149869	68153279	1	3411	16219.665	632	1
3_MACS_peak_20681_lociStitched	chr22	23494118	23502090	3	6038	16203.8872	633	1
3_MACS_peak_2690_lociStitched	chr1	178308404	178320028	3	9770	16198.044	634	1
2_MACS_peak_8872_lociStitched	chr13	53022716	53030871	2	5907	16177.889	635	1
4_MACS_peak_3098_lociStitched	chr1	206729716	206740839	4	9288	16171.7297	636	1
3_MACS_peak_2939_lociStitched	chr1	201704314	201710230	3	5820	16164.8784	637	1
1_MACS_peak_23159_lociStitched	chr3	156876619	156879490	1	2872	16133.2974	638	1
3_MACS_peak_1818_lociStitched	chr1	115294676	115301321	3	5058	16112.796	639	1
2_MACS_peak_8300_lociStitched	chr12	123458583	123466738	2	5765	16093.8925	640	1
2_MACS_peak_5723_lociStitched	chr11	64897243	64903582	2	6224	16081.4091	641	1
2_MACS_peak_9013_lociStitched	chr13	99222946	99230503	2	4257	16060.1364	642	1
1_MACS_peak_24729_lociStitched	chr4	140096794	140100311	1	3518	16057.5669	643	1
7_MACS_peak_7197_lociStitched	chr12	51312071	51325678	7	9355	16015.439	644	1
1_MACS_peak_18098_lociStitched	chr2	136498984	136501571	1	2588	15993.8688	645	1
6_MACS_peak_8778_lociStitched	chr13	49074599	49084945	6	6269	15962.8434	646	1
1_MACS_peak_10830_lociStitched	chr15	68235556	68240892	1	5337	15951.4384	647	1
6_MACS_peak_7553_lociStitched	chr12	76327635	76339772	6	6336	15935.881	648	1
3_MACS_peak_30398_lociStitched	chr7	130909870	130920612	3	5180	15932.5344	649	1
6_MACS_peak_19730_lociStitched	chr20	43270615	43282025	6	8695	15921.514	650	1
2_MACS_peak_1995_lociStitched	chr1	145434452	145442543	2	7377	15918.2334	651	1
1_MACS_peak_22795_lociStitched	chr3	126074221	126077645	1	3425	15908.9312	652	1
1_MACS_peak_2419_lociStitched	chr1	160230806	160233492	1	2687	15891.719	653	1
3_MACS_peak_2549_lociStitched	chr1	167416397	167426073	3	5137	15886.0568	654	1
1_MACS_peak_9814_lociStitched	chr14	81685174	81688487	1	3314	15856.3493	655	1
8_MACS_peak_5287_lociStitched	chr11	14344295	14361948	8	11315	15834.741	656	1
1_MACS_peak_7500_lociStitched	chr12	69200273	69203233	1	2961	15813.208	657	1
1_MACS_peak_3206_lociStitched	chr1	212779966	212783644	1	3679	15806.205	658	1
2_MACS_peak_20382_lociStitched	chr21	44592686	44600704	2	7296	15782.6312	659	1
1_MACS_peak_1055_lociStitched	chr1	52033409	52037399	1	3991	15768.879	660	1
4_MACS_peak_31986_lociStitched	chr8	126613204	126622644	4	8513	15755.36	661	1
3_MACS_peak_19633_lociStitched	chr20	35917420	35928827	3	5984	15754.2077	662	1
2_MACS_peak_7736_lociStitched	chr12	94598109	94603997	2	5722	15753.9328	663	1
5_MACS_peak_368_lociStitched	chr1	21615490	21624005	5	8066	15746.7895	664	1
1_MACS_peak_16272_lociStitched	chr19	54692268	54696896	1	4629	15731.9604	665	1
3_MACS_peak_26007_lociStitched	chr5	108743235	108749386	3	4501	15700.4275	666	1
4_MACS_peak_17293_lociStitched	chr2	68991652	69003641	4	7777	15679.2142	667	1
2_MACS_peak_23333_lociStitched	chr3	178275735	178280631	2	4737	15637.824	668	1
7_MACS_peak_15953_lociStitched	chr19	44267640	44276534	7	8050	15610.7488	669	1
1_MACS_peak_32902_lociStitched	chr9	77700818	77704464	1	3647	15601.9632	670	1
2_MACS_peak_7090_lociStitched	chr12	47749139	47756722	2	5503	15580.7901	671	1
3_MACS_peak_14787_lociStitched	chr19	888101	894241	3	3522	15579.022	672	1
1_MACS_peak_13477_lociStitched	chr17	48942131	48945831	1	3701	15540.74	673	1
2_MACS_peak_583_lociStitched	chr1	27815354	27819420	2	3609	15526.021	674	1
2_MACS_peak_12925_lociStitched	chr17	27271743	27279899	2	4922	15523.3148	675	1
1_MACS_peak_17511_lociStitched	chr2	87301556	87304861	1	3306	15514.0005	676	1
12_MACS_peak_17867_lociStitched	chr2	112230471	112244494	12	9639	15513.6449	677	1
1_MACS_peak_8586_lociStitched	chr13	34115591	34119453	1	3863	15509.792	678	1
2_MACS_peak_29385_lociStitched	chr7	30323089	30326197	2	3010	15509.5416	679	1
4_MACS_peak_7480_lociStitched	chr12	68751334	68760686	4	6756	15507.4864	680	1
3_MACS_peak_2763_lociStitched	chr1	182991008	182999695	3	8273	15507.1637	681	1
5_MACS_peak_5582_lociStitched	chr11	60671834	60684663	5	8704	15501.2807	682	1
8_MACS_peak_30486_lociStitched	chr7	138779443	138795385	8	7708	15492.4356	683	1
5_MACS_peak_11238_lociStitched	chr15	90633389	90646403	5	9851	15480.153	684	1
2_MACS_peak_2235_lociStitched	chr1	154940949	154949366	2	6588	15474.6545	685	1
3_MACS_peak_13320_lociStitched	chr17	43384705	43395651	3	8713	15469.9818	686	1
1_MACS_peak_16613_lociStitched	chr2	25193759	25196026	1	2268	15467.9677	687	1
3_MACS_peak_5880_lociStitched	chr11	67226180	67237235	3	6113	15407.3535	688	1
2_MACS_peak_15194_lociStitched	chr19	10608930	10614596	2	3804	15399.0548	689	1
2_MACS_peak_17501_lociStitched	chr2	86946051	86949380	2	3280	15397.9566	690	1
5_MACS_peak_17298_lociStitched	chr2	69055887	69065402	5	6595	15389.561	691	1
3_MACS_peak_6826_lociStitched	chr12	25204036	25211735	3	6458	15383.3719	692	1
5_MACS_peak_8292_lociStitched	chr12	123410493	123423127	5	8595	15355.3636	693	1
8_MACS_peak_28533_lociStitched	chr6	126127070	126141945	8	9783	15353.975	694	1
8_MACS_peak_33234_lociStitched	chr9	112861050	112875969	8	9139	15350.1591	695	1
3_MACS_peak_9361_lociStitched	chr14	50328029	50335899	3	4641	15344.139	696	1
3_MACS_peak_21187_lociStitched	chr22	42466116	42476623	3	5274	15337.0679	697	1
2_MACS_peak_18476_lociStitched	chr2	174827192	174831536	2	4334	15331.7136	698	1
2_MACS_peak_8760_lociStitched	chr13	48877018	48881275	2	4235	15319.6659	699	1
3_MACS_peak_10135_lociStitched	chr14	105260531	105268273	3	6680	15310.5792	700	1
5_MACS_peak_26180_lociStitched	chr5	126144600	126151486	5	5624	15306.8894	701	1
4_MACS_peak_14752_lociStitched	chr18	77219446	77228990	4	6780	15299.9864	702	1
1_MACS_peak_9761_lociStitched	chr14	75724561	75727441	1	2881	15299.136	703	1
2_MACS_peak_11990_lociStitched	chr16	30102474	30108331	2	3873	15297.3126	704	1
5_MACS_peak_5764_lociStitched	chr11	65336059	65348515	5	9118	15297.2136	705	1
3_MACS_peak_21639_lociStitched	chr3	25821542	25832861	3	8034	15277.2543	706	1
1_MACS_peak_13349_lociStitched	chr17	44268205	44272590	1	4386	15271.201	707	1
4_MACS_peak_8846_lociStitched	chr13	51483463	51492054	4	5014	15267.0661	708	1
6_MACS_peak_31966_lociStitched	chr8	126340242	126355947	6	9338	15263.6895	709	1
2_MACS_peak_17029_lociStitched	chr2	54784341	54790105	2	5123	15244.0508	710	1
1_MACS_peak_9493_lociStitched	chr14	60714404	60717306	1	2903	15242.4648	711	1
3_MACS_peak_24032_lociStitched	chr4	40302640	40312178	3	8696	15226.4632	712	1
2_MACS_peak_25001_lociStitched	chr4	160023252	160028653	2	5257	15225.419	713	1
3_MACS_peak_14238_lociStitched	chr18	9135565	9143917	3	4896	15214.8384	714	1
1_MACS_peak_22524_lociStitched	chr3	107937000	107943895	1	6896	15208.3015	715	1
3_MACS_peak_23055_lociStitched	chr3	150479143	150484989	3	5359	15206.0306	716	1
3_MACS_peak_5988_lociStitched	chr11	72537002	72543803	3	6458	15191.3937	717	1
5_MACS_peak_3376_lociStitched	chr1	226840031	226852459	5	10448	15187.016	718	1
2_MACS_peak_29327_lociStitched	chr7	26238213	26242484	2	4230	15171.4462	719	1
4_MACS_peak_21216_lociStitched	chr22	43659084	43669786	4	8181	15169.0148	720	1
4_MACS_peak_23065_lociStitched	chr3	151910863	151923614	4	8951	15145.6378	721	1
2_MACS_peak_3945_lociStitched	chr10	22289378	22295043	2	4744	15113.6535	722	1
2_MACS_peak_7656_lociStitched	chr12	92167600	92173721	2	4859	15100.507	723	1
5_MACS_peak_26090_lociStitched	chr5	118603542	118614508	5	8171	15089.216	724	1
1_MACS_peak_32684_lociStitched	chr9	37033455	37038429	1	4975	15065.2512	725	1
7_MACS_peak_546_lociStitched	chr1	27106183	27115894	7	8209	15053.9922	726	1
2_MACS_peak_16951_lociStitched	chr2	47205185	47214305	2	6133	15050.736	727	1
4_MACS_peak_6536_lociStitched	chr11	128562424	128571002	4	5470	15047.5276	728	1
1_MACS_peak_3601_lociStitched	chr1	246304589	246310294	1	5706	15034.3865	729	1
1_MACS_peak_16136_lociStitched	chr19	49375305	49380307	1	5003	14990.4938	730	1
5_MACS_peak_15973_lociStitched	chr19	45250363	45260254	5	6772	14984.865	731	1
1_MACS_peak_9202_lociStitched	chr14	23338880	23342715	1	3836	14981.4275	732	1
4_MACS_peak_31274_lociStitched	chr8	61820718	61829913	4	6489	14956.587	733	1
1_MACS_peak_15101_lociStitched	chr19	7241179	7244792	1	3614	14941.5615	734	1
2_MACS_peak_27275_lociStitched	chr6	26122494	26127134	2	4637	14929.664	735	1
1_MACS_peak_11556_lociStitched	chr16	4663170	4667466	1	4297	14929.0296	736	1
5_MACS_peak_13566_lociStitched	chr17	55729767	55744360	5	9998	14922.8018	737	1
4_MACS_peak_15878_lociStitched	chr19	42051755	42060232	4	6573	14918.6723	738	1
5_MACS_peak_18703_lociStitched	chr2	198069824	198082109	5	7520	14912.7615	739	1
11_MACS_peak_21748_lociStitched	chr3	32008643	32024415	11	9621	14909.2716	740	1
3_MACS_peak_32202_lociStitched	chr8	144594888	144604265	3	7141	14908.4923	741	1
3_MACS_peak_5909_lociStitched	chr11	68032092	68042191	3	7854	14906.124	742	1
1_MACS_peak_26349_lociStitched	chr5	137672597	137675522	1	2926	14888.5425	743	1
5_MACS_peak_19469_lociStitched	chr20	30278484	30288730	5	6367	14880.2658	744	1
1_MACS_peak_10635_lociStitched	chr15	56656834	56665864	1	9031	14879.634	745	1
1_MACS_peak_29116_lociStitched	chr7	7958440	7964536	1	6097	14879.1168	746	1
1_MACS_peak_26242_lociStitched	chr5	130969756	130972790	1	3035	14874.4884	747	1
1_MACS_peak_24497_lociStitched	chr4	103746754	103750613	1	3860	14863.3244	748	1
4_MACS_peak_15960_lociStitched	chr19	44280694	44289631	4	8743	14845.2507	749	1
3_MACS_peak_33180_lociStitched	chr9	108004126	108013735	3	7704	14844.9441	750	1
4_MACS_peak_1276_lociStitched	chr1	66836080	66848653	4	8667	14831.1108	751	1
2_MACS_peak_3310_lociStitched	chr1	224617843	224623806	2	4540	14825.2106	752	1
1_MACS_peak_10848_lociStitched	chr15	69109420	69114149	1	4730	14824.9421	753	1
1_MACS_peak_15925_lociStitched	chr19	42771803	42775871	1	4069	14809.554	754	1
5_MACS_peak_22852_lociStitched	chr3	129024192	129037687	5	7417	14806.714	755	1
5_MACS_peak_5253_lociStitched	chr11	9587731	9600196	5	7586	14794.7085	756	1
3_MACS_peak_3671_lociStitched	chr10	3908901	3918631	3	5666	14785.708	757	1
1_MACS_peak_19696_lociStitched	chr20	39656526	39659166	1	2641	14784.264	758	1
1_MACS_peak_4772_lociStitched	chr10	104401407	104406816	1	5410	14777.388	759	1
3_MACS_peak_4399_lociStitched	chr10	74031687	74037352	3	4899	14767.522	760	1
4_MACS_peak_6414_lociStitched	chr11	118964422	118979026	4	6668	14763.1836	761	1
1_MACS_peak_30554_lociStitched	chr7	139874415	139877766	1	3352	14741.049	762	1
1_MACS_peak_14562_lociStitched	chr18	48719707	48725201	1	5495	14728.3152	763	1
3_MACS_peak_18713_lociStitched	chr2	198169163	198176535	3	6824	14711.5632	764	1
1_MACS_peak_25051_lociStitched	chr4	177240322	177244948	1	4627	14683.8492	765	1
7_MACS_peak_1310_lociStitched	chr1	68206952	68226204	7	10040	14679.65	766	1
1_MACS_peak_25798_lociStitched	chr5	88596111	88600083	1	3973	14659.0632	767	1
1_MACS_peak_29536_lociStitched	chr7	44923834	44926693	1	2860	14640.0813	768	1
2_MACS_peak_13394_lociStitched	chr17	46131001	46135372	2	4035	14636.7306	769	1
4_MACS_peak_21031_lociStitched	chr22	39095906	39106168	4	5105	14614.1142	770	1
1_MACS_peak_30498_lociStitched	chr7	139024518	139027371	1	2854	14612.7807	771	1
4_MACS_peak_17330_lociStitched	chr2	70342803	70353223	4	4231	14596.336	772	1
2_MACS_peak_33156_lociStitched	chr9	101983232	101986269	2	3031	14592.1776	773	1
5_MACS_peak_21998_lociStitched	chr3	46577743	46589153	5	7553	14586.544	774	1
5_MACS_peak_30927_lociStitched	chr8	22297519	22306317	5	4925	14577.4062	775	1
1_MACS_peak_24742_lociStitched	chr4	140475196	140479141	1	3946	14547.9765	776	1
1_MACS_peak_3760_lociStitched	chr10	6967178	6972124	1	4947	14519.4776	777	1
5_MACS_peak_27244_lociStitched	chr6	25366154	25379200	5	8040	14518.8934	778	1
3_MACS_peak_23852_lociStitched	chr4	14312091	14318263	3	5819	14517.7784	779	1
1_MACS_peak_9372_lociStitched	chr14	50436638	50440701	1	4064	14505.7226	780	1
5_MACS_peak_14687_lociStitched	chr18	60842214	60855684	5	7859	14501.802	781	1
3_MACS_peak_1762_lociStitched	chr1	111210801	111218475	3	6149	14500.023	782	1
3_MACS_peak_14150_lociStitched	chr17	80403092	80409960	3	4954	14499.0348	783	1
3_MACS_peak_4992_lociStitched	chr10	125859024	125867880	3	5991	14488.416	784	1
6_MACS_peak_12132_lociStitched	chr16	56963895	56973217	6	7752	14469.6084	785	1
1_MACS_peak_9809_lociStitched	chr14	81421090	81427619	1	6530	14463.6937	786	1
1_MACS_peak_6922_lociStitched	chr12	31475771	31479971	1	4201	14461.44	787	1
1_MACS_peak_5648_lociStitched	chr11	62647481	62651761	1	4281	14459.98	788	1
3_MACS_peak_13791_lociStitched	chr17	66451256	66459073	3	7429	14438.7807	789	1
1_MACS_peak_21855_lociStitched	chr3	42053533	42056948	1	3416	14437.5955	790	1
1_MACS_peak_20314_lociStitched	chr21	38737723	38741135	1	3413	14405.464	791	1
2_MACS_peak_12010_lociStitched	chr16	30388351	30394269	2	3995	14401.453	792	1
2_MACS_peak_3715_lociStitched	chr10	6012620	6020798	2	5074	14395.7334	793	1
1_MACS_peak_10531_lociStitched	chr15	45002236	45005485	1	3250	14389.821	794	1
3_MACS_peak_7078_lociStitched	chr12	47608627	47618276	3	6307	14377.01	795	1
3_MACS_peak_23387_lociStitched	chr3	182506492	182513759	3	4645	14376.3061	796	1
1_MACS_peak_9111_lociStitched	chr13	114891243	114898669	1	7427	14372.2804	797	1
4_MACS_peak_11161_lociStitched	chr15	85944585	85958623	4	6833	14353.855	798	1
1_MACS_peak_16295_lociStitched	chr19	55849473	55852756	1	3284	14346.3817	799	1
1_MACS_peak_57_lociStitched	chr1	1709065	1715053	1	5989	14342.4576	800	1
2_MACS_peak_10028_lociStitched	chr14	100530709	100539994	2	6614	14321.184	801	1
3_MACS_peak_7517_lociStitched	chr12	72079210	72088895	3	8139	14320.241	802	1
3_MACS_peak_32515_lociStitched	chr9	20619769	20625355	3	5536	14314.125	803	1
1_MACS_peak_14859_lociStitched	chr19	1646810	1653688	1	6879	14302.801	804	1
3_MACS_peak_5613_lociStitched	chr11	62318838	62326107	3	6806	14295.9423	805	1
1_MACS_peak_28884_lociStitched	chr6	158243288	158246204	1	2917	14275.278	806	1
2_MACS_peak_29527_lociStitched	chr7	44672352	44680268	2	5738	14273.3396	807	1
4_MACS_peak_5072_lociStitched	chr10	135201256	135208811	4	6519	14267.6175	808	1
7_MACS_peak_2709_lociStitched	chr1	179049148	179061673	7	8136	14258.46	809	1
1_MACS_peak_25065_lociStitched	chr4	183837395	183841127	1	3733	14231.2356	810	1
4_MACS_peak_15795_lociStitched	chr19	39921520	39937277	4	6955	14223.8439	811	1
