#MM3_jia_peaks Enhancers
#Created from /data/projects/IRF4_mm_trn_data/myeloma_public_data/rose/MM3_jia_ROSE/MM3_jia_peaks_5KB_STITCHED_ENHANCER_REGION_MAP.txt
#Ranked by MM3_jia.bam
#Using cutoff of 9773.6174 for Super-Enhancers
#Created on Jul 16 2024 
REGION_ID	CHROM	START	STOP	NUM_LOCI	CONSTITUENT_SIZE	MM3_jia.bam	enhancerRank	isSuper
12_MACS_peak_7665_lociStitched	chr14	91811591	91885910	12	65101	96488.3577	1	1
9_MACS_peak_1415_lociStitched	chr1	118147239	118230968	9	76134	96397.1977	2	1
3_MACS_peak_7844_lociStitched	chr14	106145341	106179088	3	31124	77800.3338	3	1
17_MACS_peak_22409_lociStitched	chr6	157956632	158042078	17	67886	76183.6536	4	1
4_MACS_peak_7836_lociStitched	chr14	106024699	106058044	4	30031	76089.9555	5	1
10_MACS_peak_16088_lociStitched	chr22	23189461	23262002	10	52278	70734.7291	6	1
15_MACS_peak_9555_lociStitched	chr16	81807881	81877568	15	51472	64530.162	7	1
7_MACS_peak_20324_lociStitched	chr5	131788695	131837219	7	45047	64337.9716	8	1
2_MACS_peak_20928_lociStitched	chr6	7878368	7921860	2	43455	59231.7548	9	1
8_MACS_peak_6431_lociStitched	chr12	123344533	123388887	8	43076	56857.3926	10	1
12_MACS_peak_8535_lociStitched	chr15	81575792	81630283	12	47058	55820.5804	11	1
7_MACS_peak_11511_lociStitched	chr19	1239610	1276727	7	26361	53634.065	12	1
6_MACS_peak_13768_lociStitched	chr2	99060689	99111984	6	45425	51700.2305	13	1
6_MACS_peak_3687_lociStitched	chr10	125812106	125868344	6	51552	51440.8986	14	1
3_MACS_peak_17833_lociStitched	chr3	141095309	141135022	3	35250	50101.9208	15	1
15_MACS_peak_10680_lociStitched	chr17	62148395	62210221	15	53096	49627.7302	16	1
9_MACS_peak_2219_lociStitched	chr1	203241977	203280702	9	29719	49579.6175	17	1
7_MACS_peak_10905_lociStitched	chr17	75429194	75469902	7	36550	48430.3076	18	1
7_MACS_peak_20317_lociStitched	chr5	131742725	131783345	7	34827	46652.07	19	1
5_MACS_peak_17232_lociStitched	chr3	53194139	53231369	5	33321	46027.449	20	1
7_MACS_peak_25705_lociStitched	chr9	126074143	126111631	7	28944	43141.1904	21	1
5_MACS_peak_4270_lociStitched	chr11	64877888	64903865	5	19793	43119.2223	22	1
3_MACS_peak_9917_lociStitched	chr17	16867642	16895522	3	24731	42929.624	23	1
1_MACS_peak_4286_lociStitched	chr11	65183487	65199952	1	16466	42632.8245	24	1
6_MACS_peak_4303_lociStitched	chr11	65335371	65362026	6	23018	41341.905	25	1
4_MACS_peak_16098_lociStitched	chr22	23267920	23298289	4	25783	41320.0614	26	1
4_MACS_peak_12916_lociStitched	chr2	20391066	20426314	4	28972	40499.952	27	1
6_MACS_peak_15324_lociStitched	chr20	35972857	36014031	6	38658	40288.759	28	1
5_MACS_peak_20418_lociStitched	chr5	139027631	139070276	5	32659	39570.2955	29	1
8_MACS_peak_13099_lociStitched	chr2	37542088	37594139	8	35096	39491.0937	30	1
10_MACS_peak_25087_lociStitched	chr9	33124430	33172987	10	40885	38044.4095	31	1
4_MACS_peak_2862_lociStitched	chr10	22595345	22630043	4	26797	37994.31	32	1
4_MACS_peak_7918_lociStitched	chr15	31628924	31661063	4	31430	37805.1057	33	1
4_MACS_peak_26780_lociStitched	chrX	153230119	153252932	4	17297	37723.5768	34	1
13_MACS_peak_11998_lociStitched	chr19	16221794	16272291	13	33405	36585.0765	35	1
14_MACS_peak_1189_lociStitched	chr1	93394668	93447121	14	34483	36045.7016	36	1
4_MACS_peak_12138_lociStitched	chr19	19256514	19286252	4	25414	35536.91	37	1
9_MACS_peak_23980_lociStitched	chr8	27216824	27265839	9	36583	34918.286	38	1
3_MACS_peak_12318_lociStitched	chr19	39880311	39904248	3	17237	34433.3745	39	1
11_MACS_peak_23022_lociStitched	chr7	55569355	55607613	11	33273	34053.4458	40	1
12_MACS_peak_23338_lociStitched	chr7	101921026	101963808	12	32534	33810.6146	41	1
4_MACS_peak_24634_lociStitched	chr8	124033675	124058154	4	22877	33629.2502	42	1
4_MACS_peak_1754_lociStitched	chr1	156450242	156476167	4	23382	33438.065	43	1
3_MACS_peak_18354_lociStitched	chr4	35599	61928	3	23864	32613.7323	44	1
5_MACS_peak_5131_lociStitched	chr12	7045145	7080984	5	23322	32599.1544	45	1
1_MACS_peak_10563_lociStitched	chr17	55426778	55448415	1	21638	32500.9377	46	1
8_MACS_peak_23363_lociStitched	chr7	102063862	102093241	8	23878	32234.6388	47	1
4_MACS_peak_16203_lociStitched	chr22	29178212	29200397	4	21036	32077.2915	48	1
4_MACS_peak_526_lociStitched	chr1	31211108	31235132	4	23866	31759.728	49	1
5_MACS_peak_4292_lociStitched	chr11	65254360	65278585	5	20053	31623.315	50	1
9_MACS_peak_20797_lociStitched	chr5	180222839	180249473	9	21716	31587.924	51	1
5_MACS_peak_17777_lociStitched	chr3	133181664	133212406	5	25065	31021.7522	52	1
5_MACS_peak_10265_lociStitched	chr17	38465247	38487621	5	20219	30891.7818	53	1
1_MACS_peak_5294_lociStitched	chr12	26265953	26281052	1	15100	30688.7175	54	1
3_MACS_peak_13082_lociStitched	chr2	33699866	33725702	3	22339	30594.9912	55	1
5_MACS_peak_4385_lociStitched	chr11	67033226	67057810	5	17029	30528.4112	56	1
2_MACS_peak_25737_lociStitched	chr9	127019606	127038547	2	16653	30343.482	57	1
5_MACS_peak_16633_lociStitched	chr22	50963438	50983512	5	14549	30289.6586	58	1
5_MACS_peak_4797_lociStitched	chr11	111221650	111252712	5	26090	30105.2904	59	1
1_MACS_peak_2561_lociStitched	chr1	234734350	234749830	1	15481	29984.76	60	1
4_MACS_peak_14984_lociStitched	chr20	5566443	5592321	4	24445	29863.212	61	1
4_MACS_peak_8439_lociStitched	chr15	75067006	75093262	4	19355	29228.1792	62	1
2_MACS_peak_14155_lociStitched	chr2	157188299	157200397	2	8149	29191.2642	63	1
7_MACS_peak_19508_lociStitched	chr5	1311336	1346065	7	24286	28967.4589	64	1
7_MACS_peak_684_lociStitched	chr1	40839154	40868961	7	24263	28850.1953	65	1
5_MACS_peak_12108_lociStitched	chr19	18604309	18633841	5	23631	28625.3676	66	1
4_MACS_peak_17677_lociStitched	chr3	124851329	124875345	4	19250	28531.008	67	1
3_MACS_peak_6484_lociStitched	chr12	125395491	125413465	3	12431	28519.3458	68	1
5_MACS_peak_242_lociStitched	chr1	16157190	16179737	5	14978	28429.5123	69	1
12_MACS_peak_13694_lociStitched	chr2	88891486	88928564	12	29604	28379.5012	70	1
7_MACS_peak_12430_lociStitched	chr19	44257608	44289768	7	24197	28304.016	71	1
1_MACS_peak_5198_lociStitched	chr12	12865514	12879927	1	14414	28294.1603	72	1
5_MACS_peak_16724_lociStitched	chr3	13034898	13058927	5	18904	28282.133	73	1
7_MACS_peak_3354_lociStitched	chr10	92949627	92982201	7	21286	28241.658	74	1
4_MACS_peak_23683_lociStitched	chr7	137659945	137687066	4	25776	28238.3852	75	1
3_MACS_peak_5001_lociStitched	chr11	128583377	128609832	3	25083	28031.718	76	1
1_MACS_peak_14578_lociStitched	chr2	201979527	201995713	1	16187	27932.1802	77	1
2_MACS_peak_13539_lociStitched	chr2	70309871	70323303	2	9809	27895.5776	78	1
4_MACS_peak_18648_lociStitched	chr4	40185329	40211513	4	23450	27736.7112	79	1
3_MACS_peak_18561_lociStitched	chr4	25855490	25882315	3	24808	27586.83	80	1
6_MACS_peak_19545_lociStitched	chr5	6711636	6739767	6	22484	27318.0141	81	1
5_MACS_peak_16668_lociStitched	chr3	5222562	5247521	5	22284	27295.1624	82	1
1_MACS_peak_2719_lociStitched	chr10	11204022	11223459	1	19438	27155.4327	83	1
2_MACS_peak_20837_lociStitched	chr6	314795	341069	2	25589	27125.2776	84	1
13_MACS_peak_8972_lociStitched	chr16	11791500	11837885	13	30409	27061.009	85	1
10_MACS_peak_24453_lociStitched	chr8	98633962	98671899	10	24830	27033.9062	86	1
2_MACS_peak_1595_lociStitched	chr1	150532467	150553132	2	19169	26978.1575	87	1
5_MACS_peak_16132_lociStitched	chr22	24172095	24191189	5	15722	26827.07	88	1
6_MACS_peak_23033_lociStitched	chr7	55612738	55642655	6	25347	26763.7482	89	1
4_MACS_peak_6401_lociStitched	chr12	122227108	122245058	4	11773	26415.22	90	1
5_MACS_peak_11905_lociStitched	chr19	12885699	12905374	5	13868	26094.9525	91	1
5_MACS_peak_13470_lociStitched	chr2	65138422	65167404	5	22772	26066.4108	92	1
7_MACS_peak_8092_lociStitched	chr15	45002120	45030143	7	15992	25884.8451	93	1
3_MACS_peak_11564_lociStitched	chr19	2081609	2097947	3	14566	25814.04	94	1
5_MACS_peak_17181_lociStitched	chr3	50636997	50655446	5	15522	25788.0122	95	1
8_MACS_peak_16422_lociStitched	chr22	39897601	39929404	8	20514	25582.3332	96	1
4_MACS_peak_21484_lociStitched	chr6	42737991	42752813	4	10424	25492.3578	97	1
10_MACS_peak_3581_lociStitched	chr10	112093889	112125152	10	21221	25448.082	98	1
9_MACS_peak_3601_lociStitched	chr10	112244711	112272750	9	24490	25406.1379	99	1
5_MACS_peak_22196_lociStitched	chr6	139571884	139601823	5	23363	25364.3208	100	1
1_MACS_peak_268_lociStitched	chr1	17229248	17233404	1	4157	25360.3276	101	1
3_MACS_peak_22756_lociStitched	chr7	25998547	26012533	3	12369	25352.4222	102	1
6_MACS_peak_21861_lociStitched	chr6	106529486	106560273	6	25049	25309.9927	103	1
7_MACS_peak_8253_lociStitched	chr15	63764991	63798598	7	17127	25235.4963	104	1
6_MACS_peak_9624_lociStitched	chr16	87875351	87905436	6	22456	24904.363	105	1
6_MACS_peak_18177_lociStitched	chr3	183227102	183263079	6	27249	24820.5323	106	1
3_MACS_peak_19311_lociStitched	chr4	153442944	153462227	3	17548	24726.5909	107	1
2_MACS_peak_10862_lociStitched	chr17	74256387	74272672	2	15924	24720.63	108	1
3_MACS_peak_7133_lociStitched	chr14	23023908	23040267	3	13716	24370.0023	109	1
6_MACS_peak_11485_lociStitched	chr19	924068	955751	6	17006	24275.5146	110	1
8_MACS_peak_11597_lociStitched	chr19	2607598	2637935	8	21659	24263.5326	111	1
5_MACS_peak_4238_lociStitched	chr11	63992861	64015180	5	12844	24178.1727	112	1
3_MACS_peak_25785_lociStitched	chr9	130531950	130549595	3	12147	24145.418	113	1
9_MACS_peak_8746_lociStitched	chr15	101458213	101489951	9	27159	24082.7944	114	1
1_MACS_peak_21314_lociStitched	chr6	32934986	32942032	1	7047	23993.0392	115	1
7_MACS_peak_16614_lociStitched	chr22	50740255	50766378	7	18864	23912.9942	116	1
3_MACS_peak_12867_lociStitched	chr2	11883022	11898380	3	14156	23880.1542	117	1
4_MACS_peak_12735_lociStitched	chr19	56145683	56167772	4	10728	23862.7467	118	1
7_MACS_peak_2302_lociStitched	chr1	207978712	208002007	7	13929	23765.559	119	1
2_MACS_peak_5540_lociStitched	chr12	48196018	48215107	2	15990	23672.2689	120	1
3_MACS_peak_20843_lociStitched	chr6	387821	412005	3	20810	23564.8896	121	1
3_MACS_peak_24817_lociStitched	chr8	142125789	142142400	3	11814	23501.2428	122	1
1_MACS_peak_20990_lociStitched	chr6	13294868	13309537	1	14670	23490.9366	123	1
3_MACS_peak_4895_lociStitched	chr11	118962979	118979360	3	9203	23488.7159	124	1
3_MACS_peak_606_lociStitched	chr1	36849878	36867664	3	12459	23456.1768	125	1
4_MACS_peak_4497_lociStitched	chr11	72845141	72871601	4	18557	23361.534	126	1
10_MACS_peak_24348_lociStitched	chr8	81048782	81084437	10	26223	23350.4595	127	1
3_MACS_peak_9748_lociStitched	chr17	2295021	2306324	3	8620	23312.4375	128	1
4_MACS_peak_10868_lociStitched	chr17	74475436	74498820	4	18892	23285.7872	129	1
1_MACS_peak_12888_lociStitched	chr2	16828559	16848205	1	19647	23097.8022	130	1
5_MACS_peak_9411_lociStitched	chr16	68278510	68299785	5	17655	23017.4225	131	1
3_MACS_peak_9769_lociStitched	chr17	3807613	3826609	3	11467	22958.5656	132	1
7_MACS_peak_23506_lociStitched	chr7	115778403	115809531	7	22912	22897.7568	133	1
8_MACS_peak_5158_lociStitched	chr12	9859945	9896351	8	25753	22746.4688	134	1
7_MACS_peak_15834_lociStitched	chr21	36576802	36608029	7	20527	22708.2744	135	1
4_MACS_peak_3869_lociStitched	chr11	10323748	10344864	4	16876	22486.4284	136	1
3_MACS_peak_25538_lociStitched	chr9	108002985	108027839	3	20789	22415.8226	137	1
6_MACS_peak_11575_lociStitched	chr19	2253022	2274226	6	15517	22414.7484	138	1
2_MACS_peak_15924_lociStitched	chr21	44772121	44784140	2	8409	22410.6274	139	1
3_MACS_peak_2990_lociStitched	chr10	43891034	43905811	3	10450	22403.4097	140	1
5_MACS_peak_24687_lociStitched	chr8	126285224	126308713	5	18713	22396.7615	141	1
3_MACS_peak_10599_lociStitched	chr17	56401386	56417914	3	12459	22383.8704	142	1
2_MACS_peak_22754_lociStitched	chr7	25979946	25992510	2	9456	22250.844	143	1
6_MACS_peak_13712_lociStitched	chr2	89128845	89160960	6	29037	22230.003	144	1
5_MACS_peak_25789_lociStitched	chr9	130659219	130681631	5	15463	22225.9804	145	1
5_MACS_peak_411_lociStitched	chr1	26436814	26456226	5	17707	22104.4444	146	1
7_MACS_peak_13871_lociStitched	chr2	111793223	111820770	7	21409	22037.6	147	1
4_MACS_peak_15258_lociStitched	chr20	34188071	34208268	4	19032	21786.5039	148	1
6_MACS_peak_14989_lociStitched	chr20	5621871	5642554	6	17395	21779.199	149	1
2_MACS_peak_13708_lociStitched	chr2	89047202	89058892	2	10749	21773.794	150	1
3_MACS_peak_21561_lociStitched	chr6	52353991	52369637	3	14045	21646.241	151	1
3_MACS_peak_16495_lociStitched	chr22	42330859	42343528	3	11116	21593.0436	152	1
1_MACS_peak_4883_lociStitched	chr11	118658595	118664673	1	6079	21476.613	153	1
6_MACS_peak_24062_lociStitched	chr8	33400680	33425500	6	18365	21409.732	154	1
5_MACS_peak_21790_lociStitched	chr6	90052405	90071179	5	15204	21404.2374	155	1
8_MACS_peak_19757_lociStitched	chr5	56109230	56138161	8	17264	21394.4745	156	1
2_MACS_peak_6949_lociStitched	chr13	74697857	74710997	2	13125	21369.582	157	1
4_MACS_peak_3548_lociStitched	chr10	106077002	106100143	4	15349	21234.1816	158	1
4_MACS_peak_12829_lociStitched	chr2	9678068	9697129	4	18305	21233.954	159	1
4_MACS_peak_12639_lociStitched	chr19	50369794	50381933	4	7012	21178.9133	160	1
3_MACS_peak_16337_lociStitched	chr22	37758318	37776129	3	14806	21136.3137	161	1
5_MACS_peak_18246_lociStitched	chr3	186703405	186721230	5	16342	21031.7175	162	1
5_MACS_peak_3593_lociStitched	chr10	112167511	112191112	5	20024	21028.491	163	1
5_MACS_peak_17035_lociStitched	chr3	45633921	45659996	5	24128	21006.02	164	1
1_MACS_peak_13197_lociStitched	chr2	43444557	43456716	1	12160	20966.9796	165	1
4_MACS_peak_16468_lociStitched	chr22	41797027	41811031	4	9570	20800.1412	166	1
2_MACS_peak_4454_lociStitched	chr11	69055210	69068285	2	10605	20787.9425	167	1
1_MACS_peak_15453_lociStitched	chr20	45976041	45990170	1	14130	20761.1526	168	1
3_MACS_peak_7992_lociStitched	chr15	40384367	40402210	3	15428	20717.5073	169	1
4_MACS_peak_11926_lociStitched	chr19	13260485	13279258	4	13296	20635.2816	170	1
8_MACS_peak_15569_lociStitched	chr20	52523370	52559336	8	20390	20597.7282	171	1
1_MACS_peak_4460_lociStitched	chr11	69453034	69470309	1	17276	20510.6075	172	1
4_MACS_peak_7136_lociStitched	chr14	23056159	23074811	4	12912	20436.9964	173	1
3_MACS_peak_4380_lociStitched	chr11	66880086	66891544	3	9503	20387.2194	174	1
5_MACS_peak_10891_lociStitched	chr17	75130779	75148616	5	14400	20364.5029	175	1
6_MACS_peak_130_lociStitched	chr1	8477856	8499957	6	17768	20290.9281	176	1
9_MACS_peak_1730_lociStitched	chr1	155928419	155954428	9	19512	20284.4191	177	1
3_MACS_peak_4400_lociStitched	chr11	67194890	67212803	3	13757	20121.6729	178	1
10_MACS_peak_6827_lociStitched	chr13	49055953	49085358	10	22436	20107.139	179	1
4_MACS_peak_12955_lociStitched	chr2	25622622	25645837	4	15514	20083.2965	180	1
5_MACS_peak_18251_lociStitched	chr3	186727283	186750914	5	20895	19961.1057	181	1
6_MACS_peak_4866_lociStitched	chr11	117856392	117883624	6	16833	19941.9936	182	1
3_MACS_peak_9304_lociStitched	chr16	56963440	56982600	3	19046	19937.896	183	1
2_MACS_peak_22483_lociStitched	chr6	159453948	159466806	2	10160	19881.0396	184	1
4_MACS_peak_4299_lociStitched	chr11	65306730	65326830	4	11426	19812.57	185	1
9_MACS_peak_21284_lociStitched	chr6	31781826	31804560	9	14045	19787.6736	186	1
3_MACS_peak_14976_lociStitched	chr20	5092551	5109208	3	8252	19736.8793	187	1
4_MACS_peak_4487_lociStitched	chr11	72523904	72544676	4	12849	19706.3964	188	1
2_MACS_peak_21898_lociStitched	chr6	108877766	108887980	2	9618	19666.0356	189	1
5_MACS_peak_9869_lociStitched	chr17	8053541	8068186	5	13096	19636.016	190	1
4_MACS_peak_11545_lociStitched	chr19	1847645	1865701	4	8762	19467.9792	191	1
2_MACS_peak_8458_lociStitched	chr15	75331422	75342653	2	10175	19464.4461	192	1
2_MACS_peak_25746_lociStitched	chr9	127630405	127643172	2	9151	19416.0536	193	1
5_MACS_peak_8967_lociStitched	chr16	11761697	11784321	5	20499	19379.7184	194	1
5_MACS_peak_10255_lociStitched	chr17	38251149	38270352	5	12765	19370.0661	195	1
3_MACS_peak_18928_lociStitched	chr4	90210344	90229756	3	16043	19264.4688	196	1
2_MACS_peak_2479_lociStitched	chr1	226910404	226928177	2	17627	19257.0455	197	1
1_MACS_peak_11419_lociStitched	chr18	60821968	60831793	1	9826	19204.9275	198	1
5_MACS_peak_18036_lociStitched	chr3	171802224	171828441	5	23341	19201.3308	199	1
2_MACS_peak_15956_lociStitched	chr21	45570411	45581362	2	9237	19199.2932	200	1
3_MACS_peak_20834_lociStitched	chr6	286510	307794	3	14641	19055.5652	201	1
4_MACS_peak_23401_lociStitched	chr7	104649694	104659259	4	8284	19049.654	202	1
4_MACS_peak_9339_lociStitched	chr16	66549631	66562422	4	11471	19044.5199	203	1
6_MACS_peak_17999_lociStitched	chr3	169755105	169777799	6	18727	19010.7638	204	1
1_MACS_peak_12090_lociStitched	chr19	18388869	18393889	1	5021	18935.44	205	1
2_MACS_peak_7909_lociStitched	chr15	31514735	31532111	2	16206	18915.5136	206	1
3_MACS_peak_9806_lociStitched	chr17	4842285	4854794	3	9446	18909.8553	207	1
5_MACS_peak_1775_lociStitched	chr1	157474941	157498025	5	17018	18873.4784	208	1
5_MACS_peak_7660_lociStitched	chr14	91781761	91803884	5	18582	18857.6452	209	1
4_MACS_peak_17732_lociStitched	chr3	129023572	129048579	4	14690	18852.7773	210	1
3_MACS_peak_19314_lociStitched	chr4	153468633	153484735	3	15896	18836.1196	211	1
5_MACS_peak_10574_lociStitched	chr17	55612121	55636242	5	16635	18833.6768	212	1
7_MACS_peak_22268_lociStitched	chr6	144650614	144679377	7	20416	18802.3731	213	1
3_MACS_peak_16207_lociStitched	chr22	29206600	29227256	3	18343	18782.5008	214	1
2_MACS_peak_6183_lociStitched	chr12	109020483	109037505	2	16671	18713.9868	215	1
2_MACS_peak_7911_lociStitched	chr15	31546338	31562795	2	12810	18670.4665	216	1
9_MACS_peak_2749_lociStitched	chr10	11704313	11730662	9	18705	18655.092	217	1
2_MACS_peak_23628_lociStitched	chr7	130784615	130797823	2	10357	18629.884	218	1
10_MACS_peak_21110_lociStitched	chr6	25359281	25393400	10	19783	18553.9122	219	1
6_MACS_peak_14586_lociStitched	chr2	202069186	202099943	6	21389	18534.1682	220	1
3_MACS_peak_16483_lociStitched	chr22	42140774	42159341	3	16878	18531.7227	221	1
2_MACS_peak_14828_lociStitched	chr2	232570515	232579317	2	8473	18477.1584	222	1
3_MACS_peak_10965_lociStitched	chr17	79817351	79830507	3	10211	18438.134	223	1
2_MACS_peak_9675_lociStitched	chr16	89550739	89558292	2	6784	18364.3642	224	1
2_MACS_peak_15228_lociStitched	chr20	33291184	33298488	2	5143	18362.9864	225	1
3_MACS_peak_21699_lociStitched	chr6	74220667	74234257	3	7492	18303.012	226	1
6_MACS_peak_2723_lociStitched	chr10	11282066	11312666	6	17346	18274.32	227	1
2_MACS_peak_10389_lociStitched	chr17	43298370	43309244	2	10814	18229.1736	228	1
8_MACS_peak_17477_lociStitched	chr3	101495749	101527649	8	19017	18189.38	229	1
3_MACS_peak_22469_lociStitched	chr6	159224701	159241493	3	12132	18147.1144	230	1
3_MACS_peak_10057_lociStitched	chr17	27037685	27056543	3	10732	18090.4794	231	1
2_MACS_peak_25179_lociStitched	chr9	37024132	37038493	2	13214	18089.1156	232	1
7_MACS_peak_14517_lociStitched	chr2	197023062	197048328	7	21799	18085.4028	233	1
1_MACS_peak_10561_lociStitched	chr17	55332483	55339421	1	6939	18075.5714	234	1
1_MACS_peak_11537_lociStitched	chr19	1645664	1653803	1	8140	18063.6966	235	1
2_MACS_peak_6180_lociStitched	chr12	108953849	108970375	2	13653	17991.8562	236	1
7_MACS_peak_21099_lociStitched	chr6	25293997	25321179	7	21861	17972.7384	237	1
4_MACS_peak_13683_lociStitched	chr2	87796386	87822239	4	22062	17952.3232	238	1
5_MACS_peak_26813_lociStitched	chrX	153706336	153727115	5	12186	17938.5107	239	1
7_MACS_peak_17437_lociStitched	chr3	98474627	98504659	7	21529	17932.1072	240	1
3_MACS_peak_8854_lociStitched	chr16	2556598	2571066	3	7239	17914.2776	241	1
11_MACS_peak_17984_lociStitched	chr3	169647696	169674545	11	20224	17913.6528	242	1
4_MACS_peak_6940_lociStitched	chr13	74528126	74550961	4	18366	17884.372	243	1
4_MACS_peak_1507_lociStitched	chr1	145434459	145457400	4	14925	17781.5691	244	1
1_MACS_peak_24705_lociStitched	chr8	126441186	126449997	1	8812	17772.6681	245	1
2_MACS_peak_9472_lociStitched	chr16	71730999	71748710	2	17429	17748.1931	246	1
8_MACS_peak_1218_lociStitched	chr1	94154401	94183084	8	17647	17683.0695	247	1
2_MACS_peak_12306_lociStitched	chr19	39338614	39348856	2	7642	17642.8692	248	1
6_MACS_peak_24613_lociStitched	chr8	120915548	120935394	6	15075	17611.3404	249	1
2_MACS_peak_15185_lociStitched	chr20	32461131	32474061	2	11223	17560.233	250	1
6_MACS_peak_5017_lociStitched	chr11	130015344	130037611	6	16044	17557.5295	251	1
3_MACS_peak_15090_lociStitched	chr20	23329744	23344191	3	7622	17503.9852	252	1
6_MACS_peak_2460_lociStitched	chr1	226535664	226561563	6	18035	17489.5947	253	1
4_MACS_peak_21136_lociStitched	chr6	26183284	26207073	4	12648	17477.7783	254	1
2_MACS_peak_9604_lociStitched	chr16	85779374	85793724	2	14286	17465.385	255	1
1_MACS_peak_22165_lociStitched	chr6	136608650	136612690	1	4041	17465.324	256	1
3_MACS_peak_17492_lociStitched	chr3	104232630	104246817	3	13689	17444.3352	257	1
3_MACS_peak_2244_lociStitched	chr1	204474871	204492060	3	11098	17424.4893	258	1
2_MACS_peak_1764_lociStitched	chr1	156709645	156722471	2	10643	17413.8602	259	1
8_MACS_peak_15129_lociStitched	chr20	30271658	30300934	8	17459	17316.754	260	1
2_MACS_peak_18382_lociStitched	chr4	1712697	1725824	2	10986	17300.0733	261	1
3_MACS_peak_22399_lociStitched	chr6	157873844	157889824	3	14184	17282.37	262	1
2_MACS_peak_12513_lociStitched	chr19	47216580	47226600	2	9498	17260.452	263	1
5_MACS_peak_5931_lociStitched	chr12	89736836	89751116	5	12935	17251.668	264	1
4_MACS_peak_21011_lociStitched	chr6	15239660	15258081	4	11607	17247.5823	265	1
4_MACS_peak_17538_lociStitched	chr3	111832762	111854708	4	21031	17163.9666	266	1
2_MACS_peak_22770_lociStitched	chr7	26233458	26243022	2	8196	17153.034	267	1
3_MACS_peak_20338_lociStitched	chr5	132385935	132400399	3	5091	17122.4832	268	1
4_MACS_peak_4874_lociStitched	chr11	118269068	118286795	4	13013	17110.1004	269	1
1_MACS_peak_7917_lociStitched	chr15	31615285	31621853	1	6569	17074.1728	270	1
3_MACS_peak_16492_lociStitched	chr22	42314924	42325831	3	9870	17066.1829	271	1
3_MACS_peak_14051_lociStitched	chr2	136882584	136898396	3	14546	17065.8916	272	1
1_MACS_peak_23883_lociStitched	chr8	12610215	12617295	1	7081	17057.136	273	1
4_MACS_peak_25104_lociStitched	chr9	33286583	33299778	4	11552	17018.911	274	1
2_MACS_peak_23307_lociStitched	chr7	100025499	100034695	2	5242	17014.4392	275	1
6_MACS_peak_7758_lociStitched	chr14	102275473	102294885	6	13680	17001.0296	276	1
3_MACS_peak_18690_lociStitched	chr4	48191218	48207604	3	13242	16980.8118	277	1
2_MACS_peak_9837_lociStitched	chr17	7209676	7219571	2	6336	16962.9985	278	1
7_MACS_peak_23487_lociStitched	chr7	114555985	114578000	7	19755	16896.5125	279	1
1_MACS_peak_4408_lociStitched	chr11	67271667	67276992	1	5326	16888.77	280	1
3_MACS_peak_3095_lociStitched	chr10	63803184	63816400	3	12352	16883.44	281	1
3_MACS_peak_10708_lociStitched	chr17	62957282	62973039	3	9954	16872.5956	282	1
2_MACS_peak_10840_lociStitched	chr17	73774107	73783486	2	7783	16849.3735	283	1
1_MACS_peak_16472_lociStitched	chr22	41839729	41845278	1	5550	16771.2976	284	1
8_MACS_peak_13159_lociStitched	chr2	40339664	40371662	8	19267	16741.3536	285	1
5_MACS_peak_15108_lociStitched	chr20	25260283	25281446	5	16283	16729.3515	286	1
1_MACS_peak_8477_lociStitched	chr15	75742457	75749015	1	6559	16724.2116	287	1
2_MACS_peak_23000_lociStitched	chr7	50343156	50359035	2	15619	16690.4169	288	1
4_MACS_peak_19897_lociStitched	chr5	71586511	71604977	4	14650	16680.3378	289	1
5_MACS_peak_25174_lociStitched	chr9	36988711	37012258	5	17907	16666.5666	290	1
4_MACS_peak_12477_lociStitched	chr19	45942425	45959823	4	10535	16613.3502	291	1
2_MACS_peak_19321_lociStitched	chr4	153580241	153593925	2	10796	16595.9552	292	1
1_MACS_peak_4248_lociStitched	chr11	64544216	64547693	1	3478	16594.3302	293	1
1_MACS_peak_12720_lociStitched	chr19	55762482	55771709	1	9228	16543.0883	294	1
2_MACS_peak_6440_lociStitched	chr12	123408419	123423369	2	14784	16467.425	295	1
6_MACS_peak_15548_lociStitched	chr20	52195010	52213614	6	17624	16457.0984	296	1
1_MACS_peak_12700_lociStitched	chr19	54692563	54696283	1	3721	16445.004	297	1
2_MACS_peak_10459_lociStitched	chr17	46124594	46135871	2	6834	16426.0782	298	1
1_MACS_peak_24500_lociStitched	chr8	101961940	101966315	1	4376	16407.5625	299	1
4_MACS_peak_23772_lociStitched	chr7	150064160	150081291	4	10312	16380.6622	300	1
2_MACS_peak_21120_lociStitched	chr6	25402642	25417855	2	14919	16370.7093	301	1
3_MACS_peak_16655_lociStitched	chr3	3137035	3153778	3	10522	16351.2138	302	1
2_MACS_peak_22499_lociStitched	chr6	163826521	163838175	2	6710	16342.4042	303	1
3_MACS_peak_21185_lociStitched	chr6	27791090	27807914	3	8730	16324.3272	304	1
3_MACS_peak_23331_lociStitched	chr7	101495306	101515057	3	16617	16282.7244	305	1
2_MACS_peak_17128_lociStitched	chr3	49054675	49060892	2	5724	16263.672	306	1
3_MACS_peak_16371_lociStitched	chr22	38699167	38714940	3	14708	16263.5403	307	1
5_MACS_peak_20698_lociStitched	chr5	173160728	173179088	5	13490	16169.652	308	1
12_MACS_peak_16864_lociStitched	chr3	30670010	30703349	12	22516	16166.0811	309	1
7_MACS_peak_16915_lociStitched	chr3	32461099	32482835	7	17150	16123.7648	310	1
5_MACS_peak_11938_lociStitched	chr19	13943947	13958953	5	10589	16038.4128	311	1
5_MACS_peak_24841_lociStitched	chr8	144594474	144612530	5	10823	16022.8944	312	1
6_MACS_peak_21564_lociStitched	chr6	52382361	52404266	6	19072	15968.745	313	1
13_MACS_peak_13883_lociStitched	chr2	112184825	112211872	13	20010	15925.2736	314	1
3_MACS_peak_1745_lociStitched	chr1	156115906	156136474	3	17241	15921.6888	315	1
5_MACS_peak_25526_lociStitched	chr9	105950410	105969768	5	18135	15892.918	316	1
3_MACS_peak_25199_lociStitched	chr9	37322091	37339826	3	17504	15840.902	317	1
3_MACS_peak_21323_lociStitched	chr6	33279832	33292649	3	8995	15821.3048	318	1
2_MACS_peak_4845_lociStitched	chr11	115089221	115101492	2	9127	15819.7732	319	1
2_MACS_peak_18612_lociStitched	chr4	38664106	38676856	2	12743	15801.075	320	1
7_MACS_peak_20353_lociStitched	chr5	133967737	133986941	7	16077	15791.4492	321	1
9_MACS_peak_8347_lociStitched	chr15	68479206	68503869	9	17084	15789.2526	322	1
4_MACS_peak_24250_lociStitched	chr8	61812040	61829878	4	11078	15720.6294	323	1
3_MACS_peak_23397_lociStitched	chr7	104576045	104587299	3	9847	15693.703	324	1
6_MACS_peak_9989_lociStitched	chr17	19197310	19214797	6	12976	15687.5877	325	1
5_MACS_peak_13248_lociStitched	chr2	46783607	46803025	5	16464	15683.9186	326	1
3_MACS_peak_8630_lociStitched	chr15	89177667	89191495	3	8987	15683.7176	327	1
4_MACS_peak_15216_lociStitched	chr20	32988639	33009342	4	18055	15672.171	328	1
1_MACS_peak_20971_lociStitched	chr6	11827756	11836240	1	8485	15631.77	329	1
8_MACS_peak_12291_lociStitched	chr19	39138105	39161329	8	15267	15585.6264	330	1
11_MACS_peak_14331_lociStitched	chr2	173443469	173471823	11	16580	15577.6876	331	1
5_MACS_peak_14291_lociStitched	chr2	172170333	172192002	5	15181	15569.1765	332	1
6_MACS_peak_13677_lociStitched	chr2	87765619	87789179	6	15668	15561.38	333	1
6_MACS_peak_2673_lociStitched	chr10	5930579	5953144	6	14611	15560.824	334	1
2_MACS_peak_44_lociStitched	chr1	1706767	1714951	2	7054	15519.3192	335	1
1_MACS_peak_16969_lociStitched	chr3	39187278	39195740	1	8463	15493.0758	336	1
2_MACS_peak_9221_lociStitched	chr16	30661809	30672023	2	5884	15473.1886	337	1
4_MACS_peak_21513_lociStitched	chr6	43669893	43686464	4	10081	15460.743	338	1
3_MACS_peak_11808_lociStitched	chr19	10513332	10528017	3	12185	15432.4665	339	1
4_MACS_peak_9790_lociStitched	chr17	4267792	4281936	4	12165	15412.7168	340	1
1_MACS_peak_839_lociStitched	chr1	51698753	51704946	1	6194	15399.5138	341	1
1_MACS_peak_18994_lociStitched	chr4	103745472	103750298	1	4827	15390.114	342	1
1_MACS_peak_10242_lociStitched	chr17	38016015	38025163	1	9149	15346.6848	343	1
9_MACS_peak_3186_lociStitched	chr10	73619821	73650514	9	14802	15337.2921	344	1
2_MACS_peak_2869_lociStitched	chr10	22763250	22779315	2	12448	15337.2555	345	1
7_MACS_peak_11962_lociStitched	chr19	14474074	14496521	7	13885	15308.854	346	1
7_MACS_peak_26784_lociStitched	chrX	153266650	153287077	7	12374	15299.823	347	1
5_MACS_peak_17030_lociStitched	chr3	45592121	45613249	5	16643	15283.9952	348	1
2_MACS_peak_20141_lociStitched	chr5	109024034	109037014	2	12448	15259.288	349	1
3_MACS_peak_16382_lociStitched	chr22	39096131	39103637	3	5197	15240.933	350	1
3_MACS_peak_15609_lociStitched	chr20	57461059	57471193	3	8829	15235.4556	351	1
1_MACS_peak_16460_lociStitched	chr22	41486786	41490009	1	3224	15233.8318	352	1
1_MACS_peak_25236_lociStitched	chr9	66454585	66460249	1	5665	15228.2304	353	1
1_MACS_peak_18645_lociStitched	chr4	40055691	40060275	1	4585	15215.2128	354	1
4_MACS_peak_19615_lociStitched	chr5	32581016	32593147	4	9624	15208.6347	355	1
1_MACS_peak_4138_lociStitched	chr11	58340650	58347776	1	7127	15206.1714	356	1
5_MACS_peak_24663_lociStitched	chr8	125613250	125628348	5	12993	15191.6076	357	1
2_MACS_peak_19197_lociStitched	chr4	144272564	144288565	2	12427	15175.3484	358	1
4_MACS_peak_1826_lociStitched	chr1	160606847	160628783	4	18272	15166.5504	359	1
3_MACS_peak_16501_lociStitched	chr22	42465726	42476948	3	6465	15162.0442	360	1
7_MACS_peak_832_lociStitched	chr1	51667379	51686665	7	14996	15141.4386	361	1
5_MACS_peak_10918_lociStitched	chr17	76711523	76736464	5	16436	15124.2224	362	1
4_MACS_peak_21924_lociStitched	chr6	109183853	109207488	4	13693	15124.0365	363	1
4_MACS_peak_1462_lociStitched	chr1	143448952	143468371	4	13152	15117.6915	364	1
8_MACS_peak_13797_lociStitched	chr2	102313039	102336331	8	16476	15109.5204	365	1
3_MACS_peak_21277_lociStitched	chr6	31694665	31708875	3	10789	15100.967	366	1
3_MACS_peak_6531_lociStitched	chr12	133404019	133417236	3	8426	15087.2055	367	1
4_MACS_peak_20912_lociStitched	chr6	7135266	7148596	4	11445	15077.563	368	1
2_MACS_peak_3843_lociStitched	chr11	7532322	7547429	2	10335	15072.2539	369	1
5_MACS_peak_23255_lociStitched	chr7	97829287	97853453	5	12261	15053.0014	370	1
9_MACS_peak_19302_lociStitched	chr4	153406251	153436774	9	18359	15047.839	371	1
3_MACS_peak_10579_lociStitched	chr17	55674866	55687423	3	11116	15020.6834	372	1
1_MACS_peak_16409_lociStitched	chr22	39540090	39549285	1	9196	15005.3205	373	1
3_MACS_peak_13177_lociStitched	chr2	42323618	42334441	3	9865	14975.7851	374	1
4_MACS_peak_13268_lociStitched	chr2	47533054	47555599	4	13038	14954.0985	375	1
4_MACS_peak_7558_lociStitched	chr14	77493005	77507733	4	9304	14948.92	376	1
5_MACS_peak_4915_lociStitched	chr11	120568929	120586970	5	16461	14945.1644	377	1
4_MACS_peak_20678_lociStitched	chr5	172191747	172205478	4	7304	14942.0742	378	1
4_MACS_peak_16555_lociStitched	chr22	46439750	46455098	4	11056	14939.7432	379	1
4_MACS_peak_9085_lociStitched	chr16	22195273	22211682	4	9493	14935.4718	380	1
3_MACS_peak_20005_lociStitched	chr5	88562719	88578649	3	13513	14932.782	381	1
3_MACS_peak_19441_lociStitched	chr4	185390477	185403350	3	9001	14927.5308	382	1
2_MACS_peak_9715_lociStitched	chr17	1387553	1395636	2	7603	14902.6271	383	1
2_MACS_peak_22433_lociStitched	chr6	158181021	158191188	2	8120	14857.0371	384	1
1_MACS_peak_5502_lociStitched	chr12	46120241	46127621	1	7381	14855.202	385	1
2_MACS_peak_20790_lociStitched	chr5	179243960	179249497	2	4812	14854.6636	386	1
1_MACS_peak_20753_lociStitched	chr5	176852294	176860416	1	8123	14854.3258	387	1
1_MACS_peak_8404_lociStitched	chr15	72765187	72768511	1	3325	14852.2968	388	1
5_MACS_peak_12386_lociStitched	chr19	42051405	42071993	5	14549	14846.0068	389	1
1_MACS_peak_4878_lociStitched	chr11	118305043	118310797	1	5755	14843.5938	390	1
2_MACS_peak_21053_lociStitched	chr6	16758394	16769847	2	6628	14839.6521	391	1
6_MACS_peak_15774_lociStitched	chr21	34601542	34620640	6	14183	14839.146	392	1
3_MACS_peak_15917_lociStitched	chr21	44580597	44597924	3	11083	14830.1793	393	1
2_MACS_peak_9857_lociStitched	chr17	7737069	7748900	2	6895	14810.0458	394	1
5_MACS_peak_3294_lociStitched	chr10	81946700	81966057	5	11205	14782.9409	395	1
2_MACS_peak_1687_lociStitched	chr1	154908502	154917909	2	6637	14758.6423	396	1
1_MACS_peak_7853_lociStitched	chr14	106324420	106330529	1	6110	14730.0208	397	1
5_MACS_peak_21170_lociStitched	chr6	27094452	27115812	5	10869	14729.856	398	1
2_MACS_peak_16733_lociStitched	chr3	13363229	13380643	2	16190	14727.0198	399	1
1_MACS_peak_10702_lociStitched	chr17	62500300	62504279	1	3980	14707.9756	400	1
10_MACS_peak_6068_lociStitched	chr12	96878832	96910766	10	15014	14705.607	401	1
1_MACS_peak_14813_lociStitched	chr2	231729436	231741078	1	11643	14659.6064	402	1
4_MACS_peak_21928_lociStitched	chr6	109212983	109228406	4	12983	14617.9194	403	1
1_MACS_peak_8189_lociStitched	chr15	52968610	52977262	1	8653	14604.576	404	1
3_MACS_peak_6408_lociStitched	chr12	122515562	122526195	3	10564	14579.9696	405	1
2_MACS_peak_2059_lociStitched	chr1	183438766	183451030	2	7865	14565.9528	406	1
3_MACS_peak_7833_lociStitched	chr14	105947023	105958549	3	6406	14560.7958	407	1
2_MACS_peak_15869_lociStitched	chr21	38737637	38743230	2	4141	14501.5304	408	1
3_MACS_peak_12233_lociStitched	chr19	36230854	36239951	3	6242	14477.8755	409	1
2_MACS_peak_13296_lociStitched	chr2	52564043	52583372	2	16457	14473.5552	410	1
2_MACS_peak_24000_lociStitched	chr8	28195293	28207552	2	7829	14472.9754	411	1
2_MACS_peak_24803_lociStitched	chr8	141466892	141477341	2	6045	14459.3262	412	1
3_MACS_peak_15713_lociStitched	chr21	19152440	19169396	3	13117	14453.2944	413	1
2_MACS_peak_13985_lociStitched	chr2	127413262	127426342	2	13026	14449.476	414	1
1_MACS_peak_5842_lociStitched	chr12	72079120	72089399	1	10280	14445.0787	415	1
2_MACS_peak_3516_lociStitched	chr10	104401307	104412719	2	8620	14419.062	416	1
4_MACS_peak_22235_lociStitched	chr6	143159745	143179753	4	15274	14413.7632	417	1
5_MACS_peak_10392_lociStitched	chr17	43372907	43395819	5	12188	14400.192	418	1
4_MACS_peak_2815_lociStitched	chr10	15825108	15840753	4	13201	14394.9645	419	1
2_MACS_peak_2473_lociStitched	chr1	226839385	226854185	2	14594	14382.64	420	1
3_MACS_peak_10012_lociStitched	chr17	20936244	20947934	3	11013	14382.207	421	1
4_MACS_peak_495_lociStitched	chr1	28558751	28577032	4	10453	14359.7255	422	1
2_MACS_peak_9643_lociStitched	chr16	88713052	88720114	2	6725	14357.046	423	1
1_MACS_peak_22247_lociStitched	chr6	143263917	143269858	1	5942	14352.8619	424	1
1_MACS_peak_7158_lociStitched	chr14	23386789	23389776	1	2988	14311.6131	425	1
3_MACS_peak_12635_lociStitched	chr19	50311542	50322531	3	6362	14309.8758	426	1
2_MACS_peak_5718_lociStitched	chr12	57075830	57083563	2	7641	14302.9568	427	1
6_MACS_peak_21455_lociStitched	chr6	41670890	41685747	6	12734	14280.5484	428	1
3_MACS_peak_21329_lociStitched	chr6	33376907	33386870	3	7618	14275.9827	429	1
3_MACS_peak_21127_lociStitched	chr6	26020253	26034712	3	8846	14269.5871	430	1
6_MACS_peak_5545_lociStitched	chr12	48258185	48280029	6	14280	14259.7632	431	1
2_MACS_peak_16251_lociStitched	chr22	31884433	31893345	2	7629	14251.1792	432	1
4_MACS_peak_14319_lociStitched	chr2	173342273	173362605	4	17636	14230.3668	433	1
3_MACS_peak_25849_lociStitched	chr9	132646196	132657351	3	10872	14222.625	434	1
5_MACS_peak_2740_lociStitched	chr10	11636847	11657494	5	13214	14172.1008	435	1
1_MACS_peak_784_lociStitched	chr1	46150713	46154637	1	3925	14153.4756	436	1
6_MACS_peak_3616_lociStitched	chr10	112611974	112633492	6	13594	14107.2008	437	1
1_MACS_peak_12536_lociStitched	chr19	47728629	47736378	1	7750	14094.6561	438	1
2_MACS_peak_9834_lociStitched	chr17	7137031	7147392	2	8446	14090.96	439	1
1_MACS_peak_23827_lociStitched	chr7	158620055	158623758	1	3704	14071.4	440	1
3_MACS_peak_12788_lociStitched	chr19	59065439	59074896	3	6286	14067.2875	441	1
3_MACS_peak_9851_lociStitched	chr17	7475147	7488080	3	6568	14060.7576	442	1
5_MACS_peak_10604_lociStitched	chr17	56581374	56597252	5	8574	14055.2056	443	1
2_MACS_peak_11995_lociStitched	chr19	16180633	16191944	2	7638	14033.5577	444	1
4_MACS_peak_18020_lociStitched	chr3	170066188	170077012	4	9602	13972.7016	445	1
2_MACS_peak_1138_lociStitched	chr1	87793074	87803012	2	9635	13951.9582	446	1
3_MACS_peak_17729_lociStitched	chr3	128994713	129005823	3	10721	13951.938	447	1
4_MACS_peak_22388_lociStitched	chr6	157797565	157808282	4	8163	13946.0321	448	1
3_MACS_peak_21315_lociStitched	chr6	33167079	33176890	3	7213	13937.5066	449	1
1_MACS_peak_8297_lociStitched	chr15	65182910	65189018	1	6109	13926.24	450	1
1_MACS_peak_24943_lociStitched	chr9	3524337	3528843	1	4507	13908.2196	451	1
2_MACS_peak_2228_lociStitched	chr1	203285973	203297954	2	10234	13905.1486	452	1
4_MACS_peak_593_lociStitched	chr1	36614269	36628234	4	7808	13904.9505	453	1
3_MACS_peak_15639_lociStitched	chr20	61273309	61291027	3	11250	13901.5428	454	1
3_MACS_peak_8796_lociStitched	chr16	685589	700061	3	7111	13890.2256	455	1
1_MACS_peak_16378_lociStitched	chr22	38899856	38903507	1	3652	13877.451	456	1
3_MACS_peak_12527_lociStitched	chr19	47610925	47617820	3	6503	13865.845	457	1
1_MACS_peak_2613_lociStitched	chr1	245132366	245135839	1	3474	13857.6173	458	1
2_MACS_peak_10630_lociStitched	chr17	57695420	57700861	2	4782	13834.2866	459	1
1_MACS_peak_22372_lociStitched	chr6	157096966	157105616	1	8651	13833.08	460	1
4_MACS_peak_10586_lociStitched	chr17	55728549	55745367	4	13231	13829.4414	461	1
3_MACS_peak_20001_lociStitched	chr5	88168355	88186962	3	15010	13828.7224	462	1
2_MACS_peak_21256_lociStitched	chr6	31164826	31172777	2	5654	13828.3792	463	1
1_MACS_peak_20975_lociStitched	chr6	12007778	12013925	1	6148	13821.5295	464	1
3_MACS_peak_4909_lociStitched	chr11	120364300	120382862	3	13925	13819.409	465	1
5_MACS_peak_19141_lociStitched	chr4	132114664	132131260	5	15687	13802.8932	466	1
1_MACS_peak_6851_lociStitched	chr13	49548999	49555549	1	6551	13797.575	467	1
1_MACS_peak_267_lociStitched	chr1	17221404	17224091	1	2688	13795.8641	468	1
3_MACS_peak_13455_lociStitched	chr2	64860801	64872958	3	8040	13793.3322	469	1
5_MACS_peak_25579_lociStitched	chr9	112904357	112924933	5	14361	13785.92	470	1
4_MACS_peak_7951_lociStitched	chr15	34617340	34635587	4	13998	13776.485	471	1
1_MACS_peak_6869_lociStitched	chr13	50695714	50702083	1	6370	13774.8732	472	1
2_MACS_peak_19319_lociStitched	chr4	153553476	153566253	2	10971	13751.8851	473	1
6_MACS_peak_10158_lociStitched	chr17	32691949	32717011	6	12153	13744.0008	474	1
2_MACS_peak_26776_lociStitched	chrX	153189337	153201306	2	7842	13740.412	475	1
3_MACS_peak_24530_lociStitched	chr8	103664182	103675826	3	8298	13723.6184	476	1
1_MACS_peak_20036_lociStitched	chr5	90674417	90680819	1	6403	13673.3916	477	1
3_MACS_peak_25618_lociStitched	chr9	116278773	116295097	3	13313	13668.0852	478	1
7_MACS_peak_7144_lociStitched	chr14	23255216	23282764	7	13634	13661.0532	479	1
4_MACS_peak_15678_lociStitched	chr21	9952988	9969144	4	10977	13658.2824	480	1
5_MACS_peak_24680_lociStitched	chr8	126229477	126251744	5	13933	13649.671	481	1
3_MACS_peak_13518_lociStitched	chr2	68988820	69004627	3	13487	13638.2796	482	1
5_MACS_peak_13480_lociStitched	chr2	65251311	65264689	5	10460	13613.4528	483	1
3_MACS_peak_16995_lociStitched	chr3	42106899	42119417	3	7567	13612.0732	484	1
1_MACS_peak_18824_lociStitched	chr4	78737560	78744193	1	6634	13605.6096	485	1
3_MACS_peak_2110_lociStitched	chr1	189270053	189286364	3	16139	13605.0051	486	1
6_MACS_peak_12882_lociStitched	chr2	16794995	16818233	6	14164	13596.5538	487	1
2_MACS_peak_22462_lociStitched	chr6	159063811	159071547	2	5334	13568.944	488	1
1_MACS_peak_20123_lociStitched	chr5	107715885	107719513	1	3629	13472.2152	489	1
2_MACS_peak_4170_lociStitched	chr11	60673343	60684760	2	10841	13470.9183	490	1
6_MACS_peak_15887_lociStitched	chr21	43281417	43306665	6	12431	13464.7584	491	1
4_MACS_peak_16329_lociStitched	chr22	37614098	37631909	4	13290	13461.5538	492	1
7_MACS_peak_4507_lociStitched	chr11	73074800	73099411	7	12816	13454.8337	493	1
4_MACS_peak_16102_lociStitched	chr22	23476727	23488578	4	10079	13447.3297	494	1
2_MACS_peak_6121_lociStitched	chr12	104321026	104329273	2	6460	13440.9606	495	1
2_MACS_peak_24791_lociStitched	chr8	137188881	137202456	2	12957	13440.6075	496	1
4_MACS_peak_804_lociStitched	chr1	46786237	46800157	4	9713	13438.368	497	1
3_MACS_peak_19426_lociStitched	chr4	185300598	185318705	3	12540	13433.5833	498	1
2_MACS_peak_1982_lociStitched	chr1	174127538	174140020	2	10193	13415.6536	499	1
3_MACS_peak_4946_lociStitched	chr11	122930999	122943521	3	8625	13409.8098	500	1
3_MACS_peak_19866_lociStitched	chr5	68664154	68672711	3	8149	13399.4063	501	1
3_MACS_peak_9301_lociStitched	chr16	56943826	56955847	3	11512	13378.1709	502	1
1_MACS_peak_12032_lociStitched	chr19	16692259	16701082	1	8824	13375.668	503	1
3_MACS_peak_13245_lociStitched	chr2	46768370	46778316	3	9243	13349.5212	504	1
2_MACS_peak_13493_lociStitched	chr2	65657294	65665309	2	6074	13339.3645	505	1
1_MACS_peak_9379_lociStitched	chr16	67595265	67601516	1	6252	13335.8834	506	1
3_MACS_peak_14889_lociStitched	chr2	241499493	241508976	3	7013	13334.0463	507	1
1_MACS_peak_2508_lociStitched	chr1	228673979	228679087	1	5109	13326.2612	508	1
1_MACS_peak_1598_lociStitched	chr1	150581293	150587261	1	5969	13297.3008	509	1
1_MACS_peak_304_lociStitched	chr1	21614501	21624022	1	9522	13295.1244	510	1
2_MACS_peak_11948_lociStitched	chr19	14113869	14118302	2	4083	13294.567	511	1
1_MACS_peak_14378_lociStitched	chr2	178075592	178079242	1	3651	13265.925	512	1
8_MACS_peak_24619_lociStitched	chr8	120944072	120969549	8	12046	13265.8739	513	1
1_MACS_peak_23609_lociStitched	chr7	129588048	129593091	1	5044	13255.5255	514	1
4_MACS_peak_20482_lociStitched	chr5	142774927	142785673	4	7384	13208.9832	515	1
7_MACS_peak_12992_lociStitched	chr2	27293405	27310449	7	12348	13203.9868	516	1
2_MACS_peak_6165_lociStitched	chr12	106693752	106706706	2	8247	13200.126	517	1
2_MACS_peak_24548_lociStitched	chr8	104358717	104372974	2	9552	13183.4479	518	1
1_MACS_peak_4670_lociStitched	chr11	95521820	95524742	1	2923	13169.1618	519	1
2_MACS_peak_4396_lociStitched	chr11	67167648	67177929	2	10082	13162.7643	520	1
8_MACS_peak_18302_lociStitched	chr3	194859773	194883593	8	15183	13146.258	521	1
3_MACS_peak_20596_lociStitched	chr5	156964593	156982844	3	13072	13144.3702	522	1
5_MACS_peak_15939_lociStitched	chr21	45135200	45149195	5	9309	13141.305	523	1
1_MACS_peak_10522_lociStitched	chr17	48942042	48945906	1	3865	13140.6912	524	1
7_MACS_peak_21405_lociStitched	chr6	36708954	36727172	7	14574	13138.8216	525	1
4_MACS_peak_18487_lociStitched	chr4	15766713	15787410	4	13619	13132.2465	526	1
2_MACS_peak_7064_lociStitched	chr13	111357860	111369014	2	6252	13128.258	527	1
2_MACS_peak_16838_lociStitched	chr3	25821211	25832662	2	9002	13120.5558	528	1
1_MACS_peak_12481_lociStitched	chr19	45970380	45973899	1	3520	13112.4978	529	1
7_MACS_peak_19994_lociStitched	chr5	88114042	88134071	7	14659	13104.9747	530	1
5_MACS_peak_16414_lociStitched	chr22	39823060	39845338	5	13024	13099.464	531	1
1_MACS_peak_23455_lociStitched	chr7	106807441	106811277	1	3837	13081.1436	532	1
1_MACS_peak_13040_lociStitched	chr2	30368386	30373877	1	5492	13075.1692	533	1
2_MACS_peak_9192_lociStitched	chr16	30194043	30206407	2	7407	13066.2752	534	1
4_MACS_peak_24693_lociStitched	chr8	126339669	126355962	4	14523	13065.3567	535	1
5_MACS_peak_10409_lociStitched	chr17	44213814	44233224	5	15825	13060.989	536	1
2_MACS_peak_14411_lociStitched	chr2	182168387	182179779	2	11357	13029.0304	537	1
3_MACS_peak_15320_lociStitched	chr20	35933985	35946848	3	10241	13023.7875	538	1
4_MACS_peak_10067_lociStitched	chr17	27214709	27230649	4	11324	13019.792	539	1
6_MACS_peak_4102_lociStitched	chr11	47868546	47885578	6	11112	13017.5576	540	1
2_MACS_peak_17952_lociStitched	chr3	156873971	156879445	2	5303	12998.013	541	1
4_MACS_peak_381_lociStitched	chr1	25558158	25574827	4	9037	12991.8186	542	1
2_MACS_peak_1336_lociStitched	chr1	111172937	111183339	2	10289	12991.0578	543	1
1_MACS_peak_16473_lociStitched	chr22	41863429	41866504	1	3076	12977.73	544	1
1_MACS_peak_4319_lociStitched	chr11	65623779	65628938	1	5160	12957.3444	545	1
1_MACS_peak_22045_lociStitched	chr6	126067271	126073793	1	6523	12925.9518	546	1
4_MACS_peak_19610_lociStitched	chr5	32530687	32545963	4	11453	12912.8028	547	1
3_MACS_peak_7713_lociStitched	chr14	95960447	95972524	3	11710	12904.2745	548	1
4_MACS_peak_19839_lociStitched	chr5	65906940	65921440	4	13561	12886.15	549	1
3_MACS_peak_7181_lociStitched	chr14	24604396	24617497	3	7796	12880.9032	550	1
5_MACS_peak_11330_lociStitched	chr18	51732932	51751668	5	13295	12875.3792	551	1
1_MACS_peak_21954_lociStitched	chr6	111802838	111806728	1	3891	12871.621	552	1
5_MACS_peak_10445_lociStitched	chr17	45802913	45820307	5	11268	12866.3418	553	1
1_MACS_peak_25504_lociStitched	chr9	102581032	102585281	1	4250	12862.5728	554	1
2_MACS_peak_24805_lociStitched	chr8	141518991	141524022	2	4451	12860.2422	555	1
2_MACS_peak_23937_lociStitched	chr8	22297280	22305887	2	8234	12855.4152	556	1
5_MACS_peak_5534_lociStitched	chr12	48133014	48153457	5	11685	12854.5584	557	1
2_MACS_peak_15408_lociStitched	chr20	43270658	43281837	2	10984	12852.4963	558	1
4_MACS_peak_25730_lociStitched	chr9	126959018	126971567	4	11008	12830.0976	559	1
2_MACS_peak_20051_lociStitched	chr5	95194566	95207334	2	11001	12811.4112	560	1
4_MACS_peak_26801_lociStitched	chrX	153598623	153609157	4	7369	12806.1838	561	1
7_MACS_peak_17065_lociStitched	chr3	46320293	46345254	7	14004	12800.0008	562	1
8_MACS_peak_7581_lociStitched	chr14	81925529	81955565	8	14813	12765.3	563	1
2_MACS_peak_11847_lociStitched	chr19	11199345	11207807	2	7839	12750.5416	564	1
2_MACS_peak_24099_lociStitched	chr8	38237130	38244561	2	7395	12747.1374	565	1
5_MACS_peak_3755_lociStitched	chr11	307761	327683	5	11424	12742.1112	566	1
2_MACS_peak_8472_lociStitched	chr15	75487363	75498019	2	6622	12734.9856	567	1
1_MACS_peak_24633_lociStitched	chr8	123925355	123938056	1	12702	12734.0226	568	1
2_MACS_peak_20704_lociStitched	chr5	173208538	173223454	2	13182	12732.2976	569	1
1_MACS_peak_16678_lociStitched	chr3	9436857	9441455	1	4599	12729.563	570	1
3_MACS_peak_2277_lociStitched	chr1	206282257	206299924	3	10351	12677.8392	571	1
1_MACS_peak_18483_lociStitched	chr4	15002570	15007898	1	5329	12671.0496	572	1
2_MACS_peak_7227_lociStitched	chr14	32669146	32676462	2	6264	12668.3856	573	1
5_MACS_peak_6035_lociStitched	chr12	95595672	95613418	5	12279	12665.3202	574	1
3_MACS_peak_5103_lociStitched	chr12	6550664	6562599	3	10728	12658.261	575	1
4_MACS_peak_7867_lociStitched	chr15	22538215	22554805	4	8784	12653.193	576	1
6_MACS_peak_8012_lociStitched	chr15	40839060	40862327	6	12511	12636.3077	577	1
4_MACS_peak_10235_lociStitched	chr17	37922570	37937615	4	13884	12622.755	578	1
3_MACS_peak_17895_lociStitched	chr3	150477302	150484572	3	6402	12614.177	579	1
3_MACS_peak_777_lociStitched	chr1	46044023	46054181	3	7446	12600.999	580	1
1_MACS_peak_3083_lociStitched	chr10	63656758	63665389	1	8632	12596.0814	581	1
4_MACS_peak_11005_lociStitched	chr17	80391901	80409385	4	9815	12553.512	582	1
5_MACS_peak_8994_lociStitched	chr16	12052492	12072396	5	13200	12531.5584	583	1
7_MACS_peak_1879_lociStitched	chr1	161731500	161755161	7	12659	12516.669	584	1
6_MACS_peak_23707_lociStitched	chr7	139465290	139478760	6	10650	12502.854	585	1
1_MACS_peak_7612_lociStitched	chr14	89767963	89774207	1	6245	12496.7416	586	1
2_MACS_peak_8794_lociStitched	chr16	637391	643745	2	4453	12488.1516	587	1
1_MACS_peak_846_lociStitched	chr1	51977599	51985609	1	8011	12480.381	588	1
4_MACS_peak_13543_lociStitched	chr2	70342790	70360801	4	8337	12474.4186	589	1
4_MACS_peak_14711_lociStitched	chr2	219080970	219096075	4	13755	12452.562	590	1
5_MACS_peak_25699_lociStitched	chr9	126024727	126038312	5	10912	12450.6525	591	1
1_MACS_peak_17966_lociStitched	chr3	160116182	160123824	1	7643	12439.6476	592	1
1_MACS_peak_17784_lociStitched	chr3	133290745	133297820	1	7076	12420.87	593	1
5_MACS_peak_10816_lociStitched	chr17	73307805	73320448	5	10829	12401.5187	594	1
2_MACS_peak_25820_lociStitched	chr9	131444463	131453117	2	7691	12388.201	595	1
1_MACS_peak_19409_lociStitched	chr4	184423423	184428025	1	4603	12382.6014	596	1
6_MACS_peak_11266_lociStitched	chr18	46444304	46468067	6	11493	12366.2652	597	1
4_MACS_peak_25739_lociStitched	chr9	127047108	127063766	4	12245	12355.2386	598	1
2_MACS_peak_11304_lociStitched	chr18	48714508	48725276	2	8308	12355.2032	599	1
3_MACS_peak_2316_lociStitched	chr1	209271875	209286488	3	12761	12346.5237	600	1
4_MACS_peak_18903_lociStitched	chr4	89195451	89206962	4	8168	12344.3964	601	1
1_MACS_peak_25501_lociStitched	chr9	101983057	101986905	1	3849	12339.3816	602	1
2_MACS_peak_1845_lociStitched	chr1	161008078	161018042	2	5851	12320.486	603	1
1_MACS_peak_16467_lociStitched	chr22	41776543	41779214	1	2672	12314.9126	604	1
4_MACS_peak_4607_lociStitched	chr11	82772769	82790244	4	10356	12305.895	605	1
3_MACS_peak_6063_lociStitched	chr12	96791641	96802691	3	8469	12296.44	606	1
1_MACS_peak_23485_lociStitched	chr7	113722680	113728281	1	5602	12286.3536	607	1
2_MACS_peak_15436_lociStitched	chr20	45028294	45037718	2	7346	12285.1264	608	1
2_MACS_peak_20500_lociStitched	chr5	148204956	148216628	2	11256	12262.6032	609	1
3_MACS_peak_14777_lociStitched	chr2	227767328	227782755	3	11857	12258.2942	610	1
3_MACS_peak_15173_lociStitched	chr20	32250714	32263334	3	6791	12245.186	611	1
2_MACS_peak_25210_lociStitched	chr9	37527921	37535077	2	5952	12241.0536	612	1
4_MACS_peak_12560_lociStitched	chr19	48824476	48837717	4	7334	12238.6563	613	1
1_MACS_peak_16479_lociStitched	chr22	42014276	42018656	1	4381	12237.72	614	1
2_MACS_peak_2497_lociStitched	chr1	228269603	228278414	2	4662	12231.4302	615	1
2_MACS_peak_11493_lociStitched	chr19	1019923	1029650	2	6186	12223.9209	616	1
8_MACS_peak_2707_lociStitched	chr10	7510836	7535230	8	16401	12223.8334	617	1
1_MACS_peak_5378_lociStitched	chr12	31736642	31745700	1	9059	12207.4666	618	1
6_MACS_peak_26062_lociStitched	chrX	10072773	10090719	6	13794	12205.0746	619	1
1_MACS_peak_4313_lociStitched	chr11	65478894	65481057	1	2164	12202.7808	620	1
1_MACS_peak_26806_lociStitched	chrX	153625299	153629218	1	3920	12198.2794	621	1
8_MACS_peak_12258_lociStitched	chr19	38396664	38423868	8	12132	12195.5532	622	1
1_MACS_peak_14346_lociStitched	chr2	174826580	174831573	1	4994	12195.4025	623	1
1_MACS_peak_14902_lociStitched	chr2	242253502	242257542	1	4041	12191.508	624	1
7_MACS_peak_14324_lociStitched	chr2	173410533	173429072	7	12215	12187.5386	625	1
4_MACS_peak_15594_lociStitched	chr20	56251683	56268052	4	11924	12160.5301	626	1
4_MACS_peak_21399_lociStitched	chr6	36644657	36654624	4	8028	12158.7433	627	1
2_MACS_peak_18876_lociStitched	chr4	87855143	87862637	2	7099	12141.0294	628	1
1_MACS_peak_2610_lociStitched	chr1	245024616	245028969	1	4354	12138.7758	629	1
4_MACS_peak_619_lociStitched	chr1	38139419	38158686	4	10879	12118.943	630	1
9_MACS_peak_5081_lociStitched	chr12	5139231	5162471	9	15550	12110.364	631	1
2_MACS_peak_19414_lociStitched	chr4	185200800	185210816	2	9893	12109.344	632	1
3_MACS_peak_2156_lociStitched	chr1	197741199	197752996	3	9697	12083.6671	633	1
2_MACS_peak_4290_lociStitched	chr11	65237803	65245942	2	5801	12081.5316	634	1
2_MACS_peak_1691_lociStitched	chr1	154941085	154949508	2	7401	12081.1089	635	1
1_MACS_peak_8699_lociStitched	chr15	93443013	93448844	1	5832	12061.4235	636	1
3_MACS_peak_4436_lociStitched	chr11	68032132	68042023	3	9216	12061.0854	637	1
2_MACS_peak_6837_lociStitched	chr13	49099565	49108150	2	8513	12055.9155	638	1
4_MACS_peak_2254_lociStitched	chr1	205242848	205258258	4	10510	12047.538	639	1
4_MACS_peak_3744_lociStitched	chr10	135201527	135220202	4	10654	12039.7725	640	1
2_MACS_peak_5743_lociStitched	chr12	57909823	57917817	2	7404	12022.1766	641	1
2_MACS_peak_16481_lociStitched	chr22	42077346	42085747	2	4906	12019.3107	642	1
3_MACS_peak_10324_lociStitched	chr17	40821623	40833068	3	8434	12008.094	643	1
2_MACS_peak_24494_lociStitched	chr8	101503436	101514754	2	10180	12007.2662	644	1
3_MACS_peak_11383_lociStitched	chr18	56630083	56643700	3	8639	11996.577	645	1
4_MACS_peak_1804_lociStitched	chr1	159036295	159048118	4	10240	11987.3397	646	1
2_MACS_peak_19745_lociStitched	chr5	55883396	55889232	2	5001	11986.5604	647	1
1_MACS_peak_15265_lociStitched	chr20	34328619	34332733	1	4115	11976.6768	648	1
1_MACS_peak_8205_lociStitched	chr15	56656761	56666472	1	9712	11969.7786	649	1
3_MACS_peak_5737_lociStitched	chr12	57846766	57854184	3	7338	11965.9758	650	1
3_MACS_peak_17583_lociStitched	chr3	114855117	114867566	3	8949	11958.5094	651	1
3_MACS_peak_20399_lociStitched	chr5	138720028	138730400	3	9894	11949.5812	652	1
1_MACS_peak_9623_lociStitched	chr16	87839092	87845177	1	6086	11949.1145	653	1
1_MACS_peak_12371_lociStitched	chr19	41801785	41807497	1	5713	11946.0768	654	1
3_MACS_peak_2960_lociStitched	chr10	35414975	35421872	3	5050	11944.9143	655	1
1_MACS_peak_8813_lociStitched	chr16	1358464	1361265	1	2802	11926.0978	656	1
1_MACS_peak_24044_lociStitched	chr8	29938676	29941579	1	2904	11918.8471	657	1
7_MACS_peak_21900_lociStitched	chr6	108897745	108920528	7	14037	11908.6741	658	1
4_MACS_peak_12347_lociStitched	chr19	40916158	40932672	4	6150	11908.2454	659	1
4_MACS_peak_18404_lociStitched	chr4	2787480	2803554	4	8351	11907.6192	660	1
4_MACS_peak_8950_lociStitched	chr16	11391517	11411151	4	7791	11898.204	661	1
1_MACS_peak_22887_lociStitched	chr7	39987775	39991999	1	4225	11880.8448	662	1
2_MACS_peak_22515_lociStitched	chr6	167362939	167373372	2	7922	11879.0138	663	1
1_MACS_peak_7629_lociStitched	chr14	90080183	90088296	1	8114	11878.2433	664	1
2_MACS_peak_12791_lociStitched	chr19	59083490	59087874	2	4256	11878.0096	665	1
4_MACS_peak_8693_lociStitched	chr15	93373280	93393173	4	8082	11854.2387	666	1
2_MACS_peak_14892_lociStitched	chr2	241517612	241527144	2	6818	11851.1356	667	1
8_MACS_peak_24024_lociStitched	chr8	29106959	29126118	8	10350	11842.1779	668	1
2_MACS_peak_3599_lociStitched	chr10	112215640	112224980	2	8599	11841.252	669	1
1_MACS_peak_25354_lociStitched	chr9	86321439	86324164	1	2726	11831.6775	670	1
1_MACS_peak_25492_lociStitched	chr9	100744617	100748610	1	3994	11830.4604	671	1
3_MACS_peak_2476_lociStitched	chr1	226890500	226902146	3	8384	11818.3608	672	1
1_MACS_peak_5011_lociStitched	chr11	129871125	129874723	1	3599	11781.651	673	1
3_MACS_peak_19481_lociStitched	chr4	186391544	186406118	3	9715	11781.6216	674	1
3_MACS_peak_18084_lociStitched	chr3	176911521	176920424	3	8513	11775.9981	675	1
1_MACS_peak_3792_lociStitched	chr11	1870083	1878635	1	8553	11773.5384	676	1
3_MACS_peak_20440_lociStitched	chr5	139936169	139950874	3	7066	11769.882	677	1
5_MACS_peak_20916_lociStitched	chr6	7153733	7173451	5	10832	11759.8152	678	1
1_MACS_peak_7592_lociStitched	chr14	81991881	82000300	1	8420	11754.6078	679	1
3_MACS_peak_13192_lociStitched	chr2	43394970	43406639	3	8285	11753.0168	680	1
7_MACS_peak_18259_lociStitched	chr3	186776301	186792002	7	11091	11752.1985	681	1
2_MACS_peak_11593_lociStitched	chr19	2541697	2553540	2	7333	11745.8874	682	1
5_MACS_peak_17322_lociStitched	chr3	69128753	69145778	5	12558	11733.63	683	1
2_MACS_peak_5511_lociStitched	chr12	46776392	46785407	2	8818	11733.0225	684	1
8_MACS_peak_13381_lociStitched	chr2	60761109	60780625	8	15094	11709.6	685	1
3_MACS_peak_19448_lociStitched	chr4	185451563	185460848	3	8117	11700.0285	686	1
4_MACS_peak_6217_lociStitched	chr12	110431947	110450982	4	9513	11693.2005	687	1
1_MACS_peak_21225_lociStitched	chr6	30293229	30295855	1	2627	11688.0634	688	1
7_MACS_peak_23631_lociStitched	chr7	130901170	130920701	7	10656	11679.538	689	1
1_MACS_peak_24709_lociStitched	chr8	126612207	126621252	1	9046	11664.432	690	1
1_MACS_peak_24545_lociStitched	chr8	104309811	104318109	1	8299	11649.5622	691	1
2_MACS_peak_6443_lociStitched	chr12	123458429	123466108	2	5227	11642.8998	692	1
7_MACS_peak_2046_lociStitched	chr1	182580296	182604237	7	11267	11632.9319	693	1
3_MACS_peak_11424_lociStitched	chr18	60871123	60885410	3	10724	11629.618	694	1
5_MACS_peak_10270_lociStitched	chr17	38493340	38509857	5	10039	11627.968	695	1
5_MACS_peak_24534_lociStitched	chr8	103816142	103827187	5	7495	11617.131	696	1
1_MACS_peak_20373_lociStitched	chr5	137087753	137091483	1	3731	11611.117	697	1
1_MACS_peak_141_lociStitched	chr1	8551474	8558580	1	7107	11593.439	698	1
2_MACS_peak_18165_lociStitched	chr3	182505537	182513883	2	6120	11587.5864	699	1
4_MACS_peak_21936_lociStitched	chr6	109400884	109417498	4	8063	11576.6352	700	1
2_MACS_peak_11088_lociStitched	chr18	9135250	9144075	2	6759	11556.3375	701	1
1_MACS_peak_9953_lociStitched	chr17	18085136	18090548	1	5413	11550.2904	702	1
6_MACS_peak_11184_lociStitched	chr18	24028503	24051711	6	11672	11543.6592	703	1
3_MACS_peak_9610_lociStitched	chr16	87416156	87426910	3	6943	11540.1174	704	1
2_MACS_peak_7109_lociStitched	chr14	20922203	20930648	2	4878	11531.6475	705	1
2_MACS_peak_6630_lociStitched	chr13	31033128	31041382	2	5764	11528.3618	706	1
2_MACS_peak_2021_lociStitched	chr1	179846228	179853668	2	4250	11513.4	707	1
1_MACS_peak_14379_lociStitched	chr2	178127207	178131074	1	3868	11508.192	708	1
3_MACS_peak_8379_lociStitched	chr15	70387217	70396674	3	9122	11492.1464	709	1
1_MACS_peak_18676_lociStitched	chr4	42639510	42649082	1	9573	11491.186	710	1
2_MACS_peak_3005_lociStitched	chr10	45912707	45922042	2	7429	11483.917	711	1
6_MACS_peak_22018_lociStitched	chr6	119762408	119785131	6	13673	11479.6596	712	1
2_MACS_peak_3859_lociStitched	chr11	9589811	9600236	2	7923	11476.8825	713	1
2_MACS_peak_2653_lociStitched	chr10	3823834	3828586	2	4751	11476.5552	714	1
6_MACS_peak_9373_lociStitched	chr16	67570953	67587206	6	12280	11474.618	715	1
3_MACS_peak_22014_lociStitched	chr6	119668255	119677034	3	8497	11455.7171	716	1
2_MACS_peak_5216_lociStitched	chr12	14921537	14928575	2	5943	11454.345	717	1
1_MACS_peak_17795_lociStitched	chr3	135911534	135917526	1	5993	11454.3072	718	1
3_MACS_peak_4391_lociStitched	chr11	67117096	67124565	3	6331	11443.2549	719	1
1_MACS_peak_1072_lociStitched	chr1	81769277	81781166	1	11890	11431.2735	720	1
4_MACS_peak_4356_lociStitched	chr11	66375286	66387011	4	7047	11424.84	721	1
2_MACS_peak_14162_lociStitched	chr2	158292459	158301858	2	7202	11422.6047	722	1
1_MACS_peak_22437_lociStitched	chr6	158243296	158246295	1	3000	11416.8931	723	1
4_MACS_peak_2103_lociStitched	chr1	189108931	189130385	4	14228	11404.9464	724	1
2_MACS_peak_17152_lociStitched	chr3	49756512	49763638	2	5244	11394.474	725	1
3_MACS_peak_10072_lociStitched	chr17	27271913	27280122	3	5493	11389.1666	726	1
4_MACS_peak_4343_lociStitched	chr11	66044806	66057970	4	6107	11385.5436	727	1
2_MACS_peak_10488_lociStitched	chr17	47747076	47755636	2	6400	11384.8	728	1
5_MACS_peak_14839_lociStitched	chr2	233937479	233952452	5	11496	11382.4746	729	1
1_MACS_peak_26225_lociStitched	chrX	40026181	40036655	1	10475	11371.6218	730	1
1_MACS_peak_20683_lociStitched	chr5	172260274	172266190	1	5917	11368.1856	731	1
2_MACS_peak_12396_lociStitched	chr19	42440971	42451180	2	9561	11363.6379	732	1
4_MACS_peak_992_lociStitched	chr1	66736649	66750490	4	9989	11357.9246	733	1
4_MACS_peak_9724_lociStitched	chr17	1618187	1628740	4	6136	11348.6962	734	1
2_MACS_peak_16831_lociStitched	chr3	23986110	23992372	2	4101	11347.3702	735	1
2_MACS_peak_1392_lociStitched	chr1	115293162	115301458	2	8270	11344.78	736	1
2_MACS_peak_15353_lociStitched	chr20	37498327	37507265	2	8889	11344.1096	737	1
2_MACS_peak_6149_lociStitched	chr12	105133658	105146285	2	12601	11342.8341	738	1
2_MACS_peak_7186_lociStitched	chr14	24656573	24666782	2	5355	11342.199	739	1
2_MACS_peak_19242_lociStitched	chr4	146850838	146860410	2	7237	11337.0768	740	1
5_MACS_peak_4364_lociStitched	chr11	66559697	66576474	5	11010	11332.8635	741	1
2_MACS_peak_3508_lociStitched	chr10	104153371	104160075	2	4330	11330.4304	742	1
1_MACS_peak_96_lociStitched	chr1	4850961	4861952	1	10992	11318.5318	743	1
3_MACS_peak_14361_lociStitched	chr2	175454992	175465643	3	10107	11310.2969	744	1
3_MACS_peak_2012_lociStitched	chr1	179048958	179061562	3	7131	11308.3088	745	1
1_MACS_peak_21940_lociStitched	chr6	109701391	109705172	1	3782	11307.8367	746	1
7_MACS_peak_1384_lociStitched	chr1	115229936	115251450	7	13825	11303.4556	747	1
3_MACS_peak_997_lociStitched	chr1	66795801	66806271	3	9882	11303.412	748	1
1_MACS_peak_11988_lociStitched	chr19	15441615	15445727	1	4113	11299.3648	749	1
2_MACS_peak_597_lociStitched	chr1	36637684	36643902	2	6142	11298.7278	750	1
4_MACS_peak_20743_lociStitched	chr5	176725959	176740059	4	9598	11298.33	751	1
2_MACS_peak_18500_lociStitched	chr4	17577185	17582479	2	4998	11289.455	752	1
2_MACS_peak_10814_lociStitched	chr17	73284388	73294950	2	6943	11283.3846	753	1
1_MACS_peak_7749_lociStitched	chr14	100703913	100707683	1	3771	11280.971	754	1
1_MACS_peak_6114_lociStitched	chr12	102870485	102879252	1	8768	11269.9785	755	1
3_MACS_peak_19068_lociStitched	chr4	119754936	119762859	3	6302	11268.0906	756	1
4_MACS_peak_19636_lociStitched	chr5	36234753	36243314	4	7110	11249.154	757	1
3_MACS_peak_24808_lociStitched	chr8	141598571	141609322	3	5793	11238.0203	758	1
2_MACS_peak_21235_lociStitched	chr6	30580056	30586732	2	6521	11226.3616	759	1
1_MACS_peak_7580_lociStitched	chr14	81684965	81688415	1	3451	11221.815	760	1
1_MACS_peak_24631_lociStitched	chr8	123791752	123795929	1	4178	11206.4733	761	1
2_MACS_peak_25518_lociStitched	chr9	103310353	103324990	2	12758	11191.4502	762	1
3_MACS_peak_19224_lociStitched	chr4	146440961	146455299	3	11989	11187.9414	763	1
9_MACS_peak_18041_lociStitched	chr3	171850803	171878540	9	13738	11175.2373	764	1
2_MACS_peak_23657_lociStitched	chr7	134670744	134682816	2	7658	11171.4288	765	1
4_MACS_peak_16171_lociStitched	chr22	26874967	26886513	4	9469	11169.6004	766	1
4_MACS_peak_16590_lociStitched	chr22	48486800	48497536	4	8205	11158.9984	767	1
1_MACS_peak_15524_lociStitched	chr20	49546002	49549156	1	3155	11150.3362	768	1
3_MACS_peak_5714_lociStitched	chr12	57022077	57031659	3	8091	11149.6152	769	1
1_MACS_peak_22488_lociStitched	chr6	160147042	160150103	1	3062	11149.0803	770	1
2_MACS_peak_14961_lociStitched	chr20	3776000	3783962	2	7619	11127.6912	771	1
2_MACS_peak_21151_lociStitched	chr6	26357856	26370522	2	10950	11124.5478	772	1
5_MACS_peak_25800_lociStitched	chr9	130828961	130845448	5	10179	11122.1302	773	1
2_MACS_peak_8431_lociStitched	chr15	74832376	74840792	2	7881	11121.744	774	1
4_MACS_peak_15633_lociStitched	chr20	60929483	60943971	4	10951	11119.54	775	1
2_MACS_peak_10119_lociStitched	chr17	29635866	29649115	2	12466	11113.2612	776	1
3_MACS_peak_12971_lociStitched	chr2	26145853	26162639	3	11881	11110.6534	777	1
1_MACS_peak_20417_lociStitched	chr5	139012849	139019310	1	6462	11107.1051	778	1
1_MACS_peak_15396_lociStitched	chr20	42307464	42312972	1	5509	11103.0264	779	1
4_MACS_peak_24892_lociStitched	chr8	145743163	145754967	4	7507	11100.4816	780	1
3_MACS_peak_861_lociStitched	chr1	52336477	52345632	3	5299	11087.6205	781	1
1_MACS_peak_9829_lociStitched	chr17	6915049	6919564	1	4516	11087.034	782	1
2_MACS_peak_11823_lociStitched	chr19	10763373	10771275	2	6745	11062.8	783	1
2_MACS_peak_16836_lociStitched	chr3	25700344	25708252	2	6344	11061.7104	784	1
2_MACS_peak_14723_lociStitched	chr2	219260335	219272051	2	7647	11056.3892	785	1
6_MACS_peak_20222_lociStitched	chr5	122847144	122863328	6	10186	11053.672	786	1
1_MACS_peak_2935_lociStitched	chr10	32634817	32636963	1	2147	11047.3934	787	1
2_MACS_peak_21461_lociStitched	chr6	41693070	41703455	2	8694	11042.3705	788	1
6_MACS_peak_4422_lociStitched	chr11	67761434	67778114	6	9073	11027.148	789	1
2_MACS_peak_20470_lociStitched	chr5	142430494	142439503	2	8994	11014.4034	790	1
2_MACS_peak_309_lociStitched	chr1	22105720	22110478	2	4720	11011.4394	791	1
4_MACS_peak_7120_lociStitched	chr14	21565096	21578740	4	8563	10987.5132	792	1
5_MACS_peak_11916_lociStitched	chr19	13043746	13057643	5	9828	10967.5124	793	1
6_MACS_peak_20984_lociStitched	chr6	13271702	13288188	6	11140	10951.6498	794	1
1_MACS_peak_22318_lociStitched	chr6	151709836	151714069	1	4234	10949.5011	795	1
3_MACS_peak_14539_lociStitched	chr2	198165883	198176510	3	10176	10939.4338	796	1
4_MACS_peak_15056_lociStitched	chr20	17826749	17841490	4	12467	10939.2961	797	1
2_MACS_peak_1694_lociStitched	chr1	154971165	154981458	2	7492	10935.2832	798	1
5_MACS_peak_770_lociStitched	chr1	45973586	45988425	5	9386	10912.6006	799	1
5_MACS_peak_10250_lociStitched	chr17	38218601	38232116	5	10807	10905.2535	800	1
2_MACS_peak_11656_lociStitched	chr19	4058830	4068209	2	8258	10903.0875	801	1
1_MACS_peak_20384_lociStitched	chr5	137877380	137881060	1	3681	10900.896	802	1
3_MACS_peak_15882_lociStitched	chr21	42791228	42804795	3	8185	10899.7278	803	1
2_MACS_peak_17564_lociStitched	chr3	113463820	113470111	2	6029	10894.7538	804	1
2_MACS_peak_15191_lociStitched	chr20	32580250	32587837	2	4939	10892.6559	805	1
1_MACS_peak_1468_lociStitched	chr1	143742235	143746041	1	3807	10888.5854	806	1
1_MACS_peak_25486_lociStitched	chr9	100393924	100397120	1	3197	10883.6584	807	1
1_MACS_peak_266_lociStitched	chr1	17066089	17068296	1	2208	10872.3441	808	1
1_MACS_peak_265_lociStitched	chr1	16992172	16994312	1	2141	10865.636	809	1
3_MACS_peak_11857_lociStitched	chr19	11484815	11495117	3	6413	10864.4892	810	1
6_MACS_peak_3204_lociStitched	chr10	74004734	74024841	6	10562	10861.8014	811	1
2_MACS_peak_1689_lociStitched	chr1	154927052	154935761	2	5016	10856.6394	812	1
2_MACS_peak_13323_lociStitched	chr2	54795413	54809478	2	12081	10842.7085	813	1
2_MACS_peak_18655_lociStitched	chr4	40301526	40312196	2	9751	10839.653	814	1
3_MACS_peak_5969_lociStitched	chr12	92855030	92873395	3	13693	10833.5135	815	1
1_MACS_peak_23776_lociStitched	chr7	150100568	150107409	1	6842	10812.2005	816	1
1_MACS_peak_20266_lociStitched	chr5	126111472	126115989	1	4518	10811.8912	817	1
2_MACS_peak_2445_lociStitched	chr1	226242547	226252128	2	5166	10807.368	818	1
2_MACS_peak_21388_lociStitched	chr6	36559305	36565690	2	6350	10804.0585	819	1
1_MACS_peak_14943_lociStitched	chr20	2081706	2084461	1	2756	10800.9775	820	1
3_MACS_peak_2290_lociStitched	chr1	206880234	206895327	3	10876	10786.9671	821	1
1_MACS_peak_10766_lociStitched	chr17	66451987	66459364	1	7378	10776.3216	822	1
3_MACS_peak_19281_lociStitched	chr4	152934311	152950026	3	9406	10764.775	823	1
2_MACS_peak_23137_lociStitched	chr7	75986782	75994578	2	4023	10755.3616	824	1
3_MACS_peak_3306_lociStitched	chr10	83624466	83637042	3	9628	10727.328	825	1
3_MACS_peak_24974_lociStitched	chr9	5624365	5631225	3	6458	10717.378	826	1
1_MACS_peak_4371_lociStitched	chr11	66609259	66612147	1	2889	10714.1912	827	1
4_MACS_peak_10146_lociStitched	chr17	31154127	31166687	4	10208	10694.84	828	1
1_MACS_peak_20310_lociStitched	chr5	130969707	130972802	1	3096	10687.9635	829	1
1_MACS_peak_18385_lociStitched	chr4	1871062	1875084	1	4023	10686.8562	830	1
2_MACS_peak_11943_lociStitched	chr19	13991092	13998343	2	7248	10684.3485	831	1
1_MACS_peak_19769_lociStitched	chr5	56468334	56473237	1	4904	10677.2631	832	1
1_MACS_peak_21976_lociStitched	chr6	114175384	114180929	1	5546	10669.689	833	1
4_MACS_peak_10243_lociStitched	chr17	38072514	38085366	4	10967	10654.308	834	1
4_MACS_peak_14771_lociStitched	chr2	227654996	227666422	4	8886	10645.6042	835	1
2_MACS_peak_7289_lociStitched	chr14	50465432	50476531	2	6945	10632.842	836	1
1_MACS_peak_16561_lociStitched	chr22	46544663	46548080	1	3418	10630.6287	837	1
4_MACS_peak_15743_lociStitched	chr21	30668346	30677645	4	6243	10627.8271	838	1
1_MACS_peak_8867_lociStitched	chr16	2800930	2803909	1	2980	10619.5392	839	1
3_MACS_peak_11612_lociStitched	chr19	2693447	2702851	3	9113	10618.0564	840	1
3_MACS_peak_6448_lociStitched	chr12	123712843	123723277	3	7845	10613.4648	841	1
3_MACS_peak_18374_lociStitched	chr4	1239170	1244491	3	5155	10610.6061	842	1
3_MACS_peak_22803_lociStitched	chr7	30314118	30326634	3	6531	10606.0584	843	1
3_MACS_peak_9069_lociStitched	chr16	21510118	21520909	3	6838	10601.0784	844	1
1_MACS_peak_933_lociStitched	chr1	59247020	59251750	1	4731	10599.93	845	1
1_MACS_peak_803_lociStitched	chr1	46766896	46770988	1	4093	10596.234	846	1
1_MACS_peak_18851_lociStitched	chr4	83349709	83352856	1	3148	10572.0318	847	1
1_MACS_peak_3035_lociStitched	chr10	52381352	52385989	1	4638	10565.8682	848	1
2_MACS_peak_3838_lociStitched	chr11	6980300	6986011	2	5451	10560.2101	849	1
1_MACS_peak_15029_lociStitched	chr20	10650601	10656294	1	5694	10556.5299	850	1
2_MACS_peak_17172_lociStitched	chr3	50373431	50378739	2	5233	10553.8964	851	1
1_MACS_peak_4216_lociStitched	chr11	62606266	62610657	1	4392	10552.4512	852	1
6_MACS_peak_19733_lociStitched	chr5	55435710	55452658	6	12617	10546.7404	853	1
3_MACS_peak_9446_lociStitched	chr16	70322024	70333990	3	4809	10543.2426	854	1
5_MACS_peak_25293_lociStitched	chr9	71546363	71565857	5	10754	10542.3552	855	1
3_MACS_peak_22947_lociStitched	chr7	45032458	45042679	3	9008	10537.851	856	1
2_MACS_peak_9847_lociStitched	chr17	7381753	7388699	2	4559	10537.7766	857	1
3_MACS_peak_10367_lociStitched	chr17	42287865	42299532	3	6129	10529.4675	858	1
3_MACS_peak_20729_lociStitched	chr5	175956402	175971244	3	7340	10527.4306	859	1
1_MACS_peak_17060_lociStitched	chr3	46132147	46141212	1	9066	10521.7455	860	1
6_MACS_peak_15148_lociStitched	chr20	30944936	30958380	6	10626	10518.5856	861	1
4_MACS_peak_12392_lociStitched	chr19	42371522	42388959	4	12015	10507.5362	862	1
3_MACS_peak_1853_lociStitched	chr1	161122903	161137129	3	5927	10503.0558	863	1
1_MACS_peak_25957_lociStitched	chr9	139375977	139379119	1	3143	10500.2498	864	1
1_MACS_peak_11058_lociStitched	chr18	2654187	2658790	1	4604	10494.84	865	1
7_MACS_peak_22963_lociStitched	chr7	47606735	47622526	7	12907	10489.9613	866	1
1_MACS_peak_4450_lociStitched	chr11	68972823	68981967	1	9145	10483.596	867	1
1_MACS_peak_15105_lociStitched	chr20	25033112	25040237	1	7126	10482.3	868	1
2_MACS_peak_3214_lociStitched	chr10	74075883	74081742	2	5792	10477.6497	869	1
3_MACS_peak_8073_lociStitched	chr15	44081271	44093436	3	6143	10474.065	870	1
2_MACS_peak_6472_lociStitched	chr12	124935910	124943092	2	7092	10467.0468	871	1
3_MACS_peak_4282_lociStitched	chr11	65148054	65154896	3	4572	10466.8916	872	1
3_MACS_peak_22209_lociStitched	chr6	139690708	139697918	3	6621	10466.036	873	1
2_MACS_peak_12517_lociStitched	chr19	47285605	47292073	2	6431	10460.0496	874	1
2_MACS_peak_6418_lociStitched	chr12	122904792	122910253	2	5065	10457.2689	875	1
3_MACS_peak_21070_lociStitched	chr6	20401151	20412337	3	9167	10444.3682	876	1
2_MACS_peak_16489_lociStitched	chr22	42223814	42230916	2	6946	10440.6502	877	1
4_MACS_peak_16699_lociStitched	chr3	10230706	10241679	4	9595	10427.6419	878	1
6_MACS_peak_21040_lociStitched	chr6	16503978	16522721	6	12776	10413.6108	879	1
2_MACS_peak_6018_lociStitched	chr12	94597684	94605250	2	7269	10410.816	880	1
3_MACS_peak_7743_lociStitched	chr14	100524685	100540036	3	10252	10409.5131	881	1
4_MACS_peak_2286_lociStitched	chr1	206852696	206867255	4	10515	10399.4937	882	1
1_MACS_peak_21784_lociStitched	chr6	89788943	89792990	1	4048	10396.743	883	1
3_MACS_peak_428_lociStitched	chr1	27018595	27029528	3	7244	10395.0964	884	1
5_MACS_peak_12218_lociStitched	chr19	35695754	35706042	5	9535	10393.9664	885	1
4_MACS_peak_476_lociStitched	chr1	28209758	28221120	4	10437	10393.9576	886	1
4_MACS_peak_1938_lociStitched	chr1	169074438	169086659	4	7782	10385.4058	887	1
1_MACS_peak_24173_lociStitched	chr8	52809457	52815463	1	6007	10359.1488	888	1
1_MACS_peak_9760_lociStitched	chr17	3460044	3463199	1	3156	10358.8115	889	1
5_MACS_peak_3068_lociStitched	chr10	61631924	61652945	5	11838	10352.8425	890	1
1_MACS_peak_20084_lociStitched	chr5	98262733	98266265	1	3533	10344.5216	891	1
2_MACS_peak_7275_lociStitched	chr14	50098357	50103772	2	5353	10342.65	892	1
2_MACS_peak_15456_lociStitched	chr20	46036075	46047617	2	9324	10337.0152	893	1
4_MACS_peak_25853_lociStitched	chr9	132746967	132761518	4	9950	10331.21	894	1
2_MACS_peak_880_lociStitched	chr1	53095919	53105018	2	8669	10312.8066	895	1
1_MACS_peak_3058_lociStitched	chr10	60025207	60029819	1	4613	10300.902	896	1
6_MACS_peak_14308_lociStitched	chr2	173291367	173307675	6	10065	10285.4556	897	1
2_MACS_peak_13662_lociStitched	chr2	86843795	86851708	2	5125	10281.3609	898	1
2_MACS_peak_5362_lociStitched	chr12	31470748	31479847	2	6139	10280.9601	899	1
3_MACS_peak_1338_lociStitched	chr1	111211412	111220625	3	8717	10276.1802	900	1
5_MACS_peak_21964_lociStitched	chr6	113946652	113958453	5	10347	10275.1307	901	1
1_MACS_peak_10206_lociStitched	chr17	36570571	36574160	1	3590	10271.718	902	1
1_MACS_peak_16212_lociStitched	chr22	29662920	29665950	1	3031	10270.488	903	1
1_MACS_peak_14911_lociStitched	chr2	242640355	242643075	1	2721	10268.272	904	1
1_MACS_peak_17495_lociStitched	chr3	105084796	105089525	1	4730	10262.4029	905	1
3_MACS_peak_13008_lociStitched	chr2	27427821	27441198	3	5412	10253.4705	906	1
3_MACS_peak_9478_lociStitched	chr16	71875695	71889356	3	8121	10252.5805	907	1
4_MACS_peak_26771_lociStitched	chrX	152988192	152998044	4	7091	10247.0652	908	1
1_MACS_peak_14574_lociStitched	chr2	201726269	201730105	1	3837	10237.9004	909	1
4_MACS_peak_20588_lociStitched	chr5	156907247	156916434	4	8068	10227.8871	910	1
3_MACS_peak_23959_lociStitched	chr8	23304333	23315963	3	6384	10221.607	911	1
3_MACS_peak_22453_lociStitched	chr6	158704098	158714610	3	6121	10218.7152	912	1
3_MACS_peak_20247_lociStitched	chr5	124074155	124085579	3	11160	10206.2016	913	1
2_MACS_peak_21183_lociStitched	chr6	27774520	27784351	2	7836	10190.8146	914	1
1_MACS_peak_19651_lociStitched	chr5	39071647	39078036	1	6390	10180.8715	915	1
2_MACS_peak_12629_lociStitched	chr19	50175201	50184281	2	6436	10167.784	916	1
5_MACS_peak_8960_lociStitched	chr16	11668775	11681864	5	9007	10164.9174	917	1
2_MACS_peak_22375_lociStitched	chr6	157165981	157179298	2	11677	10162.2027	918	1
2_MACS_peak_12134_lociStitched	chr19	19173002	19180759	2	7124	10161.67	919	1
2_MACS_peak_22795_lociStitched	chr7	30065389	30073319	2	7153	10160.709	920	1
3_MACS_peak_18029_lociStitched	chr3	171753701	171763361	3	4046	10158.456	921	1
2_MACS_peak_5830_lociStitched	chr12	69195602	69203552	2	4411	10147.38	922	1
3_MACS_peak_17980_lociStitched	chr3	169482002	169492248	3	5077	10144.5646	923	1
3_MACS_peak_9201_lociStitched	chr16	30353713	30368137	3	8570	10142.9568	924	1
2_MACS_peak_8320_lociStitched	chr15	66789030	66798457	2	4521	10142.5093	925	1
1_MACS_peak_20336_lociStitched	chr5	132297619	132300143	1	2525	10142.4416	926	1
3_MACS_peak_15283_lociStitched	chr20	35221969	35235168	3	6630	10135.5121	927	1
2_MACS_peak_9387_lociStitched	chr16	67875564	67882163	2	5292	10134.7442	928	1
3_MACS_peak_10469_lociStitched	chr17	46907754	46920171	3	5488	10132.272	929	1
1_MACS_peak_13458_lociStitched	chr2	64879323	64885823	1	6501	10128.95	930	1
2_MACS_peak_8425_lociStitched	chr15	74688576	74697121	2	6756	10123.2615	931	1
1_MACS_peak_6867_lociStitched	chr13	50649500	50657432	1	7933	10099.0224	932	1
1_MACS_peak_4890_lociStitched	chr11	118887167	118890586	1	3420	10094.9394	933	1
1_MACS_peak_5171_lociStitched	chr12	10364735	10367970	1	3236	10093.847	934	1
3_MACS_peak_8987_lociStitched	chr16	11885728	11892953	3	6482	10089.7125	935	1
3_MACS_peak_10987_lociStitched	chr17	80185804	80199856	3	9277	10080.9048	936	1
1_MACS_peak_21297_lociStitched	chr6	31938106	31941199	1	3094	10078.2312	937	1
2_MACS_peak_2299_lociStitched	chr1	207918001	207927980	2	9815	10072.8026	938	1
1_MACS_peak_2609_lociStitched	chr1	244996426	245000266	1	3841	10071.168	939	1
2_MACS_peak_8583_lociStitched	chr15	85289235	85294602	2	5062	10070.1021	940	1
1_MACS_peak_25590_lociStitched	chr9	114244674	114247465	1	2792	10069.6489	941	1
4_MACS_peak_25326_lociStitched	chr9	82179880	82189135	4	7673	10057.4085	942	1
1_MACS_peak_21872_lociStitched	chr6	106609958	106617627	1	7670	10047.9238	943	1
2_MACS_peak_16827_lociStitched	chr3	23847011	23854786	2	7658	10044.5225	944	1
2_MACS_peak_16432_lociStitched	chr22	40439569	40448274	2	5483	10039.4765	945	1
2_MACS_peak_9382_lociStitched	chr16	67693177	67703054	2	6285	10036.0197	946	1
1_MACS_peak_20385_lociStitched	chr5	137909737	137912023	1	2287	10026.396	947	1
2_MACS_peak_6895_lociStitched	chr13	53023187	53030677	2	4802	10024.616	948	1
1_MACS_peak_16455_lociStitched	chr22	41251573	41254038	1	2466	10005.928	949	1
2_MACS_peak_2657_lociStitched	chr10	3908423	3918573	2	6965	10005.87	950	1
1_MACS_peak_2762_lociStitched	chr10	12083256	12086801	1	3546	10005.408	951	1
4_MACS_peak_9416_lociStitched	chr16	68305776	68322270	4	10762	10001.9616	952	1
1_MACS_peak_233_lociStitched	chr1	15849964	15854114	1	4151	9998.595	953	1
3_MACS_peak_17348_lociStitched	chr3	72123963	72136320	3	9938	9985.6917	954	1
3_MACS_peak_22050_lociStitched	chr6	126128053	126140814	3	11684	9982.9303	955	1
3_MACS_peak_18231_lociStitched	chr3	185823118	185829700	3	5769	9979.6284	956	1
1_MACS_peak_22477_lociStitched	chr6	159289785	159292390	1	2606	9975.587	957	1
1_MACS_peak_21635_lociStitched	chr6	64281303	64284833	1	3531	9970.485	958	1
5_MACS_peak_20825_lociStitched	chr6	216358	229938	5	10636	9970.436	959	1
4_MACS_peak_17073_lociStitched	chr3	46390053	46404477	4	14200	9966.984	960	1
1_MACS_peak_5765_lociStitched	chr12	62995515	62998248	1	2734	9963.6981	961	1
1_MACS_peak_9185_lociStitched	chr16	30074534	30078690	1	4157	9961.932	962	1
1_MACS_peak_10404_lociStitched	chr17	43660355	43664796	1	4442	9953.1692	963	1
1_MACS_peak_14248_lociStitched	chr2	165609748	165619920	1	10173	9932.958	964	1
2_MACS_peak_5295_lociStitched	chr12	26305459	26316716	2	9036	9926.4226	965	1
1_MACS_peak_19597_lociStitched	chr5	32172157	32175569	1	3413	9926.1904	966	1
3_MACS_peak_17139_lociStitched	chr3	49376721	49384422	3	5609	9908.8767	967	1
2_MACS_peak_14489_lociStitched	chr2	191390692	191400667	2	7475	9908.1675	968	1
3_MACS_peak_17650_lociStitched	chr3	121709858	121723967	3	9454	9907.3398	969	1
2_MACS_peak_9955_lociStitched	chr17	18160104	18166176	2	5532	9905.2536	970	1
2_MACS_peak_5101_lociStitched	chr12	6534672	6543954	2	8802	9904.8222	971	1
5_MACS_peak_11557_lociStitched	chr19	2041040	2051857	5	6749	9901.8818	972	1
4_MACS_peak_7986_lociStitched	chr15	40330259	40348408	4	8472	9898.4646	973	1
3_MACS_peak_25448_lociStitched	chr9	96927780	96936201	3	4465	9892.1487	974	1
2_MACS_peak_21304_lociStitched	chr6	32156745	32164759	2	6581	9889.276	975	1
4_MACS_peak_16807_lociStitched	chr3	20080757	20097363	4	8613	9888.873	976	1
2_MACS_peak_17891_lociStitched	chr3	150315918	150325824	2	9666	9887.1786	977	1
4_MACS_peak_11734_lociStitched	chr19	7398360	7414524	4	10109	9879.4368	978	1
1_MACS_peak_25629_lociStitched	chr9	117145428	117151900	1	6473	9874.3304	979	1
3_MACS_peak_13320_lociStitched	chr2	54775569	54788800	3	9088	9863.7105	980	1
1_MACS_peak_13879_lociStitched	chr2	111875073	111881379	1	6307	9858.8004	981	1
1_MACS_peak_25748_lociStitched	chr9	127701990	127705229	1	3240	9856.9248	982	1
1_MACS_peak_1331_lociStitched	chr1	110879435	110883081	1	3647	9850.3982	983	1
3_MACS_peak_25276_lociStitched	chr9	71250944	71268534	3	10475	9846.882	984	1
1_MACS_peak_2002_lociStitched	chr1	178544352	178552323	1	7972	9837.8082	985	1
2_MACS_peak_13563_lociStitched	chr2	71290307	71299754	2	7412	9833.3823	986	1
2_MACS_peak_13654_lociStitched	chr2	86261106	86269209	2	7767	9822.4566	987	1
3_MACS_peak_9456_lociStitched	chr16	70461673	70474101	3	10530	9815.6344	988	1
2_MACS_peak_4321_lociStitched	chr11	65655027	65662154	2	5815	9812.4536	989	1
1_MACS_peak_20135_lociStitched	chr5	108742382	108748288	1	5907	9811.6378	990	1
5_MACS_peak_3408_lociStitched	chr10	97514941	97530772	5	9876	9810.4707	991	1
3_MACS_peak_20710_lociStitched	chr5	173309405	173322067	3	12031	9782.6612	992	1
