#MM3_jia_peaks Enhancers
#Created from /data/projects/IRF4_mm_trn_data/myeloma_public_data/rose/MM3_jia_ROSE/MM3_jia_peaks_5KB_STITCHED_ENHANCER_REGION_MAP.txt
#Ranked by MM3_jia.bam
#Using cutoff of 9773.6174 for Super-Enhancers
#Created on Jul 16 2024 
REGION_ID	CHROM	START	STOP	NUM_LOCI	CONSTITUENT_SIZE	MM3_jia.bam	enhancerRank	isSuperStretch
9_MACS_peak_1415_lociStitched	chr1	118147239	118230968	9	76134	96397.1977	1	1
12_MACS_peak_7665_lociStitched	chr14	91811591	91885910	12	65101	96488.3577	2	1
17_MACS_peak_22409_lociStitched	chr6	157956632	158042078	17	67886	76183.6536	3	1
10_MACS_peak_16088_lociStitched	chr22	23189461	23262002	10	52278	70734.7291	4	1
15_MACS_peak_9555_lociStitched	chr16	81807881	81877568	15	51472	64530.162	5	1
3_MACS_peak_7844_lociStitched	chr14	106145341	106179088	3	31124	77800.3338	6	1
7_MACS_peak_20324_lociStitched	chr5	131788695	131837219	7	45047	64337.9716	7	1
4_MACS_peak_7836_lociStitched	chr14	106024699	106058044	4	30031	76089.9555	8	1
15_MACS_peak_10680_lociStitched	chr17	62148395	62210221	15	53096	49627.7302	9	1
6_MACS_peak_3687_lociStitched	chr10	125812106	125868344	6	51552	51440.8986	10	1
12_MACS_peak_8535_lociStitched	chr15	81575792	81630283	12	47058	55820.5804	11	1
2_MACS_peak_20928_lociStitched	chr6	7878368	7921860	2	43455	59231.7548	12	1
8_MACS_peak_6431_lociStitched	chr12	123344533	123388887	8	43076	56857.3926	13	1
6_MACS_peak_13768_lociStitched	chr2	99060689	99111984	6	45425	51700.2305	14	1
3_MACS_peak_17833_lociStitched	chr3	141095309	141135022	3	35250	50101.9208	15	1
7_MACS_peak_10905_lociStitched	chr17	75429194	75469902	7	36550	48430.3076	16	1
10_MACS_peak_25087_lociStitched	chr9	33124430	33172987	10	40885	38044.4095	17	1
7_MACS_peak_20317_lociStitched	chr5	131742725	131783345	7	34827	46652.07	18	1
6_MACS_peak_15324_lociStitched	chr20	35972857	36014031	6	38658	40288.759	19	1
7_MACS_peak_11511_lociStitched	chr19	1239610	1276727	7	26361	53634.065	20	1
5_MACS_peak_17232_lociStitched	chr3	53194139	53231369	5	33321	46027.449	21	1
9_MACS_peak_2219_lociStitched	chr1	203241977	203280702	9	29719	49579.6175	22	1
8_MACS_peak_13099_lociStitched	chr2	37542088	37594139	8	35096	39491.0937	23	1
9_MACS_peak_23980_lociStitched	chr8	27216824	27265839	9	36583	34918.286	24	1
5_MACS_peak_20418_lociStitched	chr5	139027631	139070276	5	32659	39570.2955	25	1
14_MACS_peak_1189_lociStitched	chr1	93394668	93447121	14	34483	36045.7016	26	1
7_MACS_peak_25705_lociStitched	chr9	126074143	126111631	7	28944	43141.1904	27	1
13_MACS_peak_11998_lociStitched	chr19	16221794	16272291	13	33405	36585.0765	28	1
4_MACS_peak_7918_lociStitched	chr15	31628924	31661063	4	31430	37805.1057	29	1
4_MACS_peak_12916_lociStitched	chr2	20391066	20426314	4	28972	40499.952	30	1
11_MACS_peak_23022_lociStitched	chr7	55569355	55607613	11	33273	34053.4458	31	1
12_MACS_peak_23338_lociStitched	chr7	101921026	101963808	12	32534	33810.6146	32	1
3_MACS_peak_9917_lociStitched	chr17	16867642	16895522	3	24731	42929.624	33	1
4_MACS_peak_16098_lociStitched	chr22	23267920	23298289	4	25783	41320.0614	34	1
4_MACS_peak_2862_lociStitched	chr10	22595345	22630043	4	26797	37994.31	35	1
6_MACS_peak_4303_lociStitched	chr11	65335371	65362026	6	23018	41341.905	36	1
5_MACS_peak_4270_lociStitched	chr11	64877888	64903865	5	19793	43119.2223	37	1
4_MACS_peak_12138_lociStitched	chr19	19256514	19286252	4	25414	35536.91	38	1
1_MACS_peak_4286_lociStitched	chr11	65183487	65199952	1	16466	42632.8245	39	1
13_MACS_peak_8972_lociStitched	chr16	11791500	11837885	13	30409	27061.009	40	1
12_MACS_peak_13694_lociStitched	chr2	88891486	88928564	12	29604	28379.5012	41	1
5_MACS_peak_4797_lociStitched	chr11	111221650	111252712	5	26090	30105.2904	42	1
4_MACS_peak_1754_lociStitched	chr1	156450242	156476167	4	23382	33438.065	43	1
3_MACS_peak_18354_lociStitched	chr4	35599	61928	3	23864	32613.7323	44	1
4_MACS_peak_24634_lociStitched	chr8	124033675	124058154	4	22877	33629.2502	45	1
5_MACS_peak_17777_lociStitched	chr3	133181664	133212406	5	25065	31021.7522	46	1
8_MACS_peak_23363_lociStitched	chr7	102063862	102093241	8	23878	32234.6388	47	1
5_MACS_peak_5131_lociStitched	chr12	7045145	7080984	5	23322	32599.1544	48	1
4_MACS_peak_526_lociStitched	chr1	31211108	31235132	4	23866	31759.728	49	1
4_MACS_peak_26780_lociStitched	chrX	153230119	153252932	4	17297	37723.5768	50	1
4_MACS_peak_23683_lociStitched	chr7	137659945	137687066	4	25776	28238.3852	51	1
4_MACS_peak_14984_lociStitched	chr20	5566443	5592321	4	24445	29863.212	52	1
6_MACS_peak_13712_lociStitched	chr2	89128845	89160960	6	29037	22230.003	53	1
6_MACS_peak_18177_lociStitched	chr3	183227102	183263079	6	27249	24820.5323	54	1
1_MACS_peak_10563_lociStitched	chr17	55426778	55448415	1	21638	32500.9377	55	1
3_MACS_peak_5001_lociStitched	chr11	128583377	128609832	3	25083	28031.718	56	1
2_MACS_peak_20837_lociStitched	chr6	314795	341069	2	25589	27125.2776	57	1
7_MACS_peak_19508_lociStitched	chr5	1311336	1346065	7	24286	28967.4589	58	1
7_MACS_peak_684_lociStitched	chr1	40839154	40868961	7	24263	28850.1953	59	1
9_MACS_peak_8746_lociStitched	chr15	101458213	101489951	9	27159	24082.7944	60	1
9_MACS_peak_20797_lociStitched	chr5	180222839	180249473	9	21716	31587.924	61	1
3_MACS_peak_18561_lociStitched	chr4	25855490	25882315	3	24808	27586.83	62	1
6_MACS_peak_23033_lociStitched	chr7	55612738	55642655	6	25347	26763.7482	63	1
7_MACS_peak_12430_lociStitched	chr19	44257608	44289768	7	24197	28304.016	64	1
4_MACS_peak_16203_lociStitched	chr22	29178212	29200397	4	21036	32077.2915	65	1
3_MACS_peak_13082_lociStitched	chr2	33699866	33725702	3	22339	30594.9912	66	1
10_MACS_peak_24453_lociStitched	chr8	98633962	98671899	10	24830	27033.9062	67	1
5_MACS_peak_12108_lociStitched	chr19	18604309	18633841	5	23631	28625.3676	68	1
3_MACS_peak_12318_lociStitched	chr19	39880311	39904248	3	17237	34433.3745	69	1
4_MACS_peak_18648_lociStitched	chr4	40185329	40211513	4	23450	27736.7112	70	1
10_MACS_peak_24348_lociStitched	chr8	81048782	81084437	10	26223	23350.4595	71	1
6_MACS_peak_21861_lociStitched	chr6	106529486	106560273	6	25049	25309.9927	72	1
5_MACS_peak_4292_lociStitched	chr11	65254360	65278585	5	20053	31623.315	73	1
5_MACS_peak_10265_lociStitched	chr17	38465247	38487621	5	20219	30891.7818	74	1
9_MACS_peak_3601_lociStitched	chr10	112244711	112272750	9	24490	25406.1379	75	1
8_MACS_peak_5158_lociStitched	chr12	9859945	9896351	8	25753	22746.4688	76	1
6_MACS_peak_19545_lociStitched	chr5	6711636	6739767	6	22484	27318.0141	77	1
5_MACS_peak_16668_lociStitched	chr3	5222562	5247521	5	22284	27295.1624	78	1
7_MACS_peak_3354_lociStitched	chr10	92949627	92982201	7	21286	28241.658	79	1
5_MACS_peak_22196_lociStitched	chr6	139571884	139601823	5	23363	25364.3208	80	1
5_MACS_peak_13470_lociStitched	chr2	65138422	65167404	5	22772	26066.4108	81	1
4_MACS_peak_8439_lociStitched	chr15	75067006	75093262	4	19355	29228.1792	82	1
6_MACS_peak_9624_lociStitched	chr16	87875351	87905436	6	22456	24904.363	83	1
4_MACS_peak_17677_lociStitched	chr3	124851329	124875345	4	19250	28531.008	84	1
5_MACS_peak_4385_lociStitched	chr11	67033226	67057810	5	17029	30528.4112	85	1
5_MACS_peak_17035_lociStitched	chr3	45633921	45659996	5	24128	21006.02	86	1
5_MACS_peak_16724_lociStitched	chr3	13034898	13058927	5	18904	28282.133	87	1
10_MACS_peak_3581_lociStitched	chr10	112093889	112125152	10	21221	25448.082	88	1
7_MACS_peak_23506_lociStitched	chr7	115778403	115809531	7	22912	22897.7568	89	1
2_MACS_peak_25737_lociStitched	chr9	127019606	127038547	2	16653	30343.482	90	1
1_MACS_peak_2719_lociStitched	chr10	11204022	11223459	1	19438	27155.4327	91	1
8_MACS_peak_11597_lociStitched	chr19	2607598	2637935	8	21659	24263.5326	92	1
8_MACS_peak_16422_lociStitched	chr22	39897601	39929404	8	20514	25582.3332	93	1
2_MACS_peak_1595_lociStitched	chr1	150532467	150553132	2	19169	26978.1575	94	1
1_MACS_peak_5294_lociStitched	chr12	26265953	26281052	1	15100	30688.7175	95	1
1_MACS_peak_2561_lociStitched	chr1	234734350	234749830	1	15481	29984.76	96	1
5_MACS_peak_16633_lociStitched	chr22	50963438	50983512	5	14549	30289.6586	97	1
3_MACS_peak_20843_lociStitched	chr6	387821	412005	3	20810	23564.8896	98	1
5_MACS_peak_18036_lociStitched	chr3	171802224	171828441	5	23341	19201.3308	99	1
7_MACS_peak_13871_lociStitched	chr2	111793223	111820770	7	21409	22037.6	100	1
10_MACS_peak_6827_lociStitched	chr13	49055953	49085358	10	22436	20107.139	101	1
1_MACS_peak_14578_lociStitched	chr2	201979527	201995713	1	16187	27932.1802	102	1
3_MACS_peak_25538_lociStitched	chr9	108002985	108027839	3	20789	22415.8226	103	1
7_MACS_peak_15834_lociStitched	chr21	36576802	36608029	7	20527	22708.2744	104	1
5_MACS_peak_242_lociStitched	chr1	16157190	16179737	5	14978	28429.5123	105	1
1_MACS_peak_12888_lociStitched	chr2	16828559	16848205	1	19647	23097.8022	106	1
7_MACS_peak_16614_lociStitched	chr22	50740255	50766378	7	18864	23912.9942	107	1
1_MACS_peak_5198_lociStitched	chr12	12865514	12879927	1	14414	28294.1603	108	1
5_MACS_peak_16132_lociStitched	chr22	24172095	24191189	5	15722	26827.07	109	1
4_MACS_peak_10868_lociStitched	chr17	74475436	74498820	4	18892	23285.7872	110	1
7_MACS_peak_8253_lociStitched	chr15	63764991	63798598	7	17127	25235.4963	111	1
3_MACS_peak_19311_lociStitched	chr4	153442944	153462227	3	17548	24726.5909	112	1
4_MACS_peak_13683_lociStitched	chr2	87796386	87822239	4	22062	17952.3232	113	1
5_MACS_peak_18251_lociStitched	chr3	186727283	186750914	5	20895	19961.1057	114	1
4_MACS_peak_4497_lociStitched	chr11	72845141	72871601	4	18557	23361.534	115	1
8_MACS_peak_15569_lociStitched	chr20	52523370	52559336	8	20390	20597.7282	116	1
7_MACS_peak_21099_lociStitched	chr6	25293997	25321179	7	21861	17972.7384	117	1
7_MACS_peak_14517_lociStitched	chr2	197023062	197048328	7	21799	18085.4028	118	1
5_MACS_peak_3593_lociStitched	chr10	112167511	112191112	5	20024	21028.491	119	1
7_MACS_peak_8092_lociStitched	chr15	45002120	45030143	7	15992	25884.8451	120	1
6_MACS_peak_14586_lociStitched	chr2	202069186	202099943	6	21389	18534.1682	121	1
12_MACS_peak_16864_lociStitched	chr3	30670010	30703349	12	22516	16166.0811	122	1
7_MACS_peak_17437_lociStitched	chr3	98474627	98504659	7	21529	17932.1072	123	1
5_MACS_peak_24687_lociStitched	chr8	126285224	126308713	5	18713	22396.7615	124	1
3_MACS_peak_6484_lociStitched	chr12	125395491	125413465	3	12431	28519.3458	125	1
4_MACS_peak_15258_lociStitched	chr20	34188071	34208268	4	19032	21786.5039	126	1
6_MACS_peak_11485_lociStitched	chr19	924068	955751	6	17006	24275.5146	127	1
5_MACS_peak_17181_lociStitched	chr3	50636997	50655446	5	15522	25788.0122	128	1
5_MACS_peak_8967_lociStitched	chr16	11761697	11784321	5	20499	19379.7184	129	1
5_MACS_peak_9411_lociStitched	chr16	68278510	68299785	5	17655	23017.4225	130	1
7_MACS_peak_22268_lociStitched	chr6	144650614	144679377	7	20416	18802.3731	131	1
9_MACS_peak_1730_lociStitched	chr1	155928419	155954428	9	19512	20284.4191	132	1
2_MACS_peak_10862_lociStitched	chr17	74256387	74272672	2	15924	24720.63	133	1
3_MACS_peak_11564_lociStitched	chr19	2081609	2097947	3	14566	25814.04	134	1
4_MACS_peak_17538_lociStitched	chr3	111832762	111854708	4	21031	17163.9666	135	1
6_MACS_peak_24062_lociStitched	chr8	33400680	33425500	6	18365	21409.732	136	1
5_MACS_peak_411_lociStitched	chr1	26436814	26456226	5	17707	22104.4444	137	1
5_MACS_peak_11905_lociStitched	chr19	12885699	12905374	5	13868	26094.9525	138	1
4_MACS_peak_12829_lociStitched	chr2	9678068	9697129	4	18305	21233.954	139	1
3_MACS_peak_9304_lociStitched	chr16	56963440	56982600	3	19046	19937.896	140	1
11_MACS_peak_17984_lociStitched	chr3	169647696	169674545	11	20224	17913.6528	141	1
10_MACS_peak_21110_lociStitched	chr6	25359281	25393400	10	19783	18553.9122	142	1
2_MACS_peak_5540_lociStitched	chr12	48196018	48215107	2	15990	23672.2689	143	1
4_MACS_peak_3869_lociStitched	chr11	10323748	10344864	4	16876	22486.4284	144	1
6_MACS_peak_14989_lociStitched	chr20	5621871	5642554	6	17395	21779.199	145	1
2_MACS_peak_14155_lociStitched	chr2	157188299	157200397	2	8149	29191.2642	146	1
8_MACS_peak_19757_lociStitched	chr5	56109230	56138161	8	17264	21394.4745	147	1
2_MACS_peak_13539_lociStitched	chr2	70309871	70323303	2	9809	27895.5776	148	1
6_MACS_peak_17999_lociStitched	chr3	169755105	169777799	6	18727	19010.7638	149	1
4_MACS_peak_6401_lociStitched	chr12	122227108	122245058	4	11773	26415.22	150	1
6_MACS_peak_130_lociStitched	chr1	8477856	8499957	6	17768	20290.9281	151	1
7_MACS_peak_23487_lociStitched	chr7	114555985	114578000	7	19755	16896.5125	152	1
8_MACS_peak_17477_lociStitched	chr3	101495749	101527649	8	19017	18189.38	153	1
5_MACS_peak_7660_lociStitched	chr14	91781761	91803884	5	18582	18857.6452	154	1
9_MACS_peak_2749_lociStitched	chr10	11704313	11730662	9	18705	18655.092	155	1
1_MACS_peak_4460_lociStitched	chr11	69453034	69470309	1	17276	20510.6075	156	1
1_MACS_peak_20990_lociStitched	chr6	13294868	13309537	1	14670	23490.9366	157	1
13_MACS_peak_13883_lociStitched	chr2	112184825	112211872	13	20010	15925.2736	158	1
3_MACS_peak_7133_lociStitched	chr14	23023908	23040267	3	13716	24370.0023	159	1
3_MACS_peak_16207_lociStitched	chr22	29206600	29227256	3	18343	18782.5008	160	1
3_MACS_peak_12867_lociStitched	chr2	11883022	11898380	3	14156	23880.1542	161	1
6_MACS_peak_11575_lociStitched	chr19	2253022	2274226	6	15517	22414.7484	162	1
3_MACS_peak_22756_lociStitched	chr7	25998547	26012533	3	12369	25352.4222	163	1
5_MACS_peak_25789_lociStitched	chr9	130659219	130681631	5	15463	22225.9804	164	1
8_MACS_peak_13159_lociStitched	chr2	40339664	40371662	8	19267	16741.3536	165	1
7_MACS_peak_2302_lociStitched	chr1	207978712	208002007	7	13929	23765.559	166	1
5_MACS_peak_18246_lociStitched	chr3	186703405	186721230	5	16342	21031.7175	167	1
2_MACS_peak_2479_lociStitched	chr1	226910404	226928177	2	17627	19257.0455	168	1
4_MACS_peak_6940_lociStitched	chr13	74528126	74550961	4	18366	17884.372	169	1
6_MACS_peak_4866_lociStitched	chr11	117856392	117883624	6	16833	19941.9936	170	1
5_MACS_peak_4238_lociStitched	chr11	63992861	64015180	5	12844	24178.1727	171	1
6_MACS_peak_21564_lociStitched	chr6	52382361	52404266	6	19072	15968.745	172	1
5_MACS_peak_21790_lociStitched	chr6	90052405	90071179	5	15204	21404.2374	173	1
4_MACS_peak_3548_lociStitched	chr10	106077002	106100143	4	15349	21234.1816	174	1
6_MACS_peak_2460_lociStitched	chr1	226535664	226561563	6	18035	17489.5947	175	1
4_MACS_peak_21484_lociStitched	chr6	42737991	42752813	4	10424	25492.3578	176	1
5_MACS_peak_1775_lociStitched	chr1	157474941	157498025	5	17018	18873.4784	177	1
3_MACS_peak_25785_lociStitched	chr9	130531950	130549595	3	12147	24145.418	178	1
6_MACS_peak_2723_lociStitched	chr10	11282066	11312666	6	17346	18274.32	179	1
8_MACS_peak_1218_lociStitched	chr1	94154401	94183084	8	17647	17683.0695	180	1
3_MACS_peak_7992_lociStitched	chr15	40384367	40402210	3	15428	20717.5073	181	1
2_MACS_peak_9472_lociStitched	chr16	71730999	71748710	2	17429	17748.1931	182	1
3_MACS_peak_16483_lociStitched	chr22	42140774	42159341	3	16878	18531.7227	183	1
3_MACS_peak_606_lociStitched	chr1	36849878	36867664	3	12459	23456.1768	184	1
5_MACS_peak_10574_lociStitched	chr17	55612121	55636242	5	16635	18833.6768	185	1
3_MACS_peak_16337_lociStitched	chr22	37758318	37776129	3	14806	21136.3137	186	1
2_MACS_peak_6183_lociStitched	chr12	109020483	109037505	2	16671	18713.9868	187	1
5_MACS_peak_25174_lociStitched	chr9	36988711	37012258	5	17907	16666.5666	188	1
4_MACS_peak_12955_lociStitched	chr2	25622622	25645837	4	15514	20083.2965	189	1
8_MACS_peak_15129_lociStitched	chr20	30271658	30300934	8	17459	17316.754	190	1
3_MACS_peak_21561_lociStitched	chr6	52353991	52369637	3	14045	21646.241	191	1
3_MACS_peak_18928_lociStitched	chr4	90210344	90229756	3	16043	19264.4688	192	1
5_MACS_peak_25526_lociStitched	chr9	105950410	105969768	5	18135	15892.918	193	1
2_MACS_peak_7909_lociStitched	chr15	31514735	31532111	2	16206	18915.5136	194	1
3_MACS_peak_24817_lociStitched	chr8	142125789	142142400	3	11814	23501.2428	195	1
6_MACS_peak_15548_lociStitched	chr20	52195010	52213614	6	17624	16457.0984	196	1
4_MACS_peak_15216_lociStitched	chr20	32988639	33009342	4	18055	15672.171	197	1
9_MACS_peak_19302_lociStitched	chr4	153406251	153436774	9	18359	15047.839	198	1
4_MACS_peak_1826_lociStitched	chr1	160606847	160628783	4	18272	15166.5504	199	1
3_MACS_peak_19314_lociStitched	chr4	153468633	153484735	3	15896	18836.1196	200	1
4_MACS_peak_12735_lociStitched	chr19	56145683	56167772	4	10728	23862.7467	201	1
1_MACS_peak_15453_lociStitched	chr20	45976041	45990170	1	14130	20761.1526	202	1
3_MACS_peak_10599_lociStitched	chr17	56401386	56417914	3	12459	22383.8704	203	1
5_MACS_peak_10891_lociStitched	chr17	75130779	75148616	5	14400	20364.5029	204	1
3_MACS_peak_25199_lociStitched	chr9	37322091	37339826	3	17504	15840.902	205	1
3_MACS_peak_9769_lociStitched	chr17	3807613	3826609	3	11467	22958.5656	206	1
2_MACS_peak_6949_lociStitched	chr13	74697857	74710997	2	13125	21369.582	207	1
7_MACS_peak_16915_lociStitched	chr3	32461099	32482835	7	17150	16123.7648	208	1
3_MACS_peak_1745_lociStitched	chr1	156115906	156136474	3	17241	15921.6888	209	1
6_MACS_peak_5017_lociStitched	chr11	130015344	130037611	6	16044	17557.5295	210	1
9_MACS_peak_8347_lociStitched	chr15	68479206	68503869	9	17084	15789.2526	211	1
4_MACS_peak_11926_lociStitched	chr19	13260485	13279258	4	13296	20635.2816	212	1
3_MACS_peak_4400_lociStitched	chr11	67194890	67212803	3	13757	20121.6729	213	1
3_MACS_peak_23331_lociStitched	chr7	101495306	101515057	3	16617	16282.7244	214	1
9_MACS_peak_21284_lociStitched	chr6	31781826	31804560	9	14045	19787.6736	215	1
3_MACS_peak_20834_lociStitched	chr6	286510	307794	3	14641	19055.5652	216	1
5_MACS_peak_15108_lociStitched	chr20	25260283	25281446	5	16283	16729.3515	217	1
4_MACS_peak_14319_lociStitched	chr2	173342273	173362605	4	17636	14230.3668	218	1
4_MACS_peak_17732_lociStitched	chr3	129023572	129048579	4	14690	18852.7773	219	1
3_MACS_peak_4895_lociStitched	chr11	118962979	118979360	3	9203	23488.7159	220	1
4_MACS_peak_7136_lociStitched	chr14	23056159	23074811	4	12912	20436.9964	221	1
11_MACS_peak_14331_lociStitched	chr2	173443469	173471823	11	16580	15577.6876	222	1
5_MACS_peak_13248_lociStitched	chr2	46783607	46803025	5	16464	15683.9186	223	1
5_MACS_peak_17030_lociStitched	chr3	45592121	45613249	5	16643	15283.9952	224	1
3_MACS_peak_2990_lociStitched	chr10	43891034	43905811	3	10450	22403.4097	225	1
1_MACS_peak_13197_lociStitched	chr2	43444557	43456716	1	12160	20966.9796	226	1
6_MACS_peak_24613_lociStitched	chr8	120915548	120935394	6	15075	17611.3404	227	1
4_MACS_peak_1507_lociStitched	chr1	145434459	145457400	4	14925	17781.5691	228	1
2_MACS_peak_23000_lociStitched	chr7	50343156	50359035	2	15619	16690.4169	230	1
3_MACS_peak_16495_lociStitched	chr22	42330859	42343528	3	11116	21593.0436	231	1
7_MACS_peak_20353_lociStitched	chr5	133967737	133986941	7	16077	15791.4492	232	1
8_MACS_peak_13797_lociStitched	chr2	102313039	102336331	8	16476	15109.5204	233	1
3_MACS_peak_9748_lociStitched	chr17	2295021	2306324	3	8620	23312.4375	234	1
5_MACS_peak_10918_lociStitched	chr17	76711523	76736464	5	16436	15124.2224	235	1
5_MACS_peak_9869_lociStitched	chr17	8053541	8068186	5	13096	19636.016	236	1
2_MACS_peak_13708_lociStitched	chr2	89047202	89058892	2	10749	21773.794	237	1
5_MACS_peak_4915_lociStitched	chr11	120568929	120586970	5	16461	14945.1644	238	1
4_MACS_peak_4487_lociStitched	chr11	72523904	72544676	4	12849	19706.3964	240	1
2_MACS_peak_13296_lociStitched	chr2	52564043	52583372	2	16457	14473.5552	241	1
2_MACS_peak_22754_lociStitched	chr7	25979946	25992510	2	9456	22250.844	242	1
2_MACS_peak_16733_lociStitched	chr3	13363229	13380643	2	16190	14727.0198	243	1
5_MACS_peak_10255_lociStitched	chr17	38251149	38270352	5	12765	19370.0661	244	1
6_MACS_peak_13677_lociStitched	chr2	87765619	87789179	6	15668	15561.38	245	1
2_MACS_peak_9604_lociStitched	chr16	85779374	85793724	2	14286	17465.385	246	1
3_MACS_peak_14051_lociStitched	chr2	136882584	136898396	3	14546	17065.8916	247	1
2_MACS_peak_21120_lociStitched	chr6	25402642	25417855	2	14919	16370.7093	248	1
2_MACS_peak_6180_lociStitched	chr12	108953849	108970375	2	13653	17991.8562	249	1
4_MACS_peak_19897_lociStitched	chr5	71586511	71604977	4	14650	16680.3378	250	1
2_MACS_peak_6440_lociStitched	chr12	123408419	123423369	2	14784	16467.425	251	1
3_MACS_peak_22399_lociStitched	chr6	157873844	157889824	3	14184	17282.37	252	1
8_MACS_peak_12291_lociStitched	chr19	39138105	39161329	8	15267	15585.6264	253	1
2_MACS_peak_15924_lociStitched	chr21	44772121	44784140	2	8409	22410.6274	254	1
2_MACS_peak_4454_lociStitched	chr11	69055210	69068285	2	10605	20787.9425	255	1
5_MACS_peak_14291_lociStitched	chr2	172170333	172192002	5	15181	15569.1765	256	1
2_MACS_peak_7911_lociStitched	chr15	31546338	31562795	2	12810	18670.4665	257	1
3_MACS_peak_16371_lociStitched	chr22	38699167	38714940	3	14708	16263.5403	258	1
2_MACS_peak_25179_lociStitched	chr9	37024132	37038493	2	13214	18089.1156	259	1
3_MACS_peak_17492_lociStitched	chr3	104232630	104246817	3	13689	17444.3352	260	1
3_MACS_peak_2110_lociStitched	chr1	189270053	189286364	3	16139	13605.0051	261	1
4_MACS_peak_4299_lociStitched	chr11	65306730	65326830	4	11426	19812.57	262	1
7_MACS_peak_832_lociStitched	chr1	51667379	51686665	7	14996	15141.4386	263	1
6_MACS_peak_7758_lociStitched	chr14	102275473	102294885	6	13680	17001.0296	264	1
9_MACS_peak_3186_lociStitched	chr10	73619821	73650514	9	14802	15337.2921	265	1
5_MACS_peak_19141_lociStitched	chr4	132114664	132131260	5	15687	13802.8932	266	1
6_MACS_peak_2673_lociStitched	chr10	5930579	5953144	6	14611	15560.824	267	1
4_MACS_peak_22235_lociStitched	chr6	143159745	143179753	4	15274	14413.7632	268	1
8_MACS_peak_2707_lociStitched	chr10	7510836	7535230	8	16401	12223.8334	269	1
4_MACS_peak_16468_lociStitched	chr22	41797027	41811031	4	9570	20800.1412	270	1
10_MACS_peak_6068_lociStitched	chr12	96878832	96910766	10	15014	14705.607	271	1
4_MACS_peak_9339_lociStitched	chr16	66549631	66562422	4	11471	19044.5199	272	1
5_MACS_peak_10409_lociStitched	chr17	44213814	44233224	5	15825	13060.989	273	1
3_MACS_peak_18690_lociStitched	chr4	48191218	48207604	3	13242	16980.8118	274	1
5_MACS_peak_5931_lociStitched	chr12	89736836	89751116	5	12935	17251.668	275	1
3_MACS_peak_22469_lociStitched	chr6	159224701	159241493	3	12132	18147.1144	276	1
4_MACS_peak_4874_lociStitched	chr11	118269068	118286795	4	13013	17110.1004	277	1
4_MACS_peak_21136_lociStitched	chr6	26183284	26207073	4	12648	17477.7783	278	1
2_MACS_peak_22483_lociStitched	chr6	159453948	159466806	2	10160	19881.0396	279	1
3_MACS_peak_4380_lociStitched	chr11	66880086	66891544	3	9503	20387.2194	280	1
5_MACS_peak_12386_lociStitched	chr19	42051405	42071993	5	14549	14846.0068	281	1
5_MACS_peak_26813_lociStitched	chrX	153706336	153727115	5	12186	17938.5107	282	1
5_MACS_peak_20698_lociStitched	chr5	173160728	173179088	5	13490	16169.652	283	1
3_MACS_peak_20001_lociStitched	chr5	88168355	88186962	3	15010	13828.7224	284	1
2_MACS_peak_2473_lociStitched	chr1	226839385	226854185	2	14594	14382.64	285	1
2_MACS_peak_8458_lociStitched	chr15	75331422	75342653	2	10175	19464.4461	286	1
7_MACS_peak_11962_lociStitched	chr19	14474074	14496521	7	13885	15308.854	287	1
6_MACS_peak_15774_lociStitched	chr21	34601542	34620640	6	14183	14839.146	288	1
8_MACS_peak_18302_lociStitched	chr3	194859773	194883593	8	15183	13146.258	289	1
2_MACS_peak_21898_lociStitched	chr6	108877766	108887980	2	9618	19666.0356	290	1
9_MACS_peak_5081_lociStitched	chr12	5139231	5162471	9	15550	12110.364	291	1
6_MACS_peak_5545_lociStitched	chr12	48258185	48280029	6	14280	14259.7632	292	1
3_MACS_peak_3095_lociStitched	chr10	63803184	63816400	3	12352	16883.44	293	1
4_MACS_peak_21924_lociStitched	chr6	109183853	109207488	4	13693	15124.0365	294	1
1_MACS_peak_11419_lociStitched	chr18	60821968	60831793	1	9826	19204.9275	296	1
5_MACS_peak_25579_lociStitched	chr9	112904357	112924933	5	14361	13785.92	297	1
2_MACS_peak_10389_lociStitched	chr17	43298370	43309244	2	10814	18229.1736	299	1
2_MACS_peak_23628_lociStitched	chr7	130784615	130797823	2	10357	18629.884	300	1
7_MACS_peak_19994_lociStitched	chr5	88114042	88134071	7	14659	13104.9747	301	1
6_MACS_peak_9989_lociStitched	chr17	19197310	19214797	6	12976	15687.5877	302	1
3_MACS_peak_20005_lociStitched	chr5	88562719	88578649	3	13513	14932.782	303	1
8_MACS_peak_7581_lociStitched	chr14	81925529	81955565	8	14813	12765.3	304	1
4_MACS_peak_21011_lociStitched	chr6	15239660	15258081	4	11607	17247.5823	305	1
7_MACS_peak_21405_lociStitched	chr6	36708954	36727172	7	14574	13138.8216	306	1
3_MACS_peak_10057_lociStitched	chr17	27037685	27056543	3	10732	18090.4794	307	1
2_MACS_peak_25746_lociStitched	chr9	127630405	127643172	2	9151	19416.0536	308	1
2_MACS_peak_15185_lociStitched	chr20	32461131	32474061	2	11223	17560.233	309	1
2_MACS_peak_18612_lociStitched	chr4	38664106	38676856	2	12743	15801.075	310	1
4_MACS_peak_24693_lociStitched	chr8	126339669	126355962	4	14523	13065.3567	311	1
3_MACS_peak_10965_lociStitched	chr17	79817351	79830507	3	10211	18438.134	312	1
6_MACS_peak_12882_lociStitched	chr2	16794995	16818233	6	14164	13596.5538	313	1
4_MACS_peak_1462_lociStitched	chr1	143448952	143468371	4	13152	15117.6915	314	1
2_MACS_peak_15956_lociStitched	chr21	45570411	45581362	2	9237	19199.2932	315	1
4_MACS_peak_7951_lociStitched	chr15	34617340	34635587	4	13998	13776.485	316	1
4_MACS_peak_25104_lociStitched	chr9	33286583	33299778	4	11552	17018.911	317	1
8_MACS_peak_13381_lociStitched	chr2	60761109	60780625	8	15094	11709.6	318	1
3_MACS_peak_4909_lociStitched	chr11	120364300	120382862	3	13925	13819.409	319	1
4_MACS_peak_11545_lociStitched	chr19	1847645	1865701	4	8762	19467.9792	320	1
5_MACS_peak_24663_lociStitched	chr8	125613250	125628348	5	12993	15191.6076	321	1
3_MACS_peak_2244_lociStitched	chr1	204474871	204492060	3	11098	17424.4893	322	1
3_MACS_peak_9806_lociStitched	chr17	4842285	4854794	3	9446	18909.8553	323	1
3_MACS_peak_14976_lociStitched	chr20	5092551	5109208	3	8252	19736.8793	324	1
5_MACS_peak_24680_lociStitched	chr8	126229477	126251744	5	13933	13649.671	325	1
4_MACS_peak_13268_lociStitched	chr2	47533054	47555599	4	13038	14954.0985	326	1
6_MACS_peak_3616_lociStitched	chr10	112611974	112633492	6	13594	14107.2008	327	1
2_MACS_peak_18382_lociStitched	chr4	1712697	1725824	2	10986	17300.0733	328	1
4_MACS_peak_2815_lociStitched	chr10	15825108	15840753	4	13201	14394.9645	329	1
3_MACS_peak_15713_lociStitched	chr21	19152440	19169396	3	13117	14453.2944	330	1
7_MACS_peak_7144_lociStitched	chr14	23255216	23282764	7	13634	13661.0532	331	1
2_MACS_peak_1764_lociStitched	chr1	156709645	156722471	2	10643	17413.8602	332	1
4_MACS_peak_21928_lociStitched	chr6	109212983	109228406	4	12983	14617.9194	333	1
2_MACS_peak_2869_lociStitched	chr10	22763250	22779315	2	12448	15337.2555	334	1
2_MACS_peak_20141_lociStitched	chr5	109024034	109037014	2	12448	15259.288	335	1
2_MACS_peak_13985_lociStitched	chr2	127413262	127426342	2	13026	14449.476	336	1
5_MACS_peak_2740_lociStitched	chr10	11636847	11657494	5	13214	14172.1008	337	1
7_MACS_peak_26784_lociStitched	chrX	153266650	153287077	7	12374	15299.823	338	1
7_MACS_peak_17065_lociStitched	chr3	46320293	46345254	7	14004	12800.0008	339	1
2_MACS_peak_19197_lociStitched	chr4	144272564	144288565	2	12427	15175.3484	340	1
3_MACS_peak_13518_lociStitched	chr2	68988820	69004627	3	13487	13638.2796	341	1
3_MACS_peak_11808_lociStitched	chr19	10513332	10528017	3	12185	15432.4665	342	1
4_MACS_peak_9790_lociStitched	chr17	4267792	4281936	4	12165	15412.7168	343	1
4_MACS_peak_23401_lociStitched	chr7	104649694	104659259	4	8284	19049.654	344	1
4_MACS_peak_10586_lociStitched	chr17	55728549	55745367	4	13231	13829.4414	345	1
3_MACS_peak_25618_lociStitched	chr9	116278773	116295097	3	13313	13668.0852	346	1
4_MACS_peak_18487_lociStitched	chr4	15766713	15787410	4	13619	13132.2465	347	1
4_MACS_peak_10235_lociStitched	chr17	37922570	37937615	4	13884	12622.755	348	1
5_MACS_peak_23255_lociStitched	chr7	97829287	97853453	5	12261	15053.0014	349	1
4_MACS_peak_16329_lociStitched	chr22	37614098	37631909	4	13290	13461.5538	350	1
6_MACS_peak_21455_lociStitched	chr6	41670890	41685747	6	12734	14280.5484	351	1
2_MACS_peak_19321_lociStitched	chr4	153580241	153593925	2	10796	16595.9552	352	1
4_MACS_peak_19839_lociStitched	chr5	65906940	65921440	4	13561	12886.15	353	1
4_MACS_peak_14711_lociStitched	chr2	219080970	219096075	4	13755	12452.562	354	1
7_MACS_peak_21900_lociStitched	chr6	108897745	108920528	7	14037	11908.6741	355	1
2_MACS_peak_14828_lociStitched	chr2	232570515	232579317	2	8473	18477.1584	356	1
4_MACS_peak_2103_lociStitched	chr1	189108931	189130385	4	14228	11404.9464	357	1
6_MACS_peak_26062_lociStitched	chrX	10072773	10090719	6	13794	12205.0746	358	1
4_MACS_peak_12477_lociStitched	chr19	45942425	45959823	4	10535	16613.3502	359	1
2_MACS_peak_24791_lociStitched	chr8	137188881	137202456	2	12957	13440.6075	360	1
5_MACS_peak_11330_lociStitched	chr18	51732932	51751668	5	13295	12875.3792	361	1
3_MACS_peak_16492_lociStitched	chr22	42314924	42325831	3	9870	17066.1829	362	1
3_MACS_peak_20596_lociStitched	chr5	156964593	156982844	3	13072	13144.3702	363	1
5_MACS_peak_10392_lociStitched	chr17	43372907	43395819	5	12188	14400.192	364	1
3_MACS_peak_16655_lociStitched	chr3	3137035	3153778	3	10522	16351.2138	365	1
5_MACS_peak_24841_lociStitched	chr8	144594474	144612530	5	10823	16022.8944	366	1
7_MACS_peak_4507_lociStitched	chr11	73074800	73099411	7	12816	13454.8337	367	1
4_MACS_peak_24250_lociStitched	chr8	61812040	61829878	4	11078	15720.6294	368	1
5_MACS_peak_16414_lociStitched	chr22	39823060	39845338	5	13024	13099.464	369	1
3_MACS_peak_10708_lociStitched	chr17	62957282	62973039	3	9954	16872.5956	370	1
2_MACS_peak_12513_lociStitched	chr19	47216580	47226600	2	9498	17260.452	371	1
2_MACS_peak_20704_lociStitched	chr5	173208538	173223454	2	13182	12732.2976	372	1
1_MACS_peak_24705_lociStitched	chr8	126441186	126449997	1	8812	17772.6681	373	1
4_MACS_peak_23772_lociStitched	chr7	150064160	150081291	4	10312	16380.6622	374	1
4_MACS_peak_20912_lociStitched	chr6	7135266	7148596	4	11445	15077.563	375	1
5_MACS_peak_11938_lociStitched	chr19	13943947	13958953	5	10589	16038.4128	376	1
5_MACS_peak_8994_lociStitched	chr16	12052492	12072396	5	13200	12531.5584	377	1
7_MACS_peak_1384_lociStitched	chr1	115229936	115251450	7	13825	11303.4556	378	1
3_MACS_peak_19426_lociStitched	chr4	185300598	185318705	3	12540	13433.5833	379	1
1_MACS_peak_11537_lociStitched	chr19	1645664	1653803	1	8140	18063.6966	380	1
1_MACS_peak_14813_lociStitched	chr2	231729436	231741078	1	11643	14659.6064	381	1
6_MACS_peak_22018_lociStitched	chr6	119762408	119785131	6	13673	11479.6596	382	1
6_MACS_peak_15887_lociStitched	chr21	43281417	43306665	6	12431	13464.7584	383	1
9_MACS_peak_18041_lociStitched	chr3	171850803	171878540	9	13738	11175.2373	384	1
6_MACS_peak_10158_lociStitched	chr17	32691949	32717011	6	12153	13744.0008	385	1
3_MACS_peak_10579_lociStitched	chr17	55674866	55687423	3	11116	15020.6834	387	1
4_MACS_peak_17073_lociStitched	chr3	46390053	46404477	4	14200	9966.984	388	1
1_MACS_peak_24633_lociStitched	chr8	123925355	123938056	1	12702	12734.0226	389	1
5_MACS_peak_3294_lociStitched	chr10	81946700	81966057	5	11205	14782.9409	390	1
4_MACS_peak_16555_lociStitched	chr22	46439750	46455098	4	11056	14939.7432	391	1
7_MACS_peak_12992_lociStitched	chr2	27293405	27310449	7	12348	13203.9868	392	1
3_MACS_peak_5969_lociStitched	chr12	92855030	92873395	3	13693	10833.5135	393	1
3_MACS_peak_15917_lociStitched	chr21	44580597	44597924	3	11083	14830.1793	394	1
3_MACS_peak_21277_lociStitched	chr6	31694665	31708875	3	10789	15100.967	395	1
7_MACS_peak_1879_lociStitched	chr1	161731500	161755161	7	12659	12516.669	396	1
3_MACS_peak_2316_lociStitched	chr1	209271875	209286488	3	12761	12346.5237	397	1
6_MACS_peak_8012_lociStitched	chr15	40839060	40862327	6	12511	12636.3077	399	1
1_MACS_peak_12720_lociStitched	chr19	55762482	55771709	1	9228	16543.0883	400	1
8_MACS_peak_24619_lociStitched	chr8	120944072	120969549	8	12046	13265.8739	401	1
5_MACS_peak_21170_lociStitched	chr6	27094452	27115812	5	10869	14729.856	402	1
5_MACS_peak_6035_lociStitched	chr12	95595672	95613418	5	12279	12665.3202	406	1
4_MACS_peak_21513_lociStitched	chr6	43669893	43686464	4	10081	15460.743	407	1
2_MACS_peak_22770_lociStitched	chr7	26233458	26243022	2	8196	17153.034	408	1
3_MACS_peak_23397_lociStitched	chr7	104576045	104587299	3	9847	15693.703	409	1
3_MACS_peak_10012_lociStitched	chr17	20936244	20947934	3	11013	14382.207	410	1
2_MACS_peak_3843_lociStitched	chr11	7532322	7547429	2	10335	15072.2539	413	1
3_MACS_peak_15639_lociStitched	chr20	61273309	61291027	3	11250	13901.5428	414	1
4_MACS_peak_25739_lociStitched	chr9	127047108	127063766	4	12245	12355.2386	415	1
3_MACS_peak_25849_lociStitched	chr9	132646196	132657351	3	10872	14222.625	416	1
3_MACS_peak_9301_lociStitched	chr16	56943826	56955847	3	11512	13378.1709	417	1
3_MACS_peak_6408_lociStitched	chr12	122515562	122526195	3	10564	14579.9696	418	1
5_MACS_peak_17322_lociStitched	chr3	69128753	69145778	5	12558	11733.63	419	1
3_MACS_peak_21185_lociStitched	chr6	27791090	27807914	3	8730	16324.3272	420	1
7_MACS_peak_14324_lociStitched	chr2	173410533	173429072	7	12215	12187.5386	421	1
3_MACS_peak_7713_lociStitched	chr14	95960447	95972524	3	11710	12904.2745	422	1
2_MACS_peak_25518_lociStitched	chr9	103310353	103324990	2	12758	11191.4502	423	1
8_MACS_peak_12258_lociStitched	chr19	38396664	38423868	8	12132	12195.5532	424	1
5_MACS_peak_5534_lociStitched	chr12	48133014	48153457	5	11685	12854.5584	425	1
2_MACS_peak_4845_lociStitched	chr11	115089221	115101492	2	9127	15819.7732	426	1
2_MACS_peak_6149_lociStitched	chr12	105133658	105146285	2	12601	11342.8341	427	1
2_MACS_peak_19319_lociStitched	chr4	153553476	153566253	2	10971	13751.8851	429	1
4_MACS_peak_495_lociStitched	chr1	28558751	28577032	4	10453	14359.7255	430	1
2_MACS_peak_10840_lociStitched	chr17	73774107	73783486	2	7783	16849.3735	431	1
3_MACS_peak_13177_lociStitched	chr2	42323618	42334441	3	9865	14975.7851	432	1
3_MACS_peak_21323_lociStitched	chr6	33279832	33292649	3	8995	15821.3048	433	1
4_MACS_peak_15678_lociStitched	chr21	9952988	9969144	4	10977	13658.2824	434	1
4_MACS_peak_19615_lociStitched	chr5	32581016	32593147	4	9624	15208.6347	435	1
3_MACS_peak_17729_lociStitched	chr3	128994713	129005823	3	10721	13951.938	437	1
1_MACS_peak_5842_lociStitched	chr12	72079120	72089399	1	10280	14445.0787	438	1
7_MACS_peak_22963_lociStitched	chr7	47606735	47622526	7	12907	10489.9613	439	1
4_MACS_peak_19610_lociStitched	chr5	32530687	32545963	4	11453	12912.8028	440	1
2_MACS_peak_14411_lociStitched	chr2	182168387	182179779	2	11357	13029.0304	441	1
4_MACS_peak_15594_lociStitched	chr20	56251683	56268052	4	11924	12160.5301	442	1
3_MACS_peak_14777_lociStitched	chr2	227767328	227782755	3	11857	12258.2942	443	1
3_MACS_peak_8630_lociStitched	chr15	89177667	89191495	3	8987	15683.7176	444	1
4_MACS_peak_10067_lociStitched	chr17	27214709	27230649	4	11324	13019.792	445	1
6_MACS_peak_9373_lociStitched	chr16	67570953	67587206	6	12280	11474.618	446	1
2_MACS_peak_10119_lociStitched	chr17	29635866	29649115	2	12466	11113.2612	447	1
5_MACS_peak_3755_lociStitched	chr11	307761	327683	5	11424	12742.1112	448	1
6_MACS_peak_21040_lociStitched	chr6	16503978	16522721	6	12776	10413.6108	450	1
2_MACS_peak_4170_lociStitched	chr11	60673343	60684760	2	10841	13470.9183	451	1
1_MACS_peak_10242_lociStitched	chr17	38016015	38025163	1	9149	15346.6848	452	1
5_MACS_peak_10445_lociStitched	chr17	45802913	45820307	5	11268	12866.3418	453	1
4_MACS_peak_15056_lociStitched	chr20	17826749	17841490	4	12467	10939.2961	454	1
4_MACS_peak_9085_lociStitched	chr16	22195273	22211682	4	9493	14935.4718	455	1
6_MACS_peak_4102_lociStitched	chr11	47868546	47885578	6	11112	13017.5576	456	1
6_MACS_peak_19733_lociStitched	chr5	55435710	55452658	6	12617	10546.7404	457	1
6_MACS_peak_11266_lociStitched	chr18	46444304	46468067	6	11493	12366.2652	458	1
4_MACS_peak_7558_lociStitched	chr14	77493005	77507733	4	9304	14948.92	459	1
2_MACS_peak_2228_lociStitched	chr1	203285973	203297954	2	10234	13905.1486	460	1
5_MACS_peak_13480_lociStitched	chr2	65251311	65264689	5	10460	13613.4528	461	1
1_MACS_peak_16409_lociStitched	chr22	39540090	39549285	1	9196	15005.3205	462	1
1_MACS_peak_20971_lociStitched	chr6	11827756	11836240	1	8485	15631.77	464	1
4_MACS_peak_25730_lociStitched	chr9	126959018	126971567	4	11008	12830.0976	465	1
2_MACS_peak_15408_lociStitched	chr20	43270658	43281837	2	10984	12852.4963	466	1
2_MACS_peak_20051_lociStitched	chr5	95194566	95207334	2	11001	12811.4112	467	1
1_MACS_peak_1072_lociStitched	chr1	81769277	81781166	1	11890	11431.2735	468	1
3_MACS_peak_15609_lociStitched	chr20	57461059	57471193	3	8829	15235.4556	469	1
3_MACS_peak_19224_lociStitched	chr4	146440961	146455299	3	11989	11187.9414	470	1
1_MACS_peak_16969_lociStitched	chr3	39187278	39195740	1	8463	15493.0758	471	1
2_MACS_peak_20500_lociStitched	chr5	148204956	148216628	2	11256	12262.6032	472	1
3_MACS_peak_19441_lociStitched	chr4	185390477	185403350	3	9001	14927.5308	473	1
6_MACS_peak_11184_lociStitched	chr18	24028503	24051711	6	11672	11543.6592	475	1
2_MACS_peak_13323_lociStitched	chr2	54795413	54809478	2	12081	10842.7085	476	1
3_MACS_peak_12971_lociStitched	chr2	26145853	26162639	3	11881	11110.6534	477	1
2_MACS_peak_1982_lociStitched	chr1	174127538	174140020	2	10193	13415.6536	479	1
5_MACS_peak_25699_lociStitched	chr9	126024727	126038312	5	10912	12450.6525	480	1
3_MACS_peak_5103_lociStitched	chr12	6550664	6562599	3	10728	12658.261	481	1
4_MACS_peak_16102_lociStitched	chr22	23476727	23488578	4	10079	13447.3297	483	1
2_MACS_peak_1138_lociStitched	chr1	87793074	87803012	2	9635	13951.9582	484	1
4_MACS_peak_18020_lociStitched	chr3	170066188	170077012	4	9602	13972.7016	485	1
4_MACS_peak_12392_lociStitched	chr19	42371522	42388959	4	12015	10507.5362	486	1
5_MACS_peak_10816_lociStitched	chr17	73307805	73320448	5	10829	12401.5187	487	1
5_MACS_peak_14839_lociStitched	chr2	233937479	233952452	5	11496	11382.4746	488	1
3_MACS_peak_6531_lociStitched	chr12	133404019	133417236	3	8426	15087.2055	489	1
7_MACS_peak_2046_lociStitched	chr1	182580296	182604237	7	11267	11632.9319	491	1
2_MACS_peak_1336_lociStitched	chr1	111172937	111183339	2	10289	12991.0578	492	1
6_MACS_peak_23707_lociStitched	chr7	139465290	139478760	6	10650	12502.854	493	1
3_MACS_peak_15320_lociStitched	chr20	35933985	35946848	3	10241	13023.7875	494	1
4_MACS_peak_619_lociStitched	chr1	38139419	38158686	4	10879	12118.943	495	1
2_MACS_peak_4396_lociStitched	chr11	67167648	67177929	2	10082	13162.7643	496	1
7_MACS_peak_18259_lociStitched	chr3	186776301	186792002	7	11091	11752.1985	497	1
1_MACS_peak_8189_lociStitched	chr15	52968610	52977262	1	8653	14604.576	501	1
3_MACS_peak_2277_lociStitched	chr1	206282257	206299924	3	10351	12677.8392	502	1
5_MACS_peak_3068_lociStitched	chr10	61631924	61652945	5	11838	10352.8425	503	1
4_MACS_peak_804_lociStitched	chr1	46786237	46800157	4	9713	13438.368	504	1
3_MACS_peak_21127_lociStitched	chr6	26020253	26034712	3	8846	14269.5871	508	1
3_MACS_peak_20710_lociStitched	chr5	173309405	173322067	3	12031	9782.6612	509	1
4_MACS_peak_3744_lociStitched	chr10	135201527	135220202	4	10654	12039.7725	510	1
2_MACS_peak_3516_lociStitched	chr10	104401307	104412719	2	8620	14419.062	511	1
5_MACS_peak_20916_lociStitched	chr6	7153733	7173451	5	10832	11759.8152	512	1
2_MACS_peak_22433_lociStitched	chr6	158181021	158191188	2	8120	14857.0371	513	1
1_MACS_peak_20753_lociStitched	chr5	176852294	176860416	1	8123	14854.3258	514	1
4_MACS_peak_4607_lociStitched	chr11	82772769	82790244	4	10356	12305.895	515	1
5_MACS_peak_4364_lociStitched	chr11	66559697	66576474	5	11010	11332.8635	516	1
4_MACS_peak_2254_lociStitched	chr1	205242848	205258258	4	10510	12047.538	517	1
1_MACS_peak_304_lociStitched	chr1	21614501	21624022	1	9522	13295.1244	518	1
2_MACS_peak_22375_lociStitched	chr6	157165981	157179298	2	11677	10162.2027	519	1
1_MACS_peak_96_lociStitched	chr1	4850961	4861952	1	10992	11318.5318	520	1
2_MACS_peak_24548_lociStitched	chr8	104358717	104372974	2	9552	13183.4479	522	1
3_MACS_peak_11424_lociStitched	chr18	60871123	60885410	3	10724	11629.618	523	1
6_MACS_peak_20984_lociStitched	chr6	13271702	13288188	6	11140	10951.6498	524	1
3_MACS_peak_22050_lociStitched	chr6	126128053	126140814	3	11684	9982.9303	525	1
7_MACS_peak_23631_lociStitched	chr7	130901170	130920701	7	10656	11679.538	526	1
2_MACS_peak_21151_lociStitched	chr6	26357856	26370522	2	10950	11124.5478	528	1
4_MACS_peak_15633_lociStitched	chr20	60929483	60943971	4	10951	11119.54	529	1
5_MACS_peak_10604_lociStitched	chr17	56581374	56597252	5	8574	14055.2056	530	1
3_MACS_peak_13245_lociStitched	chr2	46768370	46778316	3	9243	13349.5212	531	1
2_MACS_peak_9834_lociStitched	chr17	7137031	7147392	2	8446	14090.96	533	1
4_MACS_peak_11005_lociStitched	chr17	80391901	80409385	4	9815	12553.512	535	1
8_MACS_peak_24024_lociStitched	chr8	29106959	29126118	8	10350	11842.1779	536	1
4_MACS_peak_1804_lociStitched	chr1	159036295	159048118	4	10240	11987.3397	537	1
5_MACS_peak_15939_lociStitched	chr21	45135200	45149195	5	9309	13141.305	538	1
1_MACS_peak_22372_lociStitched	chr6	157096966	157105616	1	8651	13833.08	539	1
2_MACS_peak_2059_lociStitched	chr1	183438766	183451030	2	7865	14565.9528	540	1
2_MACS_peak_24494_lociStitched	chr8	101503436	101514754	2	10180	12007.2662	541	1
2_MACS_peak_24000_lociStitched	chr8	28195293	28207552	2	7829	14472.9754	544	1
4_MACS_peak_10243_lociStitched	chr17	38072514	38085366	4	10967	10654.308	546	1
5_MACS_peak_10250_lociStitched	chr17	38218601	38232116	5	10807	10905.2535	547	1
3_MACS_peak_2290_lociStitched	chr1	206880234	206895327	3	10876	10786.9671	548	1
1_MACS_peak_26225_lociStitched	chrX	40026181	40036655	1	10475	11371.6218	549	1
3_MACS_peak_20247_lociStitched	chr5	124074155	124085579	3	11160	10206.2016	550	1
1_MACS_peak_12032_lociStitched	chr19	16692259	16701082	1	8824	13375.668	551	1
2_MACS_peak_19414_lociStitched	chr4	185200800	185210816	2	9893	12109.344	552	1
2_MACS_peak_16838_lociStitched	chr3	25821211	25832662	2	9002	13120.5558	553	1
4_MACS_peak_22388_lociStitched	chr6	157797565	157808282	4	8163	13946.0321	554	1
3_MACS_peak_20399_lociStitched	chr5	138720028	138730400	3	9894	11949.5812	555	1
4_MACS_peak_381_lociStitched	chr1	25558158	25574827	4	9037	12991.8186	557	1
3_MACS_peak_4946_lociStitched	chr11	122930999	122943521	3	8625	13409.8098	558	1
3_MACS_peak_24530_lociStitched	chr8	103664182	103675826	3	8298	13723.6184	559	1
6_MACS_peak_3204_lociStitched	chr10	74004734	74024841	6	10562	10861.8014	563	1
5_MACS_peak_10270_lociStitched	chr17	38493340	38509857	5	10039	11627.968	564	1
3_MACS_peak_2156_lociStitched	chr1	197741199	197752996	3	9697	12083.6671	565	1
5_MACS_peak_25293_lociStitched	chr9	71546363	71565857	5	10754	10542.3552	568	1
1_MACS_peak_12536_lociStitched	chr19	47728629	47736378	1	7750	14094.6561	573	1
1_MACS_peak_8205_lociStitched	chr15	56656761	56666472	1	9712	11969.7786	576	1
3_MACS_peak_13455_lociStitched	chr2	64860801	64872958	3	8040	13793.3322	577	1
6_MACS_peak_15148_lociStitched	chr20	30944936	30958380	6	10626	10518.5856	579	1
3_MACS_peak_14361_lociStitched	chr2	175454992	175465643	3	10107	11310.2969	580	1
4_MACS_peak_593_lociStitched	chr1	36614269	36628234	4	7808	13904.9505	582	1
3_MACS_peak_19481_lociStitched	chr4	186391544	186406118	3	9715	11781.6216	585	1
5_MACS_peak_25800_lociStitched	chr9	130828961	130845448	5	10179	11122.1302	586	1
4_MACS_peak_992_lociStitched	chr1	66736649	66750490	4	9989	11357.9246	588	1
6_MACS_peak_20222_lociStitched	chr5	122847144	122863328	6	10186	11053.672	589	1
2_MACS_peak_26776_lociStitched	chrX	153189337	153201306	2	7842	13740.412	592	1
3_MACS_peak_19866_lociStitched	chr5	68664154	68672711	3	8149	13399.4063	593	1
4_MACS_peak_9416_lociStitched	chr16	68305776	68322270	4	10762	10001.9616	594	1
3_MACS_peak_14539_lociStitched	chr2	198165883	198176510	3	10176	10939.4338	595	1
4_MACS_peak_2286_lociStitched	chr1	206852696	206867255	4	10515	10399.4937	597	1
3_MACS_peak_997_lociStitched	chr1	66795801	66806271	3	9882	11303.412	598	1
4_MACS_peak_7867_lociStitched	chr15	22538215	22554805	4	8784	12653.193	599	1
2_MACS_peak_6165_lociStitched	chr12	106693752	106706706	2	8247	13200.126	600	1
4_MACS_peak_476_lociStitched	chr1	28209758	28221120	4	10437	10393.9576	602	1
4_MACS_peak_6217_lociStitched	chr12	110431947	110450982	4	9513	11693.2005	603	1
3_MACS_peak_4436_lociStitched	chr11	68032132	68042023	3	9216	12061.0854	604	1
4_MACS_peak_10146_lociStitched	chr17	31154127	31166687	4	10208	10694.84	605	1
5_MACS_peak_20825_lociStitched	chr6	216358	229938	5	10636	9970.436	606	1
1_MACS_peak_5378_lociStitched	chr12	31736642	31745700	1	9059	12207.4666	607	1
1_MACS_peak_18676_lociStitched	chr4	42639510	42649082	1	9573	11491.186	610	1
1_MACS_peak_3083_lociStitched	chr10	63656758	63665389	1	8632	12596.0814	612	1
5_MACS_peak_21964_lociStitched	chr6	113946652	113958453	5	10347	10275.1307	616	1
3_MACS_peak_7743_lociStitched	chr14	100524685	100540036	3	10252	10409.5131	618	1
2_MACS_peak_12396_lociStitched	chr19	42440971	42451180	2	9561	11363.6379	620	1
4_MACS_peak_20743_lociStitched	chr5	176725959	176740059	4	9598	11298.33	622	1
5_MACS_peak_11916_lociStitched	chr19	13043746	13057643	5	9828	10967.5124	623	1
3_MACS_peak_9456_lociStitched	chr16	70461673	70474101	3	10530	9815.6344	624	1
2_MACS_peak_23937_lociStitched	chr8	22297280	22305887	2	8234	12855.4152	626	1
3_MACS_peak_25276_lociStitched	chr9	71250944	71268534	3	10475	9846.882	629	1
3_MACS_peak_17583_lociStitched	chr3	114855117	114867566	3	8949	11958.5094	632	1
2_MACS_peak_18655_lociStitched	chr4	40301526	40312196	2	9751	10839.653	633	1
4_MACS_peak_16171_lociStitched	chr22	26874967	26886513	4	9469	11169.6004	635	1
6_MACS_peak_14308_lociStitched	chr2	173291367	173307675	6	10065	10285.4556	636	1
1_MACS_peak_24709_lociStitched	chr8	126612207	126621252	1	9046	11664.432	638	1
4_MACS_peak_13543_lociStitched	chr2	70342790	70360801	4	8337	12474.4186	639	1
3_MACS_peak_6063_lociStitched	chr12	96791641	96802691	3	8469	12296.44	642	1
4_MACS_peak_25853_lociStitched	chr9	132746967	132761518	4	9950	10331.21	643	1
3_MACS_peak_8379_lociStitched	chr15	70387217	70396674	3	9122	11492.1464	644	1
1_MACS_peak_14248_lociStitched	chr2	165609748	165619920	1	10173	9932.958	646	1
3_MACS_peak_3306_lociStitched	chr10	83624466	83637042	3	9628	10727.328	648	1
3_MACS_peak_11383_lociStitched	chr18	56630083	56643700	3	8639	11996.577	649	1
3_MACS_peak_7181_lociStitched	chr14	24604396	24617497	3	7796	12880.9032	650	1
2_MACS_peak_11304_lociStitched	chr18	48714508	48725276	2	8308	12355.2032	651	1
2_MACS_peak_5511_lociStitched	chr12	46776392	46785407	2	8818	11733.0225	653	1
2_MACS_peak_6837_lociStitched	chr13	49099565	49108150	2	8513	12055.9155	656	1
4_MACS_peak_11734_lociStitched	chr19	7398360	7414524	4	10109	9879.4368	657	1
2_MACS_peak_11847_lociStitched	chr19	11199345	11207807	2	7839	12750.5416	659	1
5_MACS_peak_770_lociStitched	chr1	45973586	45988425	5	9386	10912.6006	660	1
4_MACS_peak_18903_lociStitched	chr4	89195451	89206962	4	8168	12344.3964	662	1
2_MACS_peak_3599_lociStitched	chr10	112215640	112224980	2	8599	11841.252	664	1
1_MACS_peak_846_lociStitched	chr1	51977599	51985609	1	8011	12480.381	666	1
3_MACS_peak_10324_lociStitched	chr17	40821623	40833068	3	8434	12008.094	668	1
3_MACS_peak_17348_lociStitched	chr3	72123963	72136320	3	9938	9985.6917	669	1
3_MACS_peak_19281_lociStitched	chr4	152934311	152950026	3	9406	10764.775	670	1
4_MACS_peak_16699_lociStitched	chr3	10230706	10241679	4	9595	10427.6419	673	1
2_MACS_peak_2299_lociStitched	chr1	207918001	207927980	2	9815	10072.8026	676	1
1_MACS_peak_3792_lociStitched	chr11	1870083	1878635	1	8553	11773.5384	677	1
2_MACS_peak_15353_lociStitched	chr20	37498327	37507265	2	8889	11344.1096	679	1
3_MACS_peak_18084_lociStitched	chr3	176911521	176920424	3	8513	11775.9981	680	1
5_MACS_peak_12218_lociStitched	chr19	35695754	35706042	5	9535	10393.9664	682	1
6_MACS_peak_4422_lociStitched	chr11	67761434	67778114	6	9073	11027.148	684	1
4_MACS_peak_18404_lociStitched	chr4	2787480	2803554	4	8351	11907.6192	685	1
5_MACS_peak_3408_lociStitched	chr10	97514941	97530772	5	9876	9810.4707	687	1
3_MACS_peak_2476_lociStitched	chr1	226890500	226902146	3	8384	11818.3608	689	1
1_MACS_peak_7592_lociStitched	chr14	81991881	82000300	1	8420	11754.6078	690	1
4_MACS_peak_21399_lociStitched	chr6	36644657	36654624	4	8028	12158.7433	694	1
2_MACS_peak_20470_lociStitched	chr5	142430494	142439503	2	8994	11014.4034	695	1
1_MACS_peak_6114_lociStitched	chr12	102870485	102879252	1	8768	11269.9785	697	1
3_MACS_peak_13192_lociStitched	chr2	43394970	43406639	3	8285	11753.0168	705	1
2_MACS_peak_17891_lociStitched	chr3	150315918	150325824	2	9666	9887.1786	708	1
3_MACS_peak_22014_lociStitched	chr6	119668255	119677034	3	8497	11455.7171	710	1
1_MACS_peak_7629_lociStitched	chr14	90080183	90088296	1	8114	11878.2433	711	1
2_MACS_peak_15456_lociStitched	chr20	46036075	46047617	2	9324	10337.0152	712	1
1_MACS_peak_24545_lociStitched	chr8	104309811	104318109	1	8299	11649.5622	715	1
3_MACS_peak_11612_lociStitched	chr19	2693447	2702851	3	9113	10618.0564	716	1
4_MACS_peak_8693_lociStitched	chr15	93373280	93393173	4	8082	11854.2387	719	1
1_MACS_peak_4450_lociStitched	chr11	68972823	68981967	1	9145	10483.596	720	1
3_MACS_peak_21070_lociStitched	chr6	20401151	20412337	3	9167	10444.3682	722	1
2_MACS_peak_21461_lociStitched	chr6	41693070	41703455	2	8694	11042.3705	723	1
1_MACS_peak_17060_lociStitched	chr3	46132147	46141212	1	9066	10521.7455	725	1
3_MACS_peak_19448_lociStitched	chr4	185451563	185460848	3	8117	11700.0285	726	1
2_MACS_peak_22515_lociStitched	chr6	167362939	167373372	2	7922	11879.0138	728	1
3_MACS_peak_17650_lociStitched	chr3	121709858	121723967	3	9454	9907.3398	730	1
3_MACS_peak_22947_lociStitched	chr7	45032458	45042679	3	9008	10537.851	731	1
4_MACS_peak_14771_lociStitched	chr2	227654996	227666422	4	8886	10645.6042	733	1
3_MACS_peak_10987_lociStitched	chr17	80185804	80199856	3	9277	10080.9048	734	1
4_MACS_peak_8950_lociStitched	chr16	11391517	11411151	4	7791	11898.204	736	1
2_MACS_peak_1392_lociStitched	chr1	115293162	115301458	2	8270	11344.78	737	1
4_MACS_peak_7120_lociStitched	chr14	21565096	21578740	4	8563	10987.5132	738	1
4_MACS_peak_21936_lociStitched	chr6	109400884	109417498	4	8063	11576.6352	739	1
5_MACS_peak_8960_lociStitched	chr16	11668775	11681864	5	9007	10164.9174	753	1
4_MACS_peak_16590_lociStitched	chr22	48486800	48497536	4	8205	11158.9984	755	1
2_MACS_peak_3859_lociStitched	chr11	9589811	9600236	2	7923	11476.8825	758	1
3_MACS_peak_13320_lociStitched	chr2	54775569	54788800	3	9088	9863.7105	759	1
2_MACS_peak_5295_lociStitched	chr12	26305459	26316716	2	9036	9926.4226	763	1
3_MACS_peak_5714_lociStitched	chr12	57022077	57031659	3	8091	11149.6152	765	1
2_MACS_peak_11656_lociStitched	chr19	4058830	4068209	2	8258	10903.0875	768	1
3_MACS_peak_1338_lociStitched	chr1	111211412	111220625	3	8717	10276.1802	771	1
2_MACS_peak_880_lociStitched	chr1	53095919	53105018	2	8669	10312.8066	772	1
3_MACS_peak_15882_lociStitched	chr21	42791228	42804795	3	8185	10899.7278	774	1
2_MACS_peak_8431_lociStitched	chr15	74832376	74840792	2	7881	11121.744	786	1
2_MACS_peak_5101_lociStitched	chr12	6534672	6543954	2	8802	9904.8222	787	1
3_MACS_peak_9201_lociStitched	chr16	30353713	30368137	3	8570	10142.9568	792	1
4_MACS_peak_16807_lociStitched	chr3	20080757	20097363	4	8613	9888.873	808	1
4_MACS_peak_7986_lociStitched	chr15	40330259	40348408	4	8472	9898.4646	822	1
3_MACS_peak_6448_lociStitched	chr12	123712843	123723277	3	7845	10613.4648	827	1
3_MACS_peak_9478_lociStitched	chr16	71875695	71889356	3	8121	10252.5805	829	1
4_MACS_peak_20588_lociStitched	chr5	156907247	156916434	4	8068	10227.8871	840	1
4_MACS_peak_1938_lociStitched	chr1	169074438	169086659	4	7782	10385.4058	855	1
1_MACS_peak_6867_lociStitched	chr13	50649500	50657432	1	7933	10099.0224	860	1
2_MACS_peak_21183_lociStitched	chr6	27774520	27784351	2	7836	10190.8146	863	1
1_MACS_peak_2002_lociStitched	chr1	178544352	178552323	1	7972	9837.8082	874	1
2_MACS_peak_13654_lociStitched	chr2	86261106	86269209	2	7767	9822.4566	898	1
