#14_0EX0_0229Kronos_MM1S-KB-1hr-2_H3K27Ac_hs-dm_i23_peaks Enhancers
#Created from /data/projects/IRF4_mm_trn_data/p300_internal_ChIP/rose/14_0EX0_0229Kronos_MM1S-KB-1hr-2_H3K27Ac_hs-dm_i23_ROSE/14_0EX0_0229Kronos_MM1S-KB-1hr-2_H3K27Ac_hs-dm_i23_peaks_7KB_STITCHED_ENHANCER_REGION_MAP.txt
#Ranked by X14_0EX0_0229Kronos_MM1S.KB.1hr.2_H3K27Ac_hs.dm_i23.bam
#Using cutoff of 21564.0092 for Super-Enhancers
#Created on Jul 18 2024 
REGION_ID	CHROM	START	STOP	NUM_LOCI	CONSTITUENT_SIZE	X14_0EX0_0229Kronos_MM1S.KB.1hr.2_H3K27Ac_hs.dm_i23.bam	X38_0EXQ_0229Kronos_MM1S.KB.1hr.2_Input_hs_i81.bam	enhancerRank	isSuperStretch
10_MACS_peak_16852_lociStitched	chr3	141079255	141159178	10	54860	375214.5081	16088.4999	1	1
9_MACS_peak_8459_lociStitched	chr16	11765955	11843343	9	64117	180027.7044	14107.8324	2	1
7_MACS_peak_1195_lociStitched	chr1	118147591	118219140	7	55077	241957.2533	8178.0507	3	1
10_MACS_peak_20826_lociStitched	chr6	108878247	108952046	10	59003	80573.7482	10612.2962	4	1
8_MACS_peak_7149_lociStitched	chr14	91813200	91885820	8	52628	126068.32	7617.838	5	1
3_MACS_peak_19920_lociStitched	chr6	7880073	7919627	3	36982	246377.9106	8927.3378	6	1
7_MACS_peak_14371_lociStitched	chr20	30249177	30312252	7	49027	136305.075	11895.945	7	1
5_MACS_peak_12416_lociStitched	chr2	37528399	37586350	5	46174	153373.1166	9828.4896	8	1
6_MACS_peak_12997_lociStitched	chr2	99054910	99108072	6	43314	152511.1456	10419.752	9	1
5_MACS_peak_18530_lociStitched	chr5	1311809	1346330	5	25067	230403.5103	7194.1764	10	1
5_MACS_peak_1468_lociStitched	chr1	154908113	154957811	5	36087	165081.8466	13005.9666	11	1
4_MACS_peak_11138_lociStitched	chr19	2594906	2629028	4	19113	215883.0696	8445.195	12	1
7_MACS_peak_19817_lociStitched	chr6	290154	337843	7	31916	148451.0881	14850.3546	13	1
7_MACS_peak_14416_lociStitched	chr20	32398703	32452343	7	36799	92759.652	10062.864	14	1
4_MACS_peak_1968_lociStitched	chr1	203255070	203298045	4	29263	159080.5575	12346.7175	15	1
8_MACS_peak_9737_lociStitched	chr17	34597816	34641502	8	34694	97472.2032	9361.9098	16	1
5_MACS_peak_10835_lociStitched	chr18	46440500	46480084	5	35587	80422.8128	6832.1984	17	1
5_MACS_peak_15261_lociStitched	chr22	23217787	23249030	5	25856	158442.6259	4495.8677	18	1
10_MACS_peak_20496_lociStitched	chr6	52392862	52442929	10	34292	79521.4161	8741.6982	19	1
2_MACS_peak_5361_lociStitched	chr12	53573155	53603950	2	24771	151668.4545	6593.2095	20	1
8_MACS_peak_8971_lociStitched	chr16	68269852	68320895	8	33346	60848.3603	8171.9843	21	1
3_MACS_peak_7285_lociStitched	chr14	106024682	106052638	3	25474	129643.1544	4819.6144	22	1
1_MACS_peak_2539_lociStitched	chr10	11202613	11223905	1	21293	150547.2152	4786.4416	23	1
3_MACS_peak_22628_lociStitched	chr8	2027255	2050915	3	18507	160204.226	4261.166	24	1
8_MACS_peak_1503_lociStitched	chr1	155902658	155952041	8	31132	73146.0996	10691.4195	25	1
4_MACS_peak_9477_lociStitched	chr17	16864032	16895401	4	20790	147870.3291	5960.11	26	1
4_MACS_peak_17944_lociStitched	chr4	90205115	90240682	4	27545	100974.713	5662.2664	27	1
5_MACS_peak_14348_lociStitched	chr20	25261611	25303060	5	24491	122274.55	6805.9258	28	1
2_MACS_peak_4138_lociStitched	chr11	65183276	65209397	2	19484	144540.5535	6498.9048	29	1
1_MACS_peak_20799_lociStitched	chr6	106530950	106556011	1	25062	107546.7754	4814.2181	30	1
7_MACS_peak_19714_lociStitched	chr5	173310005	173357116	7	30274	45725.9366	6925.317	31	1
6_MACS_peak_9731_lociStitched	chr17	34509755	34540081	6	25940	99147.8244	7460.196	32	1
6_MACS_peak_7406_lociStitched	chr15	31616905	31660471	6	28473	65823.8694	7410.5766	33	1
6_MACS_peak_10210_lociStitched	chr17	62150187	62186640	6	28318	56844.8082	5909.0313	34	1
1_MACS_peak_14003_lociStitched	chr2	232686851	232714980	1	28130	55132.84	3277.0285	35	1
1_MACS_peak_5376_lociStitched	chr12	53845927	53874834	1	28908	39839.6274	5070.2878	36	1
4_MACS_peak_3483_lociStitched	chr10	125822284	125854645	4	27270	67521.2265	5812.0356	37	1
2_MACS_peak_1519_lociStitched	chr1	156115330	156137180	2	21816	112289.335	6139.85	38	1
7_MACS_peak_4918_lociStitched	chr12	7045500	7085705	7	25806	77812.757	7679.155	39	1
2_MACS_peak_15266_lociStitched	chr22	23269436	23285969	2	15892	136046.7504	3908.4012	40	1
5_MACS_peak_7843_lociStitched	chr15	68568808	68599511	5	26246	58691.8548	5587.946	42	1
4_MACS_peak_5842_lociStitched	chr12	109009598	109036292	4	19890	115035.1236	5506.9722	43	1
4_MACS_peak_22138_lociStitched	chr7	102063624	102093328	4	19973	113490.0728	4817.9888	44	1
3_MACS_peak_15286_lociStitched	chr22	24176797	24200981	3	15877	122936.9456	4476.4584	45	1
4_MACS_peak_15111_lociStitched	chr21	45552504	45580510	4	17816	115325.9074	7113.524	46	1
2_MACS_peak_22549_lociStitched	chr7	150063691	150084635	2	19747	102353.328	5321.8704	47	1
4_MACS_peak_15786_lociStitched	chr3	5222462	5256700	4	24607	54222.7206	5923.174	48	1
6_MACS_peak_2545_lociStitched	chr10	11278958	11313069	6	24091	61430.4999	5778.4034	49	1
7_MACS_peak_10317_lociStitched	chr17	72733359	72781015	7	25141	42418.6056	7486.7576	50	1
6_MACS_peak_17171_lociStitched	chr3	183228354	183261440	6	22898	72560.9066	8876.9738	51	1
3_MACS_peak_7293_lociStitched	chr14	106145151	106169317	3	19866	91707.5534	2890.2536	52	1
5_MACS_peak_9691_lociStitched	chr17	32690552	32719609	5	21787	68339.1583	5538.2642	53	1
6_MACS_peak_21772_lociStitched	chr7	55616398	55642892	6	23139	49745.1344	4615.2548	54	1
2_MACS_peak_12251_lociStitched	chr2	20404090	20426296	2	21182	72247.221	4541.127	56	1
7_MACS_peak_15473_lociStitched	chr22	37611146	37642097	7	22662	54303.5295	5883.7851	57	1
5_MACS_peak_2017_lociStitched	chr1	206272162	206307576	5	19705	83516.8362	7890.2392	58	1
2_MACS_peak_3801_lociStitched	chr11	22677205	22703790	2	21077	64795.6205	3708.6075	59	1
4_MACS_peak_19303_lociStitched	chr5	131744862	131773925	4	20925	67818.5105	5298.1849	60	1
1_MACS_peak_420_lociStitched	chr1	31213786	31233392	1	19607	77996.5892	4313.32	61	1
4_MACS_peak_11464_lociStitched	chr19	16243499	16273211	4	21384	60086.5776	4955.9616	62	1
3_MACS_peak_11733_lociStitched	chr19	39880550	39904130	3	18065	88498.098	4772.592	63	1
4_MACS_peak_8863_lociStitched	chr16	56963511	56986023	4	20782	65377.0992	4880.6016	64	1
1_MACS_peak_10636_lociStitched	chr18	9101652	9122947	1	21296	56955.607	4022.6255	65	1
3_MACS_peak_10135_lociStitched	chr17	56405190	56430920	3	18819	81942.331	5318.391	66	1
3_MACS_peak_1530_lociStitched	chr1	156450597	156476022	3	20950	61744.6125	6859.665	67	1
2_MACS_peak_15043_lociStitched	chr21	41324613	41344376	2	19604	73229.8202	5442.7302	68	1
5_MACS_peak_7924_lociStitched	chr15	75065457	75093155	5	21819	44721.1908	4944.093	69	1
6_MACS_peak_6040_lociStitched	chr12	123355176	123387107	6	21827	42075.4787	2720.5212	70	1
6_MACS_peak_12974_lociStitched	chr2	97190703	97220638	6	18515	79621.113	5373.3325	71	1
2_MACS_peak_11113_lociStitched	chr19	2081609	2098368	2	15170	99647.3381	5193.6141	72	1
5_MACS_peak_23410_lociStitched	chr8	120916818	120947677	5	20643	50216.8507	5264.5454	74	1
4_MACS_peak_10632_lociStitched	chr18	9055122	9085175	4	16718	86086.8185	4853.5595	75	1
2_MACS_peak_4143_lociStitched	chr11	65254515	65278873	2	17611	79078.247	4803.3976	76	1
2_MACS_peak_5008_lociStitched	chr12	12866588	12881948	2	15239	90663.936	2466.816	77	1
3_MACS_peak_205_lociStitched	chr1	17221287	17241638	3	9112	116784.2135	5539.5422	78	1
1_MACS_peak_17635_lociStitched	chr4	40191197	40209691	1	18495	66043.9234	4314.6502	79	1
1_MACS_peak_10637_lociStitched	chr18	9132369	9152856	1	20488	40000.8675	3482.79	80	1
6_MACS_peak_23190_lociStitched	chr8	81048618	81084576	6	20795	28780.7832	5544.7236	81	1
4_MACS_peak_4769_lociStitched	chr11	128585252	128609797	4	19722	42565.939	4830.456	82	1
6_MACS_peak_18433_lociStitched	chr4	185317570	185350078	6	19576	44516.4552	5272.7976	83	1
2_MACS_peak_14705_lociStitched	chr20	52194788	52215815	2	19916	31763.3862	3080.4555	84	1
4_MACS_peak_15841_lociStitched	chr3	13035675	13061367	4	16660	72261.3192	5138.4	85	1
5_MACS_peak_3688_lociStitched	chr11	10314689	10345091	5	18830	49415.4108	5229.144	86	1
2_MACS_peak_1378_lociStitched	chr1	150532137	150553044	2	16424	73040.6952	5766.1506	87	1
1_MACS_peak_12211_lociStitched	chr2	11883630	11898209	1	14580	82447.1608	3141.7745	88	1
2_MACS_peak_19040_lociStitched	chr5	88111517	88130802	2	19283	31770.109	3286.164	89	1
3_MACS_peak_10448_lociStitched	chr17	76711075	76733809	3	18871	39209.3298	4055.7456	90	1
4_MACS_peak_1354_lociStitched	chr1	149802885	149834070	4	16423	69508.2465	7768.1835	91	1
9_MACS_peak_21080_lociStitched	chr6	138247146	138297449	9	19131	34281.4945	7706.4196	92	1
4_MACS_peak_16374_lociStitched	chr3	69128448	69155266	4	19151	30092.4778	4121.9266	93	1
3_MACS_peak_8475_lociStitched	chr16	12052292	12071975	3	13118	86024.5515	3997.6173	94	1
2_MACS_peak_1452_lociStitched	chr1	154374322	154394887	2	16808	62217.351	5569.002	95	1
2_MACS_peak_9825_lociStitched	chr17	38465634	38483892	2	17460	52575.7368	3666.2064	96	1
3_MACS_peak_22827_lociStitched	chr8	27208609	27239269	3	18447	40149.27	5705.826	97	1
4_MACS_peak_2024_lociStitched	chr1	206728035	206754654	4	18256	44517.6156	7125.9063	98	1
1_MACS_peak_6604_lociStitched	chr13	114556217	114568151	1	11935	88535.9592	3302.1378	99	1
1_MACS_peak_20077_lociStitched	chr6	25402935	25415161	1	12227	86041.6976	2525.8916	100	1
3_MACS_peak_2347_lociStitched	chr1	234734083	234749852	3	13000	83594.6228	3958.019	101	1
1_MACS_peak_15337_lociStitched	chr22	29185679	29199591	1	13913	77257.5096	2814.3976	102	1
4_MACS_peak_11486_lociStitched	chr19	16693888	16717013	4	14546	75040.625	4673.5625	103	1
1_MACS_peak_13735_lociStitched	chr2	201980006	201994862	1	14857	71351.8824	3112.332	104	1
2_MACS_peak_4312_lociStitched	chr11	72850795	72869694	2	12393	84247.9622	3738.2222	105	1
4_MACS_peak_9726_lociStitched	chr17	34408945	34432625	4	16949	52155.2	4676.8	106	1
3_MACS_peak_24314_lociStitched	chr9	112904331	112925108	3	18503	26791.9415	3903.9983	107	1
4_MACS_peak_7513_lociStitched	chr15	40834140	40862699	4	17009	51511.8683	5069.2225	108	1
1_MACS_peak_9946_lociStitched	chr17	43298152	43308710	1	10559	90172.7106	2372.3826	109	1
3_MACS_peak_7499_lociStitched	chr15	40386980	40408975	3	16399	44300.1295	4196.646	112	1
4_MACS_peak_13670_lociStitched	chr2	197024431	197048660	4	17099	32869.0614	4038.9743	113	1
1_MACS_peak_2252_lociStitched	chr1	226839514	226852526	1	13013	72429.9968	3994.684	114	1
2_MACS_peak_13145_lociStitched	chr2	112455670	112465597	2	9743	83544.6393	2323.9107	115	1
4_MACS_peak_14204_lociStitched	chr20	5570476	5592534	4	16966	27058.5486	3756.4774	116	1
2_MACS_peak_18671_lociStitched	chr5	32570958	32592304	2	15205	51352.0722	3771.8382	117	1
2_MACS_peak_5840_lociStitched	chr12	108952818	108970621	2	14352	59097.0585	3866.8116	118	1
5_MACS_peak_17064_lociStitched	chr3	171802018	171826944	5	16089	41626.42	5825.2062	119	1
2_MACS_peak_15259_lociStitched	chr22	23189932	23209969	2	16266	34567.8324	2003.7	120	1
5_MACS_peak_24488_lociStitched	chr9	130532080	130566596	5	16155	32313.8792	5056.594	121	1
5_MACS_peak_8585_lociStitched	chr16	22195230	22219278	5	15718	37998.2448	4381.5456	123	1
3_MACS_peak_7096_lociStitched	chr14	81930690	81953247	3	16050	30012.0885	1928.6235	124	1
3_MACS_peak_21768_lociStitched	chr7	55569012	55585884	3	15448	40003.512	2819.3112	125	1
6_MACS_peak_8703_lociStitched	chr16	30193689	30223861	6	16105	32618.9492	6652.926	126	1
3_MACS_peak_19309_lociStitched	chr5	131813048	131837701	3	16204	27640.9436	4398.0952	127	1
7_MACS_peak_23467_lociStitched	chr8	126285477	126316096	7	15774	34709.6984	4467.3121	128	1
2_MACS_peak_10406_lociStitched	chr17	75131339	75145408	2	11664	68926.8448	2840.5311	129	1
1_MACS_peak_10951_lociStitched	chr18	60821961	60831205	1	9245	78488.0308	1824.7656	130	1
2_MACS_peak_18564_lociStitched	chr5	6475635	6487512	2	10042	74973.5625	2343.3321	131	1
3_MACS_peak_16796_lociStitched	chr3	133181748	133200298	3	13893	52336.97	3628.38	132	1
3_MACS_peak_21693_lociStitched	chr7	44661792	44680281	3	14952	40487.2122	3318.7755	133	1
2_MACS_peak_4866_lociStitched	chr12	4216212	4229820	2	6963	84097.44	2963.8224	135	1
5_MACS_peak_12928_lociStitched	chr2	88899144	88928377	5	15535	27487.7899	5077.7721	136	1
2_MACS_peak_12748_lociStitched	chr2	70310274	70323273	2	8346	78303.3762	2523.1059	137	1
3_MACS_peak_14803_lociStitched	chr20	61273054	61291151	3	13682	47958.8597	2908.1879	138	1
4_MACS_peak_19796_lociStitched	chr5	180228395	180249301	4	14574	37850.313	3579.1072	139	1
2_MACS_peak_5101_lociStitched	chr12	26265856	26280344	2	13871	44943.2248	2544.0928	140	1
5_MACS_peak_13888_lociStitched	chr2	219743086	219763398	5	14688	34985.3888	3524.132	141	1
4_MACS_peak_8118_lociStitched	chr15	89646826	89674897	4	13625	47922.8112	4555.9233	142	1
3_MACS_peak_12542_lociStitched	chr2	47526802	47550728	3	11707	62784.2166	4641.644	143	1
5_MACS_peak_20072_lociStitched	chr6	25366235	25389793	5	14986	28745.4716	4139.1406	144	1
4_MACS_peak_7350_lociStitched	chr15	23660118	23682841	4	13119	51024.4965	3592.5063	145	1
3_MACS_peak_16752_lociStitched	chr3	129026493	129048528	3	14095	41278.1655	3926.637	146	1
4_MACS_peak_19753_lociStitched	chr5	176717118	176740510	4	14157	40180.4384	4138.0448	147	1
4_MACS_peak_3085_lociStitched	chr10	81001324	81020582	4	14280	37751.4574	3333.5598	148	1
2_MACS_peak_14523_lociStitched	chr20	37491151	37505689	2	8720	74703.513	2791.296	149	1
4_MACS_peak_12685_lociStitched	chr2	65157556	65178600	4	12419	55444.6268	4412.9268	150	1
2_MACS_peak_16476_lociStitched	chr3	98479714	98495637	2	13626	41947.5512	2740.3483	151	1
5_MACS_peak_10361_lociStitched	chr17	73850533	73875683	5	13046	48579.74	3792.62	153	1
5_MACS_peak_9952_lociStitched	chr17	43505020	43531598	5	14556	30027.8244	4119.59	154	1
5_MACS_peak_19541_lociStitched	chr5	150513116	150538125	5	14742	26434.513	4371.5732	155	1
1_MACS_peak_21771_lociStitched	chr7	55597709	55605991	1	8283	73155.7342	1692.8408	156	1
4_MACS_peak_3401_lociStitched	chr10	112611836	112632939	4	14611	25963.0209	3811.2018	157	1
4_MACS_peak_21217_lociStitched	chr6	157976615	157999651	4	13672	37986.364	1868.2196	158	1
5_MACS_peak_24574_lociStitched	chr9	134127041	134153118	5	14379	30374.4896	4281.8434	159	1
3_MACS_peak_1989_lociStitched	chr1	204474545	204491932	3	12360	52713.9066	4364.137	160	1
3_MACS_peak_10402_lociStitched	chr17	75078918	75093182	3	13610	39267.3656	3021.1152	161	1
2_MACS_peak_16143_lociStitched	chr3	46578547	46589503	2	7025	76400.5704	2019.1908	162	1
2_MACS_peak_19042_lociStitched	chr5	88171090	88187010	2	13684	37305.336	2647.496	163	1
1_MACS_peak_21956_lociStitched	chr7	78114164	78128047	1	13884	33855.0838	2408.7005	166	1
5_MACS_peak_23605_lociStitched	chr8	145001998	145027676	5	14292	28161.0626	3507.6148	167	1
1_MACS_peak_12485_lociStitched	chr2	43444278	43456943	1	12666	46459.0195	2331.6265	168	1
5_MACS_peak_20235_lociStitched	chr6	31783187	31804829	5	14301	26576.376	3510.3324	169	1
2_MACS_peak_15513_lociStitched	chr22	38700830	38715120	2	14213	26056.386	2609.354	172	1
4_MACS_peak_18798_lociStitched	chr5	55437022	55453653	4	13783	33343.4919	2893.794	173	1
3_MACS_peak_8107_lociStitched	chr15	89163705	89184539	3	13749	33759.4136	3579.2812	175	1
4_MACS_peak_15561_lociStitched	chr22	39823325	39845747	4	12377	47507.7336	4029.2334	177	1
1_MACS_peak_15516_lociStitched	chr22	38782066	38795659	1	13594	30438.8049	2055.2616	178	1
4_MACS_peak_15569_lociStitched	chr22	39909951	39929536	4	13009	38345.4715	3950.2945	180	1
3_MACS_peak_3326_lociStitched	chr10	104531462	104543128	3	10732	55527.8268	2473.192	181	1
3_MACS_peak_4287_lociStitched	chr11	71413794	71426668	3	10959	54303.8194	2764.0478	182	1
2_MACS_peak_5272_lociStitched	chr12	48201002	48214767	2	12968	36707.1255	2834.2135	183	1
5_MACS_peak_7065_lociStitched	chr14	77487929	77507809	5	13527	27474.16	1787.212	184	1
5_MACS_peak_8684_lociStitched	chr16	29815365	29833619	5	13186	33527.1218	3555.8792	185	1
4_MACS_peak_20091_lociStitched	chr6	26183616	26207198	4	13205	33842.5282	4275.4166	187	1
2_MACS_peak_20228_lociStitched	chr6	31694618	31709262	2	12146	44284.9204	2859.9732	188	1
2_MACS_peak_4608_lociStitched	chr11	115091070	115102375	2	8354	66191.9055	2052.988	189	1
5_MACS_peak_11119_lociStitched	chr19	2254580	2274390	5	13162	33821.613	4486.965	190	1
6_MACS_peak_4095_lociStitched	chr11	63992494	64020070	6	13539	27545.6664	4690.6776	191	1
3_MACS_peak_17239_lociStitched	chr3	186703270	186719955	3	12263	43386.0055	4101.173	193	1
4_MACS_peak_11938_lociStitched	chr19	48880463	48902443	4	12449	39950.848	2969.498	194	1
2_MACS_peak_7404_lociStitched	chr15	31546827	31561017	2	9785	59403.597	2708.871	195	1
2_MACS_peak_7708_lociStitched	chr15	56648184	56666188	2	11672	46131.6492	2794.2208	196	1
1_MACS_peak_20717_lociStitched	chr6	90059007	90071263	1	12257	40279.344	2474.4864	197	1
4_MACS_peak_3102_lociStitched	chr10	81946648	81966337	4	12971	32628.6108	3496.7664	198	1
2_MACS_peak_8916_lociStitched	chr16	66549252	66560143	2	10017	56916.366	2348.0996	199	1
2_MACS_peak_8600_lociStitched	chr16	23344127	23354053	2	7440	68329.5914	2218.461	200	1
3_MACS_peak_10298_lociStitched	chr17	70582477	70601773	3	13193	28426.8672	3409.6032	202	1
3_MACS_peak_19210_lociStitched	chr5	118657929	118678692	3	13357	25521.8796	3845.3076	203	1
4_MACS_peak_14752_lociStitched	chr20	55957937	55975530	4	12483	35887.9607	2973.217	206	1
1_MACS_peak_347_lociStitched	chr1	27018319	27030613	1	12295	34434.2646	2011.2984	208	1
4_MACS_peak_588_lociStitched	chr1	40839074	40858402	4	12944	26104.3968	3299.2896	209	1
1_MACS_peak_20263_lociStitched	chr6	32934808	32942916	1	8109	62512.68	1841.3268	210	1
4_MACS_peak_1237_lociStitched	chr1	143442734	143468734	4	12687	35653.8	9807.2	211	1
2_MACS_peak_2780_lociStitched	chr10	43890116	43905825	2	11803	38673.9871	2507.1564	212	1
5_MACS_peak_25353_lociStitched	chrX	128902327	128921351	5	12813	24424.9136	2280.9776	213	1
4_MACS_peak_4663_lociStitched	chr11	118954910	118979769	4	12530	30695.8932	4621.2881	215	1
2_MACS_peak_4743_lociStitched	chr11	126056560	126069116	2	7388	64600.62	2437.1196	217	1
5_MACS_peak_11091_lociStitched	chr19	1647817	1672926	5	11119	45276.5488	4373.9878	218	1
2_MACS_peak_8025_lociStitched	chr15	81584979	81597584	2	12524	27999.4865	2913.0155	219	1
1_MACS_peak_19958_lociStitched	chr6	11827872	11836607	1	8736	58037.087	1954.893	220	1
1_MACS_peak_4872_lociStitched	chr12	4377526	4388357	1	10832	44649.7144	1931.1673	222	1
4_MACS_peak_10453_lociStitched	chr17	76763478	76779598	4	12493	26572.208	2592.096	223	1
4_MACS_peak_11130_lociStitched	chr19	2455267	2480356	4	12225	31707.4782	4784.4723	224	1
2_MACS_peak_19307_lociStitched	chr5	131789989	131804263	2	12129	30680.5356	3097.458	227	1
3_MACS_peak_17833_lociStitched	chr4	77117822	77136369	3	11666	36745.3164	3536.9129	228	1
2_MACS_peak_14581_lociStitched	chr20	43270374	43282168	2	11752	34066.969	2468.4842	229	1
2_MACS_peak_15338_lociStitched	chr22	29207166	29221399	2	11414	37328.8891	2184.7655	231	1
2_MACS_peak_15320_lociStitched	chr22	26974709	26992360	2	12161	28582.2643	3014.7908	233	1
1_MACS_peak_13588_lociStitched	chr2	182168457	182180054	1	11598	34242.4619	1922.7826	235	1
2_MACS_peak_9340_lociStitched	chr17	4842031	4854569	2	10880	41500.78	2319.53	236	1
5_MACS_peak_11097_lociStitched	chr19	1847043	1865727	5	11214	39572.712	3654.5904	237	1
5_MACS_peak_24749_lociStitched	chrX	10065117	10090937	5	12280	24552.238	2241.176	238	1
3_MACS_peak_4567_lociStitched	chr11	111237752	111251224	3	11652	33130.3424	2469.4176	239	1
1_MACS_peak_3986_lociStitched	chr11	58339987	58348205	1	8219	56934.304	1520.33	240	1
2_MACS_peak_3783_lociStitched	chr11	19451332	19465858	2	11480	33870.2742	2746.8666	243	1
1_MACS_peak_22173_lociStitched	chr7	104651338	104658078	1	6741	61970.93	1363.502	245	1
3_MACS_peak_12469_lociStitched	chr2	42323613	42334568	3	9671	48622.672	2277.5445	246	1
3_MACS_peak_22166_lociStitched	chr7	104576402	104586846	3	8153	56889.5124	2179.6628	247	1
4_MACS_peak_2526_lociStitched	chr10	7511714	7535576	4	11613	32134.9554	3426.5832	248	1
2_MACS_peak_13747_lociStitched	chr2	202116234	202128316	2	10620	40843.201	2171.1354	249	1
2_MACS_peak_18424_lociStitched	chr4	185201333	185210995	2	8756	52930.3684	1872.4956	250	1
4_MACS_peak_10387_lociStitched	chr17	74476202	74498348	4	11547	32441.6754	3671.8068	251	1
2_MACS_peak_1540_lociStitched	chr1	156709453	156722773	2	11553	30801.168	3564.432	252	1
1_MACS_peak_19824_lociStitched	chr6	389059	400871	1	11813	25734.8044	2329.3264	253	1
3_MACS_peak_25488_lociStitched	chrX	153232735	153252500	3	11109	33598.5235	1674.0955	254	1
2_MACS_peak_24137_lociStitched	chr9	94181110	94192729	2	11475	29150.9091	1876.4685	255	1
4_MACS_peak_20350_lociStitched	chr6	37122310	37144192	4	11734	26538.4896	3179.4546	256	1
4_MACS_peak_9380_lociStitched	chr17	7136665	7156735	4	11304	31951.44	3080.745	257	1
2_MACS_peak_7793_lociStitched	chr15	65173631	65189389	2	9303	48203.722	2633.1618	258	1
2_MACS_peak_22254_lociStitched	chr7	114561626	114573736	2	9185	48369.762	2466.807	259	1
2_MACS_peak_8861_lociStitched	chr16	56943579	56952653	2	6904	58736.002	1685.9492	260	1
4_MACS_peak_18667_lociStitched	chr5	32530429	32543914	4	11402	28264.56	2701.0455	262	1
3_MACS_peak_849_lociStitched	chr1	66736688	66750362	3	10720	35977.6614	2573.4468	263	1
3_MACS_peak_17613_lociStitched	chr4	38307328	38322285	3	11319	27773.6533	2312.3522	266	1
4_MACS_peak_16508_lociStitched	chr3	101487744	101513170	4	11504	25802.3048	3928.317	267	1
3_MACS_peak_7919_lociStitched	chr15	74906533	74924294	3	11386	26376.8611	3351.5007	269	1
1_MACS_peak_19465_lociStitched	chr5	142774893	142785945	1	11053	28835.7732	1456.6536	271	1
4_MACS_peak_21034_lociStitched	chr6	135322933	135343833	4	10809	32771.2	2762.98	272	1
3_MACS_peak_24997_lociStitched	chrX	48790606	48805630	3	10597	34038.3744	1810.392	273	1
4_MACS_peak_11076_lociStitched	chr19	1258500	1277369	4	10904	32822.6255	4194.5787	274	1
3_MACS_peak_17042_lociStitched	chr3	169755050	169776644	3	11358	26808.951	4839.2154	276	1
4_MACS_peak_12674_lociStitched	chr2	64862730	64883516	4	11167	28009.135	3219.7514	277	1
2_MACS_peak_17244_lociStitched	chr3	186780208	186792454	2	8646	50261.2578	3648.0834	278	1
2_MACS_peak_20456_lociStitched	chr6	45386654	45402203	2	9790	40676.184	2172.1953	279	1
5_MACS_peak_12060_lociStitched	chr19	56145399	56168015	5	11017	29418.8928	3417.2776	280	1
4_MACS_peak_11417_lociStitched	chr19	13943931	13959304	4	10473	33860.5698	2255.2191	281	1
2_MACS_peak_14423_lociStitched	chr20	32461921	32473630	2	8064	51435.2952	2547.8784	282	1
3_MACS_peak_14867_lociStitched	chr21	19152094	19167841	3	11006	26510.0745	2368.3488	284	1
2_MACS_peak_14757_lociStitched	chr20	56047656	56058352	2	9530	41199.9224	2041.8664	285	1
3_MACS_peak_10234_lociStitched	chr17	62970447	62986157	3	8256	49915.383	3022.604	286	1
2_MACS_peak_19386_lociStitched	chr5	138719960	138730324	2	10218	34668.6164	2470.7776	288	1
4_MACS_peak_19034_lociStitched	chr5	87954665	87976825	4	9921	38372.256	3463.608	290	1
1_MACS_peak_19504_lociStitched	chr5	148204798	148215757	1	10960	25057.7535	2619.201	291	1
3_MACS_peak_4413_lociStitched	chr11	82764926	82784477	3	10463	32149.6644	3785.0736	295	1
4_MACS_peak_15102_lociStitched	chr21	45194955	45210766	4	10756	28194.1752	4275.2944	296	1
3_MACS_peak_4247_lociStitched	chr11	67760479	67778465	3	10508	30189.501	3284.2436	297	1
2_MACS_peak_12533_lociStitched	chr2	47203648	47215367	2	9923	34762.0697	2146.9208	299	1
3_MACS_peak_7915_lociStitched	chr15	74827407	74846018	3	10548	28813.5502	3109.8981	300	1
1_MACS_peak_9801_lociStitched	chr17	37909501	37916805	1	7305	51382.9096	1662.3904	301	1
1_MACS_peak_13978_lociStitched	chr2	231729553	231739621	1	10069	32028.3216	1011.834	302	1
2_MACS_peak_10271_lociStitched	chr17	66230387	66245168	2	8279	47145.4776	2628.0618	304	1
3_MACS_peak_3320_lociStitched	chr10	104401207	104421763	3	10598	26967.4164	3245.7924	305	1
2_MACS_peak_3391_lociStitched	chr10	112216440	112226137	2	7848	48351.1814	2067.4004	307	1
2_MACS_peak_6083_lociStitched	chr12	125397830	125412854	2	10488	26551.9152	1643.6256	308	1
4_MACS_peak_4895_lociStitched	chr12	6554994	6581021	4	10243	32104.3045	4338.7009	310	1
4_MACS_peak_15068_lociStitched	chr21	43638912	43657621	4	10036	34026.0583	4054.2403	311	1
4_MACS_peak_2806_lociStitched	chr10	45913847	45931430	4	9502	37465.8564	2700.7488	313	1
1_MACS_peak_262_lociStitched	chr1	23850425	23858951	1	8527	43508.178	1748.6826	314	1
3_MACS_peak_19689_lociStitched	chr5	171601010	171616091	3	10400	27595.2138	2699.499	315	1
2_MACS_peak_14549_lociStitched	chr20	40710443	40724594	2	7761	47778.0213	2190.5748	319	1
3_MACS_peak_21883_lociStitched	chr7	74057214	74076857	3	10428	26099.6541	2687.1624	322	1
3_MACS_peak_9125_lociStitched	chr16	81841646	81857651	3	10426	24988.6065	1690.128	323	1
2_MACS_peak_6623_lociStitched	chr13	115039471	115048792	2	8317	43497.3786	1487.6316	324	1
1_MACS_peak_11791_lociStitched	chr19	42051898	42062147	1	10250	26917.9736	1839.6955	325	1
5_MACS_peak_12750_lociStitched	chr2	70335042	70360818	5	9991	31534.3584	3572.5536	328	1
4_MACS_peak_5850_lociStitched	chr12	109161889	109181093	4	9651	34674.7424	3351.098	329	1
2_MACS_peak_16682_lociStitched	chr3	124501845	124512136	2	9420	34952.3524	1767.9938	330	1
2_MACS_peak_11662_lociStitched	chr19	35695309	35706045	2	8023	45293.0368	2264.2224	331	1
2_MACS_peak_16271_lociStitched	chr3	52729969	52745713	2	10223	26860.8384	2693.7984	333	1
1_MACS_peak_20598_lociStitched	chr6	74224311	74234436	1	10126	27362.8125	2062.4625	334	1
3_MACS_peak_10437_lociStitched	chr17	76163869	76183649	3	10308	25715.978	2935.352	335	1
1_MACS_peak_21530_lociStitched	chr7	26002454	26009714	1	7261	48760.338	1944.954	336	1
2_MACS_peak_20105_lociStitched	chr6	26358039	26367419	2	9249	35812.84	1796.27	337	1
2_MACS_peak_11462_lociStitched	chr19	16221417	16231672	2	9341	35126.4515	2030.49	339	1
2_MACS_peak_24559_lociStitched	chr9	132645979	132657863	2	8348	42122.838	2069.0044	343	1
3_MACS_peak_20400_lociStitched	chr6	42737867	42752257	3	8895	37690.288	1935.455	345	1
2_MACS_peak_15272_lociStitched	chr22	23477870	23488794	2	9538	32373.274	2342.1056	346	1
1_MACS_peak_2720_lociStitched	chr10	30989408	30996752	1	7345	46929.6288	1594.3824	347	1
2_MACS_peak_2272_lociStitched	chr1	228268815	228279473	2	10159	25064.4186	2734.8428	348	1
2_MACS_peak_16118_lociStitched	chr3	46246184	46257087	2	8530	40380.3508	2575.2886	349	1
2_MACS_peak_2064_lociStitched	chr1	209275712	209283978	2	7584	45985.4112	2339.278	351	1
3_MACS_peak_20128_lociStitched	chr6	27098356	27116023	3	10022	26445.7323	3293.1288	353	1
3_MACS_peak_11459_lociStitched	chr19	16180454	16198167	3	9401	32900.1262	2747.2863	354	1
2_MACS_peak_11778_lociStitched	chr19	41801234	41817336	2	9562	30962.5358	3096.4146	357	1
3_MACS_peak_8192_lociStitched	chr15	93346403	93364376	3	9266	33623.8884	2956.5585	358	1
3_MACS_peak_10541_lociStitched	chr17	80405722	80424033	3	8863	37636.4294	3620.0847	361	1
2_MACS_peak_10489_lociStitched	chr17	78873549	78887011	2	7942	42604.5376	2209.1142	363	1
3_MACS_peak_1760_lociStitched	chr1	179048823	179061695	3	7726	45157.5504	3512.7688	365	1
2_MACS_peak_1601_lociStitched	chr1	161144605	161157317	2	9501	30750.328	3264.4416	366	1
3_MACS_peak_16191_lociStitched	chr3	49054575	49067636	3	9920	24672.229	2458.0802	367	1
1_MACS_peak_284_lociStitched	chr1	24512159	24519336	1	7178	45947.8717	1683.7242	369	1
2_MACS_peak_9202_lociStitched	chr16	89033401	89046099	2	9407	29200.3208	1131.3918	370	1
2_MACS_peak_17326_lociStitched	chr3	196358021	196371182	2	8993	34877.9661	3313.9398	373	1
4_MACS_peak_23636_lociStitched	chr8	145732527	145754795	4	9612	27570.0108	3057.3964	378	1
3_MACS_peak_15521_lociStitched	chr22	39095519	39106140	3	8703	35434.8423	1964.885	379	1
5_MACS_peak_12658_lociStitched	chr2	64430647	64456341	5	9769	25989.481	4005.6946	381	1
2_MACS_peak_9373_lociStitched	chr17	6915011	6926073	2	6798	46576.551	1866.1594	384	1
2_MACS_peak_22902_lociStitched	chr8	33410212	33425405	2	8298	38426.1356	2594.9644	385	1
2_MACS_peak_15041_lociStitched	chr21	41295823	41309005	2	7755	42944.3196	3528.8214	386	1
4_MACS_peak_14322_lociStitched	chr20	23329861	23348000	4	9495	27661.975	2967.5404	387	1
1_MACS_peak_18012_lociStitched	chr4	105407587	105417287	1	9701	23093.76	1368.67	389	1
3_MACS_peak_12297_lociStitched	chr2	25624062	25645503	3	9155	31520.4141	3707.1489	392	1
2_MACS_peak_22551_lociStitched	chr7	150100998	150113927	2	6813	47318.8471	3246.4719	393	1
1_MACS_peak_8148_lociStitched	chr15	90637885	90646619	1	8735	33372.614	1801.8242	395	1
2_MACS_peak_5655_lociStitched	chr12	89738340	89749556	2	9504	25311.1472	2387.8864	399	1
3_MACS_peak_6024_lociStitched	chr12	122227347	122243664	3	9078	28556.3817	1355.9427	400	1
1_MACS_peak_12882_lociStitched	chr2	86220343	86228679	1	8337	35637.2336	1903.9424	401	1
2_MACS_peak_14824_lociStitched	chr20	62358167	62371002	2	9517	24037.388	2273.0785	403	1
3_MACS_peak_16696_lociStitched	chr3	125548494	125560462	3	9020	29976.2496	2591.072	407	1
4_MACS_peak_20230_lociStitched	chr6	31743761	31764537	4	8800	32146.7048	3251.444	411	1
1_MACS_peak_18222_lociStitched	chr4	144273137	144282136	1	9000	28315.3535	1636.9181	412	1
3_MACS_peak_20144_lociStitched	chr6	27791054	27807955	3	8892	30742.919	2957.675	413	1
2_MACS_peak_9322_lociStitched	chr17	4267941	4281187	2	9384	24212.3634	2205.459	414	1
1_MACS_peak_3393_lociStitched	chr10	112255834	112264947	1	9114	27191.3694	1989.3679	415	1
3_MACS_peak_10592_lociStitched	chr18	3245818	3263137	3	7296	42275.679	2874.954	417	1
1_MACS_peak_20803_lociStitched	chr6	106610043	106617269	1	7227	41369.5726	1737.1304	423	1
4_MACS_peak_1863_lociStitched	chr1	192498646	192521061	4	9026	30204.2125	4680.252	424	1
2_MACS_peak_22626_lociStitched	chr8	1991048	2000524	2	7184	41229.1284	1780.5404	428	1
2_MACS_peak_1422_lociStitched	chr1	152006491	152021692	2	8330	35504.9757	4016.1042	430	1
1_MACS_peak_16997_lociStitched	chr3	160116030	160123725	1	7696	37572.3765	1535.922	433	1
2_MACS_peak_7908_lociStitched	chr15	74665537	74678736	2	6759	43939.471	2488.0115	435	1
2_MACS_peak_5438_lociStitched	chr12	57071173	57083774	2	8235	33823.6042	1948.1146	436	1
3_MACS_peak_9290_lociStitched	chr17	2294295	2305828	3	8630	30236.0661	1984.8293	439	1
1_MACS_peak_9809_lociStitched	chr17	38016512	38025163	1	8652	29473.0919	1815.8449	443	1
3_MACS_peak_16228_lociStitched	chr3	50357895	50376402	3	7785	37900.4853	3140.6379	444	1
3_MACS_peak_2997_lociStitched	chr10	74007019	74024298	3	9038	26011.8066	2638.5033	445	1
3_MACS_peak_14957_lociStitched	chr21	34695964	34712460	3	8899	28877.8976	3888.1072	446	1
4_MACS_peak_11477_lociStitched	chr19	16545055	16561774	4	9105	24852.7935	2593.1169	449	1
1_MACS_peak_13863_lociStitched	chr2	217080196	217088887	1	8692	28366.5549	1802.5134	453	1
2_MACS_peak_15045_lociStitched	chr21	41380863	41389777	2	8765	28323.3436	2645.6752	454	1
2_MACS_peak_17101_lociStitched	chr3	176912114	176920892	2	8759	27778.8588	2320.9032	459	1
2_MACS_peak_5341_lociStitched	chr12	51712107	51721898	2	8954	25124.6851	1904.3495	461	1
3_MACS_peak_24123_lociStitched	chr9	93671144	93688454	3	8497	30282.114	2901.156	462	1
3_MACS_peak_5544_lociStitched	chr12	68752108	68770060	3	8685	28335.4368	3145.1904	465	1
2_MACS_peak_5792_lociStitched	chr12	104318617	104327169	2	7454	37166.1368	1932.752	466	1
2_MACS_peak_4708_lociStitched	chr11	122929583	122941670	2	8450	29060.7741	1800.963	467	1
1_MACS_peak_9777_lociStitched	chr17	36856340	36863628	1	7289	37447.2016	1361.3984	469	1
1_MACS_peak_1895_lociStitched	chr1	197740021	197748678	1	8658	26859.2082	2140.8761	470	1
2_MACS_peak_17775_lociStitched	chr4	71542180	71555266	2	8770	25079.319	2193.2136	472	1
2_MACS_peak_6814_lociStitched	chr14	50465385	50476655	2	7512	34889.666	1155.175	479	1
2_MACS_peak_1277_lociStitched	chr1	145448893	145458013	2	8701	25745.76	2725.056	481	1
1_MACS_peak_5711_lociStitched	chr12	94596487	94603621	1	7135	37715.3178	1573.7604	482	1
2_MACS_peak_19727_lociStitched	chr5	173696782	173709856	2	8446	27753.4872	2270.9538	489	1
2_MACS_peak_17377_lociStitched	chr4	1712285	1725175	2	7864	32704.508	1939.945	490	1
2_MACS_peak_24442_lociStitched	chr9	127622928	127636160	2	8611	25328.6944	2233.5616	494	1
1_MACS_peak_14624_lociStitched	chr20	45979290	45987311	1	8022	30598.5108	1688.4205	495	1
3_MACS_peak_1805_lociStitched	chr1	183438744	183451214	3	8238	30143.731	3262.152	496	1
3_MACS_peak_11987_lociStitched	chr19	50369542	50382070	3	7667	34211.4624	2546.9424	497	1
2_MACS_peak_13398_lociStitched	chr2	157188303	157200528	2	7512	34364.475	1684.605	500	1
4_MACS_peak_5553_lociStitched	chr12	69195701	69209865	4	8525	25415.8816	1868.2316	502	1
3_MACS_peak_2521_lociStitched	chr10	6954666	6972559	3	7443	35580.2305	2621.3245	504	1
2_MACS_peak_10395_lociStitched	chr17	74721355	74735074	2	7993	30897.9318	2266.3788	505	1
2_MACS_peak_22819_lociStitched	chr8	26428276	26437496	2	7748	32211.914	1777.616	507	1
2_MACS_peak_4212_lociStitched	chr11	67034088	67046665	2	8216	27591.4226	2151.9247	515	1
1_MACS_peak_1121_lociStitched	chr1	111172858	111181225	1	8368	24614.8773	1118.6679	518	1
3_MACS_peak_20223_lociStitched	chr6	31618863	31634945	3	8217	27471.2724	2574.7282	521	1
3_MACS_peak_4240_lociStitched	chr11	67647275	67661581	3	7523	33162.7386	2183.0956	522	1
2_MACS_peak_24499_lociStitched	chr9	130731777	130744209	2	8463	23854.5216	1994.0928	527	1
1_MACS_peak_7941_lociStitched	chr15	75334305	75340981	1	6677	37508.4384	1711.0588	532	1
1_MACS_peak_2904_lociStitched	chr10	63804065	63812289	1	8225	25131.7216	1816.6816	536	1
1_MACS_peak_14283_lociStitched	chr20	17945397	17952850	1	7454	31787.7903	1568.1112	541	1
2_MACS_peak_1591_lociStitched	chr1	161007792	161019318	2	7587	32105.673	3294.1308	546	1
2_MACS_peak_13997_lociStitched	chr2	232570666	232578919	2	7919	26804.9187	1071.2394	548	1
1_MACS_peak_19067_lociStitched	chr5	90674490	90681179	1	6690	36111.2354	1366.5627	551	1
2_MACS_peak_11723_lociStitched	chr19	39338578	39348934	2	7918	27401.976	2058.7728	552	1
3_MACS_peak_17115_lociStitched	chr3	178230620	178241196	3	8210	24482.3824	2637.6544	557	1
2_MACS_peak_8731_lociStitched	chr16	30661207	30673341	2	7983	26601.3682	2328.5146	558	1
2_MACS_peak_4070_lociStitched	chr11	62597834	62610489	2	7607	30178.3785	2551.248	563	1
3_MACS_peak_20800_lociStitched	chr6	106585461	106595605	3	7756	28207.4208	2124.1536	564	1
3_MACS_peak_4018_lociStitched	chr11	60672331	60684024	3	8052	25288.4511	2526.8573	566	1
2_MACS_peak_11828_lociStitched	chr19	44257460	44271751	2	8074	25049.2648	2553.8017	567	1
3_MACS_peak_315_lociStitched	chr1	25869696	25879185	3	7741	27587.3697	1711.8156	568	1
3_MACS_peak_13082_lociStitched	chr2	109829394	109842966	3	8028	25094.628	2471.4612	572	1
3_MACS_peak_17608_lociStitched	chr4	38124314	38136037	3	7995	24951.2332	2263.7113	578	1
2_MACS_peak_5783_lociStitched	chr12	102871006	102879278	2	7832	25613.4208	1703.2048	586	1
2_MACS_peak_15303_lociStitched	chr22	24822625	24831852	2	7869	25041.1553	1684.8502	588	1
3_MACS_peak_17346_lociStitched	chr3	197450516	197465045	3	7365	30715.7589	3162.9633	594	1
2_MACS_peak_23834_lociStitched	chr9	33288746	33299116	2	7263	30240.994	1934.005	595	1
2_MACS_peak_10421_lociStitched	chr17	75434176	75442881	2	7347	29018.988	1448.512	596	1
1_MACS_peak_15855_lociStitched	chr3	14161168	14168416	1	7249	29956.7088	1656.8928	597	1
2_MACS_peak_23395_lociStitched	chr8	118450336	118457552	2	6831	32688.48	1295.9936	598	1
2_MACS_peak_17108_lociStitched	chr3	177068732	177079815	2	7933	24794.8876	3089.9404	600	1
1_MACS_peak_13406_lociStitched	chr2	158295065	158302243	1	7179	30132.5262	1451.3916	603	1
3_MACS_peak_1921_lociStitched	chr1	200851050	200863557	3	6837	33404.9463	3014.187	616	1
1_MACS_peak_238_lociStitched	chr1	21615787	21622612	1	6826	31735.5675	1323.3675	617	1
2_MACS_peak_9599_lociStitched	chr17	27046189	27056602	2	7239	29342.7927	2134.665	620	1
1_MACS_peak_20200_lociStitched	chr6	30683917	30691509	1	7593	25630.592	1696.0528	622	1
2_MACS_peak_15086_lociStitched	chr21	44725943	44734237	2	6620	33166.0472	2044.471	631	1
1_MACS_peak_21465_lociStitched	chr7	20254807	20261825	1	7019	29130.3144	1630.9832	641	1
2_MACS_peak_1462_lociStitched	chr1	154755892	154765679	2	6788	31845.9193	2901.8455	646	1
3_MACS_peak_10434_lociStitched	chr17	76139825	76152382	3	7165	27626.6557	2147.247	654	1
1_MACS_peak_20798_lociStitched	chr6	106439374	106446718	1	7345	24264.576	1165.4928	662	1
4_MACS_peak_6605_lociStitched	chr13	114582048	114594672	4	7466	24071.4432	2330.3904	663	1
2_MACS_peak_14635_lociStitched	chr20	46386253	46397293	2	7083	27319.584	1877.904	664	1
2_MACS_peak_15524_lociStitched	chr22	39146082	39153165	2	7053	26364.3426	1449.1818	672	1
1_MACS_peak_16803_lociStitched	chr3	133290617	133297906	1	7290	24169.5951	1605.7667	675	1
3_MACS_peak_1598_lociStitched	chr1	161122942	161137514	3	6999	29059.4824	4065.588	682	1
2_MACS_peak_22372_lociStitched	chr7	128572533	128582265	2	6830	27956.1432	2761.9416	698	1
3_MACS_peak_22096_lociStitched	chr7	100020600	100034909	3	6937	26226.9661	2110.5775	701	1
2_MACS_peak_15322_lociStitched	chr22	27005266	27014864	2	7066	23845.2712	1931.1176	718	1
2_MACS_peak_9878_lociStitched	chr17	40728024	40740045	2	7033	24397.8216	2274.3732	720	1
1_MACS_peak_23543_lociStitched	chr8	134579040	134585962	1	6923	24539.8744	1632.8998	723	1
3_MACS_peak_244_lociStitched	chr1	22099672	22119319	3	6747	26794.5786	2917.5795	732	1
2_MACS_peak_22433_lociStitched	chr7	134843756	134857356	2	6760	26653.28	2996.08	735	1
1_MACS_peak_23542_lociStitched	chr8	134508175	134514796	1	6622	25668.9549	1396.3689	747	1
1_MACS_peak_13537_lociStitched	chr2	175457581	175464339	1	6759	23847.6304	1146.1568	753	1
1_MACS_peak_11118_lociStitched	chr19	2234499	2241173	1	6675	23513.8368	1551.0376	797	1
2_MACS_peak_10001_lociStitched	chr17	46124162	46135277	2	6573	24348.519	1956.24	812	1
