#21_0F27_0229Kronos_MM1S-No-Treatment-1_H3K27me3_hs-dm_i02_peaks Enhancers
#Created from /data/projects/IRF4_mm_trn_data/p300_internal_ChIP/rose/21_0F27_0229Kronos_MM1S-No-Treatment-1_H3K27me3_hs-dm_i02_ROSE/21_0F27_0229Kronos_MM1S-No-Treatment-1_H3K27me3_hs-dm_i02_peaks_1KB_STITCHED_ENHANCER_REGION_MAP.txt
#Ranked by X21_0F27_0229Kronos_MM1S.No.Treatment.1_H3K27me3_hs.dm_i02.bam
#Using cutoff of 18823.2984 for Super-Enhancers
#Created on Jul 18 2024 
REGION_ID	CHROM	START	STOP	NUM_LOCI	CONSTITUENT_SIZE	X21_0F27_0229Kronos_MM1S.No.Treatment.1_H3K27me3_hs.dm_i02.bam	X35_0EXN_0229Kronos_MM1S.No.Treatment.1_Input_hs_i77.bam	enhancerRank	isSuperStretch
27_MACS_peak_15192_lociStitched	chr17	77080330	77288303	27	202071	343405.0176	17677.705	1	1
23_MACS_peak_15576_lociStitched	chr17	79316844	79473550	23	151676	279469.4804	13664.7632	2	1
15_MACS_peak_15546_lociStitched	chr17	79009445	79148765	15	135494	298716.012	13110.012	3	1
14_MACS_peak_34016_lociStitched	chr9	139477131	139615046	14	135716	276878.154	12357.184	4	1
25_MACS_peak_10870_lociStitched	chr16	1204233	1342471	25	132694	257758.5748	11363.1636	5	1
23_MACS_peak_597_lociStitched	chr1	3394195	3537281	23	137000	236664.244	10130.4888	6	1
38_MACS_peak_6375_lociStitched	chr11	1588499	1724431	38	125651	208003.1464	14286.4532	7	1
17_MACS_peak_15920_lociStitched	chr19	681509	794218	17	109561	225891.3778	14866.3171	8	1
14_MACS_peak_24344_lociStitched	chr22	37711735	37836030	14	120066	204713.865	12243.0575	9	1
24_MACS_peak_16309_lociStitched	chr19	3798364	3911190	24	108710	182450.9246	14498.141	10	1
20_MACS_peak_15235_lociStitched	chr17	77345052	77455999	20	107612	163702.2985	9852.0936	11	1
8_MACS_peak_22586_lociStitched	chr20	60983189	61072388	8	87897	183785.6196	7867.3518	12	1
13_MACS_peak_9079_lociStitched	chr12	54337371	54434656	13	95152	173760.7385	10847.2775	13	1
10_MACS_peak_15990_lociStitched	chr19	1672327	1753540	10	79442	190233.3312	12011.4027	14	1
12_MACS_peak_14224_lociStitched	chr17	47938078	48037214	12	97085	162900.2752	10548.0704	15	1
10_MACS_peak_23374_lociStitched	chr21	46708347	46795433	10	85706	179458.1202	10929.293	16	1
10_MACS_peak_1644_lociStitched	chr1	10755048	10851837	10	95847	160534.2354	8691.6522	17	1
6_MACS_peak_6498_lociStitched	chr11	1981209	2063554	6	81692	173097.4245	7262.829	18	1
19_MACS_peak_32934_lociStitched	chr9	135020699	135116494	19	93730	143079.412	9081.366	19	1
9_MACS_peak_15957_lociStitched	chr19	1281722	1352955	9	68376	177605.2389	9573.7152	20	1
15_MACS_peak_27416_lociStitched	chr4	9211662	9274633	15	61966	190468.3837	18721.2783	21	1
14_MACS_peak_23100_lociStitched	chr21	44147631	44231154	14	80599	160731.6612	10682.5917	22	1
9_MACS_peak_16385_lociStitched	chr19	4544665	4624097	9	76456	154908.2864	12653.5176	23	1
10_MACS_peak_23086_lociStitched	chr21	44049881	44131733	10	80240	144788.0028	11017.2792	24	1
3_MACS_peak_17100_lociStitched	chr19	8851007	8901849	3	49937	181429.677	21516.3344	25	1
14_MACS_peak_23312_lociStitched	chr21	46404171	46477830	14	70669	146154.1878	9030.5934	26	1
13_MACS_peak_25259_lociStitched	chr22	46290168	46374685	13	82087	126082.4606	6659.9396	27	1
4_MACS_peak_2029_lociStitched	chr1	17011435	17066313	4	54735	165962.0476	14701.8162	28	1
8_MACS_peak_22599_lociStitched	chr20	61141406	61213401	8	71070	137107.278	6090.777	29	1
2_MACS_peak_23310_lociStitched	chr21	46300646	46357652	2	56639	155101.9248	8317.1754	30	1
12_MACS_peak_14273_lociStitched	chr17	48633289	48707009	12	71353	125316.628	8123.944	31	1
12_MACS_peak_15974_lociStitched	chr19	1483966	1549684	12	62807	134715.3282	9851.1282	32	1
18_MACS_peak_17961_lociStitched	chr19	18059504	18132672	18	70348	109810.5344	7163.1472	33	1
13_MACS_peak_12713_lociStitched	chr17	1828550	1900870	13	69455	109991.488	6501.568	34	1
7_MACS_peak_12654_lociStitched	chr17	1041701	1106316	7	63325	117411.9165	7379.033	35	1
19_MACS_peak_22837_lociStitched	chr20	62790848	62866298	19	69046	105984.615	6918.765	36	1
8_MACS_peak_23393_lociStitched	chr21	46858189	46920229	8	60186	116932.992	7451.004	37	1
22_MACS_peak_181_lociStitched	chr1	1934764	2010198	22	69556	98184.8944	5619.833	38	1
18_MACS_peak_31395_lociStitched	chr8	141991264	142061211	18	64884	106536.2757	8386.6453	39	1
12_MACS_peak_263_lociStitched	chr1	2347832	2412421	12	62556	106339.3296	5044.4009	40	1
10_MACS_peak_27431_lociStitched	chr4	9324617	9370912	10	45750	134598.083	13476.4745	41	1
7_MACS_peak_1084_lociStitched	chr1	6473523	6530221	7	55660	114881.4876	5760.5168	42	1
23_MACS_peak_33893_lociStitched	chr9	138571910	138643510	23	67917	92557.32	4424.88	43	1
8_MACS_peak_26425_lociStitched	chr4	1751796	1808101	8	53999	114929.766	4763.403	44	1
12_MACS_peak_6526_lociStitched	chr11	2161440	2226589	12	62630	100316.4302	5003.4432	45	1
8_MACS_peak_23385_lociStitched	chr21	46800323	46856354	8	53914	112902.465	6208.2348	46	1
17_MACS_peak_510_lociStitched	chr1	3099579	3169137	17	66046	90411.4884	4869.06	47	1
26_MACS_peak_27288_lociStitched	chr4	8586257	8659370	26	67521	86287.9626	4818.1467	48	1
33_MACS_peak_2257_lociStitched	chr1	17906570	17981016	33	68169	85292.7822	5553.6716	49	1
5_MACS_peak_23601_lociStitched	chr22	19705812	19763973	5	56527	98867.8839	4705.2249	50	1
14_MACS_peak_10856_lociStitched	chr16	1144065	1202535	14	56557	97463.643	3964.266	51	1
7_MACS_peak_22612_lociStitched	chr20	61315822	61371858	7	54615	101352.3132	5368.2488	52	1
9_MACS_peak_22646_lociStitched	chr20	61584687	61640685	9	55593	99458.0478	5403.807	53	1
10_MACS_peak_32822_lociStitched	chr9	133770338	133829287	10	55983	97831.7604	5287.7253	54	1
10_MACS_peak_16357_lociStitched	chr19	4183102	4242098	10	57714	96411.2632	9191.5768	55	1
2_MACS_peak_22703_lociStitched	chr20	61850341	61901379	2	50963	100907.2298	4624.0428	56	1
10_MACS_peak_22733_lociStitched	chr20	62064400	62123091	10	55685	93641.4905	4707.0182	57	1
9_MACS_peak_1635_lociStitched	chr1	10699932	10753471	9	52906	97489.1651	4657.893	58	1
19_MACS_peak_15347_lociStitched	chr17	77704159	77766700	19	56801	89633.7612	6028.9524	59	1
10_MACS_peak_6900_lociStitched	chr11	61441976	61500113	10	56515	89391.4512	5586.9657	60	1
20_MACS_peak_16625_lociStitched	chr19	5828027	5890739	20	59277	86975.2728	8535.1032	61	1
9_MACS_peak_24314_lociStitched	chr22	37456901	37513839	9	55216	91391.1838	5853.2264	62	1
6_MACS_peak_253_lociStitched	chr1	2243980	2293967	6	49360	95590.1401	3749.025	63	1
23_MACS_peak_15406_lociStitched	chr17	77934048	77995349	23	56169	84282.7449	5645.8221	64	1
10_MACS_peak_1050_lociStitched	chr1	6180544	6234075	10	52013	89386.0638	4582.2536	65	1
16_MACS_peak_33228_lociStitched	chr9	136369316	136426894	16	54103	82123.5014	4352.8968	66	1
9_MACS_peak_19712_lociStitched	chr19	49520810	49575167	9	52456	84769.7415	5196.5292	67	1
12_MACS_peak_22619_lociStitched	chr20	61374401	61424838	12	47225	91694.466	4488.893	68	1
14_MACS_peak_6847_lociStitched	chr11	61271527	61329471	14	53177	82048.704	5736.456	69	1
7_MACS_peak_32677_lociStitched	chr9	132929141	132983016	7	51957	82272.5125	4557.825	70	1
2_MACS_peak_19860_lociStitched	chr19	50594104	50643112	2	48996	97570.0272	15123.8688	71	1
16_MACS_peak_10840_lociStitched	chr16	1085006	1141488	16	52268	80176.199	3473.643	72	1
14_MACS_peak_32628_lociStitched	chr9	132423081	132479105	14	53072	80607.3312	5406.316	73	1
2_MACS_peak_28399_lociStitched	chr6	31991375	32032311	2	40494	96142.2896	4859.1032	74	1
9_MACS_peak_33934_lociStitched	chr9	138864719	138918247	9	51075	78777.1576	3698.7848	75	1
3_MACS_peak_32442_lociStitched	chr9	129371089	129417801	3	45961	86683.4584	4297.504	76	1
6_MACS_peak_31434_lociStitched	chr8	142358475	142409781	6	49677	73680.5466	4427.7078	77	1
2_MACS_peak_40_lociStitched	chr1	845363	879050	2	32977	94694.157	3516.9228	78	1
16_MACS_peak_6482_lociStitched	chr11	1916145	1967812	16	46558	78523.5066	4706.8637	79	1
25_MACS_peak_12571_lociStitched	chr17	724919	781328	25	52984	66444.1611	5522.4411	80	1
3_MACS_peak_1947_lociStitched	chr1	16338836	16381060	3	41318	84110.208	4011.28	81	1
7_MACS_peak_16252_lociStitched	chr19	3386531	3434986	7	48097	74136.15	5790.3725	82	1
13_MACS_peak_22656_lociStitched	chr20	61652108	61702656	13	47513	71692.2284	4994.1424	83	1
11_MACS_peak_7113_lociStitched	chr11	64474620	64520461	11	43148	78433.951	4639.1092	84	1
16_MACS_peak_11008_lociStitched	chr16	3075037	3126011	16	46299	74146.7804	5785.549	85	1
24_MACS_peak_17446_lociStitched	chr19	14269456	14324207	24	49951	66287.0357	5327.2723	86	1
9_MACS_peak_14925_lociStitched	chr17	74872072	74921062	9	46215	73127.373	5011.677	87	1
25_MACS_peak_2123_lociStitched	chr1	17534274	17589542	25	49903	64580.658	5106.7632	88	1
3_MACS_peak_33993_lociStitched	chr9	139216963	139252969	3	35829	84520.4844	3204.534	89	1
10_MACS_peak_34050_lociStitched	chr9	139845038	139888569	10	41030	77794.2501	3800.2563	90	1
9_MACS_peak_23236_lociStitched	chr21	45907844	45953432	9	44549	73273.5924	5739.5292	91	1
9_MACS_peak_32642_lociStitched	chr9	132480129	132526244	9	44681	71837.947	5363.1745	92	1
4_MACS_peak_23621_lociStitched	chr22	20151853	20192576	4	39819	77019.4099	3265.9846	93	1
5_MACS_peak_26471_lociStitched	chr4	3458708	3499029	5	38365	78609.8216	3350.6751	94	1
4_MACS_peak_4533_lociStitched	chr1	156639145	156679032	4	38448	81708.5195	6968.2589	95	1
20_MACS_peak_14678_lociStitched	chr17	72333577	72386045	20	48136	62310.9968	4160.7124	96	1
9_MACS_peak_20521_lociStitched	chr2	26776406	26822144	9	43267	71076.852	4948.8516	97	1
4_MACS_peak_23040_lociStitched	chr21	43763097	43804182	4	40769	75871.6695	6561.2745	98	1
7_MACS_peak_29985_lociStitched	chr7	150862156	150905519	7	42519	72806.477	6721.265	99	1
13_MACS_peak_25979_lociStitched	chr3	50218765	50263597	13	42501	70305.5424	4909.104	100	1
22_MACS_peak_3299_lociStitched	chr1	23161055	23214140	22	47673	59853.3375	5090.8515	101	1
4_MACS_peak_16000_lociStitched	chr19	1754548	1789675	4	34608	80071.9965	4331.1591	102	1
2_MACS_peak_29957_lociStitched	chr7	149498279	149531646	2	33188	80945.0053	4264.3026	103	1
10_MACS_peak_34070_lociStitched	chr9	139913377	139954221	10	38690	73547.7908	4027.2184	104	1
13_MACS_peak_32833_lociStitched	chr9	133834761	133880233	13	43703	64888.544	4097.0272	105	1
8_MACS_peak_33973_lociStitched	chr9	139013577	139054527	8	40149	70286.58	3669.12	106	1
10_MACS_peak_19016_lociStitched	chr19	42466774	42510827	10	42577	65890.0721	4361.247	107	1
25_MACS_peak_15429_lociStitched	chr17	77998927	78049995	25	45930	59402.2976	4652.2948	108	1
3_MACS_peak_23625_lociStitched	chr22	20197558	20238047	3	40142	69021.5983	3554.9342	109	1
9_MACS_peak_14811_lociStitched	chr17	72909109	72953129	9	41794	67421.032	4732.15	110	1
15_MACS_peak_33916_lociStitched	chr9	138644944	138690433	15	41227	66159.2016	2706.5955	111	1
6_MACS_peak_22727_lociStitched	chr20	62021219	62062756	6	40295	67173.6364	2670.8291	112	1
8_MACS_peak_10747_lociStitched	chr16	792064	834275	8	39861	68415.5888	3647.0304	113	1
14_MACS_peak_3093_lociStitched	chr1	22558548	22606375	14	45254	59324.6108	4610.5228	114	1
13_MACS_peak_6910_lociStitched	chr11	61501536	61545346	13	41238	66880.346	4718.337	115	1
19_MACS_peak_7624_lociStitched	chr11	69968935	70017758	19	45474	56253.8606	3686.1365	116	1
9_MACS_peak_29104_lociStitched	chr7	2526831	2569437	9	39513	67321.7406	3485.1708	117	1
14_MACS_peak_32086_lociStitched	chr8	144927776	144974016	14	40256	66002.976	4610.128	118	1
3_MACS_peak_14236_lociStitched	chr17	48038228	48075807	3	37429	69021.3493	3998.4056	119	1
21_MACS_peak_10345_lociStitched	chr15	74587335	74636102	21	43744	58559.4136	4866.9466	120	1
4_MACS_peak_9152_lociStitched	chr12	57585868	57620130	4	33903	71604.1538	4176.5378	121	1
21_MACS_peak_15683_lociStitched	chr17	81039214	81088862	21	42140	58515.1328	4602.3696	122	1
12_MACS_peak_2075_lociStitched	chr1	17409490	17453919	12	41214	59992.4787	4340.7133	123	1
14_MACS_peak_527_lociStitched	chr1	3172037	3218627	14	42188	56746.62	3060.963	124	1
10_MACS_peak_28337_lociStitched	chr6	30408807	30451389	10	39439	64907.7426	6144.5826	125	1
8_MACS_peak_23196_lociStitched	chr21	45760589	45800981	8	38166	65939.94	5291.352	126	1
10_MACS_peak_24582_lociStitched	chr22	42917226	42957450	10	37258	69688.08	8306.256	127	1
9_MACS_peak_15937_lociStitched	chr19	817348	856288	9	35835	68366.958	5101.14	128	1
11_MACS_peak_33981_lociStitched	chr9	139056564	139096589	11	37121	64015.985	2917.8225	129	1
10_MACS_peak_64_lociStitched	chr1	977372	1016839	10	36159	65613.8875	3133.6798	130	1
7_MACS_peak_6271_lociStitched	chr11	1026209	1063617	7	35905	66193.456	3733.3184	131	1
4_MACS_peak_84_lociStitched	chr1	1089994	1122391	4	31661	70735.6098	2640.3555	132	1
17_MACS_peak_6577_lociStitched	chr11	2371708	2418575	17	41704	56385.6877	4246.1502	133	1
10_MACS_peak_16333_lociStitched	chr19	3912298	3953067	10	39088	61989.2645	5128.7402	134	1
13_MACS_peak_10827_lociStitched	chr16	1044960	1082861	13	36875	62180.3806	2622.7492	135	1
20_MACS_peak_32998_lociStitched	chr9	135346985	135394588	20	42318	52896.4536	4393.7569	136	1
11_MACS_peak_16285_lociStitched	chr19	3707708	3746977	11	37102	64326.5489	6039.5722	137	1
14_MACS_peak_155_lociStitched	chr1	1867097	1910954	14	39965	56185.2027	4017.3012	138	1
10_MACS_peak_8647_lociStitched	chr12	3367088	3409181	10	39788	55415.4345	3464.2539	139	1
9_MACS_peak_3940_lociStitched	chr1	32123480	32165285	9	40123	55374.903	4598.55	140	1
9_MACS_peak_24491_lociStitched	chr22	40068078	40108158	9	38429	56745.264	3386.76	141	1
13_MACS_peak_6863_lociStitched	chr11	61335840	61381344	13	39661	54682.1568	4136.3136	142	1
10_MACS_peak_5586_lociStitched	chr10	102482757	102521210	10	33606	63612.7979	3995.2667	143	1
5_MACS_peak_16352_lociStitched	chr19	4140714	4173717	5	32556	66009.3003	4960.3509	144	1
8_MACS_peak_1654_lociStitched	chr1	10853155	10893255	8	38516	54652.29	3412.51	145	1
11_MACS_peak_24365_lociStitched	chr22	37884726	37924128	11	37490	56817.684	3908.6784	146	1
27_MACS_peak_27382_lociStitched	chr4	8877541	8923746	27	39549	52073.035	3506.9595	147	1
3_MACS_peak_21002_lociStitched	chr2	220328583	220362851	3	33832	62093.616	3457.6412	148	1
4_MACS_peak_16381_lociStitched	chr19	4510138	4542431	4	31851	66594.6246	5315.4278	149	1
1_MACS_peak_33992_lociStitched	chr9	139138029	139167013	1	28985	67141.436	2576.6776	150	1
11_MACS_peak_21942_lociStitched	chr20	56126455	56168127	11	38788	53573.5232	4604.756	151	1
8_MACS_peak_9354_lociStitched	chr13	113627658	113665535	8	36291	56936.7064	3230.9081	152	1
10_MACS_peak_12661_lociStitched	chr17	1108480	1148739	10	38514	53568.6254	4194.9878	153	1
2_MACS_peak_16646_lociStitched	chr19	5991020	6027909	2	36617	58365.7758	5426.3719	154	1
10_MACS_peak_24549_lociStitched	chr22	42792684	42832745	10	38023	54058.3134	3777.7523	155	1
7_MACS_peak_14197_lociStitched	chr17	47554938	47591966	7	36507	57130.5012	4028.6464	156	1
10_MACS_peak_33962_lociStitched	chr9	138962605	138998540	10	34078	59339.4655	2501.076	157	1
10_MACS_peak_23054_lociStitched	chr21	43830343	43870341	10	36626	59333.0332	6835.6582	158	1
11_MACS_peak_46_lociStitched	chr1	913468	947400	11	32712	62180.39	3416.9524	159	1
16_MACS_peak_1871_lociStitched	chr1	11912717	11953775	16	38167	53531.4204	4130.4348	160	1
15_MACS_peak_1771_lociStitched	chr1	11486647	11529694	15	38304	52547.4729	3654.6903	161	1
12_MACS_peak_16898_lociStitched	chr19	7830583	7872434	12	39052	53238.6571	6189.7629	162	1
2_MACS_peak_28397_lociStitched	chr6	31958443	31985291	2	26817	68368.432	3382.848	163	1
6_MACS_peak_16367_lociStitched	chr19	4275228	4310786	6	34656	58741.816	4316.7412	164	1
13_MACS_peak_14184_lociStitched	chr17	47512897	47552816	13	37642	52788.8856	4175.5274	165	1
3_MACS_peak_26241_lociStitched	chr3	184274376	184306077	3	31652	62381.2278	4786.851	166	1
17_MACS_peak_12684_lociStitched	chr17	1192881	1234389	17	38212	50191.4736	4549.2768	167	1
22_MACS_peak_26038_lociStitched	chr3	50518447	50562400	22	37931	50031.6999	4263.441	168	1
18_MACS_peak_26007_lociStitched	chr3	50444576	50487703	18	38970	47107.6221	3816.7395	169	1
10_MACS_peak_13470_lociStitched	chr17	26831259	26867995	10	35306	54990.1184	4213.6192	170	1
12_MACS_peak_29682_lociStitched	chr7	100743247	100781839	12	36967	51354.3744	4025.1456	171	1
9_MACS_peak_1669_lociStitched	chr1	10914054	10952612	9	36574	51097.0616	3466.3642	172	1
23_MACS_peak_16489_lociStitched	chr19	5304884	5346948	23	37670	49458.8512	4690.136	173	1
8_MACS_peak_6450_lociStitched	chr11	1823977	1859223	8	33426	56111.632	3721.9776	174	1
6_MACS_peak_15171_lociStitched	chr17	77015534	77048925	6	32147	58334.077	4020.2764	175	1
5_MACS_peak_15401_lociStitched	chr17	77898992	77932879	5	33242	55696.6732	3168.4345	176	1
12_MACS_peak_6551_lociStitched	chr11	2305800	2343685	12	35546	51705.448	3280.841	177	1
10_MACS_peak_34031_lociStitched	chr9	139627793	139658833	10	29731	60357.28	3045.024	178	1
20_MACS_peak_2677_lociStitched	chr1	19023858	19067067	20	37660	47020.0338	3512.8917	179	1
5_MACS_peak_13615_lociStitched	chr17	36715847	36747904	5	30612	59690.134	3654.498	180	1
5_MACS_peak_32847_lociStitched	chr9	133883128	133917233	5	33045	55151.1955	2895.5145	181	1
4_MACS_peak_29992_lociStitched	chr7	150940710	150967740	4	26256	65372.055	4224.789	182	1
8_MACS_peak_33100_lociStitched	chr9	135848488	135884464	8	34671	52470.996	3460.8912	183	1
18_MACS_peak_12617_lociStitched	chr17	814759	856199	18	37155	47556.544	3596.992	184	1
1_MACS_peak_29956_lociStitched	chr7	149470053	149495871	1	25819	65247.2496	3717.792	185	1
6_MACS_peak_19419_lociStitched	chr19	47901577	47936014	6	32437	56521.4481	3946.4802	186	1
18_MACS_peak_13324_lociStitched	chr17	19097424	19140318	18	39702	42224.8536	5078.6496	187	1
5_MACS_peak_4543_lociStitched	chr1	156825963	156858744	5	32084	56865.2007	5163.0075	188	1
8_MACS_peak_16397_lociStitched	chr19	4732856	4767598	8	33129	53850.1	5517.0296	189	1
13_MACS_peak_15325_lociStitched	chr17	77636813	77674414	13	35581	46519.9572	3030.6406	190	1
11_MACS_peak_14088_lociStitched	chr17	45922647	45959566	11	33269	51993.0277	4371.2096	191	1
9_MACS_peak_13138_lociStitched	chr17	7946446	7981380	9	32124	53550.3286	4240.9876	192	1
14_MACS_peak_32385_lociStitched	chr9	127232768	127269636	14	33350	49779.1736	3107.9724	193	1
12_MACS_peak_10301_lociStitched	chr15	74465104	74503637	12	35856	45168.3826	3699.168	194	1
12_MACS_peak_485_lociStitched	chr1	3029043	3066150	12	34265	46168.5294	2352.5838	195	1
17_MACS_peak_32735_lociStitched	chr9	133249538	133287804	17	34293	47048.047	3317.6622	196	1
12_MACS_peak_33273_lociStitched	chr9	136495758	136532950	12	34516	45854.0168	2651.7896	197	1
12_MACS_peak_19649_lociStitched	chr19	49173842	49209858	12	33813	47789.6304	3612.4048	198	1
18_MACS_peak_19562_lociStitched	chr19	48772399	48814766	18	34572	47124.8141	4541.7424	199	1
9_MACS_peak_24817_lociStitched	chr22	44732182	44768224	9	34730	45052.5	2818.4844	200	1
20_MACS_peak_6413_lociStitched	chr11	1725531	1767183	20	35570	43584.6528	3852.81	201	1
9_MACS_peak_33531_lociStitched	chr9	137682410	137717339	9	33077	47224.008	2434.5513	202	1
5_MACS_peak_28057_lociStitched	chr5	176266102	176297799	5	31176	50791.2728	2830.5421	203	1
11_MACS_peak_24714_lociStitched	chr22	44214029	44250895	11	34637	43771.0018	2680.1582	204	1
5_MACS_peak_15501_lociStitched	chr17	78430423	78461959	5	30825	50861.2608	2822.472	205	1
16_MACS_peak_19790_lociStitched	chr19	50011556	50049727	16	34325	45805.2	4565.2516	206	1
8_MACS_peak_15565_lociStitched	chr17	79271884	79301368	8	28215	53938.0296	2591.6436	207	1
6_MACS_peak_19379_lociStitched	chr19	47114947	47147313	6	31000	51384.2616	4434.142	208	1
10_MACS_peak_18395_lociStitched	chr19	35977365	36011116	10	32584	47609.1606	3618.1072	209	1
15_MACS_peak_6305_lociStitched	chr11	1236060	1272445	15	33314	45062.8225	2634.274	210	1
5_MACS_peak_20951_lociStitched	chr2	219845324	219874122	5	27695	54819.8728	3124.583	211	1
11_MACS_peak_4969_lociStitched	chr1	228744067	228784377	11	38951	44824.72	17954.074	212	1
10_MACS_peak_579_lociStitched	chr1	3325820	3361220	10	33677	43665.9	2417.82	213	1
11_MACS_peak_15111_lociStitched	chr17	76477245	76512269	11	32561	45881.44	3089.1168	214	1
9_MACS_peak_22693_lociStitched	chr20	61779555	61815027	9	32983	44265.5088	2656.8528	215	1
19_MACS_peak_24675_lociStitched	chr22	43801134	43839343	19	33509	42946.916	3026.1528	216	1
9_MACS_peak_17997_lociStitched	chr19	18345357	18379373	9	32065	46350.2016	3615.9008	217	1
9_MACS_peak_22815_lociStitched	chr20	62726699	62756457	9	27756	52757.9582	3097.8078	218	1
9_MACS_peak_32206_lociStitched	chr9	34547811	34581645	9	32269	45198.8406	3694.6728	219	1
2_MACS_peak_6594_lociStitched	chr11	2426588	2449432	2	22734	57674.2468	2346.0788	220	1
11_MACS_peak_20206_lociStitched	chr19	55629828	55663587	11	31885	45021.0024	3271.2471	221	1
10_MACS_peak_15491_lociStitched	chr17	78395349	78427583	10	30891	46449.194	2872.0494	222	1
15_MACS_peak_1375_lociStitched	chr1	7715724	7752339	15	32829	42356.232	2823.0165	223	1
18_MACS_peak_26580_lociStitched	chr4	3853533	3888426	18	31527	44205.9417	3070.584	224	1
4_MACS_peak_4521_lociStitched	chr1	156389299	156414812	4	25492	54942.2455	4765.8284	225	1
10_MACS_peak_17979_lociStitched	chr19	18134480	18169275	10	32625	41945.3725	4046.6585	226	1
13_MACS_peak_8535_lociStitched	chr12	1919675	1956388	13	31302	43156.1315	3388.6099	227	1
5_MACS_peak_1859_lociStitched	chr1	11747878	11777551	5	28690	47669.6745	3145.338	228	1
22_MACS_peak_1291_lociStitched	chr1	7507915	7547303	22	32381	40597.2116	3273.1428	229	1
15_MACS_peak_7091_lociStitched	chr11	64421065	64456001	15	32019	41231.4672	3521.5488	230	1
7_MACS_peak_33358_lociStitched	chr9	137103811	137135042	7	30236	43976.3711	2654.635	231	1
5_MACS_peak_19785_lociStitched	chr19	49916329	49946057	5	29015	46128.9376	2922.2624	233	1
8_MACS_peak_29114_lociStitched	chr7	2656073	2686242	8	27925	47434.7187	2579.4495	234	1
23_MACS_peak_369_lociStitched	chr1	2776283	2811872	23	31171	40898.8788	2049.9264	235	1
9_MACS_peak_14801_lociStitched	chr17	72873039	72905584	9	30872	42809.693	3449.77	236	1
6_MACS_peak_32451_lociStitched	chr9	129441915	129470103	6	27274	49021.7508	3300.8148	237	1
14_MACS_peak_21797_lociStitched	chr20	48881506	48916142	14	31678	40486.0204	3072.2132	238	1
9_MACS_peak_3175_lociStitched	chr1	22871395	22903407	9	30854	41794.8672	2676.2032	239	1
20_MACS_peak_25195_lociStitched	chr22	45895325	45930755	20	32310	38175.825	2597.019	240	1
5_MACS_peak_12726_lociStitched	chr17	1904440	1932795	5	27264	47883.0885	2710.738	241	1
8_MACS_peak_22717_lociStitched	chr20	61985349	62016345	8	28664	44838.8136	2008.5408	242	1
4_MACS_peak_1968_lociStitched	chr1	16433583	16462527	4	28570	45633.1104	2758.3632	243	1
2_MACS_peak_4548_lociStitched	chr1	156860686	156885141	2	23704	54001.531	4044.857	244	1
3_MACS_peak_33218_lociStitched	chr9	136296549	136324373	3	27598	46780.4912	2623.8032	245	1
4_MACS_peak_3037_lociStitched	chr1	21906654	21933902	4	26167	48733.048	2901.912	246	1
5_MACS_peak_24519_lociStitched	chr22	42685729	42717169	5	29974	42154.752	2933.352	247	1
9_MACS_peak_25968_lociStitched	chr3	50182320	50214077	9	28583	44494.7327	3261.4439	248	1
6_MACS_peak_17309_lociStitched	chr19	13102321	13128865	6	25222	49289.5536	2795.0832	249	1
12_MACS_peak_19622_lociStitched	chr19	49078770	49111283	12	29499	42956.1756	3644.7073	250	1
6_MACS_peak_18044_lociStitched	chr19	18705797	18732579	6	24294	49375.2952	2287.1828	251	1
4_MACS_peak_24443_lociStitched	chr22	39220495	39249678	4	27950	44460.3005	3145.9274	252	1
12_MACS_peak_20217_lociStitched	chr19	55668154	55700350	12	29694	41304.2484	3309.7488	253	1
13_MACS_peak_26650_lociStitched	chr4	6324976	6359691	13	29732	40887.327	3315.2825	254	1
10_MACS_peak_23437_lociStitched	chr21	47347686	47380334	10	28842	43114.9488	3911.2304	255	1
7_MACS_peak_23029_lociStitched	chr21	43717241	43745729	7	26077	48386.868	4444.128	256	1
8_MACS_peak_31828_lociStitched	chr8	143675513	143707512	8	29620	39550.764	1964.7386	257	1
1_MACS_peak_21005_lociStitched	chr2	220374341	220399349	1	25009	47947.8384	2545.8144	258	1
5_MACS_peak_12833_lociStitched	chr17	4478886	4505259	5	25870	46408.5681	2463.2382	259	1
13_MACS_peak_13295_lociStitched	chr17	18970464	19005231	13	31503	36578.3607	4050.3555	260	1
9_MACS_peak_13038_lociStitched	chr17	7308198	7336210	9	26503	44925.6456	2837.6156	261	1
18_MACS_peak_15281_lociStitched	chr17	77510397	77546333	18	29974	37387.8144	1962.1056	262	1
27_MACS_peak_33460_lociStitched	chr9	137508624	137545703	27	29954	37661.1403	2369.3481	263	1
16_MACS_peak_15061_lociStitched	chr17	76290921	76323160	16	29123	40405.1387	3462.4686	264	1
12_MACS_peak_17211_lociStitched	chr19	11357336	11389648	12	28810	40490.1672	3434.7656	265	1
12_MACS_peak_13310_lociStitched	chr17	19053270	19087615	12	31499	34241.965	4193.5245	266	1
13_MACS_peak_15511_lociStitched	chr17	78478546	78510135	13	28881	38658.6182	2880.9168	267	1
7_MACS_peak_246_lociStitched	chr1	2129708	2158667	7	27169	41619.8748	2646.8526	268	1
13_MACS_peak_29556_lociStitched	chr7	100210198	100240834	13	28546	39676.6836	3388.3416	269	1
6_MACS_peak_14889_lociStitched	chr17	74514148	74542449	6	26117	43832.5888	3217.8237	270	1
3_MACS_peak_21380_lociStitched	chr20	30434744	30461310	3	25854	44197.8542	3227.769	271	1
8_MACS_peak_24794_lociStitched	chr22	44659603	44690021	8	28338	38308.4292	2056.2568	272	1
14_MACS_peak_25684_lociStitched	chr3	12902163	12933662	14	28350	39225.7047	3445.9906	273	1
10_MACS_peak_31818_lociStitched	chr8	143644177	143673844	10	28383	37561.3887	2041.0896	274	1
7_MACS_peak_28401_lociStitched	chr6	32034413	32060899	7	25051	43974.7058	2902.8656	275	1
7_MACS_peak_16860_lociStitched	chr19	7717653	7744794	7	26544	42888.2082	4345.2741	276	1
4_MACS_peak_33285_lociStitched	chr9	136534723	136561874	4	26029	40338.2407	2131.3535	277	1
6_MACS_peak_15677_lociStitched	chr17	81010934	81037375	6	25044	42342.6174	2464.3012	278	1
5_MACS_peak_24486_lociStitched	chr22	40036504	40065395	5	27167	38063.8925	2585.7445	280	1
8_MACS_peak_9108_lociStitched	chr12	54583968	54613426	8	26625	40018.693	3808.9194	281	1
5_MACS_peak_7360_lociStitched	chr11	68758375	68783516	5	24178	42324.8735	2136.985	282	1
8_MACS_peak_6509_lociStitched	chr11	2103926	2134115	8	27449	36740.013	2460.4035	283	1
13_MACS_peak_29607_lociStitched	chr7	100381965	100412670	13	28089	35323.032	3009.09	284	1
6_MACS_peak_29721_lociStitched	chr7	100915913	100944748	6	27401	36441.673	2995.9565	285	1
9_MACS_peak_33373_lociStitched	chr9	137161612	137190287	9	26241	37896.88	2213.71	286	1
5_MACS_peak_23633_lociStitched	chr22	20256368	20280979	5	23926	41513.8348	2232.2177	287	1
5_MACS_peak_29315_lociStitched	chr7	44257084	44280902	5	22500	43579.7946	2210.3104	288	1
20_MACS_peak_26926_lociStitched	chr4	7478424	7512599	20	27991	33723.89	2282.89	289	1
8_MACS_peak_5659_lociStitched	chr10	102881041	102907875	8	24282	41506.8312	2991.991	290	1
11_MACS_peak_33428_lociStitched	chr9	137423219	137452572	11	27507	34704.0519	2310.0811	291	1
4_MACS_peak_4699_lociStitched	chr1	201322332	201348024	4	25298	40508.5764	3941.1528	292	1
13_MACS_peak_3866_lociStitched	chr1	31154750	31185838	13	28145	33686.9568	3130.5616	293	1
7_MACS_peak_10757_lociStitched	chr16	859916	886201	7	25119	38738.833	1976.632	294	1
11_MACS_peak_16273_lociStitched	chr19	3581430	3608068	11	24887	40516.398	3470.9314	295	1
12_MACS_peak_14987_lociStitched	chr17	75774231	75805378	12	27000	36030.8496	3124.0441	296	1
4_MACS_peak_26158_lociStitched	chr3	128168769	128194889	4	25303	38602.748	2638.12	297	1
9_MACS_peak_6129_lociStitched	chr10	135044861	135071678	9	25859	37200.5424	2282.1267	298	1
7_MACS_peak_590_lociStitched	chr1	3365563	3392459	7	23832	39881.3888	1605.6912	299	1
3_MACS_peak_26162_lociStitched	chr3	128196132	128217590	3	20980	44671.2644	2291.7144	300	1
5_MACS_peak_24326_lociStitched	chr22	37519795	37546545	5	25931	37158.425	2717.8	301	1
17_MACS_peak_32788_lociStitched	chr9	133392455	133423807	17	27325	33875.836	2536.3768	302	1
10_MACS_peak_6437_lociStitched	chr11	1787048	1813765	10	24529	39020.1785	2516.7414	303	1
1_MACS_peak_10980_lociStitched	chr16	2860308	2884226	1	23919	40237.2514	2757.7454	304	1
9_MACS_peak_570_lociStitched	chr1	3296979	3324424	9	25579	36600.652	2118.754	305	1
8_MACS_peak_22743_lociStitched	chr20	62124240	62151742	8	25589	37262.4598	2865.7084	306	1
9_MACS_peak_18488_lociStitched	chr19	36343229	36370597	9	26439	34705.3608	2203.124	307	1
16_MACS_peak_13072_lociStitched	chr17	7656200	7686801	16	26610	35013.6642	2922.3955	308	1
4_MACS_peak_16004_lociStitched	chr19	1790684	1813108	4	21794	43724.5576	3318.752	309	1
16_MACS_peak_28011_lociStitched	chr5	176146924	176176856	16	26650	34329.0108	2478.3696	310	1
8_MACS_peak_28663_lociStitched	chr6	41602939	41628584	8	24444	38082.825	2174.696	311	1
3_MACS_peak_23193_lociStitched	chr21	45699101	45717364	3	18225	46550.5607	2319.401	312	1
21_MACS_peak_12596_lociStitched	chr17	782501	813557	21	27139	32580.8496	2562.12	313	1
14_MACS_peak_25550_lociStitched	chr22	50497047	50526931	14	26131	33981.0964	2411.6388	314	1
2_MACS_peak_62_lociStitched	chr1	955453	976287	2	20801	42440.9414	1931.3118	315	1
7_MACS_peak_16245_lociStitched	chr19	3360413	3385496	7	24352	37692.2241	2904.6114	316	1
3_MACS_peak_10905_lociStitched	chr16	1567682	1590535	3	22627	39718.514	2230.4528	317	1
8_MACS_peak_16237_lociStitched	chr19	3333464	3359317	8	25546	35279.0038	3086.8482	318	1
11_MACS_peak_19456_lociStitched	chr19	48212385	48240138	11	25291	35060.3649	2364.5556	319	1
8_MACS_peak_14383_lociStitched	chr17	61552219	61578455	8	23859	37714.25	2392.7232	320	1
7_MACS_peak_31413_lociStitched	chr8	142063944	142090071	7	24513	37134.3051	3090.8241	321	1
11_MACS_peak_235_lociStitched	chr1	2087255	2115914	11	25527	34038.2943	2143.6932	322	1
6_MACS_peak_32021_lociStitched	chr8	144466747	144489988	6	22632	39319.1238	2180.0058	323	1
5_MACS_peak_17992_lociStitched	chr19	18317304	18342755	5	23613	38140.8686	2674.9001	324	1
12_MACS_peak_1715_lociStitched	chr1	11366049	11395803	12	26028	33312.5784	2630.2536	325	1
7_MACS_peak_28553_lociStitched	chr6	34012895	34038568	7	25078	35154.0389	2865.1068	326	1
5_MACS_peak_2037_lociStitched	chr1	17083913	17108871	5	24353	38365.4376	4884.2806	327	1
6_MACS_peak_1679_lociStitched	chr1	10955771	10981570	6	23708	36920.9489	2283.2115	328	1
3_MACS_peak_19013_lociStitched	chr19	42423829	42445602	3	21396	41007.2682	2749.9299	329	1
6_MACS_peak_24524_lociStitched	chr22	42719213	42745278	6	24556	34872.3635	2296.3265	330	1
6_MACS_peak_34094_lociStitched	chr9	140048156	140069812	6	20384	41261.1768	2009.6768	331	1
9_MACS_peak_33505_lociStitched	chr9	137607576	137636088	9	25651	32113.0656	2012.9472	332	1
1_MACS_peak_11004_lociStitched	chr16	3033881	3052573	1	18693	43309.364	2050.5124	333	1
3_MACS_peak_74_lociStitched	chr1	1052557	1072645	3	20026	41535.9576	2040.9408	334	1
16_MACS_peak_1841_lociStitched	chr1	11673547	11704495	16	25713	32981.2836	3432.1332	335	1
2_MACS_peak_29654_lociStitched	chr7	100634069	100649502	2	15373	47172.5078	2740.9008	336	1
4_MACS_peak_6267_lociStitched	chr11	843029	864640	4	20488	40490.3696	1817.4851	337	1
11_MACS_peak_299_lociStitched	chr1	2518677	2545118	11	24254	34479.064	1980.4309	338	1
15_MACS_peak_23809_lociStitched	chr22	23852727	23881881	15	24869	33984.8178	2932.8924	339	1
9_MACS_peak_16867_lociStitched	chr19	7750815	7778278	9	25697	32485.9827	3391.6805	340	1
15_MACS_peak_1594_lociStitched	chr1	9677518	9704472	15	24813	33819.1838	2911.032	341	1
5_MACS_peak_9362_lociStitched	chr13	113667126	113692106	5	23944	34999.478	2363.108	342	1
8_MACS_peak_25998_lociStitched	chr3	50411895	50439100	8	24791	33660.7465	2774.91	343	1
12_MACS_peak_17004_lociStitched	chr19	8264201	8293183	12	25509	32967.025	3741.5762	344	1
3_MACS_peak_23148_lociStitched	chr21	44863807	44886208	3	21479	39833.4582	3210.0633	345	1
9_MACS_peak_131_lociStitched	chr1	1512302	1539001	9	24698	33905.0601	3006.3074	346	1
6_MACS_peak_22807_lociStitched	chr20	62667696	62692514	6	22224	37991.3944	2600.9264	347	1
6_MACS_peak_1070_lociStitched	chr1	6299151	6322800	6	22393	37185.6876	2159.1537	348	1
9_MACS_peak_15255_lociStitched	chr17	77458205	77486170	9	24832	32039.5005	2231.607	349	1
13_MACS_peak_27216_lociStitched	chr4	8261519	8289420	13	24999	31140.3061	1780.0838	350	1
4_MACS_peak_31430_lociStitched	chr8	142332286	142356340	4	23560	34221.6258	2061.4278	351	1
18_MACS_peak_19246_lociStitched	chr19	46458808	46488014	18	25181	31346.7998	2590.5722	352	1
6_MACS_peak_10135_lociStitched	chr15	42151899	42175470	6	22682	36120.2004	2430.1701	353	1
5_MACS_peak_32854_lociStitched	chr9	133935442	133958858	5	23186	34395.7624	2226.8616	354	1
9_MACS_peak_9446_lociStitched	chr13	114049227	114074484	9	22949	35150.1669	2558.5341	355	1
5_MACS_peak_13061_lociStitched	chr17	7607150	7630118	5	21848	36898.092	2425.4208	356	1
3_MACS_peak_1096_lociStitched	chr1	6554376	6573963	3	18022	41712.4752	2025.2958	357	1
7_MACS_peak_20992_lociStitched	chr2	220298314	220322671	7	22380	35283.5502	1985.0955	358	1
13_MACS_peak_19901_lociStitched	chr19	50930448	50958862	13	24390	32070.8818	2767.5236	359	1
4_MACS_peak_10742_lociStitched	chr16	740958	762061	4	20439	37736.3846	1502.5336	360	1
14_MACS_peak_33405_lociStitched	chr9	137369783	137398193	14	24229	31341.912	1880.742	361	1
8_MACS_peak_33523_lociStitched	chr9	137656406	137680122	8	23031	33579.4844	1776.3284	362	1
13_MACS_peak_2199_lociStitched	chr1	17692324	17719038	13	24159	31944.6012	2463.0308	363	1
8_MACS_peak_16832_lociStitched	chr19	7542658	7569904	8	24573	32496.3042	3945.2208	364	1
12_MACS_peak_19354_lociStitched	chr19	46980042	47006456	12	23076	34282.7306	2715.3592	365	1
2_MACS_peak_16849_lociStitched	chr19	7641033	7663957	2	22629	35076.0124	2789.8508	366	1
14_MACS_peak_15471_lociStitched	chr17	78140629	78169517	14	23571	33313.6416	2926.3544	367	1
3_MACS_peak_10529_lociStitched	chr15	78180220	78202062	3	21765	35849.2746	2210.4104	368	1
12_MACS_peak_23545_lociStitched	chr22	18937118	18963052	12	22942	33317.4098	2012.4784	369	1
7_MACS_peak_23410_lociStitched	chr21	46987033	47010091	7	21993	35587.7172	2873.0268	370	1
3_MACS_peak_33225_lociStitched	chr9	136344560	136367154	3	21105	36227.2196	2080.9074	371	1
10_MACS_peak_18374_lociStitched	chr19	35819646	35843809	10	23634	31622.1181	2312.3991	372	1
11_MACS_peak_24802_lociStitched	chr22	44692366	44718523	11	24114	30070.0872	1995.7791	373	1
13_MACS_peak_10706_lociStitched	chr16	195659	223381	13	22682	33460.454	2542.1074	374	1
11_MACS_peak_10796_lociStitched	chr16	964815	991761	11	23564	30828.9186	1684.125	375	1
9_MACS_peak_13088_lociStitched	chr17	7688693	7714749	9	23561	31605.928	2563.9104	376	1
9_MACS_peak_17223_lociStitched	chr19	11391456	11418542	9	23901	30975.5496	2946.9568	377	1
10_MACS_peak_466_lociStitched	chr1	2978638	3003729	10	22722	31466.6231	1131.6041	378	1
8_MACS_peak_7043_lociStitched	chr11	64285156	64311345	8	23758	30654.2245	2516.7629	379	1
13_MACS_peak_12445_lociStitched	chr17	19	29309	13	24430	29158.195	2700.538	380	1
12_MACS_peak_32753_lociStitched	chr9	133290910	133315313	12	22180	33109.9904	2157.2252	381	1
6_MACS_peak_28560_lociStitched	chr6	34041187	34064856	6	23149	31041.8935	2236.7205	382	1
14_MACS_peak_3275_lociStitched	chr1	23118858	23145721	14	24325	28541.9375	2382.7481	383	1
12_MACS_peak_29008_lociStitched	chr7	1455754	1480974	12	22777	31318.196	1800.708	384	1
7_MACS_peak_15139_lociStitched	chr17	76550661	76575122	7	22222	32814.4315	2262.6425	385	1
5_MACS_peak_10929_lociStitched	chr16	2066644	2088230	5	20537	35558.6178	2085.2076	386	1
11_MACS_peak_26767_lociStitched	chr4	7145204	7170546	11	23523	29723.6318	2098.3176	387	1
4_MACS_peak_19136_lociStitched	chr19	45368088	45391520	4	22250	32476.752	2235.4128	388	1
11_MACS_peak_24179_lociStitched	chr22	36969291	36994784	11	23391	30362.163	2605.3846	389	1
7_MACS_peak_3184_lociStitched	chr1	22907604	22931063	7	22018	32044.994	1510.7596	390	1
7_MACS_peak_7210_lociStitched	chr11	66313778	66338751	7	22817	31548.3909	2644.6407	391	1
4_MACS_peak_16584_lociStitched	chr19	5543511	5566421	4	22587	31970.905	2652.978	392	1
10_MACS_peak_29593_lociStitched	chr7	100341996	100367481	10	23535	29481.048	2173.8705	393	1
9_MACS_peak_32651_lociStitched	chr9	132527280	132552392	9	23601	29516.6448	2453.4424	394	1
8_MACS_peak_21827_lociStitched	chr20	48956627	48982022	8	23342	30141.3255	2760.4365	395	1
7_MACS_peak_23455_lociStitched	chr21	47404248	47424493	7	19066	36604.9845	1759.2905	396	1
10_MACS_peak_23474_lociStitched	chr21	47466991	47492584	10	22414	31671.3375	2715.4173	397	1
5_MACS_peak_23288_lociStitched	chr21	46114375	46135499	5	20504	34675.046	2291.954	398	1
14_MACS_peak_19109_lociStitched	chr19	45305037	45330664	14	22626	30375.6831	2365.3721	399	1
4_MACS_peak_25229_lociStitched	chr22	45968494	45991662	4	21547	32201.2032	2068.9024	400	1
9_MACS_peak_497_lociStitched	chr1	3067789	3092899	9	22959	28773.549	1486.512	401	1
5_MACS_peak_10938_lociStitched	chr16	2233455	2253172	5	19006	35955.9212	1780.4451	402	1
11_MACS_peak_6333_lociStitched	chr11	1386081	1411008	11	22453	30458.3013	2245.9227	403	1
16_MACS_peak_31796_lociStitched	chr8	143602125	143628988	16	22862	28818.6264	1574.1718	404	1
6_MACS_peak_3031_lociStitched	chr1	21882065	21904763	6	21995	31103.0694	2122.263	405	1
6_MACS_peak_14106_lociStitched	chr17	46690941	46711727	6	20049	34650.262	2361.2896	406	1
4_MACS_peak_22754_lociStitched	chr20	62170118	62188627	4	18242	36716.3033	1758.355	407	1
4_MACS_peak_10897_lociStitched	chr16	1475710	1493696	4	17913	36669.8568	1426.2898	408	1
7_MACS_peak_8219_lociStitched	chr11	118020020	118043424	7	20901	33331.9768	2700.8216	409	1
5_MACS_peak_622_lociStitched	chr1	3666747	3688274	5	21193	32066.6192	2251.7242	410	1
14_MACS_peak_24084_lociStitched	chr22	30866645	30894506	14	22203	30329.4846	2830.6776	412	1
2_MACS_peak_34143_lociStitched	chr9	140317869	140334448	2	16536	38096.8841	1697.6896	413	1
16_MACS_peak_22105_lociStitched	chr20	56773640	56800802	16	23048	27995.8734	2534.2146	414	1
9_MACS_peak_14020_lociStitched	chr17	43894380	43917470	9	21248	31656.39	2500.647	415	1
3_MACS_peak_560_lociStitched	chr1	3263143	3285355	3	21381	30332.7072	1519.3008	416	1
2_MACS_peak_15913_lociStitched	chr19	585729	603649	2	17340	37261.056	2191.616	417	1
4_MACS_peak_92_lociStitched	chr1	1129869	1150054	4	19257	33880.5225	1554.245	418	1
2_MACS_peak_2999_lociStitched	chr1	21040347	21058942	2	18548	35137.112	1773.963	419	1
16_MACS_peak_26528_lociStitched	chr4	3721067	3747004	16	22472	27921.1805	1665.1554	420	1
8_MACS_peak_6119_lociStitched	chr10	135008249	135033280	8	22380	27829.4658	1652.046	421	1
3_MACS_peak_22578_lociStitched	chr20	60783660	60804321	3	19156	33627.8436	1586.7648	422	1
8_MACS_peak_26505_lociStitched	chr4	3643943	3667016	8	21992	28439.7798	1702.7874	423	1
16_MACS_peak_16876_lociStitched	chr19	7780087	7809135	16	22932	28443.8016	3886.6224	424	1
9_MACS_peak_10652_lociStitched	chr15	91192556	91215838	9	20338	33209.4448	3387.531	425	1
3_MACS_peak_15088_lociStitched	chr17	76353035	76372518	3	18189	35166.815	2104.164	426	1
10_MACS_peak_33244_lociStitched	chr9	136430151	136453747	10	20801	30200.5204	1446.4348	427	1
19_MACS_peak_2646_lociStitched	chr1	18978833	19006233	19	22245	27972.66	2334.48	428	1
6_MACS_peak_4734_lociStitched	chr1	202153807	202173419	6	19294	34364.1464	3159.4932	429	1
4_MACS_peak_26313_lociStitched	chr3	195528235	195549222	4	19541	33789.07	2996.9436	430	1
4_MACS_peak_16013_lociStitched	chr19	2298686	2318020	4	18692	34977.1394	2845.9648	431	1
6_MACS_peak_32811_lociStitched	chr9	133524176	133544612	6	19408	32732.3412	1767.714	432	1
6_MACS_peak_6364_lociStitched	chr11	1457737	1479607	6	20508	30432.105	1417.176	433	1
5_MACS_peak_13714_lociStitched	chr17	39765821	39786478	5	20204	31365.5888	1840.5387	434	1
11_MACS_peak_25400_lociStitched	chr22	49278476	49304772	11	21617	28762.5648	2195.716	435	1
4_MACS_peak_29697_lociStitched	chr7	100805718	100825636	4	19012	33296.9206	1997.7754	436	1
1_MACS_peak_22709_lociStitched	chr20	61937387	61956617	1	19231	32077.563	1240.335	437	1
12_MACS_peak_21122_lociStitched	chr2	241614421	241639716	12	22779	24708.156	1004.2115	438	1
16_MACS_peak_13805_lociStitched	chr17	41705323	41731261	16	22529	26560.512	2342.2014	439	1
10_MACS_peak_14009_lociStitched	chr17	43865249	43889635	10	22170	27290.3726	2255.705	440	1
13_MACS_peak_3327_lociStitched	chr1	23222614	23248274	13	21887	27433.106	2027.14	441	1
5_MACS_peak_23294_lociStitched	chr21	46140539	46161363	5	20132	30996.524	2286.4752	442	1
10_MACS_peak_28872_lociStitched	chr7	953345	976456	10	21146	28112.2204	1481.4151	443	1
3_MACS_peak_6302_lociStitched	chr11	1212740	1232131	3	19198	31849.7175	1667.626	444	1
6_MACS_peak_275_lociStitched	chr1	2414447	2436785	6	20424	29421.3798	1556.9586	445	1
7_MACS_peak_25761_lociStitched	chr3	13668598	13690537	7	20937	28610.6499	1801.1919	446	1
12_MACS_peak_1977_lociStitched	chr1	16488206	16512957	12	21212	28555.2287	2385.9964	447	1
4_MACS_peak_31207_lociStitched	chr8	22002554	22022171	4	18517	33299.8575	2320.6911	448	1
11_MACS_peak_16592_lociStitched	chr19	5731010	5755373	11	21745	28190.4273	3279.2598	449	1
2_MACS_peak_4482_lociStitched	chr1	155088578	155104316	2	15708	37481.6208	2736.8382	450	1
3_MACS_peak_23299_lociStitched	chr21	46163757	46183612	3	19180	32190.9115	2325.0205	451	1
7_MACS_peak_15455_lociStitched	chr17	78053288	78075171	7	19818	30732.4852	2098.5797	452	1
4_MACS_peak_6221_lociStitched	chr11	376995	397318	4	19611	30498.7261	1512.0312	453	1
6_MACS_peak_22984_lociStitched	chr21	43130228	43151071	6	19718	31187.3809	2522.003	454	1
9_MACS_peak_476_lociStitched	chr1	3005569	3028009	9	20727	28016.34	1303.764	455	1
12_MACS_peak_19728_lociStitched	chr19	49647534	49672296	12	22078	27000.4848	3300.7746	456	1
9_MACS_peak_34085_lociStitched	chr9	140022206	140043736	9	20034	30032.197	2045.35	457	1
9_MACS_peak_29284_lociStitched	chr7	27190700	27215532	9	19364	31720.3968	2547.7632	458	1
5_MACS_peak_13017_lociStitched	chr17	7185255	7204159	5	17555	34114.1584	2211.768	459	1
8_MACS_peak_33497_lociStitched	chr9	137580169	137601822	8	20508	28441.2155	1528.7018	460	1
10_MACS_peak_33557_lociStitched	chr9	137817675	137842166	10	20980	27716.4647	1922.5435	461	1
10_MACS_peak_11175_lociStitched	chr16	5049866	5073998	10	21393	27109.8888	2280.474	462	1
9_MACS_peak_12635_lociStitched	chr17	857595	882343	9	21414	27329.2164	2561.418	463	1
15_MACS_peak_34312_lociStitched	chrX	152790648	152815038	15	21262	26226.567	1214.622	464	1
4_MACS_peak_4495_lociStitched	chr1	155153877	155173547	4	19363	32695.474	4000.878	465	1
1_MACS_peak_13603_lociStitched	chr17	36333460	36350241	1	16782	38451.9834	5823.007	466	1
7_MACS_peak_10909_lociStitched	chr16	1954852	1976311	7	19056	31379.4957	2212.4229	467	1
13_MACS_peak_33720_lociStitched	chr9	138131041	138155345	13	21673	25473.0224	1550.5952	468	1
15_MACS_peak_33137_lociStitched	chr9	136035753	136060758	15	21421	27195.438	2705.541	469	1
14_MACS_peak_12498_lociStitched	chr17	138656	162918	14	20179	29524.4278	2494.1336	470	1
7_MACS_peak_16973_lociStitched	chr19	8179020	8201441	7	21251	27275.1465	2569.4466	471	1
4_MACS_peak_1972_lociStitched	chr1	16463793	16483586	4	19635	29564.8041	1902.1073	472	1
11_MACS_peak_2246_lociStitched	chr1	17881065	17904648	11	21283	26358.7191	2146.053	473	1
8_MACS_peak_26091_lociStitched	chr3	52530827	52552856	8	19305	30446.2809	2409.9726	474	1
2_MACS_peak_33290_lociStitched	chr9	136565250	136584748	2	19474	29081.267	1360.9604	475	1
7_MACS_peak_21006_lociStitched	chr2	220419045	220440710	7	19496	29436.2355	1945.517	476	1
9_MACS_peak_16980_lociStitched	chr19	8202933	8224702	9	19957	29000.6618	2409.8283	477	1
17_MACS_peak_18449_lociStitched	chr19	36283111	36308531	17	21095	26167.348	2282.716	478	1
1_MACS_peak_30006_lociStitched	chr7	151077540	151094603	1	17064	33364.9902	2271.0853	479	1
14_MACS_peak_32311_lociStitched	chr9	115822149	115849503	14	22867	22430.28	3389.1606	480	1
9_MACS_peak_15159_lociStitched	chr17	76604281	76626018	9	20955	26136.5688	2104.1416	481	1
12_MACS_peak_19685_lociStitched	chr19	49253544	49277806	12	20562	27035.1466	2161.7442	482	1
3_MACS_peak_10639_lociStitched	chr15	89896824	89916617	3	19095	29923.0574	2331.6154	483	1
7_MACS_peak_2984_lociStitched	chr1	20996663	21016840	7	18498	31058.4561	2451.5055	484	1
9_MACS_peak_17834_lociStitched	chr19	17634483	17656612	9	19604	28900.474	2350.0998	485	1
9_MACS_peak_15012_lociStitched	chr17	75847638	75870367	9	19787	29204.4921	3093.4169	486	1
11_MACS_peak_33948_lociStitched	chr9	138934377	138955950	11	19631	27414.9684	1039.8186	487	1
21_MACS_peak_11805_lociStitched	chr16	85280876	85309664	21	20845	25016.772	1220.6112	488	1
5_MACS_peak_20269_lociStitched	chr19	55995624	56014520	5	17633	31253.984	1575.9264	489	1
12_MACS_peak_9379_lociStitched	chr13	113731310	113753877	12	19746	27691.9657	1726.3755	490	1
5_MACS_peak_13546_lociStitched	chr17	34792709	34812041	5	17303	34896.1932	4769.2044	491	1
1_MACS_peak_29893_lociStitched	chr7	128482194	128498469	1	16276	33998.475	2525.88	492	1
6_MACS_peak_8806_lociStitched	chr12	52222825	52245225	6	19958	27610.24	2394.56	493	1
5_MACS_peak_5668_lociStitched	chr10	102974464	102994338	5	18683	29421.4696	1882.0678	494	1
1_MACS_peak_10944_lociStitched	chr16	2324984	2341972	1	16989	31757.3672	1590.0768	495	1
9_MACS_peak_22770_lociStitched	chr20	62383803	62405309	9	19942	26994.3312	1991.4556	496	1
11_MACS_peak_24053_lociStitched	chr22	30638469	30662716	11	19774	27888.8994	2713.2393	497	1
5_MACS_peak_13097_lociStitched	chr17	7718474	7737137	5	18278	30215.397	2271.2871	498	1
8_MACS_peak_345_lociStitched	chr1	2715517	2737042	8	19824	26148.57	1373.295	499	1
6_MACS_peak_15229_lociStitched	chr17	77306714	77327409	6	20008	26162.619	1831.5075	500	1
7_MACS_peak_23303_lociStitched	chr21	46246999	46267075	7	17924	30658.0596	2439.234	501	1
13_MACS_peak_25073_lociStitched	chr22	45334628	45357033	13	20668	24188.438	1413.7555	502	1
9_MACS_peak_4689_lociStitched	chr1	201273953	201296882	9	19932	27695.9391	3611.3175	503	1
4_MACS_peak_23494_lociStitched	chr21	47544831	47562708	4	16104	32466.4197	1936.0791	504	1
11_MACS_peak_403_lociStitched	chr1	2832274	2854774	11	19805	25924.5	1764	505	1
8_MACS_peak_6278_lociStitched	chr11	1070684	1090346	8	17781	29139.084	1185.6186	506	1
11_MACS_peak_3118_lociStitched	chr1	22637283	22659832	11	20689	23956.0576	1889.6062	507	1
6_MACS_peak_7085_lociStitched	chr11	64398735	64419899	6	19630	26213.7304	1841.268	508	1
8_MACS_peak_25531_lociStitched	chr22	50438398	50458505	8	18592	27657.1785	1312.9871	509	1
7_MACS_peak_15463_lociStitched	chr17	78079532	78100153	7	18691	28026.0011	1880.6352	510	1
19_MACS_peak_16417_lociStitched	chr19	5170502	5196169	19	20767	24476.0512	2851.6037	511	1
8_MACS_peak_15873_lociStitched	chr19	405351	427262	8	19544	26391.7995	2033.3408	512	1
7_MACS_peak_19588_lociStitched	chr19	48997267	49017881	7	18559	28863.7228	2791.1356	514	1
6_MACS_peak_6612_lociStitched	chr11	3209031	3227244	6	17358	30035.0583	1897.7946	515	1
8_MACS_peak_24425_lociStitched	chr22	38844117	38864566	8	19075	27207.3945	2208.492	516	1
13_MACS_peak_24952_lociStitched	chr22	45093445	45117852	13	20114	24504.628	1757.304	517	1
13_MACS_peak_24740_lociStitched	chr22	44281535	44304192	13	19738	25260.2893	1694.7436	518	1
5_MACS_peak_6606_lociStitched	chr11	2934200	2951801	5	16571	30912.6363	1790.0217	519	1
10_MACS_peak_10519_lociStitched	chr15	78152308	78174770	10	19580	25770.6526	2115.9204	520	1
13_MACS_peak_33792_lociStitched	chr9	138293074	138316496	13	20361	23672.6154	1946.3682	521	1
6_MACS_peak_22683_lociStitched	chr20	61745669	61765788	6	19830	24444.585	1510.9369	522	1
5_MACS_peak_13620_lociStitched	chr17	36749358	36768820	5	18723	27480.344	2302.3546	523	1
10_MACS_peak_3433_lociStitched	chr1	29558972	29579653	10	18958	26916.3215	2202.5265	524	1
11_MACS_peak_27320_lociStitched	chr4	8689562	8712197	11	19908	24441.273	1765.53	525	1
9_MACS_peak_11132_lociStitched	chr16	4363711	4385196	9	17832	28703.96	2019.59	526	1
1_MACS_peak_13544_lociStitched	chr17	34741746	34758335	1	16590	33513.0978	4921.9563	527	1
13_MACS_peak_2730_lociStitched	chr1	19124627	19149180	13	19988	24209.258	2114.0133	528	1
5_MACS_peak_113_lociStitched	chr1	1356072	1374766	5	17273	28885.9688	1575.9042	529	1
3_MACS_peak_15543_lociStitched	chr17	78991207	79008419	3	16395	30374.0164	1697.1032	530	1
4_MACS_peak_13147_lociStitched	chr17	7982513	8001233	4	18038	28403.856	2437.344	531	1
12_MACS_peak_1956_lociStitched	chr1	16410638	16432031	12	19811	24409.413	2222.7327	532	1
4_MACS_peak_25609_lociStitched	chr22	51035331	51052879	4	16706	29384.126	1345.9316	533	1
10_MACS_peak_8826_lociStitched	chr12	52397399	52417372	10	18055	27962.2	2296.895	534	1
3_MACS_peak_25928_lociStitched	chr3	48616156	48633619	3	17261	28738.8591	1775.9871	535	1
6_MACS_peak_12671_lociStitched	chr17	1150399	1171508	6	19859	24186.6922	2362.0971	536	1
16_MACS_peak_7608_lociStitched	chr11	69939845	69963837	16	19229	24997.2648	1775.408	537	1
4_MACS_peak_281_lociStitched	chr1	2458156	2475302	4	16438	29612.8566	1453.9808	539	1
9_MACS_peak_8454_lociStitched	chr12	146742	168972	9	19419	27934.218	5259.618	540	1
7_MACS_peak_29620_lociStitched	chr7	100414672	100434133	7	18269	26624.5941	1749.5439	541	1
11_MACS_peak_33761_lociStitched	chr9	138230596	138252041	11	19312	24179.2375	1503.2945	542	1
8_MACS_peak_8779_lociStitched	chr12	50347532	50367713	8	18453	26356.386	2217.8919	543	1
7_MACS_peak_32105_lociStitched	chr8	145093563	145112076	7	17392	27543.6414	1551.3894	544	1
8_MACS_peak_29131_lociStitched	chr7	2712981	2733247	8	18290	25752.0062	1586.8278	545	1
7_MACS_peak_20956_lociStitched	chr2	219877983	219897734	7	18835	24872.4343	1945.4735	546	1
7_MACS_peak_22480_lociStitched	chr20	60372389	60392546	7	19103	23577.6429	1261.8282	547	1
4_MACS_peak_29525_lociStitched	chr7	99757710	99774647	4	16442	29351.821	2096.8006	548	1
4_MACS_peak_17031_lociStitched	chr19	8391985	8409965	4	17406	28271.752	2686.212	549	1
5_MACS_peak_28062_lociStitched	chr5	176300035	176317138	5	16544	28567.1409	1597.4202	550	1
9_MACS_peak_30280_lociStitched	chr7	155608573	155630027	9	19139	24191.5304	2411.4296	551	1
6_MACS_peak_28083_lociStitched	chr5	176885031	176902738	6	16070	29276.7538	1862.7764	552	1
4_MACS_peak_5342_lociStitched	chr10	73044501	73063044	4	18019	26108.544	2152.8423	553	1
9_MACS_peak_13008_lociStitched	chr17	7164113	7183838	9	17841	26488.7025	2217.09	554	1
12_MACS_peak_15147_lociStitched	chr17	76580307	76602851	12	18929	24273.1248	2247.6368	555	1
9_MACS_peak_34110_lociStitched	chr9	140198872	140217714	9	17761	25785.277	1494.1706	556	1
4_MACS_peak_24530_lociStitched	chr22	42746887	42765291	4	17457	26748.3736	1912.1756	557	1
9_MACS_peak_9345_lociStitched	chr13	113606279	113626389	9	18574	24306.957	1787.779	559	1
6_MACS_peak_24606_lociStitched	chr22	43592797	43611948	6	17574	25920.8785	1572.2971	560	1
4_MACS_peak_22993_lociStitched	chr21	43159689	43177998	4	17301	27020.4222	2317.9194	561	1
5_MACS_peak_2638_lociStitched	chr1	18954327	18973236	5	18176	24074.9388	1119.4128	562	1
6_MACS_peak_32928_lociStitched	chr9	134999638	135018999	6	17965	25045.3896	1740.5539	563	1
16_MACS_peak_11931_lociStitched	chr16	85486641	85510644	16	18906	22161.9699	936.117	564	1
9_MACS_peak_19607_lociStitched	chr19	49042897	49063700	9	18025	25115.4619	2022.0516	565	1
5_MACS_peak_7058_lociStitched	chr11	64321080	64340217	5	17524	25567.032	1536.7011	566	1
10_MACS_peak_5226_lociStitched	chr10	71483667	71504725	10	18202	24747.3616	2101.5884	567	1
4_MACS_peak_23185_lociStitched	chr21	45666184	45681755	4	15365	29911.891	2344.9926	568	1
4_MACS_peak_1950_lociStitched	chr1	16383326	16399956	4	16123	28236.077	1845.93	569	1
10_MACS_peak_1032_lociStitched	chr1	5892616	5913140	10	18937	22393.7364	1555.7192	570	1
7_MACS_peak_31190_lociStitched	chr8	21897991	21916494	7	16518	27278.9729	1657.8688	571	1
8_MACS_peak_32028_lociStitched	chr8	144493507	144511599	8	15747	28265.1316	1530.5832	572	1
9_MACS_peak_24035_lociStitched	chr22	30104585	30123276	9	17065	26079.5523	1560.6985	573	1
14_MACS_peak_24381_lociStitched	chr22	37963566	37985724	14	19050	22483.7226	2293.353	574	1
4_MACS_peak_4525_lociStitched	chr1	156580241	156596922	4	16334	28914.8454	3299.5018	576	1
7_MACS_peak_118_lociStitched	chr1	1376875	1396334	7	17853	24623.4186	1932.2787	577	1
7_MACS_peak_3218_lociStitched	chr1	22984687	23004679	7	18817	22504.9944	1951.2192	578	1
5_MACS_peak_32607_lociStitched	chr9	132306930	132325919	5	17674	24634.4297	1760.2803	579	1
1_MACS_peak_13542_lociStitched	chr17	34577019	34592491	1	15473	31381.8576	4768.4704	580	1
2_MACS_peak_31769_lociStitched	chr8	143531693	143550025	2	17864	23519.956	1173.248	581	1
13_MACS_peak_33815_lociStitched	chr9	138343721	138366484	13	18748	22280.4244	1987.2099	582	1
7_MACS_peak_23447_lociStitched	chr21	47383308	47400616	7	15363	28973.592	2341.7724	583	1
15_MACS_peak_31034_lociStitched	chr8	7423398	7443441	15	18388	22941.2178	2016.3258	585	1
6_MACS_peak_14117_lociStitched	chr17	46799334	46816964	6	16199	27453.436	2321.871	586	1
12_MACS_peak_31109_lociStitched	chr8	7869784	7890704	12	18160	23436.676	2209.152	587	1
9_MACS_peak_999_lociStitched	chr1	5799124	5819183	9	17476	24217.2307	1628.7908	588	1
15_MACS_peak_6722_lociStitched	chr11	44322128	44343174	15	17764	23512.5912	1639.4834	589	1
9_MACS_peak_29701_lociStitched	chr7	100827630	100847033	9	18287	22680.1667	2021.7926	590	1
15_MACS_peak_20290_lociStitched	chr19	56055132	56077354	15	18276	22315.3324	1651.0946	592	1
4_MACS_peak_22672_lociStitched	chr20	61713554	61730642	4	16303	25743.072	1264.512	594	1
4_MACS_peak_15628_lociStitched	chr17	79910453	79927201	4	15463	27478.4436	1626.2308	595	1
10_MACS_peak_29021_lociStitched	chr7	1547748	1569045	10	17882	23390.4951	2097.7545	596	1
6_MACS_peak_16931_lociStitched	chr19	7949705	7968048	6	16532	26419.4229	2509.3224	597	1
11_MACS_peak_28516_lociStitched	chr6	33909321	33931418	11	18050	22744.4421	1898.1323	598	1
8_MACS_peak_25578_lociStitched	chr22	50587683	50608442	8	17293	24566.2006	2115.3421	599	1
6_MACS_peak_11391_lociStitched	chr16	31007923	31026668	6	17411	24100.4465	1891.3705	600	1
9_MACS_peak_2290_lociStitched	chr1	17982017	18002004	9	18151	22389.4374	1790.8352	601	1
10_MACS_peak_32115_lociStitched	chr8	145552545	145571277	10	16301	25837.0476	1577.2344	602	1
8_MACS_peak_15393_lociStitched	chr17	77874482	77892892	8	17424	24056.347	1958.824	603	1
4_MACS_peak_13538_lociStitched	chr17	34488433	34504836	4	15538	29917.4317	4469.8175	604	1
4_MACS_peak_26571_lociStitched	chr4	3820906	3838555	4	17452	23360.2164	1447.218	605	1
4_MACS_peak_27719_lociStitched	chr5	1652556	1670224	4	16411	25664.5368	1793.302	606	1
5_MACS_peak_22798_lociStitched	chr20	62463147	62481047	5	16412	25289.12	1455.27	607	1
13_MACS_peak_14708_lociStitched	chr17	72413522	72433915	13	17903	22573.0117	1731.3657	608	1
9_MACS_peak_3194_lociStitched	chr1	22939289	22959051	9	18320	21736.2238	1863.5566	609	1
7_MACS_peak_33294_lociStitched	chr9	136590808	136610037	7	17609	23215.1717	1738.3016	610	1
13_MACS_peak_10001_lociStitched	chr14	106081368	106101351	13	17275	23845.7139	1682.5686	611	1
7_MACS_peak_10558_lociStitched	chr15	79054229	79072985	7	17342	23580.0432	1562.3748	612	1
12_MACS_peak_23421_lociStitched	chr21	47024482	47045224	12	17751	23233.1142	2333.475	613	1
4_MACS_peak_28462_lociStitched	chr6	33760577	33779264	4	17932	22198.2873	1775.265	614	1
10_MACS_peak_20326_lociStitched	chr19	56267070	56286317	10	17489	24264.6929	3152.6586	616	1
6_MACS_peak_22520_lociStitched	chr20	60468892	60487290	6	17257	22793.2822	1217.9476	617	1
8_MACS_peak_14204_lociStitched	chr17	47594108	47613914	8	16842	24196.9902	2012.2896	619	1
5_MACS_peak_23076_lociStitched	chr21	44011229	44028536	5	16760	24620.9382	2405.673	620	1
9_MACS_peak_12324_lociStitched	chr16	88490166	88509379	9	16853	22588.7241	878.0341	621	1
7_MACS_peak_8255_lociStitched	chr11	119210060	119226943	7	15036	26729.1656	1921.2854	622	1
5_MACS_peak_4866_lociStitched	chr1	205626052	205643677	5	16182	25743.075	2904.6	623	1
4_MACS_peak_32624_lociStitched	chr9	132405219	132421932	4	15802	24848.8884	1560.9942	624	1
10_MACS_peak_15030_lociStitched	chr17	75908596	75928198	10	17218	22530.5388	2117.016	625	1
4_MACS_peak_32866_lociStitched	chr9	133980574	133998357	4	16893	23009.4237	2014.8139	626	1
7_MACS_peak_10336_lociStitched	chr15	74559787	74578046	7	17220	21998.4432	1723.6496	627	1
11_MACS_peak_288_lociStitched	chr1	2497381	2515978	11	16914	22768.3071	1895.0343	628	1
9_MACS_peak_18018_lociStitched	chr19	18491972	18509829	9	16999	22544.4625	1962.4843	631	1
11_MACS_peak_14134_lociStitched	chr17	47033966	47052837	11	17080	22292.3123	1917.2936	632	1
18_MACS_peak_26946_lociStitched	chr4	7514524	7537953	18	17238	21090.7858	1529.9137	633	1
15_MACS_peak_33772_lociStitched	chr9	138255824	138278089	15	17266	20986.989	1534.0585	635	1
7_MACS_peak_10778_lociStitched	chr16	915670	933567	7	16740	22140.3787	1540.9317	636	1
13_MACS_peak_217_lociStitched	chr1	2057044	2077902	13	17237	21208.4144	1756.2436	637	1
6_MACS_peak_24478_lociStitched	chr22	40009932	40027797	6	16044	23735.439	1943.712	638	1
9_MACS_peak_10945_lociStitched	chr16	2343210	2361832	9	16111	23357.5746	1711.3618	639	1
19_MACS_peak_3136_lociStitched	chr1	22685290	22707534	19	17040	21638.9632	2015.3064	641	1
8_MACS_peak_1212_lociStitched	chr1	7279612	7298896	8	16921	21347.388	1492.5816	642	1
2_MACS_peak_18061_lociStitched	chr19	18899070	18915886	2	16613	22208.8912	1960.7456	644	1
6_MACS_peak_17425_lociStitched	chr19	13973476	13990834	6	15667	23862.0426	1838.2122	646	1
4_MACS_peak_16261_lociStitched	chr19	3451922	3467763	4	15504	24052.9744	1831.2196	647	1
9_MACS_peak_19153_lociStitched	chr19	45714572	45732288	9	16729	21282.2308	1525.3476	648	1
8_MACS_peak_23152_lociStitched	chr21	44896707	44915776	8	16578	22663.5065	2892.7673	649	1
4_MACS_peak_26524_lociStitched	chr4	3701327	3719286	4	16558	20900.6842	1104.4785	650	1
8_MACS_peak_15122_lociStitched	chr17	76517901	76536209	8	16590	21387.4056	1684.336	651	1
4_MACS_peak_23082_lociStitched	chr21	44032839	44048420	4	15042	24703.6755	2044.2272	652	1
7_MACS_peak_1365_lociStitched	chr1	7688073	7705898	7	16533	21078.0625	1315.485	653	1
13_MACS_peak_28920_lociStitched	chr7	1277261	1297388	13	16840	20155.1778	1211.6454	655	1
6_MACS_peak_25544_lociStitched	chr22	50477927	50495410	6	15885	22348.5189	1468.572	656	1
6_MACS_peak_17928_lociStitched	chr19	17976804	17993796	6	15864	22458.3264	1765.4688	660	1
4_MACS_peak_16815_lociStitched	chr19	7036716	7053183	4	16094	23588.9775	3408.669	662	1
9_MACS_peak_3235_lociStitched	chr1	23033566	23052027	9	16028	21728.597	1602.4148	666	1
6_MACS_peak_22997_lociStitched	chr21	43179547	43196379	6	15516	22942.016	1875.0848	668	1
7_MACS_peak_15340_lociStitched	chr17	77684992	77702255	7	15794	22020.6828	1681.4162	672	1
4_MACS_peak_16811_lociStitched	chr19	7016000	7033804	4	16246	22473.9892	3161.9904	673	1
4_MACS_peak_15022_lociStitched	chr17	75875582	75891250	4	15196	23420.5264	2036.84	675	1
4_MACS_peak_20820_lociStitched	chr2	128379450	128396652	4	15751	21633.2352	1584.3042	678	1
8_MACS_peak_34355_lociStitched	chrX	152897049	152914917	8	15796	20734.0272	854.0904	679	1
4_MACS_peak_16770_lociStitched	chr19	6701141	6717209	4	15184	23240.7552	2214.1704	680	1
6_MACS_peak_21729_lociStitched	chr20	44930927	44947176	6	16034	20727.2244	1644.3988	683	1
3_MACS_peak_4822_lociStitched	chr1	204975694	204991714	3	15690	21921.768	2226.78	686	1
10_MACS_peak_18412_lociStitched	chr19	36043463	36060874	10	15864	20586.7664	1485.1583	687	1
4_MACS_peak_15100_lociStitched	chr17	76444934	76461135	4	15352	21199.0085	1684.904	695	1
5_MACS_peak_148_lociStitched	chr1	1845280	1862072	5	15331	21131.0528	1776.5936	697	1
6_MACS_peak_19162_lociStitched	chr19	45733761	45749869	6	15460	20397.5604	1460.9956	701	1
5_MACS_peak_32912_lociStitched	chr9	134706768	134722652	5	15117	21017.7088	1396.2036	702	1
