#MM1_jia_peaks Enhancers
#Created from /data/projects/IRF4_mm_trn_data/myeloma_public_data/rose/MM1_jia_ROSE/MM1_jia_peaks_4KB_STITCHED_ENHANCER_REGION_MAP.txt
#Ranked by MM1_jia.bam
#Using cutoff of 6707.2995 for Super-Enhancers
#Created on Jul 16 2024 
REGION_ID	CHROM	START	STOP	NUM_LOCI	CONSTITUENT_SIZE	MM1_jia.bam	enhancerRank	isSuper
8_MACS_peak_20006_lociStitched	chr6	289953	350294	8	52366	70568.7995	1	1
4_MACS_peak_20110_lociStitched	chr6	7880302	7921616	4	39443	47383.0266	2	1
8_MACS_peak_7694_lociStitched	chr15	45001819	45029578	8	22196	43825.9092	3	1
2_MACS_peak_1323_lociStitched	chr1	150532113	150553181	2	20009	41017.2892	4	1
6_MACS_peak_2134_lociStitched	chr1	203251694	203281480	6	19798	40511.9386	5	1
28_MACS_peak_13215_lociStitched	chr2	99060816	99125120	28	43262	37778.6	6	1
10_MACS_peak_13162_lociStitched	chr2	89130572	89166913	10	29874	36511.8027	7	1
6_MACS_peak_17080_lociStitched	chr3	141116864	141147652	6	27825	36499.174	8	1
3_MACS_peak_8317_lociStitched	chr15	89164426	89185836	3	20657	34624.252	9	1
8_MACS_peak_1146_lociStitched	chr1	118147488	118187773	8	38125	34584.6725	10	1
9_MACS_peak_15148_lociStitched	chr21	44829285	44865269	9	25114	34501.4592	11	1
1_MACS_peak_4196_lociStitched	chr11	65183604	65199862	1	16259	33112.6686	12	1
7_MACS_peak_1524_lociStitched	chr1	156449604	156478855	7	24091	32342.8307	13	1
5_MACS_peak_11459_lociStitched	chr19	13943864	13959053	5	12456	31072.1373	14	1
14_MACS_peak_7252_lociStitched	chr14	91829275	91867148	14	28602	30037.0763	15	1
2_MACS_peak_17078_lociStitched	chr3	141095630	141112540	2	16164	29332.086	16	1
5_MACS_peak_7788_lociStitched	chr15	52958186	52976919	5	17638	29229.0999	17	1
2_MACS_peak_2800_lociStitched	chr10	22595728	22616079	2	20269	28792.5948	18	1
8_MACS_peak_17321_lociStitched	chr3	171798405	171832507	8	27092	28553.6046	19	1
7_MACS_peak_15844_lociStitched	chr3	13035306	13064314	7	21504	28393.0304	20	1
2_MACS_peak_15143_lociStitched	chr21	44771933	44783995	2	10771	28040.5314	21	1
5_MACS_peak_8110_lociStitched	chr15	75067247	75093214	5	21447	27904.1382	22	1
2_MACS_peak_2537_lociStitched	chr1	234734238	234749277	2	15014	27256.6836	23	1
11_MACS_peak_6092_lociStitched	chr12	123354698	123388183	11	25898	27122.85	24	1
6_MACS_peak_4670_lociStitched	chr11	111223871	111251428	6	23973	26763.3584	25	1
8_MACS_peak_11084_lociStitched	chr19	2040057	2062663	8	13898	26250.0872	26	1
15_MACS_peak_1154_lociStitched	chr1	118192608	118230756	15	25141	26215.3056	27	1
2_MACS_peak_8411_lociStitched	chr15	93439449	93452871	2	11279	26066.8662	28	1
3_MACS_peak_16792_lociStitched	chr3	114159295	114179998	3	19131	25228.6758	29	1
8_MACS_peak_8130_lociStitched	chr15	75315404	75343229	8	24357	24850.5075	30	1
4_MACS_peak_11048_lociStitched	chr19	1258287	1277448	4	12157	24667.8714	31	1
14_MACS_peak_13139_lociStitched	chr2	88890796	88928511	14	24597	24503.4355	32	1
5_MACS_peak_11108_lociStitched	chr19	2255147	2274294	5	13943	24494.7571	33	1
18_MACS_peak_20816_lociStitched	chr6	52376931	52423261	18	26924	24494.671	34	1
4_MACS_peak_15295_lociStitched	chr22	23222375	23248704	4	25141	24012.048	35	1
5_MACS_peak_15789_lociStitched	chr3	5222935	5247567	5	19217	23962.0096	36	1
16_MACS_peak_22071_lociStitched	chr7	55566590	55605125	16	25800	23186.5095	37	1
6_MACS_peak_4148_lociStitched	chr11	63992595	64015006	6	14137	23155.0452	38	1
2_MACS_peak_11433_lociStitched	chr19	12899054	12907589	2	7440	23053.035	39	1
15_MACS_peak_23017_lociStitched	chr8	27217727	27256891	15	28545	22417.4736	40	1
1_MACS_peak_20551_lociStitched	chr6	32934914	32942558	1	7645	21896.238	41	1
1_MACS_peak_5032_lociStitched	chr12	12866730	12879943	1	13214	21812.0204	42	1
2_MACS_peak_4202_lociStitched	chr11	65261851	65275804	2	12890	21670.4043	43	1
3_MACS_peak_11539_lociStitched	chr19	16471062	16485661	3	13194	21581.7017	44	1
5_MACS_peak_24151_lociStitched	chr9	33151796	33172607	5	15756	21191.8413	45	1
12_MACS_peak_21772_lociStitched	chr7	8000413	8030655	12	23011	20900.2462	46	1
4_MACS_peak_17552_lociStitched	chr3	186703518	186724281	4	15450	20856.4335	47	1
8_MACS_peak_7885_lociStitched	chr15	63789511	63810545	8	14992	20838.3838	48	1
4_MACS_peak_16405_lociStitched	chr3	53194370	53215584	4	19841	20774.8702	49	1
1_MACS_peak_8082_lociStitched	chr15	72765250	72769288	1	4039	20575.2252	50	1
8_MACS_peak_4409_lociStitched	chr11	74652824	74678437	8	18578	20346.9672	51	1
7_MACS_peak_4856_lociStitched	chr11	128585803	128610900	7	21328	20278.376	52	1
5_MACS_peak_21110_lociStitched	chr6	106531854	106555589	5	22885	20063.1955	53	1
5_MACS_peak_8406_lociStitched	chr15	93421799	93435295	5	7780	20030.7632	54	1
6_MACS_peak_15750_lociStitched	chr22	50962988	50987345	6	12779	19984.9185	55	1
2_MACS_peak_24444_lociStitched	chr9	91924796	91935876	2	9494	19955.08	56	1
4_MACS_peak_11093_lociStitched	chr19	2081555	2099072	4	13922	19946.6079	57	1
3_MACS_peak_15137_lociStitched	chr21	44724925	44740106	3	11254	19931.1349	58	1
1_MACS_peak_5128_lociStitched	chr12	26266254	26280344	1	14091	19554.102	59	1
5_MACS_peak_20330_lociStitched	chr6	25398787	25420449	5	16510	19435.1464	60	1
17_MACS_peak_17329_lociStitched	chr3	171840167	171879265	17	22351	19419.9766	61	1
2_MACS_peak_7572_lociStitched	chr15	40225457	40235231	2	9642	19234.2546	62	1
7_MACS_peak_7599_lociStitched	chr15	40838456	40862637	7	15215	19223.895	63	1
4_MACS_peak_13923_lociStitched	chr2	201979571	201998079	4	17908	19179.8404	64	1
1_MACS_peak_8154_lociStitched	chr15	75741939	75748899	1	6961	19066.92	65	1
1_MACS_peak_11535_lociStitched	chr19	16434379	16440756	1	6378	19029.6057	66	1
10_MACS_peak_21042_lociStitched	chr6	90049895	90071121	10	17581	18995.1474	67	1
11_MACS_peak_22673_lociStitched	chr7	137658908	137686933	11	23221	18919.6775	68	1
7_MACS_peak_20640_lociStitched	chr6	36559982	36580277	7	15025	18870.291	69	1
6_MACS_peak_1636_lociStitched	chr1	161134572	161157737	6	12784	18863.2595	70	1
5_MACS_peak_16628_lociStitched	chr3	98477503	98498988	5	17458	18767.1475	71	1
7_MACS_peak_24657_lociStitched	chr9	112904427	112928969	7	20519	18740.2712	72	1
9_MACS_peak_7427_lociStitched	chr14	106145432	106178359	9	17387	18656.4382	73	1
9_MACS_peak_1610_lociStitched	chr1	160696147	160726554	9	18715	18603.0026	74	1
1_MACS_peak_24292_lociStitched	chr9	66454609	66462527	1	7919	18397.473	75	1
3_MACS_peak_8244_lociStitched	chr15	81583759	81604004	3	15603	18186.0835	76	1
3_MACS_peak_16681_lociStitched	chr3	104228859	104246240	3	13552	18130.1211	77	1
2_MACS_peak_6138_lociStitched	chr12	125396247	125406748	2	10459	18124.726	78	1
4_MACS_peak_12460_lociStitched	chr2	20403985	20425995	4	21750	18096.622	79	1
5_MACS_peak_16050_lociStitched	chr3	32461039	32482425	5	16503	18077.5858	80	1
3_MACS_peak_2140_lociStitched	chr1	203286648	203301228	3	11018	18004.842	81	1
2_MACS_peak_11468_lociStitched	chr19	14113590	14118428	2	4545	18004.1332	82	1
10_MACS_peak_19888_lociStitched	chr5	173310287	173336432	10	21942	17945.928	83	1
9_MACS_peak_11347_lociStitched	chr19	10869507	10896386	9	18193	17893.3503	84	1
3_MACS_peak_9579_lociStitched	chr17	7737088	7748950	3	9678	17847.5652	85	1
1_MACS_peak_11173_lociStitched	chr19	4057921	4067939	1	10019	17799.9824	86	1
14_MACS_peak_10904_lociStitched	chr18	52967922	53002217	14	19682	17775.0985	87	1
1_MACS_peak_7950_lociStitched	chr15	65183103	65190758	1	7656	17729.7455	88	1
7_MACS_peak_7507_lociStitched	chr15	31636611	31660597	7	17733	17500.1856	89	1
4_MACS_peak_11889_lociStitched	chr19	39888395	39902927	4	12054	17409.336	90	1
3_MACS_peak_2472_lociStitched	chr1	228268934	228281399	3	11036	17408.619	91	1
9_MACS_peak_4973_lociStitched	chr12	7052276	7080789	9	16566	17253.2163	92	1
12_MACS_peak_20318_lociStitched	chr6	25359249	25390558	12	19041	17219.95	93	1
7_MACS_peak_8399_lociStitched	chr15	93368861	93396935	7	10802	17161.6362	94	1
6_MACS_peak_8420_lociStitched	chr15	94772266	94791507	6	13315	17089.8562	95	1
7_MACS_peak_15374_lociStitched	chr22	29183432	29199123	7	11533	17070.2389	96	1
3_MACS_peak_1449_lociStitched	chr1	154908336	154918043	3	7977	16981.4258	97	1
6_MACS_peak_4800_lociStitched	chr11	122926271	122943573	6	11804	16973.262	98	1
5_MACS_peak_5306_lociStitched	chr12	48195465	48214613	5	17011	16859.814	99	1
5_MACS_peak_11043_lociStitched	chr19	1239898	1254052	5	10250	16847.5062	100	1
1_MACS_peak_2257_lociStitched	chr1	207993111	208000556	1	7446	16832.4005	101	1
10_MACS_peak_19610_lociStitched	chr5	139027466	139055603	10	21094	16811.8575	102	1
2_MACS_peak_11022_lociStitched	chr19	1016563	1029628	2	9499	16761.0885	103	1
7_MACS_peak_1597_lociStitched	chr1	160607469	160636155	7	18451	16712.4636	104	1
2_MACS_peak_17171_lociStitched	chr3	151910874	151923682	2	11498	16563.3056	105	1
6_MACS_peak_1871_lociStitched	chr1	179048956	179065798	6	11148	16380.5292	106	1
16_MACS_peak_10286_lociStitched	chr17	62151150	62185736	16	19932	16362.6366	107	1
6_MACS_peak_20016_lociStitched	chr6	389183	411338	6	18739	16204.167	108	1
12_MACS_peak_22087_lociStitched	chr7	55614266	55641152	12	16413	16174.6176	109	1
4_MACS_peak_16334_lociStitched	chr3	50637577	50655516	4	13509	15981.8551	110	1
5_MACS_peak_1969_lociStitched	chr1	186373232	186394648	5	11282	15894.9552	111	1
9_MACS_peak_11718_lociStitched	chr19	23940337	23960987	9	15275	15840.615	112	1
5_MACS_peak_24838_lociStitched	chr9	130532133	130550167	5	11040	15770.733	113	1
5_MACS_peak_19190_lociStitched	chr5	88168434	88186611	5	17040	15768.5475	114	1
6_MACS_peak_7985_lociStitched	chr15	67371788	67395173	6	14511	15766.167	115	1
4_MACS_peak_20202_lociStitched	chr6	15244860	15258662	4	11442	15717.7176	116	1
2_MACS_peak_11682_lociStitched	chr19	19770987	19780421	2	6232	15679.308	117	1
7_MACS_peak_23664_lociStitched	chr8	124036641	124055246	7	15154	15639.363	118	1
1_MACS_peak_19218_lociStitched	chr5	90673987	90680915	1	6929	15602.5488	119	1
11_MACS_peak_24916_lociStitched	chr9	134127511	134153604	11	17444	15595.7861	120	1
1_MACS_peak_11067_lociStitched	chr19	1646692	1653779	1	7088	15588.5652	121	1
2_MACS_peak_4048_lociStitched	chr11	58340715	58348044	2	6791	15588.0501	122	1
14_MACS_peak_17346_lociStitched	chr3	171888205	171914759	14	17885	15510.1914	123	1
6_MACS_peak_1676_lociStitched	chr1	162530270	162549178	6	12483	15489.4336	124	1
7_MACS_peak_1831_lociStitched	chr1	175141944	175163001	7	15875	15434.781	125	1
5_MACS_peak_8224_lociStitched	chr15	80348372	80365582	5	11256	15318.621	126	1
7_MACS_peak_14997_lociStitched	chr21	34601451	34620438	7	14046	15200.9922	127	1
4_MACS_peak_10487_lociStitched	chr17	75135739	75151330	4	14593	15180.9567	128	1
1_MACS_peak_11607_lociStitched	chr19	18388967	18393993	1	5027	15173.494	129	1
5_MACS_peak_24845_lociStitched	chr9	130661164	130681035	5	11434	15153.6246	130	1
4_MACS_peak_1572_lociStitched	chr1	159035541	159048077	4	11022	15070.7792	131	1
5_MACS_peak_1550_lociStitched	chr1	157475052	157496325	5	12242	15052.7748	132	1
3_MACS_peak_19679_lociStitched	chr5	142771665	142785644	3	12585	15028.8229	133	1
5_MACS_peak_16902_lociStitched	chr3	122279676	122297565	5	9328	15021.3933	134	1
6_MACS_peak_20348_lociStitched	chr6	26122210	26141835	6	14096	14979.7625	135	1
1_MACS_peak_22450_lociStitched	chr7	104649652	104657888	1	8237	14974.6952	136	1
1_MACS_peak_11548_lociStitched	chr19	16691845	16700750	1	8906	14973.7575	137	1
10_MACS_peak_20507_lociStitched	chr6	31779788	31806176	10	13164	14885.4708	138	1
3_MACS_peak_1537_lociStitched	chr1	156709664	156722529	3	11196	14874.513	139	1
3_MACS_peak_11521_lociStitched	chr19	16221875	16232830	3	10589	14822.115	140	1
4_MACS_peak_20653_lociStitched	chr6	36714747	36727138	4	10741	14673.4222	141	1
5_MACS_peak_8291_lociStitched	chr15	85290298	85307169	5	11042	14586.6666	142	1
3_MACS_peak_2058_lociStitched	chr1	197738174	197752218	3	9087	14541.1576	143	1
1_MACS_peak_15086_lociStitched	chr21	38737826	38743860	1	6035	14518.4074	144	1
4_MACS_peak_15299_lociStitched	chr22	23270079	23285749	4	14383	14474.379	145	1
3_MACS_peak_22715_lociStitched	chr7	139462436	139478430	3	12780	14458.576	146	1
4_MACS_peak_17234_lociStitched	chr3	156869377	156879404	4	8781	14444.8962	147	1
3_MACS_peak_1932_lociStitched	chr1	183438755	183451333	3	7881	14439.544	148	1
1_MACS_peak_4209_lociStitched	chr11	65335980	65345471	1	9492	14432.0146	149	1
2_MACS_peak_24160_lociStitched	chr9	33288650	33299883	2	8502	14395.0895	150	1
1_MACS_peak_12987_lociStitched	chr2	70310487	70317712	1	7226	14260.705	151	1
3_MACS_peak_24797_lociStitched	chr9	127630395	127643787	3	9553	14253.1056	152	1
2_MACS_peak_4753_lociStitched	chr11	118655643	118664350	2	6190	14249.0055	153	1
4_MACS_peak_11126_lociStitched	chr19	2617991	2632286	4	9739	14246.397	154	1
12_MACS_peak_11621_lociStitched	chr19	18594449	18621058	12	19124	14243.7977	155	1
2_MACS_peak_24418_lociStitched	chr9	86316707	86324123	2	5002	14228.3376	156	1
4_MACS_peak_11441_lociStitched	chr19	13043291	13057995	4	10762	14132.0144	157	1
2_MACS_peak_23957_lociStitched	chr9	3522034	3529169	2	5971	14080.209	158	1
7_MACS_peak_2919_lociStitched	chr10	43889224	43905586	7	11116	14056.5942	159	1
6_MACS_peak_8145_lociStitched	chr15	75491291	75512030	6	13152	14025.7857	160	1
5_MACS_peak_1406_lociStitched	chr1	153929745	153950995	5	9358	13991	161	1
5_MACS_peak_2234_lociStitched	chr1	206852211	206867631	5	11305	13879.542	162	1
7_MACS_peak_23496_lociStitched	chr8	98655027	98673065	7	13658	13871.222	163	1
1_MACS_peak_8352_lociStitched	chr15	90637101	90646489	1	9389	13778.7676	164	1
2_MACS_peak_22044_lociStitched	chr7	50343720	50358940	2	14346	13719.308	165	1
1_MACS_peak_20523_lociStitched	chr6	31937575	31941280	1	3706	13676.2665	166	1
1_MACS_peak_11633_lociStitched	chr19	18625425	18633840	1	8416	13674.375	167	1
2_MACS_peak_11419_lociStitched	chr19	12720841	12727850	2	6070	13658.4383	168	1
6_MACS_peak_2376_lociStitched	chr1	223899678	223923059	6	12381	13640.4754	169	1
4_MACS_peak_20534_lociStitched	chr6	32152524	32164751	4	9431	13613.5418	170	1
6_MACS_peak_9588_lociStitched	chr17	8053770	8067268	6	10242	13599.235	171	1
5_MACS_peak_1495_lociStitched	chr1	155936547	155954282	5	13401	13595.651	172	1
3_MACS_peak_20562_lociStitched	chr6	33279767	33292259	3	8638	13592.5452	173	1
3_MACS_peak_11324_lociStitched	chr19	10521926	10535712	3	9317	13590.2388	174	1
3_MACS_peak_20552_lociStitched	chr6	33167237	33176989	3	7268	13564.0568	175	1
1_MACS_peak_20255_lociStitched	chr6	16759051	16764383	1	5333	13519.8192	176	1
3_MACS_peak_2218_lociStitched	chr1	206282364	206294389	3	9902	13504.075	177	1
1_MACS_peak_20166_lociStitched	chr6	12008115	12013908	1	5794	13498.2693	178	1
8_MACS_peak_16007_lociStitched	chr3	31572381	31592278	8	11059	13482.2072	179	1
3_MACS_peak_20290_lociStitched	chr6	24717553	24724811	3	5467	13438.9128	180	1
3_MACS_peak_1626_lociStitched	chr1	161008034	161017741	3	8123	13419.9275	181	1
1_MACS_peak_17259_lociStitched	chr3	160116296	160123650	1	7355	13412.9606	182	1
1_MACS_peak_20738_lociStitched	chr6	42748859	42752893	1	4035	13367.4658	183	1
4_MACS_peak_20812_lociStitched	chr6	52355632	52369534	4	9476	13320.8964	184	1
2_MACS_peak_11002_lociStitched	chr19	657881	664117	2	6181	13304.506	185	1
2_MACS_peak_2595_lociStitched	chr1	245020796	245029089	2	8147	13284.5567	186	1
3_MACS_peak_11335_lociStitched	chr19	10763148	10770925	3	5910	13277.6721	187	1
2_MACS_peak_16814_lociStitched	chr3	114856109	114867717	2	9036	13254.0144	188	1
3_MACS_peak_2185_lociStitched	chr1	204672061	204685340	3	10863	13229.8677	189	1
6_MACS_peak_9632_lociStitched	chr17	16865394	16885500	6	16396	13205.6208	190	1
2_MACS_peak_10679_lociStitched	chr18	9135477	9144835	2	8519	13175.1282	191	1
3_MACS_peak_1233_lociStitched	chr1	144921600	144935918	3	13355	13155.3784	192	1
7_MACS_peak_8854_lociStitched	chr16	22195312	22219407	7	10416	13148.6415	193	1
3_MACS_peak_11370_lociStitched	chr19	11195950	11207675	3	8493	13137.8625	194	1
2_MACS_peak_1426_lociStitched	chr1	154297038	154307761	2	7152	13126.0243	195	1
2_MACS_peak_24568_lociStitched	chr9	100389404	100397019	2	5536	13119.122	196	1
3_MACS_peak_7041_lociStitched	chr14	69255841	69263596	3	6068	13094.3175	197	1
2_MACS_peak_23721_lociStitched	chr8	126441197	126450925	2	9142	13089.024	198	1
2_MACS_peak_24364_lociStitched	chr9	73026781	73036037	2	6323	13084.2816	199	1
4_MACS_peak_16111_lociStitched	chr3	39187215	39195680	4	7437	13043.7185	200	1
3_MACS_peak_17626_lociStitched	chr3	195263925	195277781	3	9524	13028.7968	201	1
10_MACS_peak_16876_lociStitched	chr3	121546778	121573638	10	14128	13013.67	202	1
3_MACS_peak_20456_lociStitched	chr6	30579277	30586838	3	6131	13002.6517	203	1
7_MACS_peak_16525_lociStitched	chr3	69128546	69146356	7	13118	12988.833	204	1
8_MACS_peak_15575_lociStitched	chr22	39904253	39928908	8	10927	12988.254	205	1
3_MACS_peak_9808_lociStitched	chr17	29635011	29649187	3	12746	12956.864	206	1
7_MACS_peak_12883_lociStitched	chr2	64437869	64456390	7	11868	12955.4395	207	1
4_MACS_peak_16972_lociStitched	chr3	128995109	129006561	4	8269	12937.3244	208	1
5_MACS_peak_12705_lociStitched	chr2	46783608	46803740	5	15338	12928.7704	209	1
2_MACS_peak_11139_lociStitched	chr19	2693396	2702874	2	9402	12918.514	210	1
2_MACS_peak_21146_lociStitched	chr6	108878399	108888206	2	9446	12889.3401	211	1
4_MACS_peak_20498_lociStitched	chr6	31694540	31708784	4	10823	12808.2048	212	1
6_MACS_peak_3047_lociStitched	chr10	63801407	63814871	6	10765	12790.8	213	1
2_MACS_peak_24320_lociStitched	chr9	70486899	70497934	2	8763	12753.1495	214	1
1_MACS_peak_11520_lociStitched	chr19	16186189	16191538	1	5350	12672.3159	215	1
1_MACS_peak_17025_lociStitched	chr3	133290771	133298403	1	7633	12645.4608	216	1
8_MACS_peak_8019_lociStitched	chr15	68390081	68409676	8	14276	12642.694	217	1
9_MACS_peak_11728_lociStitched	chr19	23971913	23994380	9	11765	12590.5068	218	1
8_MACS_peak_23708_lociStitched	chr8	126285790	126308022	8	12232	12558.8568	219	1
4_MACS_peak_14927_lociStitched	chr21	19152419	19168201	4	12930	12519.8606	220	1
2_MACS_peak_8396_lociStitched	chr15	93346520	93355310	2	6370	12498.501	221	1
4_MACS_peak_8721_lociStitched	chr16	11821521	11837787	4	15901	12427.224	222	1
5_MACS_peak_23468_lociStitched	chr8	95947974	95963857	5	12342	12404.623	223	1
7_MACS_peak_17568_lociStitched	chr3	186777278	186794844	7	10561	12396.3262	224	1
8_MACS_peak_2150_lociStitched	chr1	203731461	203747836	8	13904	12369.675	225	1
2_MACS_peak_7980_lociStitched	chr15	66789049	66798252	2	8314	12367.9117	226	1
5_MACS_peak_11357_lociStitched	chr19	10978343	10990812	5	9157	12298.1747	227	1
4_MACS_peak_7917_lociStitched	chr15	64381010	64390892	4	9392	12277.3968	228	1
1_MACS_peak_24597_lociStitched	chr9	101982782	101987103	1	4322	12267.7511	229	1
1_MACS_peak_4556_lociStitched	chr11	95521777	95524928	1	3152	12240.0595	230	1
3_MACS_peak_17895_lociStitched	chr4	38664496	38678296	3	12974	12213	231	1
7_MACS_peak_3557_lociStitched	chr10	125819575	125840255	7	14644	12194.996	232	1
2_MACS_peak_11054_lociStitched	chr19	1406543	1416513	2	9426	12159.412	233	1
4_MACS_peak_19348_lociStitched	chr5	109024306	109041007	4	12114	12144.9672	234	1
1_MACS_peak_20965_lociStitched	chr6	79779750	79789599	1	9850	12083.7381	235	1
4_MACS_peak_13744_lociStitched	chr2	182168588	182179681	4	10748	12069.184	236	1
4_MACS_peak_17309_lociStitched	chr3	171753785	171765212	4	9032	12063.4839	237	1
7_MACS_peak_306_lociStitched	chr1	26436833	26452716	7	10059	12032.9608	238	1
2_MACS_peak_5895_lociStitched	chr12	109020280	109031415	2	11095	12012.438	239	1
4_MACS_peak_20086_lociStitched	chr6	7136094	7148101	4	10263	12011.8028	240	1
1_MACS_peak_8050_lociStitched	chr15	69108790	69114568	1	5779	12004.9506	241	1
3_MACS_peak_20545_lociStitched	chr6	32805199	32814450	3	6751	11999.4721	242	1
2_MACS_peak_1861_lociStitched	chr1	178541741	178552193	2	8685	11997.8508	243	1
4_MACS_peak_8211_lociStitched	chr15	79164709	79171848	4	5831	11991.3783	244	1
3_MACS_peak_16425_lociStitched	chr3	53915246	53926851	3	6282	11979.8415	245	1
6_MACS_peak_9113_lociStitched	chr16	56964132	56976459	6	9169	11973.2151	246	1
1_MACS_peak_1326_lociStitched	chr1	150581081	150587117	1	6037	11951.28	247	1
2_MACS_peak_3636_lociStitched	chr11	502478	507839	2	4865	11926.0806	248	1
3_MACS_peak_11509_lociStitched	chr19	15434118	15445432	3	5842	11919.299	249	1
5_MACS_peak_7921_lociStitched	chr15	64444484	64459547	5	12900	11913.3267	250	1
3_MACS_peak_5612_lociStitched	chr12	72078056	72089289	3	10442	11906.98	251	1
2_MACS_peak_6416_lociStitched	chr13	49549128	49556988	2	7835	11906.328	252	1
1_MACS_peak_1569_lociStitched	chr1	158978514	158986270	1	7757	11889.948	253	1
3_MACS_peak_20342_lociStitched	chr6	26020561	26034312	3	7331	11854.7371	254	1
4_MACS_peak_12095_lociStitched	chr19	48823828	48837702	4	8772	11847.0086	255	1
2_MACS_peak_8466_lociStitched	chr15	100104395	100111997	2	5795	11830.9926	256	1
2_MACS_peak_10029_lociStitched	chr17	43298382	43308297	2	9895	11827.6035	257	1
5_MACS_peak_2651_lociStitched	chr10	5929981	5947376	5	11502	11783.373	258	1
1_MACS_peak_18432_lociStitched	chr4	144273405	144285222	1	11818	11734.281	259	1
1_MACS_peak_15955_lociStitched	chr3	23846913	23854878	1	7966	11701.3815	260	1
2_MACS_peak_24579_lociStitched	chr9	100743703	100750981	2	6215	11695.0182	261	1
3_MACS_peak_17162_lociStitched	chr3	150315707	150327756	3	11190	11689.9398	262	1
3_MACS_peak_2758_lociStitched	chr10	15826394	15841516	3	11439	11689.306	263	1
2_MACS_peak_23991_lociStitched	chr9	5624377	5633716	2	9230	11682.1551	264	1
8_MACS_peak_17313_lociStitched	chr3	171771599	171793368	8	13369	11681.2454	265	1
3_MACS_peak_1884_lociStitched	chr1	179845472	179853512	3	5705	11630.664	266	1
4_MACS_peak_9468_lociStitched	chr17	2294921	2305948	4	8065	11623.5607	267	1
4_MACS_peak_12768_lociStitched	chr2	54784231	54801551	4	11237	11590.544	268	1
5_MACS_peak_14149_lociStitched	chr2	232570588	232579427	5	7896	11570.251	269	1
2_MACS_peak_11012_lociStitched	chr19	919519	928536	2	6337	11531.8413	270	1
2_MACS_peak_14660_lociStitched	chr20	45976543	45989619	2	11222	11530.4168	271	1
3_MACS_peak_21610_lociStitched	chr6	159453903	159466721	3	9473	11516.973	272	1
10_MACS_peak_2819_lociStitched	chr10	24737102	24756692	10	13202	11485.617	273	1
8_MACS_peak_17473_lociStitched	chr3	183241756	183262993	8	12229	11484.9696	274	1
3_MACS_peak_13552_lociStitched	chr2	158292422	158302065	3	8757	11462.6341	275	1
2_MACS_peak_24325_lociStitched	chr9	70849108	70859458	2	7230	11449.17	276	1
7_MACS_peak_16369_lociStitched	chr3	52296037	52313434	7	9959	11426.3496	277	1
4_MACS_peak_22621_lociStitched	chr7	130785012	130796315	4	8498	11419.4209	278	1
4_MACS_peak_8481_lociStitched	chr15	101458327	101473476	4	11784	11419.3162	279	1
3_MACS_peak_2268_lociStitched	chr1	209272513	209286123	3	10977	11409.263	280	1
1_MACS_peak_2600_lociStitched	chr1	245132629	245135791	1	3163	11406.2826	281	1
5_MACS_peak_2170_lociStitched	chr1	204481780	204495276	5	7782	11394.6728	282	1
3_MACS_peak_20573_lociStitched	chr6	33538045	33548512	3	6751	11382.8625	283	1
1_MACS_peak_18227_lociStitched	chr4	103745303	103750441	1	5139	11358.0628	284	1
7_MACS_peak_18819_lociStitched	chr5	32581423	32597773	7	8928	11322.375	285	1
2_MACS_peak_4718_lociStitched	chr11	115090209	115095741	2	5453	11316.2592	286	1
1_MACS_peak_7854_lociStitched	chr15	59977620	59982751	1	5132	11304.6192	287	1
4_MACS_peak_24526_lociStitched	chr9	96927710	96936208	4	6004	11281.9448	288	1
4_MACS_peak_1419_lociStitched	chr1	154187532	154197320	4	6127	11277.7336	289	1
5_MACS_peak_15181_lociStitched	chr21	45552807	45566314	5	8372	11275.6436	290	1
1_MACS_peak_22604_lociStitched	chr7	129588294	129592945	1	4652	11266.5824	291	1
4_MACS_peak_19876_lociStitched	chr5	173160342	173174251	4	9302	11252.381	292	1
5_MACS_peak_9554_lociStitched	chr17	7209924	7219363	5	5980	11246.5685	293	1
2_MACS_peak_22374_lociStitched	chr7	100025851	100034698	2	5012	11245.4217	294	1
6_MACS_peak_8323_lociStitched	chr15	89644117	89662519	6	10459	11214.1788	295	1
4_MACS_peak_17034_lociStitched	chr3	135906487	135917170	4	8255	11204.3304	296	1
4_MACS_peak_17531_lociStitched	chr3	185645665	185656421	4	9187	11181.9376	297	1
1_MACS_peak_12070_lociStitched	chr19	47612554	47617780	1	5227	11148.6258	298	1
2_MACS_peak_20358_lociStitched	chr6	26194549	26206727	2	8823	11134.3454	299	1
2_MACS_peak_14732_lociStitched	chr20	49126209	49137961	2	11705	11123.268	300	1
4_MACS_peak_10458_lociStitched	chr17	74258703	74269293	4	9431	11099.379	301	1
2_MACS_peak_4278_lociStitched	chr11	66880156	66890088	2	6531	11097.0236	302	1
5_MACS_peak_2070_lociStitched	chr1	198888019	198907099	5	11421	11077.848	303	1
3_MACS_peak_10693_lociStitched	chr18	10947166	10958189	3	7665	11056.069	304	1
5_MACS_peak_11968_lociStitched	chr19	42617461	42637920	5	12847	11041.7223	305	1
5_MACS_peak_20940_lociStitched	chr6	74224540	74234027	5	7048	11040.0219	306	1
3_MACS_peak_1454_lociStitched	chr1	154941810	154949406	3	6983	11039.2668	307	1
3_MACS_peak_1436_lociStitched	chr1	154573036	154582292	3	6738	11021.1192	308	1
4_MACS_peak_8357_lociStitched	chr15	90726576	90737227	4	8477	10999.2877	309	1
5_MACS_peak_24707_lociStitched	chr9	117369944	117383566	5	10916	10987.5052	310	1
1_MACS_peak_15903_lociStitched	chr3	15835083	15840215	1	5133	10974.2688	311	1
4_MACS_peak_22443_lociStitched	chr7	104576598	104586824	4	7975	10973.5206	312	1
6_MACS_peak_8234_lociStitched	chr15	81265844	81283067	6	9913	10965.8841	313	1
5_MACS_peak_3878_lociStitched	chr11	26924416	26938544	5	10347	10943.5488	314	1
2_MACS_peak_1995_lociStitched	chr1	190433572	190448759	2	14860	10890.5977	315	1
3_MACS_peak_11169_lociStitched	chr19	3983193	3990424	3	6319	10885.5474	316	1
1_MACS_peak_21378_lociStitched	chr6	136608888	136612490	1	3603	10876.239	317	1
7_MACS_peak_11188_lociStitched	chr19	4389918	4403466	7	8014	10868.2056	318	1
2_MACS_peak_2166_lociStitched	chr1	204375110	204381887	2	6770	10864.8864	319	1
3_MACS_peak_4588_lociStitched	chr11	100779060	100790882	3	10035	10824.2232	320	1
6_MACS_peak_17205_lociStitched	chr3	156264216	156279713	6	11465	10820.0054	321	1
5_MACS_peak_16148_lociStitched	chr3	43327306	43339631	5	6683	10815.1875	322	1
4_MACS_peak_6066_lociStitched	chr12	122237052	122245030	4	7415	10814.179	323	1
4_MACS_peak_4282_lociStitched	chr11	67033735	67046769	4	9519	10810.3996	324	1
3_MACS_peak_24313_lociStitched	chr9	69259401	69270010	3	7630	10801.0229	325	1
5_MACS_peak_4397_lociStitched	chr11	73684109	73695117	5	9700	10786.7392	326	1
5_MACS_peak_3624_lociStitched	chr11	307951	321294	5	8495	10781.144	327	1
2_MACS_peak_17167_lociStitched	chr3	150477308	150484390	2	5604	10775.9712	328	1
1_MACS_peak_13548_lociStitched	chr2	157188279	157192284	1	4006	10775.853	329	1
5_MACS_peak_2223_lociStitched	chr1	206729766	206741565	5	11199	10755.9684	330	1
4_MACS_peak_17389_lociStitched	chr3	176908565	176920052	4	7351	10755.2781	331	1
1_MACS_peak_18082_lociStitched	chr4	78735602	78743660	1	8059	10723.5864	332	1
2_MACS_peak_15937_lociStitched	chr3	20080494	20091474	2	8487	10715.382	333	1
2_MACS_peak_16447_lociStitched	chr3	57577825	57585297	2	7406	10708.8704	334	1
2_MACS_peak_11036_lociStitched	chr19	1130278	1137136	2	5035	10698.48	335	1
1_MACS_peak_15046_lociStitched	chr21	36254267	36262664	1	8398	10687.7016	336	1
1_MACS_peak_5264_lociStitched	chr12	46120043	46127426	1	7384	10679.5095	337	1
3_MACS_peak_5001_lociStitched	chr12	9873869	9886344	3	11152	10671.115	338	1
2_MACS_peak_5120_lociStitched	chr12	25534883	25540640	2	5159	10627.422	339	1
2_MACS_peak_15024_lociStitched	chr21	34912743	34918301	2	5459	10623.5612	340	1
3_MACS_peak_4183_lociStitched	chr11	64897214	64903661	3	5891	10603.3809	341	1
2_MACS_peak_1697_lociStitched	chr1	165704034	165710833	2	6225	10603.0405	342	1
1_MACS_peak_1252_lociStitched	chr1	145434489	145443365	1	8877	10584.63	343	1
1_MACS_peak_7997_lociStitched	chr15	67811884	67816172	1	4289	10580.64	344	1
2_MACS_peak_24087_lociStitched	chr9	21986496	21996389	2	7155	10568.6919	345	1
3_MACS_peak_24775_lociStitched	chr9	126098749	126106642	3	5418	10538.7336	346	1
4_MACS_peak_17282_lociStitched	chr3	169755197	169767842	4	9273	10535.814	347	1
2_MACS_peak_1514_lociStitched	chr1	156182060	156188265	2	2922	10530.5055	348	1
5_MACS_peak_10052_lociStitched	chr17	44215896	44235150	5	12771	10497.2808	349	1
3_MACS_peak_16779_lociStitched	chr3	113461538	113468367	3	6319	10471.5886	350	1
3_MACS_peak_1921_lociStitched	chr1	182991271	183001571	3	10219	10452.44	351	1
3_MACS_peak_22911_lociStitched	chr8	12608136	12617071	3	6942	10441.441	352	1
5_MACS_peak_4501_lociStitched	chr11	82866671	82874435	5	7501	10406.0892	353	1
1_MACS_peak_21032_lociStitched	chr6	89788761	89793560	1	4800	10390.7948	354	1
2_MACS_peak_17455_lociStitched	chr3	182506950	182514155	2	4520	10370.877	355	1
3_MACS_peak_17663_lociStitched	chr3	197454606	197464659	3	6791	10356.6006	356	1
6_MACS_peak_14756_lociStitched	chr20	52195570	52212012	6	9171	10342.018	357	1
1_MACS_peak_15800_lociStitched	chr3	9436781	9441821	1	5041	10305.792	358	1
1_MACS_peak_13549_lociStitched	chr2	157196768	157200289	1	3522	10301.3897	359	1
2_MACS_peak_4161_lociStitched	chr11	64539296	64547600	2	4489	10272.8784	360	1
4_MACS_peak_3387_lociStitched	chr10	104401447	104412604	4	9085	10271.1342	361	1
3_MACS_peak_10440_lociStitched	chr17	73774424	73782754	3	5734	10268.391	362	1
5_MACS_peak_7266_lociStitched	chr14	91871550	91885771	5	12950	10254.7631	363	1
1_MACS_peak_20773_lociStitched	chr6	43737332	43742445	1	5114	10192.2542	364	1
3_MACS_peak_11153_lociStitched	chr19	3176327	3187320	3	6899	10178.4187	365	1
6_MACS_peak_10727_lociStitched	chr18	13370893	13383343	6	10701	10175.385	366	1
3_MACS_peak_19524_lociStitched	chr5	131823773	131834281	3	7490	10172.7948	367	1
5_MACS_peak_327_lociStitched	chr1	27018641	27033330	5	8527	10167.7258	368	1
3_MACS_peak_9398_lociStitched	chr16	89550918	89558211	3	5492	10154.7732	369	1
5_MACS_peak_22791_lociStitched	chr7	150064304	150083827	5	8522	10114.8663	370	1
4_MACS_peak_20177_lociStitched	chr6	13298765	13308396	4	8660	10097.1404	371	1
4_MACS_peak_16966_lociStitched	chr3	128896992	128908217	4	8362	10092.3975	372	1
6_MACS_peak_4850_lociStitched	chr11	128562442	128578320	6	9867	10088.8812	373	1
1_MACS_peak_238_lociStitched	chr1	22105509	22110660	1	5152	10070.205	374	1
3_MACS_peak_11213_lociStitched	chr19	5621010	5629481	3	6701	10060.1596	375	1
1_MACS_peak_14655_lociStitched	chr20	45523096	45530959	1	7864	10023.7524	376	1
1_MACS_peak_1826_lociStitched	chr1	174967236	174970511	1	3276	10023.465	377	1
3_MACS_peak_20834_lociStitched	chr6	52430469	52442855	3	9488	10021.5126	378	1
2_MACS_peak_11158_lociStitched	chr19	3499648	3507627	2	4148	9990.5059	379	1
2_MACS_peak_16283_lociStitched	chr3	49055103	49060756	2	5308	9980.9368	380	1
7_MACS_peak_17214_lociStitched	chr3	156391047	156405865	7	11092	9975.4776	381	1
2_MACS_peak_4321_lociStitched	chr11	68032161	68041346	2	7803	9962.9695	382	1
2_MACS_peak_12651_lociStitched	chr2	43445254	43455382	2	10020	9956.8368	383	1
1_MACS_peak_7973_lociStitched	chr15	66082804	66085864	1	3061	9947.754	384	1
5_MACS_peak_16409_lociStitched	chr3	53221183	53233099	5	10407	9947.4768	385	1
1_MACS_peak_10645_lociStitched	chr18	2654249	2658890	1	4642	9941.022	386	1
1_MACS_peak_24372_lociStitched	chr9	74976075	74981290	1	5216	9925.188	387	1
2_MACS_peak_20568_lociStitched	chr6	33377139	33386876	2	5942	9906.4238	388	1
2_MACS_peak_1452_lociStitched	chr1	154925733	154935581	2	6364	9870.6504	389	1
5_MACS_peak_25023_lociStitched	chr9	139979845	139991022	5	6952	9852.5255	390	1
2_MACS_peak_3722_lociStitched	chr11	8703263	8711096	2	5510	9841.3812	391	1
6_MACS_peak_23534_lociStitched	chr8	102209892	102219378	6	7021	9835.0848	392	1
2_MACS_peak_24745_lociStitched	chr9	125025567	125031199	2	4568	9828.9664	393	1
4_MACS_peak_12404_lociStitched	chr2	11886329	11897334	4	8757	9824.1635	394	1
3_MACS_peak_7806_lociStitched	chr15	55693903	55701494	3	6822	9811.3675	395	1
1_MACS_peak_17803_lociStitched	chr4	15002632	15007981	1	5350	9796.6935	396	1
2_MACS_peak_1608_lociStitched	chr1	160673509	160687722	2	10456	9788.4931	397	1
3_MACS_peak_18611_lociStitched	chr4	177239990	177249232	3	7518	9785.4296	398	1
8_MACS_peak_14680_lociStitched	chr20	46386621	46408214	8	11866	9775.1511	399	1
5_MACS_peak_16976_lociStitched	chr3	129023646	129037326	5	8245	9772.992	400	1
9_MACS_peak_13856_lociStitched	chr2	197023231	197041698	9	12000	9770.8897	401	1
1_MACS_peak_20447_lociStitched	chr6	30292862	30295879	1	3018	9766.6324	402	1
4_MACS_peak_15529_lociStitched	chr22	39095961	39106482	4	6014	9734.0292	403	1
2_MACS_peak_20886_lociStitched	chr6	56697564	56709213	2	7832	9710.6064	404	1
5_MACS_peak_23592_lociStitched	chr8	107669379	107683303	5	8490	9710.5976	405	1
1_MACS_peak_7585_lociStitched	chr15	40387034	40392056	1	5023	9677.394	406	1
4_MACS_peak_15010_lociStitched	chr21	34696339	34705733	4	8785	9645.7592	407	1
5_MACS_peak_24620_lociStitched	chr9	108017793	108030565	5	10281	9626.2564	408	1
8_MACS_peak_23403_lociStitched	chr8	81068445	81084440	8	10631	9625.791	409	1
2_MACS_peak_12074_lociStitched	chr19	47728598	47735119	2	6397	9609.9977	410	1
5_MACS_peak_19425_lociStitched	chr5	118668080	118681950	5	13174	9600.814	411	1
3_MACS_peak_15784_lociStitched	chr3	5018527	5029331	3	6126	9595.0324	412	1
3_MACS_peak_18953_lociStitched	chr5	56109350	56119455	3	8719	9582.5715	413	1
5_MACS_peak_13679_lociStitched	chr2	173411015	173423719	5	8302	9572.464	414	1
7_MACS_peak_11656_lociStitched	chr19	19173497	19184057	7	8810	9562.08	415	1
2_MACS_peak_20475_lociStitched	chr6	31164885	31172727	2	4665	9548.4192	416	1
6_MACS_peak_7421_lociStitched	chr14	106037768	106049570	6	8924	9547.818	417	1
4_MACS_peak_4179_lociStitched	chr11	64879202	64890347	4	7554	9528.975	418	1
2_MACS_peak_4085_lociStitched	chr11	62318693	62325579	2	6131	9519.2064	419	1
1_MACS_peak_1428_lociStitched	chr1	154375534	154382953	1	7420	9491.1267	420	1
2_MACS_peak_6437_lociStitched	chr13	50649724	50657376	2	7632	9487.7148	421	1
2_MACS_peak_14809_lociStitched	chr20	57463233	57471139	2	7842	9480.8752	422	1
4_MACS_peak_16588_lociStitched	chr3	89152832	89164318	4	11232	9478.2472	423	1
2_MACS_peak_8107_lociStitched	chr15	74915353	74924405	2	8837	9472.918	424	1
7_MACS_peak_19228_lociStitched	chr5	95143908	95160596	7	10393	9435.3952	425	1
2_MACS_peak_2388_lociStitched	chr1	224617608	224624276	2	6664	9435.22	426	1
1_MACS_peak_1864_lociStitched	chr1	178693718	178698819	1	5102	9411.8551	427	1
5_MACS_peak_8192_lociStitched	chr15	78347656	78362598	5	11209	9410.4716	428	1
12_MACS_peak_13120_lociStitched	chr2	87806895	87822792	12	13367	9403.0755	429	1
6_MACS_peak_23238_lociStitched	chr8	59973171	59988957	6	11550	9384.777	430	1
2_MACS_peak_20495_lociStitched	chr6	31627351	31634778	2	4667	9371.3886	431	1
4_MACS_peak_3619_lociStitched	chr11	266836	275307	4	6362	9369.7731	432	1
2_MACS_peak_20297_lociStitched	chr6	25130561	25140015	2	6991	9365.1324	433	1
3_MACS_peak_15960_lociStitched	chr3	23986157	23993114	3	4720	9360.6435	434	1
2_MACS_peak_17815_lociStitched	chr4	17577233	17582624	2	5375	9356.0805	435	1
4_MACS_peak_2195_lociStitched	chr1	205279745	205291275	4	10575	9347.371	436	1
4_MACS_peak_11132_lociStitched	chr19	2662270	2671133	4	7097	9322.9897	437	1
2_MACS_peak_13721_lociStitched	chr2	178071860	178079228	2	3948	9310.9416	438	1
5_MACS_peak_11241_lociStitched	chr19	6766623	6783204	5	7595	9306.9153	439	1
2_MACS_peak_8610_lociStitched	chr16	2562997	2571087	2	4173	9301.073	440	1
1_MACS_peak_16296_lociStitched	chr3	49446801	49451670	1	4870	9284.6961	441	1
6_MACS_peak_18674_lociStitched	chr4	185558684	185571503	6	9638	9237.3714	442	1
4_MACS_peak_20030_lociStitched	chr6	2218895	2233861	4	7797	9228.0356	443	1
2_MACS_peak_10314_lociStitched	chr17	62500005	62504183	2	4176	9217.0858	444	1
1_MACS_peak_11009_lociStitched	chr19	891091	894025	1	2935	9208.0656	445	1
1_MACS_peak_1458_lociStitched	chr1	154971232	154977551	1	6320	9207.4149	446	1
3_MACS_peak_8478_lociStitched	chr15	101135667	101143858	3	6035	9206.684	447	1
3_MACS_peak_7897_lociStitched	chr15	63891086	63903337	3	5791	9184.5747	448	1
2_MACS_peak_20606_lociStitched	chr6	35264988	35274062	2	9015	9180.1658	449	1
3_MACS_peak_24398_lociStitched	chr9	82182234	82189127	3	6094	9168.3793	450	1
3_MACS_peak_16264_lociStitched	chr3	48506831	48515237	3	5722	9166.743	451	1
2_MACS_peak_17174_lociStitched	chr3	151985630	151993429	2	6706	9162.2652	452	1
1_MACS_peak_23529_lociStitched	chr8	101961939	101966263	1	4325	9143.5304	453	1
6_MACS_peak_22238_lociStitched	chr7	81416916	81433347	6	11170	9132.3498	454	1
2_MACS_peak_8270_lociStitched	chr15	83474249	83480712	2	5087	9128.9875	455	1
2_MACS_peak_23900_lociStitched	chr9	176323	186791	2	7523	9124.9556	456	1
6_MACS_peak_13938_lociStitched	chr2	202084061	202101299	6	11556	9122.3496	457	1
2_MACS_peak_1725_lociStitched	chr1	167188795	167192680	2	3869	9119.649	458	1
3_MACS_peak_12702_lociStitched	chr2	46768597	46778518	3	8669	9116.4069	459	1
4_MACS_peak_9517_lociStitched	chr17	4842766	4854016	4	7362	9102.375	460	1
3_MACS_peak_10722_lociStitched	chr18	13217041	13227635	3	9371	9091.7708	461	1
3_MACS_peak_9550_lociStitched	chr17	7137030	7147050	3	7780	9084.132	462	1
2_MACS_peak_17922_lociStitched	chr4	40055861	40060430	2	4570	9074.4909	463	1
1_MACS_peak_11081_lociStitched	chr19	1939985	1943561	1	3577	9066.2328	464	1
3_MACS_peak_12006_lociStitched	chr19	45250728	45259912	3	6364	9054.5056	465	1
5_MACS_peak_11811_lociStitched	chr19	36231005	36240014	5	5567	9050.4414	466	1
6_MACS_peak_10520_lociStitched	chr17	76710942	76726427	6	11301	9027.755	467	1
7_MACS_peak_19439_lociStitched	chr5	122847205	122864000	7	8106	9027.3125	468	1
1_MACS_peak_17483_lociStitched	chr3	183352572	183355594	1	3023	9018.8568	469	1
3_MACS_peak_7690_lociStitched	chr15	44954423	44963866	3	5984	9007.6777	470	1
2_MACS_peak_229_lociStitched	chr1	21615158	21623625	2	7940	9002.9611	471	1
5_MACS_peak_22697_lociStitched	chr7	138779215	138795388	5	10379	8997.0399	472	1
2_MACS_peak_17159_lociStitched	chr3	150260615	150265778	2	4078	8996.0112	473	1
2_MACS_peak_18971_lociStitched	chr5	56468115	56475385	2	6604	8992.99	474	1
6_MACS_peak_559_lociStitched	chr1	40847032	40863147	6	8050	8984.1125	475	1
1_MACS_peak_25001_lociStitched	chr9	139375900	139379033	1	3134	8982.6243	476	1
1_MACS_peak_7716_lociStitched	chr15	45878490	45881285	1	2796	8981.453	477	1
4_MACS_peak_11642_lociStitched	chr19	18942616	18951598	4	8592	8965.8324	478	1
2_MACS_peak_16087_lociStitched	chr3	37030559	37036330	2	4370	8965.2485	479	1
3_MACS_peak_4068_lociStitched	chr11	60672443	60683763	3	7538	8957.516	480	1
2_MACS_peak_11877_lociStitched	chr19	39338976	39343523	2	4518	8956.2259	481	1
1_MACS_peak_1765_lociStitched	chr1	169861815	169864236	1	2422	8947.5318	482	1
1_MACS_peak_2107_lociStitched	chr1	201704669	201710411	1	5743	8946.036	483	1
1_MACS_peak_17107_lociStitched	chr3	142163852	142167644	1	3793	8944.5696	484	1
2_MACS_peak_2413_lociStitched	chr1	226184177	226190858	2	6024	8934.5013	485	1
2_MACS_peak_20270_lociStitched	chr6	20401954	20412159	2	8094	8934.4775	486	1
1_MACS_peak_1754_lociStitched	chr1	167903556	167907651	1	4096	8922.5955	487	1
2_MACS_peak_14945_lociStitched	chr21	27105893	27112513	2	5157	8910.52	488	1
3_MACS_peak_13383_lociStitched	chr2	114187865	114198173	3	6178	8910.2352	489	1
2_MACS_peak_14134_lociStitched	chr2	231729497	231740160	2	10121	8903.605	490	1
1_MACS_peak_15526_lociStitched	chr22	38899205	38903337	1	4133	8887.932	491	1
7_MACS_peak_2698_lociStitched	chr10	11640463	11657448	7	9235	8859.376	492	1
6_MACS_peak_5372_lociStitched	chr12	51312284	51327538	6	11346	8847.32	493	1
2_MACS_peak_15963_lociStitched	chr3	25701071	25707696	2	6075	8845.0375	494	1
3_MACS_peak_18667_lociStitched	chr4	185391315	185398033	3	6566	8830.811	495	1
3_MACS_peak_10635_lociStitched	chr18	803369	813484	3	6637	8829.3835	496	1
7_MACS_peak_17924_lociStitched	chr4	40191602	40208288	7	9988	8828.5626	497	1
2_MACS_peak_14529_lociStitched	chr20	34328486	34332499	2	3890	8826.9948	498	1
3_MACS_peak_20462_lociStitched	chr6	30649373	30658905	3	8086	8823.7724	499	1
4_MACS_peak_14931_lociStitched	chr21	19184067	19193803	4	8281	8818.8688	500	1
9_MACS_peak_14517_lociStitched	chr20	34188969	34207639	9	7810	8815.974	501	1
3_MACS_peak_13705_lociStitched	chr2	175455829	175463169	3	7080	8813.872	502	1
5_MACS_peak_10302_lociStitched	chr17	62195635	62209779	5	8842	8773.5232	503	1
1_MACS_peak_10819_lociStitched	chr18	29671191	29674016	1	2826	8768.235	504	1
3_MACS_peak_22481_lociStitched	chr7	106807622	106813244	3	3823	8759.6382	505	1
4_MACS_peak_19983_lociStitched	chr5	180227810	180238857	4	8810	8759.1663	506	1
6_MACS_peak_4378_lociStitched	chr11	72845442	72856099	6	8427	8746.1999	507	1
2_MACS_peak_10060_lociStitched	chr17	44264099	44272596	2	5481	8736.6154	508	1
2_MACS_peak_18510_lociStitched	chr4	153452111	153460100	2	7771	8727.9825	509	1
2_MACS_peak_3039_lociStitched	chr10	63656893	63665191	2	7556	8724.5172	510	1
1_MACS_peak_21452_lociStitched	chr6	143264192	143269537	1	5346	8720.902	511	1
1_MACS_peak_17158_lociStitched	chr3	150124956	150129466	1	4511	8719.183	512	1
1_MACS_peak_20695_lociStitched	chr6	41038852	41042956	1	4105	8718.1272	513	1
1_MACS_peak_20548_lociStitched	chr6	32819173	32823300	1	4128	8706.3192	514	1
2_MACS_peak_11010_lociStitched	chr19	908210	914001	2	4327	8705.6103	515	1
4_MACS_peak_17542_lociStitched	chr3	186500257	186507046	4	5970	8699.4246	516	1
1_MACS_peak_1213_lociStitched	chr1	143742212	143745895	1	3684	8681.9359	517	1
1_MACS_peak_20409_lociStitched	chr6	27803931	27807826	1	3896	8680.7865	518	1
3_MACS_peak_22977_lociStitched	chr8	22297548	22305839	3	7318	8679.8479	519	1
1_MACS_peak_24423_lociStitched	chr9	86592534	86596685	1	4152	8656.4954	520	1
2_MACS_peak_5148_lociStitched	chr12	27088880	27096694	2	7682	8651.6608	521	1
5_MACS_peak_13429_lociStitched	chr2	127413542	127424925	5	10602	8635.1438	522	1
1_MACS_peak_7623_lociStitched	chr15	41406895	41409538	1	2644	8628.3378	523	1
5_MACS_peak_4743_lociStitched	chr11	118268980	118282467	5	8579	8620.8904	524	1
2_MACS_peak_2420_lociStitched	chr1	226308920	226317142	2	5240	8610.0784	525	1
2_MACS_peak_6988_lociStitched	chr14	64967855	64974508	2	5066	8608.3167	526	1
3_MACS_peak_7685_lociStitched	chr15	44828092	44838869	3	4818	8602.2014	527	1
2_MACS_peak_45_lociStitched	chr1	1706838	1714080	2	6472	8598.4266	528	1
4_MACS_peak_21619_lociStitched	chr6	160389440	160405214	4	7863	8598.4074	529	1
2_MACS_peak_15130_lociStitched	chr21	44580683	44587736	2	6963	8583.501	530	1
2_MACS_peak_2666_lociStitched	chr10	6793854	6805872	2	8279	8583.2556	531	1
1_MACS_peak_2146_lociStitched	chr1	203706444	203714301	1	7858	8572.7727	532	1
1_MACS_peak_16852_lociStitched	chr3	119811856	119815527	1	3672	8562.6075	533	1
3_MACS_peak_8041_lociStitched	chr15	68569157	68575842	3	6165	8559.474	534	1
5_MACS_peak_16341_lociStitched	chr3	51421421	51430014	5	7851	8550.035	535	1
2_MACS_peak_15128_lociStitched	chr21	44524300	44530542	2	6207	8545.298	536	1
2_MACS_peak_17276_lociStitched	chr3	169487303	169492408	2	3646	8519.224	537	1
8_MACS_peak_7183_lociStitched	chr14	81936280	81955711	8	10265	8518.5504	538	1
6_MACS_peak_6639_lociStitched	chr13	114552868	114567559	6	9274	8516.3727	539	1
4_MACS_peak_967_lociStitched	chr1	93416446	93428633	4	7222	8516.2756	540	1
1_MACS_peak_13917_lociStitched	chr2	201725935	201730125	1	4191	8511.985	541	1
2_MACS_peak_6569_lociStitched	chr13	97873885	97879855	2	5889	8506.056	542	1
2_MACS_peak_3379_lociStitched	chr10	104153332	104159510	2	3657	8486.7186	543	1
9_MACS_peak_24142_lociStitched	chr9	33128967	33146529	9	10989	8485.9584	544	1
2_MACS_peak_4111_lociStitched	chr11	62597752	62601553	2	3787	8478.5106	545	1
2_MACS_peak_12547_lociStitched	chr2	30368529	30373847	2	5096	8466.256	546	1
1_MACS_peak_16705_lociStitched	chr3	107937229	107943722	1	6494	8464.2748	547	1
3_MACS_peak_16845_lociStitched	chr3	119178677	119188500	3	5461	8454.6561	548	1
2_MACS_peak_14915_lociStitched	chr21	17566134	17572883	2	6115	8449.0731	549	1
3_MACS_peak_12237_lociStitched	chr19	55762391	55771673	3	8606	8448.4764	550	1
5_MACS_peak_19255_lociStitched	chr5	95290714	95298470	5	7100	8426.1184	551	1
2_MACS_peak_3737_lociStitched	chr11	9480444	9484096	2	3640	8422.6076	552	1
1_MACS_peak_5008_lociStitched	chr12	10017806	10023396	1	5591	8419.099	553	1
1_MACS_peak_17633_lociStitched	chr3	195632382	195637102	1	4721	8415.76	554	1
2_MACS_peak_24874_lociStitched	chr9	131445588	131453490	2	6917	8414.0496	555	1
5_MACS_peak_15319_lociStitched	chr22	24177261	24190984	5	7816	8399.8483	556	1
5_MACS_peak_16599_lociStitched	chr3	96531290	96545499	5	12538	8398.9399	557	1
3_MACS_peak_24617_lociStitched	chr9	108004690	108011505	3	6157	8389.265	558	1
5_MACS_peak_10799_lociStitched	chr18	24028265	24043376	5	7841	8380.5606	559	1
3_MACS_peak_24930_lociStitched	chr9	134268444	134278692	3	6551	8376.7152	560	1
4_MACS_peak_15485_lociStitched	chr22	37614409	37628277	4	8762	8376.272	561	1
2_MACS_peak_6463_lociStitched	chr13	53022928	53030734	2	5238	8373.4962	562	1
4_MACS_peak_6789_lociStitched	chr14	32667230	32676218	4	5977	8361.5364	563	1
1_MACS_peak_19578_lociStitched	chr5	137877407	137880617	1	3211	8357.877	564	1
2_MACS_peak_4199_lociStitched	chr11	65238565	65245881	2	4595	8349.0192	565	1
3_MACS_peak_10642_lociStitched	chr18	2635044	2642974	3	6800	8347.118	566	1
2_MACS_peak_11421_lociStitched	chr19	12775681	12781259	2	4840	8340.2256	567	1
3_MACS_peak_10749_lociStitched	chr18	14207504	14218591	3	9394	8337.424	568	1
5_MACS_peak_16670_lociStitched	chr3	101509735	101522098	5	8487	8327.7168	569	1
3_MACS_peak_19052_lociStitched	chr5	68663844	68672562	3	6987	8319.5874	570	1
1_MACS_peak_3929_lociStitched	chr11	34072371	34075824	1	3454	8315.1693	571	1
2_MACS_peak_5055_lociStitched	chr12	14920261	14928078	2	6532	8314.1612	572	1
4_MACS_peak_8181_lociStitched	chr15	77351584	77363881	4	7009	8310.3126	573	1
1_MACS_peak_1584_lociStitched	chr1	160230190	160233566	1	3377	8310.024	574	1
4_MACS_peak_25415_lociStitched	chrX	106953814	106962076	4	7454	8307.441	575	1
1_MACS_peak_17048_lociStitched	chr3	136468725	136472710	1	3986	8306.7325	576	1
3_MACS_peak_19607_lociStitched	chr5	139013177	139019947	3	6456	8304.759	577	1
3_MACS_peak_14889_lociStitched	chr21	15313522	15323569	3	9502	8294.8032	578	1
2_MACS_peak_18332_lociStitched	chr4	121987052	121994588	2	7506	8281.3104	579	1
5_MACS_peak_11015_lociStitched	chr19	946791	955464	5	6775	8280.1131	580	1
4_MACS_peak_7856_lociStitched	chr15	60680910	60691123	4	6220	8279.6791	581	1
3_MACS_peak_15175_lociStitched	chr21	45431281	45442059	3	6441	8274.2706	582	1
2_MACS_peak_10995_lociStitched	chr19	506198	511952	2	3747	8274.252	583	1
1_MACS_peak_7761_lociStitched	chr15	52470586	52473316	1	2731	8255.52	584	1
2_MACS_peak_8381_lociStitched	chr15	91472439	91479281	2	5144	8252.1362	585	1
1_MACS_peak_11580_lociStitched	chr19	17514534	17518984	1	4451	8226.715	586	1
4_MACS_peak_9339_lociStitched	chr16	87416236	87427234	4	6120	8211.1068	587	1
3_MACS_peak_20729_lociStitched	chr6	42531504	42541013	3	5457	8208.1688	588	1
1_MACS_peak_10146_lociStitched	chr17	48942085	48945808	1	3724	8206.9812	589	1
2_MACS_peak_2482_lociStitched	chr1	228673897	228678645	2	4172	8206.918	590	1
2_MACS_peak_1253_lociStitched	chr1	145449455	145457810	2	6277	8193.7485	591	1
3_MACS_peak_2622_lociStitched	chr1	249112654	249121453	3	4926	8192.7489	592	1
1_MACS_peak_22505_lociStitched	chr7	113723416	113727759	1	4344	8188.2922	593	1
3_MACS_peak_1587_lociStitched	chr1	160310332	160317564	3	5034	8183.008	594	1
3_MACS_peak_803_lociStitched	chr1	66797249	66808773	3	7390	8172.8208	595	1
3_MACS_peak_4100_lociStitched	chr11	62472854	62482275	3	5659	8171.7754	596	1
2_MACS_peak_2593_lociStitched	chr1	244996856	245001234	2	4180	8142.2044	597	1
1_MACS_peak_4870_lociStitched	chr11	129871201	129874152	1	2952	8140.9237	598	1
1_MACS_peak_21294_lociStitched	chr6	126067576	126073555	1	5980	8138.0169	599	1
2_MACS_peak_23124_lociStitched	chr8	38237453	38244679	2	6770	8136.476	600	1
1_MACS_peak_3443_lociStitched	chr10	111967268	111972746	1	5479	8121.135	601	1
2_MACS_peak_21599_lociStitched	chr6	159234823	159240853	2	5917	8117.586	602	1
4_MACS_peak_24996_lociStitched	chr9	139293607	139306114	4	6283	8107.0374	603	1
2_MACS_peak_5201_lociStitched	chr12	31736702	31744989	2	8158	8098.8851	604	1
2_MACS_peak_8247_lociStitched	chr15	81608407	81617759	2	6950	8097.8968	605	1
3_MACS_peak_13822_lociStitched	chr2	191744476	191754296	3	6968	8094.626	606	1
4_MACS_peak_12280_lociStitched	chr19	57787420	57795469	4	6055	8077.9764	607	1
2_MACS_peak_23189_lociStitched	chr8	52808852	52815021	2	6110	8070.2858	608	1
5_MACS_peak_24484_lociStitched	chr9	94700308	94713309	5	8676	8067.1205	609	1
2_MACS_peak_20437_lociStitched	chr6	29909209	29912884	2	3431	8062.215	610	1
4_MACS_peak_14895_lociStitched	chr21	15890520	15901075	4	7934	8056.6315	611	1
2_MACS_peak_2550_lociStitched	chr1	235488228	235493676	2	4791	8048.3304	612	1
9_MACS_peak_19245_lociStitched	chr5	95258981	95276288	9	12305	8046.0243	613	1
10_MACS_peak_21149_lociStitched	chr6	108902242	108919569	10	10750	8044.9261	614	1
3_MACS_peak_24175_lociStitched	chr9	34046886	34053229	3	3408	8023.2607	615	1
1_MACS_peak_24378_lociStitched	chr9	77701056	77705013	1	3958	8022.0261	616	1
2_MACS_peak_11550_lociStitched	chr19	16733833	16740908	2	4548	8012.4375	617	1
2_MACS_peak_10716_lociStitched	chr18	12879427	12886330	2	6186	8012.3121	618	1
1_MACS_peak_4113_lociStitched	chr11	62606246	62610436	1	4191	8007.928	619	1
3_MACS_peak_2258_lociStitched	chr1	208037240	208047590	3	5765	7992.27	620	1
1_MACS_peak_10042_lociStitched	chr17	43660206	43663226	1	3021	7986.088	621	1
1_MACS_peak_16661_lociStitched	chr3	101291559	101294613	1	3055	7985.9046	622	1
1_MACS_peak_4084_lociStitched	chr11	62306125	62314637	1	8513	7967.232	623	1
2_MACS_peak_24553_lociStitched	chr9	99175374	99182133	2	4590	7953.9912	624	1
3_MACS_peak_14212_lociStitched	chr2	242209015	242220666	3	7259	7949.4773	625	1
5_MACS_peak_4575_lociStitched	chr11	100548283	100564153	5	8156	7947.696	626	1
3_MACS_peak_5482_lociStitched	chr12	57021941	57031361	3	7881	7944.828	627	1
2_MACS_peak_20380_lociStitched	chr6	26532109	26539540	2	6836	7936.308	628	1
3_MACS_peak_2253_lociStitched	chr1	207918876	207927013	3	5930	7931.9476	629	1
2_MACS_peak_21882_lociStitched	chr7	26003031	26011241	2	6989	7924.292	630	1
1_MACS_peak_8062_lociStitched	chr15	70327294	70331242	1	3949	7916.1348	631	1
5_MACS_peak_8703_lociStitched	chr16	11668809	11681425	5	8876	7914.0168	632	1
3_MACS_peak_2318_lociStitched	chr1	216695995	216705596	3	7868	7904.5033	633	1
2_MACS_peak_4733_lociStitched	chr11	116963333	116970219	2	3913	7904.4394	634	1
2_MACS_peak_12827_lociStitched	chr2	60772255	60783382	2	8097	7894.6065	635	1
1_MACS_peak_11513_lociStitched	chr19	15488505	15491759	1	3255	7883.1404	636	1
1_MACS_peak_16379_lociStitched	chr3	52442659	52446068	1	3410	7881.2671	637	1
1_MACS_peak_4517_lociStitched	chr11	85776497	85781749	1	5253	7872.2228	638	1
2_MACS_peak_1634_lociStitched	chr1	161122854	161129956	2	3329	7869.7262	639	1
1_MACS_peak_1788_lociStitched	chr1	172500860	172503675	1	2816	7868.488	640	1
1_MACS_peak_17304_lociStitched	chr3	170072373	170076846	1	4474	7855.9299	641	1
1_MACS_peak_11167_lociStitched	chr19	3760598	3763771	1	3174	7850.002	642	1
2_MACS_peak_14094_lociStitched	chr2	227699224	227704916	2	5105	7846.422	643	1
2_MACS_peak_4767_lociStitched	chr11	118971482	118979473	2	5099	7846.3629	644	1
6_MACS_peak_19880_lociStitched	chr5	173208869	173222979	6	9823	7842.338	645	1
5_MACS_peak_13879_lociStitched	chr2	198165044	198176308	5	9715	7840.8704	646	1
3_MACS_peak_18943_lociStitched	chr5	55882912	55888918	3	4403	7837.83	647	1
2_MACS_peak_1751_lociStitched	chr1	167682936	167692462	2	6981	7832.2772	648	1
2_MACS_peak_11933_lociStitched	chr19	41768348	41773491	2	4976	7831.7604	649	1
1_MACS_peak_21268_lociStitched	chr6	119667418	119673540	1	6123	7828.8136	650	1
2_MACS_peak_8044_lociStitched	chr15	68583552	68594170	2	9883	7822.2806	651	1
1_MACS_peak_12166_lociStitched	chr19	50378812	50381872	1	3061	7805.142	652	1
3_MACS_peak_23935_lociStitched	chr9	1095631	1103957	3	7289	7802.2946	653	1
2_MACS_peak_20736_lociStitched	chr6	42738113	42743836	2	4815	7793.0091	654	1
4_MACS_peak_10364_lociStitched	chr17	66450359	66459326	4	7572	7790.5296	655	1
1_MACS_peak_3925_lociStitched	chr11	33278107	33282094	1	3988	7776.2448	656	1
4_MACS_peak_783_lociStitched	chr1	65422077	65432856	4	8641	7773.8148	657	1
1_MACS_peak_8007_lociStitched	chr15	68202352	68209906	1	7555	7767.7782	658	1
2_MACS_peak_6243_lociStitched	chr13	28020336	28030172	2	6796	7767.4892	659	1
5_MACS_peak_24473_lociStitched	chr9	94596251	94610375	5	7918	7759.7256	660	1
4_MACS_peak_14398_lociStitched	chr20	23337491	23347133	4	5469	7752.168	661	1
1_MACS_peak_5488_lociStitched	chr12	57076938	57083279	1	6342	7744.8974	662	1
1_MACS_peak_12226_lociStitched	chr19	54692640	54696021	1	3382	7739.109	663	1
6_MACS_peak_21193_lociStitched	chr6	109213080	109227670	6	8602	7735.618	664	1
2_MACS_peak_8388_lociStitched	chr15	92395536	92405232	2	7790	7728.6816	665	1
5_MACS_peak_3467_lociStitched	chr10	112620162	112633946	5	6734	7727.3104	666	1
1_MACS_peak_24026_lociStitched	chr9	6756538	6759824	1	3287	7718.4854	667	1
1_MACS_peak_18803_lociStitched	chr5	32171700	32175622	1	3923	7711.0442	668	1
1_MACS_peak_8106_lociStitched	chr15	74906549	74909889	1	3341	7703.376	669	1
1_MACS_peak_1968_lociStitched	chr1	186342994	186346037	1	3044	7701.833	670	1
1_MACS_peak_2417_lociStitched	chr1	226248983	226253242	1	4260	7699.4202	671	1
3_MACS_peak_11136_lociStitched	chr19	2677262	2686297	3	6097	7698.7235	672	1
2_MACS_peak_8128_lociStitched	chr15	75299145	75306103	2	6878	7694.1564	673	1
4_MACS_peak_14184_lociStitched	chr2	238600107	238611876	4	9865	7688.6877	674	1
1_MACS_peak_11239_lociStitched	chr19	6735927	6740259	1	4333	7687.5672	675	1
2_MACS_peak_7781_lociStitched	chr15	52857191	52861755	2	4421	7686.2324	676	1
4_MACS_peak_3745_lociStitched	chr11	10323845	10336886	4	8012	7682.4531	677	1
4_MACS_peak_19514_lociStitched	chr5	131755499	131766362	4	8845	7677.9684	678	1
5_MACS_peak_23341_lociStitched	chr8	71512007	71521086	5	6076	7669.0313	679	1
2_MACS_peak_6399_lociStitched	chr13	48877101	48880812	2	3710	7667.6682	680	1
4_MACS_peak_13651_lociStitched	chr2	172170135	172181655	4	8909	7661.952	681	1
2_MACS_peak_22739_lociStitched	chr7	140620160	140625604	2	2655	7661.8856	682	1
6_MACS_peak_11502_lociStitched	chr19	15395229	15408929	6	9257	7637.75	683	1
2_MACS_peak_1776_lociStitched	chr1	171453590	171457283	2	3551	7637.124	684	1
6_MACS_peak_2271_lociStitched	chr1	209294199	209308579	6	9154	7634.342	685	1
4_MACS_peak_7550_lociStitched	chr15	37322796	37334808	4	7818	7633.626	686	1
4_MACS_peak_11026_lociStitched	chr19	1064608	1077289	4	6819	7628.8896	687	1
1_MACS_peak_17281_lociStitched	chr3	169683219	169687556	1	4338	7628.783	688	1
1_MACS_peak_4156_lociStitched	chr11	64071052	64074549	1	3498	7622.7606	689	1
3_MACS_peak_5787_lociStitched	chr12	96791830	96802486	3	7263	7622.2368	690	1
2_MACS_peak_1089_lociStitched	chr1	111413252	111423462	2	6862	7619.723	691	1
1_MACS_peak_3616_lociStitched	chr11	206259	209628	1	3370	7618.6566	692	1
2_MACS_peak_13691_lociStitched	chr2	174824507	174831175	2	6580	7616.8564	693	1
2_MACS_peak_18850_lociStitched	chr5	39072230	39077829	2	5408	7613.5202	694	1
2_MACS_peak_15698_lociStitched	chr22	46447817	46455212	2	5900	7613.1525	695	1
1_MACS_peak_20454_lociStitched	chr6	30523280	30525970	1	2691	7599.788	696	1
3_MACS_peak_9488_lociStitched	chr17	3813650	3820271	3	5554	7596.9354	697	1
2_MACS_peak_16442_lociStitched	chr3	56948047	56956500	2	5829	7589.1034	698	1
1_MACS_peak_16303_lociStitched	chr3	49759695	49763095	1	3401	7586.76	699	1
1_MACS_peak_15612_lociStitched	chr22	41839826	41844702	1	4877	7586.5684	700	1
2_MACS_peak_13609_lociStitched	chr2	165609581	165619951	2	7217	7582.544	701	1
5_MACS_peak_24768_lociStitched	chr9	126021779	126031886	5	5813	7582.2714	702	1
4_MACS_peak_1414_lociStitched	chr1	154146810	154156329	4	6347	7578.0759	703	1
1_MACS_peak_187_lociStitched	chr1	16173411	16179666	1	6256	7573.554	704	1
5_MACS_peak_12616_lociStitched	chr2	39345852	39356953	5	6276	7573.1022	705	1
3_MACS_peak_2430_lociStitched	chr1	226410765	226422536	3	7308	7565.2217	706	1
3_MACS_peak_5273_lociStitched	chr12	46776404	46782793	3	6097	7563.9371	707	1
2_MACS_peak_12116_lociStitched	chr19	49375531	49384442	2	5292	7562.7657	708	1
1_MACS_peak_7670_lociStitched	chr15	44083650	44085942	1	2293	7561.7664	709	1
3_MACS_peak_12585_lociStitched	chr2	37543513	37552884	3	8324	7559.5857	710	1
7_MACS_peak_21170_lociStitched	chr6	108990557	109006627	7	9116	7546.472	711	1
4_MACS_peak_4698_lociStitched	chr11	112869094	112880781	4	8822	7543.9585	712	1
1_MACS_peak_24437_lociStitched	chr9	88964690	88970062	1	5373	7541.2136	713	1
5_MACS_peak_15622_lociStitched	chr22	42141541	42154820	5	11381	7531.8488	714	1
1_MACS_peak_7748_lociStitched	chr15	50644954	50649025	1	4072	7530.1287	715	1
2_MACS_peak_21423_lociStitched	chr6	139691178	139697646	2	5886	7490.5908	716	1
1_MACS_peak_203_lociStitched	chr1	17230279	17232906	1	2628	7489.8397	717	1
4_MACS_peak_1220_lociStitched	chr1	143992368	144002224	4	6965	7489.5744	718	1
2_MACS_peak_1258_lociStitched	chr1	145500798	145508993	2	4695	7487.7715	719	1
6_MACS_peak_13180_lociStitched	chr2	96864338	96875431	6	8938	7486.6657	720	1
1_MACS_peak_21630_lociStitched	chr6	163834114	163838131	1	4018	7478.8506	721	1
1_MACS_peak_182_lociStitched	chr1	15850098	15854173	1	4076	7477.625	722	1
2_MACS_peak_1897_lociStitched	chr1	180817274	180824282	2	4339	7476.1344	723	1
2_MACS_peak_10418_lociStitched	chr17	73284696	73294574	2	6155	7468.7558	724	1
1_MACS_peak_8240_lociStitched	chr15	81291567	81294861	1	3295	7458.6042	725	1
1_MACS_peak_18672_lociStitched	chr4	185454585	185460306	1	5722	7457.8956	726	1
3_MACS_peak_2214_lociStitched	chr1	206129461	206138075	3	7839	7442.496	727	1
3_MACS_peak_11005_lociStitched	chr19	796455	801019	3	4335	7440.2328	728	1
1_MACS_peak_12904_lociStitched	chr2	64750086	64754193	1	4108	7424.6346	729	1
4_MACS_peak_3983_lociStitched	chr11	45864813	45876170	4	6064	7413.8496	730	1
2_MACS_peak_11064_lociStitched	chr19	1604144	1611156	2	5964	7412.3852	731	1
2_MACS_peak_21555_lociStitched	chr6	157166427	157178757	2	9294	7399.233	732	1
3_MACS_peak_24691_lociStitched	chr9	116168659	116179299	3	4340	7397.992	733	1
4_MACS_peak_798_lociStitched	chr1	66736964	66750019	4	7274	7387.8245	734	1
1_MACS_peak_3643_lociStitched	chr11	613175	616819	1	3645	7379.1	735	1
2_MACS_peak_1210_lociStitched	chr1	143462477	143468479	2	6003	7371.6564	736	1
1_MACS_peak_1965_lociStitched	chr1	185124796	185127575	1	2780	7371.2975	737	1
2_MACS_peak_2193_lociStitched	chr1	205249063	205257914	2	6220	7367.5724	738	1
2_MACS_peak_24021_lociStitched	chr9	6680224	6683887	2	3661	7364.8278	739	1
3_MACS_peak_19857_lociStitched	chr5	172191786	172200066	3	4681	7363.404	740	1
1_MACS_peak_16132_lociStitched	chr3	42053907	42056990	1	3084	7360.0459	741	1
4_MACS_peak_14299_lociStitched	chr20	5583837	5592340	4	6362	7348.2926	742	1
8_MACS_peak_13325_lociStitched	chr2	112184914	112201401	8	9342	7343.3098	743	1
6_MACS_peak_21837_lociStitched	chr7	22385173	22396829	6	6763	7330.4584	744	1
3_MACS_peak_5891_lociStitched	chr12	108954129	108963203	3	7032	7323.6254	745	1
1_MACS_peak_7646_lociStitched	chr15	42564405	42568232	1	3828	7319.9029	746	1
2_MACS_peak_17092_lociStitched	chr3	141205418	141211422	2	5767	7318.2756	747	1
2_MACS_peak_3651_lociStitched	chr11	804654	811263	2	4097	7318.1457	748	1
1_MACS_peak_15968_lociStitched	chr3	25820914	25826048	1	5135	7315.95	749	1
1_MACS_peak_11063_lociStitched	chr19	1590603	1593817	1	3215	7312.4928	750	1
6_MACS_peak_14837_lociStitched	chr20	61273791	61286600	6	7177	7311.3772	751	1
2_MACS_peak_9916_lociStitched	chr17	38016712	38024513	2	6689	7309.537	752	1
3_MACS_peak_18128_lociStitched	chr4	87855226	87862394	3	6829	7309.2096	753	1
2_MACS_peak_8065_lociStitched	chr15	70387595	70393163	2	5520	7308.5568	754	1
2_MACS_peak_16386_lociStitched	chr3	52715540	52722180	2	4470	7305.992	755	1
2_MACS_peak_10114_lociStitched	chr17	47747256	47755592	2	4969	7304.0032	756	1
1_MACS_peak_14215_lociStitched	chr2	242253559	242257847	1	4289	7291.744	757	1
1_MACS_peak_9545_lociStitched	chr17	6915013	6918943	1	3931	7289.364	758	1
2_MACS_peak_20442_lociStitched	chr6	30028035	30035782	2	4093	7286.0535	759	1
2_MACS_peak_17503_lociStitched	chr3	184660444	184671882	2	7532	7279.1432	760	1
4_MACS_peak_14057_lociStitched	chr2	220109484	220119200	4	7003	7278.2556	761	1
1_MACS_peak_11667_lociStitched	chr19	19302147	19304223	1	2077	7269.5292	762	1
1_MACS_peak_4932_lociStitched	chr12	4377991	4384949	1	6959	7267.631	763	1
7_MACS_peak_15381_lociStitched	chr22	29206945	29220841	7	8601	7253.712	764	1
4_MACS_peak_5189_lociStitched	chr12	31469829	31479742	4	5931	7251.3595	765	1
5_MACS_peak_22835_lociStitched	chr7	155533316	155547606	5	8470	7240.743	766	1
1_MACS_peak_18566_lociStitched	chr4	160023437	160028533	1	5097	7237.3392	767	1
3_MACS_peak_19549_lociStitched	chr5	133977140	133986139	3	6553	7233.3962	768	1
1_MACS_peak_24546_lociStitched	chr9	98267738	98273811	1	6074	7232.943	769	1
6_MACS_peak_1997_lociStitched	chr1	190459152	190471074	6	10835	7229.5008	770	1
1_MACS_peak_24600_lociStitched	chr9	102581021	102585010	1	3990	7228.4669	771	1
2_MACS_peak_12328_lociStitched	chr19	59065519	59071516	2	4708	7222.7868	772	1
8_MACS_peak_19898_lociStitched	chr5	173341425	173360078	8	6319	7218.711	773	1
2_MACS_peak_21615_lociStitched	chr6	160146942	160151745	2	4028	7216.0272	774	1
1_MACS_peak_2640_lociStitched	chr10	3824481	3828593	1	4113	7211.2144	775	1
1_MACS_peak_21078_lociStitched	chr6	96024074	96028314	1	4241	7210.968	776	1
3_MACS_peak_6677_lociStitched	chr14	20922193	20930550	3	4802	7207.0768	777	1
2_MACS_peak_11221_lociStitched	chr19	5902568	5905630	2	2999	7205.8046	778	1
2_MACS_peak_4212_lociStitched	chr11	65378177	65384491	2	5272	7201.7484	779	1
1_MACS_peak_1008_lociStitched	chr1	100502719	100505934	1	3216	7195.4915	780	1
3_MACS_peak_24248_lociStitched	chr9	37528208	37534706	3	4354	7172.4924	781	1
3_MACS_peak_12159_lociStitched	chr19	50312129	50322428	3	4406	7172.2236	782	1
2_MACS_peak_5271_lociStitched	chr12	46762272	46767756	2	5464	7171.9752	783	1
2_MACS_peak_3901_lociStitched	chr11	28128646	28132767	2	3810	7167.2432	784	1
1_MACS_peak_8011_lociStitched	chr15	68237173	68240954	1	3782	7166.8855	785	1
4_MACS_peak_11104_lociStitched	chr19	2233918	2241147	4	6464	7155.2642	786	1
2_MACS_peak_21391_lociStitched	chr6	137532572	137541350	2	5194	7144.4142	787	1
5_MACS_peak_20237_lociStitched	chr6	16504051	16519789	5	7541	7143.4782	788	1
11_MACS_peak_333_lociStitched	chr1	27060019	27077493	11	8106	7139.8764	789	1
1_MACS_peak_16684_lociStitched	chr3	105085091	105089406	1	4316	7138.3045	790	1
2_MACS_peak_19499_lociStitched	chr5	130710261	130720553	2	8166	7134.4144	791	1
1_MACS_peak_11270_lociStitched	chr19	7693147	7695807	1	2661	7128.8	792	1
4_MACS_peak_6660_lociStitched	chr13	115023831	115034397	4	9653	7122.5406	793	1
1_MACS_peak_3680_lociStitched	chr11	3816972	3819976	1	3005	7121.5828	794	1
7_MACS_peak_8708_lociStitched	chr16	11771596	11785003	7	10641	7119.117	795	1
1_MACS_peak_11144_lociStitched	chr19	2781989	2786344	1	4356	7116.941	796	1
3_MACS_peak_20161_lociStitched	chr6	11828185	11835952	3	5756	7114.572	797	1
2_MACS_peak_20048_lociStitched	chr6	4017567	4024210	2	5325	7110.6672	798	1
2_MACS_peak_20099_lociStitched	chr6	7308159	7314059	2	5131	7108.91	799	1
3_MACS_peak_16389_lociStitched	chr3	52737968	52745860	3	6408	7107.5352	800	1
3_MACS_peak_853_lociStitched	chr1	78441676	78445790	3	3768	7103.2324	801	1
4_MACS_peak_7319_lociStitched	chr14	95975319	95986794	4	7930	7093.845	802	1
1_MACS_peak_23660_lociStitched	chr8	123792157	123795697	1	3541	7089.558	803	1
2_MACS_peak_3449_lociStitched	chr10	112114620	112122273	2	4687	7086.678	804	1
2_MACS_peak_11217_lociStitched	chr19	5686047	5692826	2	4003	7081.3434	805	1
3_MACS_peak_10218_lociStitched	chr17	56407754	56417194	3	7249	7073.392	806	1
2_MACS_peak_2201_lociStitched	chr1	205595033	205601900	2	3517	7069.5765	807	1
4_MACS_peak_7156_lociStitched	chr14	77493201	77507563	4	6221	7067.5402	808	1
6_MACS_peak_19184_lociStitched	chr5	88115191	88132698	6	6295	7064.0745	809	1
2_MACS_peak_15389_lociStitched	chr22	29663012	29667264	2	3794	7063.4224	810	1
2_MACS_peak_19285_lociStitched	chr5	98262931	98269642	2	3847	7058.6298	811	1
9_MACS_peak_1705_lociStitched	chr1	165840399	165858896	9	7720	7058.4552	812	1
1_MACS_peak_4157_lociStitched	chr11	64083651	64087357	1	3707	7056.224	813	1
3_MACS_peak_6664_lociStitched	chr13	115042943	115048558	3	5235	7050.194	814	1
4_MACS_peak_21996_lociStitched	chr7	44668635	44679943	4	6884	7043.7532	815	1
6_MACS_peak_21756_lociStitched	chr7	7801006	7815197	6	8911	7035.8978	816	1
2_MACS_peak_7505_lociStitched	chr15	31616814	31621825	2	4973	7033.4396	817	1
2_MACS_peak_1729_lociStitched	chr1	167297234	167303368	2	6126	7031.4042	818	1
8_MACS_peak_23395_lociStitched	chr8	81046343	81061292	8	9600	7029.0198	819	1
1_MACS_peak_19568_lociStitched	chr5	137087167	137091255	1	4089	7028.0896	820	1
3_MACS_peak_8829_lociStitched	chr16	21511003	21519665	3	5779	7027.4806	821	1
1_MACS_peak_2292_lociStitched	chr1	212457567	212460393	1	2827	7025.7186	822	1
4_MACS_peak_6543_lociStitched	chr13	79967633	79981333	4	4885	7025.36	823	1
2_MACS_peak_10583_lociStitched	chr17	79825194	79830567	2	3972	7025.1975	824	1
7_MACS_peak_10709_lociStitched	chr18	12855837	12868676	7	8738	7015.2296	825	1
1_MACS_peak_12061_lociStitched	chr19	47216974	47222438	1	5465	7012.4976	826	1
7_MACS_peak_13929_lociStitched	chr2	202047286	202060983	7	8403	7000.5367	827	1
3_MACS_peak_19757_lociStitched	chr5	154133611	154141338	3	5443	6999.8893	828	1
2_MACS_peak_11284_lociStitched	chr19	8509014	8514535	2	5418	6998.4196	829	1
4_MACS_peak_11949_lociStitched	chr19	42051758	42060686	4	7380	6997.7664	830	1
4_MACS_peak_6747_lociStitched	chr14	24604627	24617571	4	6394	6994.9376	831	1
2_MACS_peak_11650_lociStitched	chr19	19028290	19031830	2	3385	6993.978	832	1
5_MACS_peak_9766_lociStitched	chr17	27271950	27280123	5	5150	6986.2804	833	1
2_MACS_peak_492_lociStitched	chr1	36850295	36855980	2	4131	6985.728	834	1
5_MACS_peak_5840_lociStitched	chr12	104321659	104329031	5	6136	6984.97	835	1
2_MACS_peak_6440_lociStitched	chr13	50696505	50700703	2	3903	6983.7928	836	1
1_MACS_peak_24535_lociStitched	chr9	97365260	97371267	1	6008	6981.9361	837	1
1_MACS_peak_21554_lociStitched	chr6	157097845	157105618	1	7774	6980.9313	838	1
1_MACS_peak_4041_lociStitched	chr11	57434004	57436973	1	2970	6970.0244	839	1
1_MACS_peak_19334_lociStitched	chr5	107715902	107719279	1	3378	6966.4133	840	1
3_MACS_peak_23688_lociStitched	chr8	125483304	125489182	3	4097	6957.2008	841	1
2_MACS_peak_14886_lociStitched	chr21	9963297	9968983	2	4849	6940.3316	842	1
2_MACS_peak_13155_lociStitched	chr2	89046834	89056221	2	6942	6934.1769	843	1
4_MACS_peak_13646_lociStitched	chr2	172008972	172018679	4	8940	6933.7101	844	1
5_MACS_peak_19851_lociStitched	chr5	171601354	171615843	5	7518	6932.9865	845	1
1_MACS_peak_1227_lociStitched	chr1	144518783	144522465	1	3683	6929.8922	846	1
1_MACS_peak_16756_lociStitched	chr3	112279201	112282017	1	2817	6911.872	847	1
3_MACS_peak_24194_lociStitched	chr9	35066734	35073535	3	5982	6911.8563	848	1
3_MACS_peak_1195_lociStitched	chr1	120750694	120759736	3	6581	6909.8964	849	1
2_MACS_peak_1075_lociStitched	chr1	110879726	110886431	2	3537	6903.468	850	1
1_MACS_peak_7860_lociStitched	chr15	60769707	60772987	1	3281	6903.416	851	1
2_MACS_peak_11935_lociStitched	chr19	41802234	41806818	2	4409	6894.7944	852	1
1_MACS_peak_4217_lociStitched	chr11	65478909	65480582	1	1674	6894.433	853	1
3_MACS_peak_11488_lociStitched	chr19	14521978	14530909	3	4822	6886.6941	854	1
3_MACS_peak_22413_lociStitched	chr7	102064724	102074913	3	6265	6885.7262	855	1
1_MACS_peak_4078_lociStitched	chr11	61195975	61198446	1	2472	6882.7234	856	1
1_MACS_peak_9671_lociStitched	chr17	18085515	18090819	1	5305	6875.5752	857	1
1_MACS_peak_5509_lociStitched	chr12	57912776	57917458	1	4683	6869.8986	858	1
1_MACS_peak_16280_lociStitched	chr3	48954975	48957834	1	2860	6867.0321	859	1
5_MACS_peak_9750_lociStitched	chr17	27044506	27056362	5	7013	6862.2528	860	1
3_MACS_peak_20503_lociStitched	chr6	31756576	31764242	3	4692	6859.5368	861	1
5_MACS_peak_16316_lociStitched	chr3	50272800	50286461	5	6709	6856.4559	862	1
1_MACS_peak_1987_lociStitched	chr1	186767840	186773047	1	5208	6856.0569	863	1
2_MACS_peak_3820_lociStitched	chr11	18338982	18345195	2	2984	6852.939	864	1
4_MACS_peak_14203_lociStitched	chr2	241499030	241508633	4	6685	6852.7008	865	1
1_MACS_peak_5018_lociStitched	chr12	11801182	11806742	1	5561	6846.584	866	1
2_MACS_peak_8118_lociStitched	chr15	75161604	75166355	2	4361	6842.3902	867	1
7_MACS_peak_18271_lociStitched	chr4	113199577	113210980	7	8100	6841.8	868	1
4_MACS_peak_24804_lociStitched	chr9	127997693	128004734	4	6150	6841.7397	869	1
2_MACS_peak_5834_lociStitched	chr12	102871105	102878868	2	6852	6841.5319	870	1
2_MACS_peak_16326_lociStitched	chr3	50373281	50378190	2	3948	6834.8007	871	1
3_MACS_peak_16134_lociStitched	chr3	42103072	42114532	3	5218	6832.452	872	1
2_MACS_peak_19542_lociStitched	chr5	133557653	133562882	2	5149	6832.2114	873	1
2_MACS_peak_18645_lociStitched	chr4	185201026	185210354	2	7521	6829.0288	874	1
3_MACS_peak_4193_lociStitched	chr11	65148987	65156866	3	4049	6824.7898	875	1
1_MACS_peak_20899_lociStitched	chr6	64281626	64285004	1	3379	6818.493	876	1
1_MACS_peak_2851_lociStitched	chr10	27442458	27445718	1	3261	6809.814	877	1
6_MACS_peak_8489_lociStitched	chr15	101520584	101536512	6	7279	6802.8488	878	1
5_MACS_peak_17596_lociStitched	chr3	191776883	191786986	5	6578	6801.3396	879	1
4_MACS_peak_19698_lociStitched	chr5	148205264	148215493	4	8253	6793.0789	880	1
2_MACS_peak_4175_lociStitched	chr11	64850762	64857730	2	3418	6777.0768	881	1
1_MACS_peak_1632_lociStitched	chr1	161086648	161090467	1	3820	6773.7603	882	1
2_MACS_peak_4226_lociStitched	chr11	65655249	65662093	2	5928	6773.5068	883	1
1_MACS_peak_4830_lociStitched	chr11	126137354	126139856	1	2503	6763.1562	884	1
1_MACS_peak_15911_lociStitched	chr3	16305488	16309596	1	4109	6753.552	885	1
2_MACS_peak_4311_lociStitched	chr11	67769817	67777835	2	4881	6752.7596	886	1
3_MACS_peak_9943_lociStitched	chr17	39844177	39848301	3	3311	6746.864	887	1
3_MACS_peak_24006_lociStitched	chr9	6411475	6418956	3	4731	6741.8772	888	1
2_MACS_peak_11427_lociStitched	chr19	12844239	12849135	2	3717	6719.76	889	1
5_MACS_peak_1950_lociStitched	chr1	184451915	184464865	5	6950	6718.46	890	1
8_MACS_peak_5061_lociStitched	chr12	15101412	15116032	8	8333	6716.428	891	1
1_MACS_peak_5611_lociStitched	chr12	72055825	72059639	1	3815	6716.0726	892	1
1_MACS_peak_17195_lociStitched	chr3	154040968	154042990	1	2023	6715.6686	893	1
