#MOLP-2 Enhancers
#Created from /data/projects/IRF4_mm_trn_data/myeloma_public_data/rose/MOLP-2.H3K27ac_ROSE/MOLP-2_0KB_STITCHED_ENHANCER_REGION_MAP.txt
#Ranked by MOLP.2.jin.bam
#Using cutoff of 10334.3472 for Super-Enhancers
#Created on Jul 16 2024 
REGION_ID	CHROM	START	STOP	NUM_LOCI	CONSTITUENT_SIZE	MOLP.2.jin.bam	enhancerRank	isStretch
5_MACS_peak_8624_lociStitched	chr14	106024770	106049557	5	24399	124274.5819	1	1
9_MACS_peak_23902_lociStitched	chr6	7897711	7919947	9	21379	113986.1832	2	1
6_MACS_peak_18950_lociStitched	chr22	23268220	23286986	6	18259	126439.6782	3	1
5_MACS_peak_18940_lociStitched	chr22	23234439	23248947	5	14355	56376.6372	4	1
11_MACS_peak_26898_lociStitched	chr7	137664973	137679525	11	13238	37501.9592	5	1
5_MACS_peak_6052_lociStitched	chr12	12866228	12880017	5	13007	62420.0452	6	1
9_MACS_peak_18999_lociStitched	chr22	24178735	24192774	9	12925	50237.1576	7	1
8_MACS_peak_26166_lociStitched	chr7	55581904	55595387	8	12346	37262.9671	8	1
10_MACS_peak_5604_lociStitched	chr11	122613581	122626305	10	11574	33792.3992	9	1
4_MACS_peak_8631_lociStitched	chr14	106144222	106155560	4	10831	37569.5968	10	1
2_MACS_peak_11951_lociStitched	chr17	43298355	43308947	2	10593	49870.3136	11	1
6_MACS_peak_8416_lociStitched	chr14	91832888	91843919	6	10142	43637.5329	12	1
6_MACS_peak_24094_lociStitched	chr6	25403393	25413703	6	9889	36959.288	13	1
5_MACS_peak_14073_lociStitched	chr19	16473815	16484642	5	9814	55203.6249	14	1
5_MACS_peak_23947_lociStitched	chr6	11726365	11736322	5	9686	35933.8173	15	1
6_MACS_peak_14515_lociStitched	chr19	39891837	39902326	6	9657	38763.1484	16	1
3_MACS_peak_12705_lociStitched	chr17	79477585	79487559	3	9638	38174.4876	17	1
4_MACS_peak_23780_lociStitched	chr6	315465	325302	4	9376	34367.5269	18	1
11_MACS_peak_15710_lociStitched	chr2	46791326	46802137	11	9188	25396.1201	19	1
2_MACS_peak_4877_lociStitched	chr11	65184009	65193173	2	9153	46688.7472	20	1
5_MACS_peak_1681_lociStitched	chr1	150532515	150541816	5	8983	38336.8618	21	1
10_MACS_peak_15563_lociStitched	chr2	37542759	37553173	10	8980	27774.138	22	1
3_MACS_peak_23773_lociStitched	chr6	290494	299397	3	8826	37141.5354	23	1
5_MACS_peak_13252_lociStitched	chr18	60821795	60830795	5	8698	31794.3	24	1
8_MACS_peak_20871_lociStitched	chr3	141096864	141106851	8	8678	27132.6816	25	1
4_MACS_peak_11092_lociStitched	chr17	6062752	6071349	4	8478	37430.4783	26	1
6_MACS_peak_22676_lociStitched	chr5	32530206	32539388	6	8401	25752.7554	27	1
4_MACS_peak_12185_lociStitched	chr17	56407910	56416904	4	8387	36314.1744	28	1
6_MACS_peak_5747_lociStitched	chr11	130696546	130705432	6	8295	33605.9634	29	1
7_MACS_peak_9981_lociStitched	chr16	11828173	11837638	7	8252	26234.1405	30	1
4_MACS_peak_4716_lociStitched	chr11	62306445	62314859	4	8078	29590.3552	31	1
8_MACS_peak_15527_lociStitched	chr2	33712534	33722132	8	8056	23797.2812	32	1
2_MACS_peak_24621_lociStitched	chr6	36718595	36727013	2	8040	43940.2764	33	1
6_MACS_peak_19756_lociStitched	chr3	13053329	13062102	6	8016	26980.4842	34	1
10_MACS_peak_22847_lociStitched	chr5	55981378	55990357	10	7744	22166.4573	35	1
9_MACS_peak_25198_lociStitched	chr6	106531941	106541273	9	7672	22049.6496	36	1
4_MACS_peak_16358_lociStitched	chr2	99075043	99083206	4	7656	26759.9466	37	1
8_MACS_peak_16258_lociStitched	chr2	87813009	87821757	8	7571	21569.9436	38	1
6_MACS_peak_11654_lociStitched	chr17	36577138	36585672	6	7520	20898.0592	39	1
9_MACS_peak_20284_lociStitched	chr3	55638467	55646919	9	7505	22367.3728	40	1
4_MACS_peak_28078_lociStitched	chr8	126441146	126449016	4	7103	27681.938	41	1
8_MACS_peak_20274_lociStitched	chr3	55516126	55523723	8	7064	22999.9175	42	1
5_MACS_peak_6356_lociStitched	chr12	48201437	48209001	5	7021	25538.3332	43	1
3_MACS_peak_14825_lociStitched	chr19	47729563	47736693	3	7009	30603.386	44	1
4_MACS_peak_22690_lociStitched	chr5	32581086	32588085	4	6918	27401.085	45	1
3_MACS_peak_1527_lociStitched	chr1	143462727	143469867	3	6917	33330.234	46	1
3_MACS_peak_24374_lociStitched	chr6	31701878	31709017	3	6848	31933.4609	47	1
3_MACS_peak_22551_lociStitched	chr5	6480062	6487197	3	6826	29087.2545	48	1
4_MACS_peak_4944_lociStitched	chr11	65768585	65775659	4	6812	28144.6164	49	1
5_MACS_peak_12573_lociStitched	chr17	75135758	75143450	5	6723	22703.7072	50	1
7_MACS_peak_846_lociStitched	chr1	40846173	40854023	7	6722	21470.535	51	1
4_MACS_peak_19530_lociStitched	chr22	46448026	46454977	4	6621	24509.226	52	1
2_MACS_peak_6179_lociStitched	chr12	26273527	26280154	2	6597	31252.932	53	1
5_MACS_peak_5555_lociStitched	chr11	119186024	119193364	5	6527	21317.562	54	1
4_MACS_peak_24614_lociStitched	chr6	36643676	36650860	4	6493	36348.8848	55	1
4_MACS_peak_2068_lociStitched	chr1	161151117	161157760	4	6443	26733.4249	56	1
4_MACS_peak_11058_lociStitched	chr17	4847684	4854386	4	6367	31996.6884	57	1
7_MACS_peak_407_lociStitched	chr1	23851284	23858368	7	6361	17391.9284	58	1
8_MACS_peak_12293_lociStitched	chr17	62164443	62171408	8	6358	16762.6655	59	1
3_MACS_peak_18698_lociStitched	chr21	44579967	44586605	3	6355	25688.3962	60	1
1_MACS_peak_2269_lociStitched	chr1	178546232	178552555	1	6324	26368.1746	61	1
2_MACS_peak_15735_lociStitched	chr2	47208380	47214812	2	6319	28569.6576	62	1
4_MACS_peak_28545_lociStitched	chr9	33452626	33459148	4	6319	22596.7734	63	1
3_MACS_peak_8638_lociStitched	chr14	106161603	106168414	3	6277	30605.2285	64	1
6_MACS_peak_6173_lociStitched	chr12	26265979	26272650	6	6266	17303.9069	65	1
3_MACS_peak_23342_lociStitched	chr5	138723767	138730021	3	6233	16551.8364	66	1
2_MACS_peak_26175_lociStitched	chr7	55599794	55606278	2	6189	27647.1276	67	1
5_MACS_peak_11669_lociStitched	chr17	36856429	36862893	5	6167	27535.9936	68	1
3_MACS_peak_12029_lociStitched	chr17	46128872	46135404	3	6156	24213.4708	69	1
5_MACS_peak_24451_lociStitched	chr6	33238757	33245661	5	6147	27212.116	70	1
5_MACS_peak_14799_lociStitched	chr19	47217083	47223610	5	6116	21220.5824	71	1
5_MACS_peak_25891_lociStitched	chr7	26003135	26009424	5	6114	20544.9052	72	1
7_MACS_peak_16209_lociStitched	chr2	86220848	86227557	7	6099	16324.3388	73	1
3_MACS_peak_1962_lociStitched	chr1	156629303	156635776	3	6079	27411.2131	74	1
4_MACS_peak_11033_lociStitched	chr17	4275526	4281790	4	6056	29850.4656	75	1
2_MACS_peak_8707_lociStitched	chr15	31554758	31560843	2	6022	25135.918	76	1
3_MACS_peak_25221_lociStitched	chr6	106610789	106617375	3	6006	24484.1136	77	1
2_MACS_peak_24442_lociStitched	chr6	32935507	32941705	2	6005	48605.9556	78	1
9_MACS_peak_21965_lociStitched	chr4	105406606	105414066	9	5957	18544.814	79	1
3_MACS_peak_9376_lociStitched	chr15	75334904	75340996	3	5952	33661.346	80	1
3_MACS_peak_22394_lociStitched	chr4	185248175	185254296	3	5937	20524.9372	81	1
6_MACS_peak_12352_lociStitched	chr17	65642595	65649083	6	5909	18168.9952	82	1
6_MACS_peak_4720_lociStitched	chr11	62319054	62325832	6	5882	20262.831	83	1
2_MACS_peak_22387_lociStitched	chr4	185201142	185207120	2	5880	43136.6502	84	1
5_MACS_peak_22421_lociStitched	chr4	185454611	185460859	5	5853	24977.6296	85	1
2_MACS_peak_16364_lociStitched	chr2	99095279	99101107	2	5814	19942.2504	86	1
1_MACS_peak_22520_lociStitched	chr5	1312137	1317933	1	5797	32138.82	87	1
6_MACS_peak_1851_lociStitched	chr1	154971126	154977206	6	5797	19286.976	88	1
6_MACS_peak_7012_lociStitched	chr12	109023817	109030856	6	5767	16008.0938	89	1
5_MACS_peak_13953_lociStitched	chr19	13260692	13267168	5	5716	21704.9616	90	1
8_MACS_peak_28264_lociStitched	chr8	145011100	145018677	8	5707	14070.489	91	1
7_MACS_peak_28056_lociStitched	chr8	126295391	126302548	7	5705	16997.1593	92	1
1_MACS_peak_5930_lociStitched	chr12	7066306	7072005	1	5700	31213.9929	93	1
3_MACS_peak_22397_lociStitched	chr4	185263872	185269869	3	5690	21112.4385	94	1
8_MACS_peak_3776_lociStitched	chr10	104401586	104408642	8	5646	16702.2576	95	1
4_MACS_peak_14089_lociStitched	chr19	16694321	16700183	4	5623	27695.019	96	1
5_MACS_peak_13919_lociStitched	chr19	12899095	12905101	5	5587	19207.7886	97	1
6_MACS_peak_5982_lociStitched	chr12	9870797	9876929	6	5555	15776.4096	98	1
3_MACS_peak_9352_lociStitched	chr15	75077339	75083344	3	5505	18085.2585	99	1
2_MACS_peak_22467_lociStitched	chr4	186399274	186405132	2	5483	19006.8668	100	1
3_MACS_peak_5927_lociStitched	chr12	7058002	7063623	3	5474	22331.1088	101	1
8_MACS_peak_11761_lociStitched	chr17	38477852	38483761	8	5455	13468.3837	102	1
3_MACS_peak_19332_lociStitched	chr22	39543770	39549569	3	5447	23890.7202	103	1
7_MACS_peak_23958_lociStitched	chr6	11830182	11836506	7	5424	17932.9668	104	1
3_MACS_peak_5126_lociStitched	chr11	69060811	69066520	3	5412	16704.534	105	1
9_MACS_peak_22188_lociStitched	chr4	144276115	144283066	9	5403	16069.3218	106	1
4_MACS_peak_17113_lociStitched	chr2	201986969	201992697	4	5389	20389.3888	107	1
5_MACS_peak_2954_lociStitched	chr10	11216970	11222746	5	5342	16386.512	108	1
4_MACS_peak_621_lociStitched	chr1	31218039	31224008	4	5318	14420.5071	109	1
9_MACS_peak_1389_lociStitched	chr1	111173577	111180653	9	5296	12153.03	110	1
3_MACS_peak_13541_lociStitched	chr19	2697239	2702678	3	5289	18241.8621	111	1
1_MACS_peak_11104_lociStitched	chr17	6915492	6920759	1	5268	28942.6917	112	1
3_MACS_peak_1814_lociStitched	chr1	154296566	154302055	3	5261	24744.412	113	1
4_MACS_peak_15519_lociStitched	chr2	33700206	33705646	4	5252	16464.704	114	1
2_MACS_peak_22385_lociStitched	chr4	185186464	185191748	2	5237	22386.7228	115	1
2_MACS_peak_8559_lociStitched	chr14	103365158	103370684	2	5231	34201.5192	116	1
4_MACS_peak_9131_lociStitched	chr15	63792782	63798264	4	5221	20878.7452	117	1
4_MACS_peak_6137_lociStitched	chr12	24690246	24695664	4	5215	13496.238	118	1
2_MACS_peak_5836_lociStitched	chr12	4224646	4230069	2	5210	30097.1077	119	1
9_MACS_peak_15933_lociStitched	chr2	65140476	65146477	9	5203	15154.9254	120	1
5_MACS_peak_19423_lociStitched	chr22	42145534	42150873	5	5188	20237.4795	121	1
4_MACS_peak_24493_lociStitched	chr6	33586821	33592207	4	5173	20381.1626	122	1
4_MACS_peak_1695_lociStitched	chr1	150581486	150586782	4	5168	15106.84	123	1
6_MACS_peak_6131_lociStitched	chr12	24683358	24689503	6	5161	14927.434	124	1
4_MACS_peak_66_lociStitched	chr1	1709281	1715075	4	5151	16100.3672	125	1
4_MACS_peak_18670_lociStitched	chr21	43480218	43486084	4	5150	18325.9706	126	1
3_MACS_peak_11724_lociStitched	chr17	38019571	38024826	3	5147	15706.6695	127	1
4_MACS_peak_9644_lociStitched	chr15	92395722	92401101	4	5144	15875.0427	128	1
7_MACS_peak_9121_lociStitched	chr15	63775555	63781050	7	5118	15024.9785	129	1
6_MACS_peak_16006_lociStitched	chr2	68650435	68655836	6	5106	14699.9017	130	1
6_MACS_peak_17694_lociStitched	chr20	9368229	9374274	6	5085	12880.686	131	1
4_MACS_peak_15408_lociStitched	chr2	25640358	25645719	4	5076	19259.9286	132	1
3_MACS_peak_1821_lociStitched	chr1	154375706	154381221	3	5073	16711.553	133	1
7_MACS_peak_3174_lociStitched	chr10	35065986	35072095	7	5070	14341.4884	134	1
4_MACS_peak_12950_lociStitched	chr18	20804090	20809952	4	5031	15674.4018	135	1
3_MACS_peak_9161_lociStitched	chr15	65183679	65189078	3	5026	20508.1015	136	1
4_MACS_peak_12264_lociStitched	chr17	61774120	61779311	4	5023	17328.5962	137	1
5_MACS_peak_17412_lociStitched	chr2	232570516	232576103	5	5022	23717.9324	138	1
6_MACS_peak_8709_lociStitched	chr15	31615846	31621959	6	5020	14530.601	139	1
3_MACS_peak_17917_lociStitched	chr20	32468221	32473752	3	5001	21417.1382	140	1
2_MACS_peak_24631_lociStitched	chr6	37015739	37020743	2	5000	20393.3016	141	1
4_MACS_peak_5738_lociStitched	chr11	130634558	130639710	4	4980	18332.8768	142	1
1_MACS_peak_14688_lociStitched	chr19	44284697	44289653	1	4957	18952.2396	143	1
2_MACS_peak_14808_lociStitched	chr19	47286905	47291886	2	4957	19605.7141	144	1
4_MACS_peak_14063_lociStitched	chr19	16434962	16440239	4	4957	20204.5776	145	1
6_MACS_peak_24691_lociStitched	chr6	39663818	39669323	6	4939	16310.214	146	1
5_MACS_peak_16453_lociStitched	chr2	111875141	111880692	5	4935	15622.7344	147	1
3_MACS_peak_12533_lociStitched	chr17	74257649	74263017	3	4926	18783.1688	148	1
6_MACS_peak_3846_lociStitched	chr10	112113671	112119141	6	4894	18832.663	149	1
3_MACS_peak_11404_lociStitched	chr17	21187169	21192338	3	4844	14994.2352	150	1
3_MACS_peak_23789_lociStitched	chr6	389000	394372	3	4833	21049.1076	151	1
3_MACS_peak_1647_lociStitched	chr1	149820850	149825786	3	4815	19809.1552	152	1
2_MACS_peak_18759_lociStitched	chr21	45576439	45581299	2	4806	21273.678	153	1
6_MACS_peak_318_lociStitched	chr1	17764563	17769605	6	4796	16767.171	154	1
1_MACS_peak_26408_lociStitched	chr7	92461235	92466025	1	4791	18616.335	155	1
3_MACS_peak_24708_lociStitched	chr6	40113503	40118309	3	4769	20457.7002	156	1
2_MACS_peak_9265_lociStitched	chr15	69109357	69114149	2	4765	18689.2792	157	1
2_MACS_peak_5657_lociStitched	chr11	126334026	126338875	2	4754	23394.0005	158	1
2_MACS_peak_16217_lociStitched	chr2	86261254	86266269	2	4754	18850.8835	159	1
6_MACS_peak_29349_lociStitched	chr9	134145489	134151537	6	4745	11748.24	160	1
2_MACS_peak_11248_lociStitched	chr17	16890387	16895282	2	4743	24772.1265	161	1
2_MACS_peak_11660_lociStitched	chr17	36596595	36601382	2	4729	19524.7369	162	1
4_MACS_peak_20211_lociStitched	chr3	52344039	52349735	4	4719	14429.6768	163	1
4_MACS_peak_15669_lociStitched	chr2	43450722	43455732	4	4713	19339.101	164	1
3_MACS_peak_15942_lociStitched	chr2	65157768	65162549	3	4699	16851.1126	165	1
1_MACS_peak_14459_lociStitched	chr19	38536042	38540731	1	4690	18369.1575	166	1
8_MACS_peak_19078_lociStitched	chr22	29193438	29199159	8	4687	12208.614	167	1
3_MACS_peak_14047_lociStitched	chr19	16186461	16191438	3	4685	18731.4372	168	1
5_MACS_peak_5701_lociStitched	chr11	128594460	128599629	5	4671	11982.2589	169	1
7_MACS_peak_7327_lociStitched	chr12	125401043	125406302	7	4671	11844.8457	170	1
3_MACS_peak_2171_lociStitched	chr1	167596665	167601500	3	4670	20145.0275	171	1
4_MACS_peak_26574_lociStitched	chr7	102070692	102075545	4	4650	15928.0313	172	1
5_MACS_peak_13973_lociStitched	chr19	13949504	13954723	5	4640	18298.8578	173	1
2_MACS_peak_1565_lociStitched	chr1	145434496	145439183	2	4636	17774.0414	174	1
2_MACS_peak_7868_lociStitched	chr13	114829537	114834260	2	4633	20750.5005	175	1
6_MACS_peak_3074_lociStitched	chr10	22628905	22634094	6	4629	16005.9894	176	1
3_MACS_peak_19320_lociStitched	chr22	39491938	39496940	3	4616	15798.3168	177	1
2_MACS_peak_5847_lociStitched	chr12	4379988	4384693	2	4607	23175.4185	178	1
3_MACS_peak_23409_lociStitched	chr5	141258066	141262929	3	4580	14033.6454	179	1
6_MACS_peak_3887_lociStitched	chr10	112622512	112628171	6	4578	12724.8274	180	1
2_MACS_peak_24826_lociStitched	chr6	43736771	43741361	2	4577	32321.862	181	1
1_MACS_peak_28712_lociStitched	chr9	66454640	66459213	1	4574	39012.263	182	1
3_MACS_peak_22450_lociStitched	chr4	186228448	186233376	3	4573	20792.7104	183	1
2_MACS_peak_1910_lociStitched	chr1	155947330	155951940	2	4570	15487.756	184	1
5_MACS_peak_18239_lociStitched	chr20	52196281	52201144	5	4569	11757.2751	185	1
6_MACS_peak_13216_lociStitched	chr18	56751136	56756480	6	4569	14320.3168	186	1
3_MACS_peak_2270_lociStitched	chr1	178572878	178577760	3	4565	17519.057	187	1
3_MACS_peak_16050_lociStitched	chr2	70311785	70316666	3	4548	25526.1657	188	1
3_MACS_peak_22411_lociStitched	chr4	185392804	185397387	3	4504	23865.0559	189	1
6_MACS_peak_27797_lociStitched	chr8	95958601	95963716	6	4503	17822.706	190	1
5_MACS_peak_5770_lociStitched	chr12	217681	222939	5	4497	11956.1662	191	1
3_MACS_peak_24528_lociStitched	chr6	34622438	34627038	3	4493	18607	192	1
4_MACS_peak_9396_lociStitched	chr15	75743548	75748807	4	4485	16050.9939	193	1
3_MACS_peak_4928_lociStitched	chr11	65624059	65628960	3	4484	18589.493	194	1
3_MACS_peak_26647_lociStitched	chr7	105816891	105821452	3	4483	16112.1886	195	1
4_MACS_peak_12384_lociStitched	chr17	66284670	66289597	4	4480	16887.7852	196	1
7_MACS_peak_15589_lociStitched	chr2	37582052	37587739	7	4475	11867.0629	197	1
2_MACS_peak_8787_lociStitched	chr15	38961921	38966448	2	4473	16275.0177	198	1
2_MACS_peak_21310_lociStitched	chr3	194022382	194027028	2	4463	13722.4256	199	1
1_MACS_peak_5439_lociStitched	chr11	111284984	111289443	1	4460	16140.6882	200	1
6_MACS_peak_29462_lociStitched	chr9	139792440	139797923	6	4422	16482.4463	201	1
4_MACS_peak_23353_lociStitched	chr5	139014926	139020011	4	4421	15052.1085	202	1
6_MACS_peak_1162_lociStitched	chr1	66797902	66802782	6	4418	10749.664	203	1
5_MACS_peak_11849_lociStitched	chr17	40828066	40833016	5	4412	13729.32	204	1
3_MACS_peak_12290_lociStitched	chr17	62158816	62163485	3	4407	15084.1383	205	1
5_MACS_peak_7641_lociStitched	chr13	49549316	49554197	5	4402	11614.8276	206	1
4_MACS_peak_75_lociStitched	chr1	1837868	1842481	4	4397	13872.2136	207	1
2_MACS_peak_12592_lociStitched	chr17	75446301	75451143	2	4394	12654.0828	208	1
4_MACS_peak_12816_lociStitched	chr18	2634569	2639429	4	4394	16367.994	209	1
3_MACS_peak_11088_lociStitched	chr17	5844431	5848954	3	4393	20305.5562	210	1
3_MACS_peak_4018_lociStitched	chr10	125863440	125867933	3	4391	14622.4685	211	1
5_MACS_peak_22163_lociStitched	chr4	141662094	141667363	5	4381	11980.1253	212	1
2_MACS_peak_1947_lociStitched	chr1	156457745	156462323	2	4376	14836.3824	213	1
2_MACS_peak_1839_lociStitched	chr1	154913283	154917889	2	4369	18259.5658	214	1
4_MACS_peak_27183_lociStitched	chr8	10822346	10827541	4	4364	12450.337	215	1
2_MACS_peak_24848_lociStitched	chr6	44229722	44234246	2	4347	28235.6412	216	1
4_MACS_peak_11038_lociStitched	chr17	4296904	4301571	4	4346	16909.0077	217	1
3_MACS_peak_1644_lociStitched	chr1	149811240	149815643	3	4344	18894.1536	218	1
4_MACS_peak_16279_lociStitched	chr2	89050760	89055745	4	4343	15984.4025	219	1
5_MACS_peak_2456_lociStitched	chr1	200987384	200992591	5	4320	11524.1324	220	1
4_MACS_peak_5962_lociStitched	chr12	9799691	9804500	4	4318	15807.183	221	1
6_MACS_peak_11351_lociStitched	chr17	19207595	19212216	6	4316	14997.9176	222	1
4_MACS_peak_104_lociStitched	chr1	2477061	2481851	4	4315	12086.128	223	1
3_MACS_peak_26619_lociStitched	chr7	104651614	104656102	3	4311	22190.4672	224	1
4_MACS_peak_13841_lociStitched	chr19	11199052	11203635	4	4301	12964.8487	225	1
6_MACS_peak_20882_lociStitched	chr3	141119218	141123863	6	4291	12648.335	226	1
3_MACS_peak_1570_lociStitched	chr1	145452552	145457324	3	4291	14533.6032	227	1
5_MACS_peak_814_lociStitched	chr1	40238816	40243642	5	4276	13410.9714	228	1
5_MACS_peak_367_lociStitched	chr1	21618679	21623427	5	4269	11303.0888	229	1
4_MACS_peak_12284_lociStitched	chr17	62151097	62155667	4	4255	14789.434	230	1
7_MACS_peak_26919_lociStitched	chr7	137708027	137713050	7	4236	10096.23	231	1
5_MACS_peak_20860_lociStitched	chr3	141085342	141090185	5	4229	12686.7228	232	1
2_MACS_peak_18755_lociStitched	chr21	45562758	45567020	2	4213	15769.4	233	1
3_MACS_peak_1835_lociStitched	chr1	154831167	154835562	3	4207	19141.104	234	1
7_MACS_peak_18933_lociStitched	chr22	23228796	23233784	7	4205	16460.4	235	1
2_MACS_peak_18716_lociStitched	chr21	44772287	44776690	2	4198	22353.5907	236	1
4_MACS_peak_29315_lociStitched	chr9	132647029	132651646	4	4198	12135.3228	237	1
3_MACS_peak_18546_lociStitched	chr21	34608392	34612633	3	4190	11859.9565	238	1
4_MACS_peak_25865_lociStitched	chr7	25763742	25768458	4	4184	12369.1248	239	1
3_MACS_peak_19501_lociStitched	chr22	45348795	45353186	3	4179	11501.3463	240	1
6_MACS_peak_15882_lociStitched	chr2	64438625	64443379	6	4173	14863.381	241	1
2_MACS_peak_27046_lociStitched	chr7	150100905	150105091	2	4167	13619.9882	242	1
2_MACS_peak_8569_lociStitched	chr14	103574596	103579200	2	4167	13962.0904	243	1
4_MACS_peak_20310_lociStitched	chr3	55691607	55696281	4	4162	11636.8578	244	1
5_MACS_peak_15114_lociStitched	chr19	56151094	56155597	5	4161	11667.273	245	1
4_MACS_peak_14915_lociStitched	chr19	49465203	49469792	4	4154	13691.2815	246	1
3_MACS_peak_26631_lociStitched	chr7	105446803	105450998	3	4150	9934.1795	247	1
3_MACS_peak_13693_lociStitched	chr19	6735640	6740279	3	4149	14403.1672	248	1
6_MACS_peak_13683_lociStitched	chr19	6575103	6579904	6	4133	12706.8067	249	1
3_MACS_peak_9257_lociStitched	chr15	68498950	68503313	3	4128	14097.2893	250	1
1_MACS_peak_24629_lociStitched	chr6	36971873	36975999	1	4127	19073.6728	251	1
1_MACS_peak_25115_lociStitched	chr6	90060825	90064945	1	4121	21240.66	252	1
3_MACS_peak_13493_lociStitched	chr19	2081704	2085960	3	4120	11818.4864	253	1
1_MACS_peak_24898_lociStitched	chr6	52399435	52403538	1	4104	18340.41	254	1
2_MACS_peak_12669_lociStitched	chr17	77964958	77969211	2	4099	16952.0327	255	1
4_MACS_peak_12090_lociStitched	chr17	48225651	48230017	4	4091	10536.0312	256	1
1_MACS_peak_26840_lociStitched	chr7	129588776	129592852	1	4077	15847.488	257	1
2_MACS_peak_4865_lociStitched	chr11	64899628	64903890	2	4066	18047.8652	258	1
4_MACS_peak_11465_lociStitched	chr17	27052085	27056559	4	4056	13953.5112	259	1
3_MACS_peak_1654_lociStitched	chr1	149856343	149860749	3	4049	16147.99	260	1
2_MACS_peak_24761_lociStitched	chr6	42712634	42716865	2	4048	21634.7954	261	1
6_MACS_peak_28916_lociStitched	chr9	96028244	96033201	6	4045	10572.7853	262	1
5_MACS_peak_13594_lociStitched	chr19	3983686	3988603	5	4044	12750.2727	263	1
1_MACS_peak_8630_lociStitched	chr14	106051768	106055809	1	4042	11477.2482	264	1
5_MACS_peak_11913_lociStitched	chr17	42294916	42299602	5	4040	14613.291	265	1
2_MACS_peak_26572_lociStitched	chr7	102064164	102068208	2	4036	20160.5532	266	1
4_MACS_peak_29344_lociStitched	chr9	134127520	134132476	4	4017	11585.6412	267	1
5_MACS_peak_18641_lociStitched	chr21	42161440	42165920	5	4011	11738.944	268	1
3_MACS_peak_24532_lociStitched	chr6	34639238	34643233	3	3995	17289.9605	269	1
4_MACS_peak_22031_lociStitched	chr4	113206054	113210877	4	3982	13003.7726	270	1
4_MACS_peak_16247_lociStitched	chr2	87795992	87800905	4	3975	11282.2132	271	1
4_MACS_peak_18718_lociStitched	chr21	44778819	44783180	4	3974	10932.1548	272	1
5_MACS_peak_2929_lociStitched	chr10	6796200	6800947	5	3959	10266.8116	273	1
6_MACS_peak_28086_lociStitched	chr8	126616120	126621032	6	3959	12745.6576	274	1
6_MACS_peak_3062_lociStitched	chr10	22610080	22614460	6	3956	10391.988	275	1
3_MACS_peak_13377_lociStitched	chr19	923455	927619	3	3953	12522.3972	276	1
4_MACS_peak_26820_lociStitched	chr7	128577239	128581557	4	3947	9897.7196	277	1
4_MACS_peak_4129_lociStitched	chr11	502915	507283	4	3946	18309.7824	278	1
2_MACS_peak_24415_lociStitched	chr6	32157038	32161013	2	3943	18566.43	279	1
3_MACS_peak_1970_lociStitched	chr1	156718114	156722379	3	3943	11492.0425	280	1
4_MACS_peak_24635_lociStitched	chr6	37068787	37073090	4	3942	15565.2419	281	1
2_MACS_peak_17395_lociStitched	chr2	232476572	232480607	2	3938	17248.818	282	1
3_MACS_peak_13355_lociStitched	chr19	659828	664033	3	3938	12895.894	283	1
3_MACS_peak_586_lociStitched	chr1	28831754	28835975	3	3929	12690.4365	284	1
4_MACS_peak_10175_lociStitched	chr16	23345237	23349344	4	3921	10286.3922	285	1
5_MACS_peak_22835_lociStitched	chr5	55882782	55887836	5	3921	17589.9416	286	1
2_MACS_peak_9145_lociStitched	chr15	64453943	64458156	2	3917	13018.5913	287	1
4_MACS_peak_24140_lociStitched	chr6	26195701	26200600	4	3913	12897.1074	288	1
1_MACS_peak_15945_lociStitched	chr2	65163826	65167737	1	3912	16181.3714	289	1
2_MACS_peak_3881_lociStitched	chr10	112600510	112604461	2	3903	13747.5045	290	1
6_MACS_peak_26393_lociStitched	chr7	92395178	92400231	6	3897	10408.1694	291	1
2_MACS_peak_11718_lociStitched	chr17	37909402	37913403	2	3888	26994.747	292	1
3_MACS_peak_24315_lociStitched	chr6	30582189	30586620	3	3873	19534.5066	293	1
5_MACS_peak_16730_lociStitched	chr2	149876668	149881103	5	3872	10910.987	294	1
4_MACS_peak_28628_lociStitched	chr9	37033641	37037999	4	3866	12330.961	295	1
4_MACS_peak_19578_lociStitched	chr22	48492025	48496028	4	3861	16867.0408	296	1
4_MACS_peak_19491_lociStitched	chr22	44419480	44423562	4	3857	12012.9178	297	1
5_MACS_peak_221_lociStitched	chr1	14025941	14030197	5	3853	10728.0992	298	1
3_MACS_peak_9221_lociStitched	chr15	68074268	68078269	3	3851	15170.9918	299	1
6_MACS_peak_10484_lociStitched	chr16	56963518	56968508	6	3851	13427.591	300	1
1_MACS_peak_10020_lociStitched	chr16	14399980	14403829	1	3850	15253.587	301	1
4_MACS_peak_15301_lociStitched	chr2	11886871	11891410	4	3848	9830.5662	302	1
1_MACS_peak_17805_lociStitched	chr20	25274932	25278776	1	3845	11829.91	303	1
2_MACS_peak_14371_lociStitched	chr19	35694734	35698711	2	3844	13744.1143	304	1
1_MACS_peak_9344_lociStitched	chr15	74917219	74921055	1	3837	13836.452	305	1
3_MACS_peak_16366_lociStitched	chr2	99102621	99106646	3	3837	15349.3375	306	1
2_MACS_peak_22401_lociStitched	chr4	185302496	185306496	2	3836	17152.8	307	1
2_MACS_peak_9388_lociStitched	chr15	75493176	75497081	2	3835	14161.4825	308	1
1_MACS_peak_11016_lociStitched	chr17	3816654	3820485	1	3832	12733.8609	309	1
1_MACS_peak_12518_lociStitched	chr17	73871333	73875149	1	3817	14792.724	310	1
3_MACS_peak_5475_lociStitched	chr11	115091183	115095235	3	3813	12365.8936	311	1
3_MACS_peak_799_lociStitched	chr1	39973921	39978089	3	3809	12541.512	312	1
3_MACS_peak_25031_lociStitched	chr6	74229694	74234017	3	3807	17584.2348	313	1
4_MACS_peak_5615_lociStitched	chr11	122931760	122936133	4	3807	14112.5456	314	1
4_MACS_peak_5188_lociStitched	chr11	73691247	73695066	4	3803	10858.1808	315	1
6_MACS_peak_18267_lociStitched	chr20	52353611	52358159	6	3801	10589.5632	316	1
2_MACS_peak_28396_lociStitched	chr9	5625986	5629906	2	3794	15130.808	317	1
7_MACS_peak_2557_lociStitched	chr1	205252922	205257229	7	3791	9157.1127	318	1
3_MACS_peak_16028_lociStitched	chr2	68991400	68995559	3	3787	13235.1857	319	1
5_MACS_peak_14905_lociStitched	chr19	49375620	49380245	5	3787	11329.8625	320	1
5_MACS_peak_16901_lociStitched	chr2	174853243	174857542	5	3784	9719.1792	321	1
5_MACS_peak_5996_lociStitched	chr12	9891932	9896399	5	3784	11389.9566	322	1
6_MACS_peak_4012_lociStitched	chr10	125850212	125855136	6	3781	11227.7048	323	1
1_MACS_peak_24809_lociStitched	chr6	43634996	43638761	1	3766	15105.933	324	1
2_MACS_peak_6244_lociStitched	chr12	31475752	31479640	2	3766	17961.3936	325	1
3_MACS_peak_6227_lociStitched	chr12	28012349	28016558	3	3764	14159.9178	326	1
4_MACS_peak_12310_lociStitched	chr17	62205095	62209083	4	3761	13991.1004	327	1
3_MACS_peak_5527_lociStitched	chr11	118659311	118663608	3	3759	16983.4628	328	1
2_MACS_peak_5168_lociStitched	chr11	72851613	72855399	2	3758	14961.5148	329	1
3_MACS_peak_15666_lociStitched	chr2	43445739	43449627	3	3751	12146.112	330	1
4_MACS_peak_15582_lociStitched	chr2	37574436	37578576	4	3751	9314.586	331	1
2_MACS_peak_8256_lociStitched	chr14	69259029	69263012	2	3745	9190.3742	332	1
5_MACS_peak_22684_lociStitched	chr5	32570858	32574991	5	3743	10060.9619	333	1
6_MACS_peak_2514_lociStitched	chr1	203292521	203297400	6	3742	9572.1101	334	1
2_MACS_peak_4106_lociStitched	chr11	267592	271642	2	3741	25066.665	335	1
5_MACS_peak_13023_lociStitched	chr18	33183007	33187632	5	3739	8165.9	336	1
1_MACS_peak_12389_lociStitched	chr17	66394332	66398065	1	3734	11877.6594	337	1
8_MACS_peak_29637_lociStitched	chrX	48771565	48776956	8	3726	9408.3732	338	1
3_MACS_peak_12915_lociStitched	chr18	13369194	13373224	3	3725	13292.552	339	1
4_MACS_peak_25599_lociStitched	chr6	158181417	158186077	4	3725	11877.874	340	1
5_MACS_peak_24128_lociStitched	chr6	26122310	26126604	5	3710	11217.6456	341	1
5_MACS_peak_27283_lociStitched	chr8	22297370	22302136	5	3705	12378.2552	342	1
4_MACS_peak_18302_lociStitched	chr20	55964431	55968391	4	3700	12230.46	343	1
4_MACS_peak_4763_lociStitched	chr11	62606178	62610514	4	3696	15610.0336	344	1
3_MACS_peak_18133_lociStitched	chr20	46043026	46046806	3	3692	9846.522	345	1
3_MACS_peak_22859_lociStitched	chr5	56110055	56113989	3	3683	14929.1366	346	1
3_MACS_peak_11110_lociStitched	chr17	7033949	7037700	3	3675	17655.957	347	1
2_MACS_peak_8725_lociStitched	chr15	31726744	31730520	2	3673	11537.1904	348	1
6_MACS_peak_27040_lociStitched	chr7	150075312	150079953	6	3673	10114.5954	349	1
2_MACS_peak_24611_lociStitched	chr6	36633547	36637229	2	3672	13893.2906	350	1
5_MACS_peak_9114_lociStitched	chr15	63765037	63769101	5	3671	12847.5232	351	1
2_MACS_peak_1524_lociStitched	chr1	143117723	143121669	2	3669	14847.2196	352	1
7_MACS_peak_21104_lociStitched	chr3	177075090	177079480	7	3655	11774.419	353	1
1_MACS_peak_10318_lociStitched	chr16	30195022	30198674	1	3653	18067.1744	354	1
3_MACS_peak_11408_lociStitched	chr17	21250268	21254382	3	3641	10329.0198	355	1
3_MACS_peak_5029_lociStitched	chr11	66884771	66888698	3	3633	12074.7396	356	1
5_MACS_peak_18019_lociStitched	chr20	37500787	37504999	5	3633	9486.2664	357	1
3_MACS_peak_14646_lociStitched	chr19	42771871	42775950	3	3628	14860.2049	358	1
6_MACS_peak_3838_lociStitched	chr10	111967890	111972070	6	3620	10056.662	359	1
1_MACS_peak_11000_lociStitched	chr17	3459572	3463189	1	3618	21696.2128	360	1
3_MACS_peak_14576_lociStitched	chr19	41221806	41225733	3	3618	10578.1599	361	1
3_MACS_peak_28882_lociStitched	chr9	93795548	93799441	3	3617	13027.9245	362	1
4_MACS_peak_10016_lociStitched	chr16	14394985	14399399	4	3616	10952.8996	363	1
5_MACS_peak_10287_lociStitched	chr16	29815967	29820255	5	3613	12777.3824	364	1
5_MACS_peak_21271_lociStitched	chr3	192608386	192612799	5	3606	9463.2372	365	1
2_MACS_peak_12394_lociStitched	chr17	66455463	66459230	2	3602	10639.8915	366	1
4_MACS_peak_15742_lociStitched	chr2	47546589	47550376	4	3602	10474.0846	367	1
4_MACS_peak_9568_lociStitched	chr15	89179288	89183371	4	3602	14297.4411	368	1
2_MACS_peak_12651_lociStitched	chr17	77784192	77787909	2	3598	14079.996	369	1
4_MACS_peak_28878_lociStitched	chr9	93733359	93737262	4	3591	11432.6676	370	1
3_MACS_peak_26883_lociStitched	chr7	134854026	134857733	3	3590	13990.5887	371	1
3_MACS_peak_6145_lociStitched	chr12	24713220	24717038	3	3589	14454.948	372	1
3_MACS_peak_4933_lociStitched	chr11	65655257	65659205	3	3582	9365.0508	373	1
5_MACS_peak_7618_lociStitched	chr13	46274211	46278153	5	3579	11868.5736	374	1
5_MACS_peak_24241_lociStitched	chr6	27859273	27863521	5	3578	9482.3856	375	1
4_MACS_peak_25901_lociStitched	chr7	26238852	26242632	4	3573	12447.162	376	1
4_MACS_peak_16782_lociStitched	chr2	158323943	158328157	4	3563	9624.3546	377	1
4_MACS_peak_25886_lociStitched	chr7	25987720	25991974	4	3561	12171.1194	378	1
3_MACS_peak_5924_lociStitched	chr12	7052224	7056203	3	3557	13158.553	379	1
3_MACS_peak_3244_lociStitched	chr10	45913933	45917868	3	3548	12953.233	380	1
7_MACS_peak_16973_lociStitched	chr2	182168813	182173845	7	3545	9190.4448	381	1
2_MACS_peak_22831_lociStitched	chr5	55774861	55778428	2	3540	15076.6389	382	1
4_MACS_peak_20664_lociStitched	chr3	121795671	121799907	4	3536	9144.6768	383	1
1_MACS_peak_2119_lociStitched	chr1	162600050	162603584	1	3535	12073.911	384	1
2_MACS_peak_4837_lociStitched	chr11	64630152	64634112	2	3530	13347.576	385	1
5_MACS_peak_5871_lociStitched	chr12	6552279	6556727	5	3526	11851.2512	386	1
2_MACS_peak_6608_lociStitched	chr12	57847683	57851257	2	3523	12493.9892	387	1
1_MACS_peak_1838_lociStitched	chr1	154908178	154911688	1	3511	17209.179	388	1
2_MACS_peak_5437_lociStitched	chr11	111247440	111251319	2	3511	15545.4804	389	1
3_MACS_peak_24646_lociStitched	chr6	37135906	37139789	3	3505	26132.9783	390	1
2_MACS_peak_24460_lociStitched	chr6	33280088	33283782	2	3496	14443.54	391	1
4_MACS_peak_5269_lociStitched	chr11	82679505	82683632	4	3495	13881.5772	392	1
3_MACS_peak_3586_lociStitched	chr10	90144675	90148336	3	3487	8198.4434	393	1
8_MACS_peak_6664_lociStitched	chr12	65059458	65064081	8	3486	8214.1464	394	1
3_MACS_peak_4003_lociStitched	chr10	125825806	125829613	3	3485	9316.8711	395	1
2_MACS_peak_17109_lociStitched	chr2	201980755	201984467	2	3484	13347.6096	396	1
1_MACS_peak_18974_lociStitched	chr22	23497984	23501464	1	3481	12933.42	397	1
3_MACS_peak_13992_lociStitched	chr19	14182318	14185935	3	3475	9747.4533	398	1
5_MACS_peak_13418_lociStitched	chr19	1258885	1262952	5	3473	9458.2152	399	1
1_MACS_peak_13949_lociStitched	chr19	13213200	13216669	1	3470	14226.7159	400	1
6_MACS_peak_3487_lociStitched	chr10	78934649	78938441	6	3469	7708.7568	401	1
4_MACS_peak_15901_lociStitched	chr2	64551891	64555730	4	3468	11682.8448	402	1
3_MACS_peak_23784_lociStitched	chr6	326651	330280	3	3465	14214.4301	403	1
6_MACS_peak_5966_lociStitched	chr12	9820148	9824455	6	3464	9321.2094	404	1
5_MACS_peak_26613_lociStitched	chr7	104582999	104586672	5	3461	12049.6438	405	1
6_MACS_peak_226_lociStitched	chr1	14054650	14058749	6	3458	9533.8641	406	1
2_MACS_peak_3439_lociStitched	chr10	74078411	74081913	2	3457	14003.0972	407	1
4_MACS_peak_14566_lociStitched	chr19	41105900	41109836	4	3452	9320.0544	408	1
4_MACS_peak_16243_lociStitched	chr2	87783235	87787061	4	3447	10834.4668	409	1
2_MACS_peak_13652_lociStitched	chr19	5717959	5721416	2	3444	12385.0482	410	1
3_MACS_peak_1663_lociStitched	chr1	150131093	150134808	3	3442	12709.758	411	1
6_MACS_peak_23764_lociStitched	chr5	180670031	180674345	6	3442	7845.4404	412	1
4_MACS_peak_625_lociStitched	chr1	31226919	31231313	4	3432	9713.8158	413	1
6_MACS_peak_26556_lociStitched	chr7	101948060	101951956	6	3431	10997.2392	414	1
3_MACS_peak_6614_lociStitched	chr12	57913139	57916862	3	3430	14281.8003	415	1
3_MACS_peak_11384_lociStitched	chr17	20944022	20947919	3	3430	12631.3461	416	1
1_MACS_peak_22400_lociStitched	chr4	185273182	185276608	1	3427	16737.723	417	1
2_MACS_peak_17796_lociStitched	chr20	25036058	25039675	2	3426	14822.466	418	1
5_MACS_peak_15089_lociStitched	chr19	55894686	55898404	5	3425	10991.1516	419	1
3_MACS_peak_11651_lociStitched	chr17	36570611	36574384	3	3425	18166.995	420	1
3_MACS_peak_15896_lociStitched	chr2	64499207	64503002	3	3423	10807.0215	421	1
3_MACS_peak_28364_lociStitched	chr9	3524864	3528783	3	3420	13304.6131	422	1
3_MACS_peak_24390_lociStitched	chr6	31800621	31804349	3	3419	12338.5616	423	1
3_MACS_peak_23740_lociStitched	chr5	179245376	179248887	3	3415	9919.9794	424	1
3_MACS_peak_12505_lociStitched	chr17	73779861	73783425	3	3415	15683.382	425	1
4_MACS_peak_19534_lociStitched	chr22	46464699	46468716	4	3413	14828.7555	426	1
6_MACS_peak_4065_lociStitched	chr10	134232060	134236237	6	3407	10626.7057	427	1
3_MACS_peak_24560_lociStitched	chr6	35268593	35272430	3	3406	9365.7333	428	1
3_MACS_peak_19596_lociStitched	chr22	50353137	50356751	3	3405	12885.3556	429	1
5_MACS_peak_30075_lociStitched	chrX	153189882	153194259	5	3405	10019.3907	430	1
5_MACS_peak_5696_lociStitched	chr11	128587792	128592044	5	3398	8469.1336	431	1
5_MACS_peak_5595_lociStitched	chr11	122584445	122588338	5	3392	7768.4815	432	1
6_MACS_peak_17047_lociStitched	chr2	192540157	192544505	6	3389	8396.4228	433	1
5_MACS_peak_11816_lociStitched	chr17	40335283	40339525	5	3388	9221.6838	434	1
2_MACS_peak_11781_lociStitched	chr17	39821352	39824854	2	3387	15034.086	435	1
2_MACS_peak_12122_lociStitched	chr17	48904984	48908382	2	3382	10865.7846	436	1
4_MACS_peak_9338_lociStitched	chr15	74832346	74836616	4	3382	8540.427	437	1
2_MACS_peak_14078_lociStitched	chr19	16491555	16494991	2	3381	11273.8596	438	1
2_MACS_peak_5039_lociStitched	chr11	67054309	67057899	2	3374	13051.804	439	1
4_MACS_peak_15484_lociStitched	chr2	28612843	28616869	4	3374	9939.7914	440	1
1_MACS_peak_24727_lociStitched	chr6	41672686	41676057	1	3372	16076.9732	441	1
1_MACS_peak_24368_lociStitched	chr6	31631398	31634768	1	3371	15089.512	442	1
3_MACS_peak_3433_lociStitched	chr10	74031870	74035518	3	3371	12034.3872	443	1
1_MACS_peak_9661_lociStitched	chr15	93361080	93364436	1	3357	10774.1024	444	1
3_MACS_peak_15362_lociStitched	chr2	20422035	20425774	3	3356	11287.6671	445	1
1_MACS_peak_5753_lociStitched	chr11	130716121	130719470	1	3350	10478.6861	446	1
3_MACS_peak_28467_lociStitched	chr9	20620638	20624270	3	3350	10415.1232	447	1
5_MACS_peak_1689_lociStitched	chr1	150549146	150553210	5	3350	16143.8336	448	1
3_MACS_peak_25999_lociStitched	chr7	39988110	39991722	3	3349	9933.7224	449	1
5_MACS_peak_484_lociStitched	chr1	26437052	26441150	5	3345	10388.8398	450	1
4_MACS_peak_750_lociStitched	chr1	37940125	37944209	4	3338	8335.0356	451	1
5_MACS_peak_9988_lociStitched	chr16	11874569	11878713	5	3337	9536.5872	452	1
2_MACS_peak_18131_lociStitched	chr20	46039067	46042435	2	3334	8221.288	453	1
3_MACS_peak_11738_lociStitched	chr17	38251696	38255374	3	3334	10842.744	454	1
2_MACS_peak_19637_lociStitched	chr22	50967903	50971277	2	3326	17212.461	455	1
4_MACS_peak_22442_lociStitched	chr4	186124348	186127763	4	3319	8736.936	456	1
3_MACS_peak_11482_lociStitched	chr17	27275866	27279481	3	3317	10594.842	457	1
3_MACS_peak_19212_lociStitched	chr22	37765526	37768855	3	3316	13371.5943	458	1
2_MACS_peak_22374_lociStitched	chr4	183837722	183841036	2	3314	18043.4044	459	1
3_MACS_peak_13506_lociStitched	chr19	2255254	2259070	3	3311	11239.6464	460	1
4_MACS_peak_24157_lociStitched	chr6	26271045	26274840	4	3309	10419.9315	461	1
5_MACS_peak_15638_lociStitched	chr2	39694434	39698216	5	3307	6864.33	462	1
2_MACS_peak_24464_lociStitched	chr6	33289373	33292827	2	3306	15806.1948	463	1
3_MACS_peak_5279_lociStitched	chr11	82780400	82784288	3	3303	10100.6352	464	1
6_MACS_peak_24945_lociStitched	chr6	56630631	56634780	6	3299	9398.7297	465	1
2_MACS_peak_24816_lociStitched	chr6	43681717	43685310	2	3297	16431.8669	466	1
5_MACS_peak_22521_lociStitched	chr5	1342219	1345910	5	3295	9057.3449	467	1
5_MACS_peak_24521_lociStitched	chr6	34450972	34454478	5	3294	13511.0722	468	1
5_MACS_peak_10003_lociStitched	chr16	12056726	12060319	5	3290	11048.8343	469	1
2_MACS_peak_14388_lociStitched	chr19	36132647	36136027	2	3287	9710.064	470	1
2_MACS_peak_13496_lociStitched	chr19	2087275	2090869	2	3282	14401.8768	471	1
5_MACS_peak_4090_lociStitched	chr10	135201888	135205496	5	3282	8593.5344	472	1
3_MACS_peak_3730_lociStitched	chr10	102756006	102759378	3	3281	7778.8668	473	1
4_MACS_peak_7095_lociStitched	chr12	112449484	112453073	4	3263	12754.5882	474	1
3_MACS_peak_18965_lociStitched	chr22	23478205	23481583	3	3257	10905.1974	475	1
2_MACS_peak_1985_lociStitched	chr1	157479605	157482923	2	3254	11579.4882	476	1
5_MACS_peak_17962_lociStitched	chr20	34328992	34332673	5	3254	10967.9076	477	1
2_MACS_peak_14256_lociStitched	chr19	19771978	19775237	2	3252	12481.3182	478	1
2_MACS_peak_21247_lociStitched	chr3	186781565	186784879	2	3250	8912.6716	479	1
5_MACS_peak_14963_lociStitched	chr19	50178477	50182144	5	3250	11541.1491	480	1
2_MACS_peak_4812_lociStitched	chr11	64036191	64039502	2	3246	10049.2161	481	1
2_MACS_peak_11292_lociStitched	chr17	17860472	17863836	2	3243	11604.118	482	1
4_MACS_peak_18549_lociStitched	chr21	34638382	34641892	4	3243	7775.352	483	1
4_MACS_peak_28979_lociStitched	chr9	100744858	100748405	4	3242	12706.7728	484	1
1_MACS_peak_12587_lociStitched	chr17	75435215	75438455	1	3241	10653.444	485	1
7_MACS_peak_21945_lociStitched	chr4	105391334	105395551	7	3239	7495.2958	486	1
3_MACS_peak_22754_lociStitched	chr5	42991506	42995116	3	3233	10128.577	487	1
3_MACS_peak_24714_lociStitched	chr6	41039058	41042475	3	3228	15076.8291	488	1
3_MACS_peak_24234_lociStitched	chr6	27804268	27807644	3	3225	13902.368	489	1
2_MACS_peak_13386_lociStitched	chr19	1025920	1029194	2	3223	8913.7924	490	1
2_MACS_peak_18064_lociStitched	chr20	42309081	42312311	2	3220	17506.277	491	1
2_MACS_peak_20295_lociStitched	chr3	55652821	55656057	2	3215	6986.524	492	1
5_MACS_peak_25116_lociStitched	chr6	90065634	90069533	5	3213	9414.9153	493	1
3_MACS_peak_15845_lociStitched	chr2	61763296	61766604	3	3211	11086.4312	494	1
2_MACS_peak_15894_lociStitched	chr2	64487241	64490656	2	3209	7616.133	495	1
2_MACS_peak_15740_lociStitched	chr2	47536113	47539335	2	3206	12947.607	496	1
3_MACS_peak_28213_lociStitched	chr8	143718428	143721802	3	3205	14179.5724	497	1
4_MACS_peak_25830_lociStitched	chr7	23507638	23511583	4	3198	9768.2145	498	1
2_MACS_peak_9612_lociStitched	chr15	90732939	90736144	2	3194	10323.6255	499	1
3_MACS_peak_20038_lociStitched	chr3	45635018	45638460	3	3193	8876.5738	500	1
4_MACS_peak_23776_lociStitched	chr6	304366	307832	4	3193	11167.7986	501	1
3_MACS_peak_22723_lociStitched	chr5	37798840	37802287	3	3189	12016.5867	502	1
3_MACS_peak_8642_lociStitched	chr14	106172284	106175840	3	3186	10078.0596	503	1
1_MACS_peak_13572_lociStitched	chr19	3178192	3181375	1	3184	14740.1547	504	1
2_MACS_peak_16778_lociStitched	chr2	158295818	158299460	2	3183	9134.136	505	1
3_MACS_peak_3219_lociStitched	chr10	43902536	43905857	3	3182	11882.538	506	1
6_MACS_peak_4420_lociStitched	chr11	23590409	23594558	6	3181	6420.5775	507	1
7_MACS_peak_27532_lociStitched	chr8	54931082	54935388	7	3178	7482.5362	508	1
3_MACS_peak_16420_lociStitched	chr2	106412025	106415383	3	3177	8545.7742	509	1
3_MACS_peak_3252_lociStitched	chr10	45955579	45959184	3	3176	7600.782	510	1
1_MACS_peak_11301_lociStitched	chr17	18085296	18088468	1	3173	13826.748	511	1
5_MACS_peak_29170_lociStitched	chr9	127630192	127633658	5	3173	9402.9114	512	1
1_MACS_peak_13601_lociStitched	chr19	4058842	4062012	1	3171	10807.798	513	1
3_MACS_peak_4100_lociStitched	chr11	206425	209697	3	3168	12950.9032	514	1
5_MACS_peak_15888_lociStitched	chr2	64447581	64451616	5	3168	8685.741	515	1
1_MACS_peak_9476_lociStitched	chr15	81291824	81294990	1	3167	12693.4438	516	1
3_MACS_peak_7906_lociStitched	chr14	21149941	21153258	3	3164	10952.4023	517	1
3_MACS_peak_13937_lociStitched	chr19	13048051	13051679	3	3164	8592.918	518	1
3_MACS_peak_8715_lociStitched	chr15	31637022	31640273	3	3160	9750.3992	519	1
3_MACS_peak_13435_lociStitched	chr19	1406126	1409633	3	3158	9737.1855	520	1
1_MACS_peak_8529_lociStitched	chr14	102289174	102292330	1	3157	10396.8108	521	1
3_MACS_peak_15755_lociStitched	chr2	48131357	48134650	3	3151	10126.9629	522	1
4_MACS_peak_28189_lociStitched	chr8	141520850	141524367	4	3149	8937.0487	523	1
1_MACS_peak_2277_lociStitched	chr1	179049654	179052800	1	3147	14687.101	524	1
3_MACS_peak_26051_lociStitched	chr7	44788145	44791594	3	3146	10236.632	525	1
2_MACS_peak_22379_lociStitched	chr4	184424417	184427635	2	3145	10576.9224	526	1
5_MACS_peak_23445_lociStitched	chr5	142781520	142785553	5	3137	8149.8864	527	1
3_MACS_peak_18711_lociStitched	chr21	44731198	44734520	3	3134	9650.41	528	1
5_MACS_peak_24035_lociStitched	chr6	16759430	16762945	5	3132	9457.8105	529	1
4_MACS_peak_9282_lociStitched	chr15	70326560	70330152	4	3132	8770.2272	530	1
3_MACS_peak_5592_lociStitched	chr11	122566673	122569863	3	3130	10927.664	531	1
5_MACS_peak_27515_lociStitched	chr8	52810795	52814897	5	3129	9546.9948	532	1
3_MACS_peak_19683_lociStitched	chr3	5227580	5231068	3	3122	9404.6944	533	1
3_MACS_peak_24805_lociStitched	chr6	43596138	43599532	3	3119	16753.1234	534	1
5_MACS_peak_8126_lociStitched	chr14	50465970	50470570	5	3118	8335.2	535	1
4_MACS_peak_9632_lociStitched	chr15	91473029	91476238	4	3114	9253.4724	536	1
2_MACS_peak_4063_lociStitched	chr10	134210700	134213887	2	3111	7972.5992	537	1
4_MACS_peak_24237_lociStitched	chr6	27831673	27835354	4	3110	8464.0914	538	1
6_MACS_peak_27211_lociStitched	chr8	12610169	12613905	6	3107	7047.964	539	1
5_MACS_peak_5066_lociStitched	chr11	67272223	67276588	5	3105	10378.224	540	1
2_MACS_peak_7932_lociStitched	chr14	23024572	23027763	2	3097	10372.9837	541	1
2_MACS_peak_19330_lociStitched	chr22	39539945	39543090	2	3093	12404.509	542	1
2_MACS_peak_15357_lociStitched	chr2	20411234	20414499	2	3092	10821.8425	543	1
3_MACS_peak_10305_lociStitched	chr16	30074915	30078090	3	3091	10998.5175	544	1
3_MACS_peak_19292_lociStitched	chr22	39266918	39270347	3	3091	12579.6294	545	1
1_MACS_peak_24404_lociStitched	chr6	31938106	31941193	1	3088	18214.8435	546	1
5_MACS_peak_12622_lociStitched	chr17	76775549	76779229	5	3088	9075.248	547	1
2_MACS_peak_5087_lociStitched	chr11	67775185	67778323	2	3087	12426.48	548	1
3_MACS_peak_18277_lociStitched	chr20	52531162	52534544	3	3086	7057.8958	549	1
3_MACS_peak_15949_lociStitched	chr2	65214849	65218117	3	3084	13097.8172	550	1
4_MACS_peak_5006_lociStitched	chr11	66567215	66570484	4	3082	8723.9803	551	1
2_MACS_peak_22249_lociStitched	chr4	153455750	153458963	2	3081	10893.9978	552	1
3_MACS_peak_10186_lociStitched	chr16	23566442	23569719	3	3079	9275.2208	553	1
3_MACS_peak_1667_lociStitched	chr1	150205916	150209462	3	3078	11734.0686	554	1
3_MACS_peak_15705_lociStitched	chr2	46767368	46771126	3	3078	9818.1508	555	1
4_MACS_peak_22908_lociStitched	chr5	61530704	61533821	4	3065	8102.9532	556	1
3_MACS_peak_8512_lociStitched	chr14	100840868	100844166	3	3065	12185.7802	557	1
3_MACS_peak_11944_lociStitched	chr17	43224173	43227741	3	3064	10641.56	558	1
7_MACS_peak_8477_lociStitched	chr14	95983093	95986906	7	3063	6730.7076	559	1
2_MACS_peak_10245_lociStitched	chr16	28833544	28836656	2	3058	13831.9064	560	1
2_MACS_peak_19355_lociStitched	chr22	39915054	39918195	2	3057	16781.4207	561	1
2_MACS_peak_18127_lociStitched	chr20	45984629	45987807	2	3057	12847.7006	562	1
3_MACS_peak_6248_lociStitched	chr12	31737953	31741359	3	3054	7729.917	563	1
1_MACS_peak_23957_lociStitched	chr6	11804506	11807557	1	3052	10334.3472	564	1
3_MACS_peak_28531_lociStitched	chr9	33165357	33168526	3	3052	8846.5804	565	1
2_MACS_peak_1952_lociStitched	chr1	156468712	156471802	2	3050	12278.115	566	1
3_MACS_peak_10944_lociStitched	chr17	1618563	1621885	3	3050	11861.5332	567	1
3_MACS_peak_12824_lociStitched	chr18	2654250	2657445	3	3048	13676.517	568	1
3_MACS_peak_27488_lociStitched	chr8	42945705	42949155	3	3047	7917.06	569	1
3_MACS_peak_1925_lociStitched	chr1	156119399	156122770	3	3046	7728.0175	570	1
6_MACS_peak_15625_lociStitched	chr2	39324711	39328545	6	3043	7335.2088	571	1
2_MACS_peak_22615_lociStitched	chr5	14224463	14227532	2	3039	10412.5032	572	1
3_MACS_peak_3593_lociStitched	chr10	90749902	90753508	3	3039	8972.8098	573	1
3_MACS_peak_1863_lociStitched	chr1	155106270	155109763	3	3037	13944.7546	574	1
2_MACS_peak_16676_lociStitched	chr2	136889035	136892093	2	3031	7954.4696	575	1
2_MACS_peak_9663_lociStitched	chr15	93373971	93377004	2	3029	8856.36	576	1
3_MACS_peak_19838_lociStitched	chr3	16925220	16928354	3	3023	9213.3332	577	1
2_MACS_peak_22456_lociStitched	chr4	186261367	186264547	2	3022	9562.26	578	1
4_MACS_peak_9897_lociStitched	chr16	4663976	4667249	4	3022	8185.4457	579	1
2_MACS_peak_28130_lociStitched	chr8	128806294	128809436	2	3021	11470.8136	580	1
3_MACS_peak_11029_lociStitched	chr17	4267858	4270990	3	3020	12217.932	581	1
2_MACS_peak_16471_lociStitched	chr2	112208751	112211800	2	3018	7488.344	582	1
5_MACS_peak_2812_lociStitched	chr1	234746048	234749420	5	3017	7379.622	583	1
3_MACS_peak_5883_lociStitched	chr12	6641450	6645012	3	3016	8905.3562	584	1
4_MACS_peak_29219_lociStitched	chr9	130677371	130680934	4	3016	8878.6397	585	1
1_MACS_peak_9279_lociStitched	chr15	70271063	70274075	1	3013	8880.2796	586	1
3_MACS_peak_9020_lociStitched	chr15	52756255	52759353	3	3010	9187.119	587	1
3_MACS_peak_6799_lociStitched	chr12	89745101	89748351	3	3010	8549.125	588	1
3_MACS_peak_5078_lociStitched	chr11	67395876	67399110	3	3007	9164.1858	589	1
2_MACS_peak_6716_lociStitched	chr12	69200735	69204086	2	3003	14019.5787	590	1
1_MACS_peak_11229_lociStitched	chr17	16118085	16121085	1	3001	13241.1	591	1
1_MACS_peak_4950_lociStitched	chr11	65793143	65796141	1	2999	8816.5184	592	1
3_MACS_peak_6878_lociStitched	chr12	96792499	96795733	3	2998	10190.0106	593	1
5_MACS_peak_21099_lociStitched	chr3	176914068	176917635	5	2998	8942.1123	594	1
5_MACS_peak_10982_lociStitched	chr17	2302355	2305929	5	2997	8541.1452	595	1
4_MACS_peak_14180_lociStitched	chr19	18390219	18393860	4	2997	12345.5387	596	1
5_MACS_peak_22878_lociStitched	chr5	59060494	59064756	5	2997	8015.5434	597	1
3_MACS_peak_10927_lociStitched	chr17	1388181	1391424	3	2993	7972.9155	598	1
4_MACS_peak_28123_lociStitched	chr8	128746956	128750229	4	2992	8555.622	599	1
4_MACS_peak_3761_lociStitched	chr10	104153422	104156913	4	2991	11027.0217	600	1
3_MACS_peak_15759_lociStitched	chr2	48540102	48543438	3	2990	9413.1912	601	1
4_MACS_peak_26549_lociStitched	chr7	101927842	101931652	4	2988	8240.649	602	1
1_MACS_peak_22462_lociStitched	chr4	186315499	186318485	1	2987	14183.2014	603	1
2_MACS_peak_14756_lociStitched	chr19	46009378	46012509	2	2986	6737.2858	604	1
4_MACS_peak_22605_lociStitched	chr5	14211778	14215006	4	2984	9196.572	605	1
6_MACS_peak_9005_lociStitched	chr15	52310950	52314494	6	2984	8436.492	606	1
3_MACS_peak_12221_lociStitched	chr17	57922303	57925495	3	2980	9988.0872	607	1
1_MACS_peak_19345_lociStitched	chr22	39841796	39844774	1	2979	12600.5136	608	1
3_MACS_peak_8704_lociStitched	chr15	31546545	31549746	3	2977	9583.4739	609	1
2_MACS_peak_7864_lociStitched	chr13	114563772	114566876	2	2976	6735.3696	610	1
3_MACS_peak_18555_lociStitched	chr21	34702251	34705729	3	2974	10757.1062	611	1
2_MACS_peak_16478_lociStitched	chr2	112250410	112253565	2	2970	9464.6845	612	1
2_MACS_peak_15184_lociStitched	chr19	58896449	58899516	2	2969	17499.9953	613	1
2_MACS_peak_13533_lociStitched	chr19	2620239	2623314	2	2969	9447.3225	614	1
3_MACS_peak_9380_lociStitched	chr15	75360562	75363721	3	2968	7666.5771	615	1
3_MACS_peak_21921_lociStitched	chr4	103747321	103750601	3	2968	13722.536	616	1
3_MACS_peak_2064_lociStitched	chr1	161144861	161147880	3	2967	11278.3802	617	1
1_MACS_peak_16238_lociStitched	chr2	87754360	87757325	1	2966	10353.4835	618	1
3_MACS_peak_5992_lociStitched	chr12	9881267	9884569	3	2964	7710.5002	619	1
4_MACS_peak_15445_lociStitched	chr2	27374942	27378328	4	2964	6020.6466	620	1
3_MACS_peak_4440_lociStitched	chr11	23621096	23624615	3	2963	6364.8153	621	1
5_MACS_peak_17612_lociStitched	chr20	3776080	3779943	5	2962	7172.0458	622	1
3_MACS_peak_11379_lociStitched	chr17	20769512	20772786	3	2961	7134.046	623	1
4_MACS_peak_7568_lociStitched	chr13	41237681	41241624	4	2961	7946.3279	624	1
2_MACS_peak_10134_lociStitched	chr16	21529453	21532415	2	2960	14209.3064	625	1
3_MACS_peak_20942_lociStitched	chr3	152878029	152881326	3	2960	8769.6903	626	1
4_MACS_peak_15728_lociStitched	chr2	47167140	47170850	4	2960	8886.934	627	1
5_MACS_peak_10859_lociStitched	chr16	89043016	89046086	5	2958	6432.264	628	1
3_MACS_peak_29902_lociStitched	chrX	123093053	123096835	3	2957	8725.8304	629	1
4_MACS_peak_22417_lociStitched	chr4	185434709	185437967	4	2954	8888.1498	630	1
2_MACS_peak_13481_lociStitched	chr19	1940088	1943326	2	2953	8870.501	631	1
3_MACS_peak_16596_lociStitched	chr2	128585829	128589245	3	2944	10227.1624	632	1
3_MACS_peak_19769_lociStitched	chr3	13372166	13375258	3	2941	8570.7148	633	1
4_MACS_peak_14943_lociStitched	chr19	49998774	50002130	4	2940	8121.52	634	1
1_MACS_peak_24599_lociStitched	chr6	36560672	36563608	1	2937	12296.8488	635	1
2_MACS_peak_1093_lociStitched	chr1	59248115	59251388	2	2936	7727.2257	636	1
2_MACS_peak_14820_lociStitched	chr19	47614140	47617125	2	2934	16330.935	637	1
3_MACS_peak_26659_lociStitched	chr7	106064406	106067545	3	2933	10833.3168	638	1
2_MACS_peak_5102_lociStitched	chr11	68038125	68041204	2	2932	13160.2618	639	1
4_MACS_peak_24472_lociStitched	chr6	33358520	33362040	4	2932	8084.032	640	1
6_MACS_peak_6970_lociStitched	chr12	106640687	106644323	6	2931	7793.0388	641	1
5_MACS_peak_6221_lociStitched	chr12	27974256	27978244	5	2931	8924.3464	642	1
6_MACS_peak_21957_lociStitched	chr4	105401280	105404611	6	2930	5605.4068	643	1
3_MACS_peak_1847_lociStitched	chr1	154945309	154948838	3	2930	11255.7455	644	1
1_MACS_peak_4801_lociStitched	chr11	63973050	63975978	1	2929	9825.1968	645	1
2_MACS_peak_2507_lociStitched	chr1	203267850	203270822	2	2929	8817.0324	646	1
2_MACS_peak_20109_lociStitched	chr3	49057357	49060416	2	2926	9682.0409	647	1
2_MACS_peak_2509_lociStitched	chr1	203273540	203276652	2	2921	10675.4048	648	1
1_MACS_peak_19205_lociStitched	chr22	37624832	37627750	1	2919	11363.2756	649	1
5_MACS_peak_8121_lociStitched	chr14	50436931	50440212	5	2916	6364.1557	650	1
4_MACS_peak_11283_lociStitched	chr17	17798837	17802122	4	2915	9915.1155	651	1
4_MACS_peak_21366_lociStitched	chr3	196358622	196361787	4	2913	7528.902	652	1
3_MACS_peak_3582_lociStitched	chr10	89621369	89624656	3	2911	8848.9327	653	1
5_MACS_peak_9810_lociStitched	chr16	2202770	2206406	5	2910	6546.618	654	1
5_MACS_peak_1573_lociStitched	chr1	145469804	145473758	5	2910	7794.9156	655	1
3_MACS_peak_5724_lociStitched	chr11	130049282	130052484	3	2907	7306.3236	656	1
1_MACS_peak_24486_lociStitched	chr6	33537508	33540413	1	2906	11663.2845	657	1
3_MACS_peak_23561_lociStitched	chr5	156911871	156915078	3	2905	8274.3807	658	1
3_MACS_peak_18693_lociStitched	chr21	44526835	44529985	3	2901	7576.065	659	1
3_MACS_peak_2329_lociStitched	chr1	183439485	183442428	3	2898	12465.3708	660	1
3_MACS_peak_21907_lociStitched	chr4	102266803	102270072	3	2894	9722.006	661	1
4_MACS_peak_18208_lociStitched	chr20	49131033	49134366	4	2893	6631.0035	662	1
3_MACS_peak_27863_lociStitched	chr8	101962855	101966011	3	2890	10851.2748	663	1
1_MACS_peak_7880_lociStitched	chr13	115045344	115048230	1	2887	12431.7336	664	1
3_MACS_peak_14592_lociStitched	chr19	41831874	41834946	3	2887	8117.4528	665	1
1_MACS_peak_24719_lociStitched	chr6	41167008	41169893	1	2886	13112.0365	666	1
2_MACS_peak_6338_lociStitched	chr12	46660990	46663884	2	2886	10872.4686	667	1
3_MACS_peak_26956_lociStitched	chr7	139929300	139932263	3	2886	10644.2812	668	1
3_MACS_peak_15579_lociStitched	chr2	37569842	37573359	3	2884	10521.8089	669	1
5_MACS_peak_16884_lociStitched	chr2	173419459	173422980	5	2883	7201.5013	670	1
2_MACS_peak_13250_lociStitched	chr18	60808280	60811177	2	2878	8513.1242	671	1
3_MACS_peak_4748_lociStitched	chr11	62493637	62496682	3	2878	8082.039	672	1
3_MACS_peak_3148_lociStitched	chr10	31607057	31610124	3	2876	8536.3811	673	1
4_MACS_peak_29648_lociStitched	chrX	48794623	48798213	4	2874	6520.517	674	1
1_MACS_peak_24312_lociStitched	chr6	30523141	30526012	1	2872	19137.7989	675	1
2_MACS_peak_27298_lociStitched	chr8	22830943	22833986	2	2871	8734.6272	676	1
3_MACS_peak_24581_lociStitched	chr6	36097600	36100564	3	2870	16982.5344	677	1
5_MACS_peak_25249_lociStitched	chr6	108878499	108881988	5	2870	8458.7316	678	1
2_MACS_peak_22106_lociStitched	chr4	128980932	128983809	2	2867	9355.7163	679	1
3_MACS_peak_28537_lociStitched	chr9	33288714	33291583	3	2866	14814.0815	680	1
2_MACS_peak_16543_lociStitched	chr2	120068543	120071450	2	2865	6778.2519	681	1
3_MACS_peak_15804_lociStitched	chr2	55379299	55382370	3	2864	7938.8421	682	1
2_MACS_peak_4767_lociStitched	chr11	62622192	62625172	2	2862	9005.858	683	1
2_MACS_peak_26459_lociStitched	chr7	98976780	98979680	2	2861	8874.87	684	1
4_MACS_peak_27900_lociStitched	chr8	103668510	103671551	4	2861	6787.8161	685	1
4_MACS_peak_14680_lociStitched	chr19	44257223	44260237	4	2860	9219.826	686	1
3_MACS_peak_9051_lociStitched	chr15	56535207	56538333	3	2858	9320.169	687	1
3_MACS_peak_14940_lociStitched	chr19	49990264	49993406	3	2856	10392.7934	688	1
3_MACS_peak_7663_lociStitched	chr13	50697559	50700679	3	2852	11252.904	689	1
4_MACS_peak_5383_lociStitched	chr11	102186297	102189581	4	2850	6849.4388	690	1
3_MACS_peak_3669_lociStitched	chr10	98029754	98033259	3	2849	7715.5565	691	1
3_MACS_peak_13823_lociStitched	chr19	10886432	10889402	3	2848	8291.052	692	1
2_MACS_peak_5693_lociStitched	chr11	128562530	128565421	2	2845	8550.4216	693	1
3_MACS_peak_13509_lociStitched	chr19	2269536	2272854	3	2845	10856.8278	694	1
4_MACS_peak_11017_lociStitched	chr17	3865697	3869119	4	2844	6708.1466	695	1
3_MACS_peak_11955_lociStitched	chr17	43388450	43391425	3	2837	9594.375	696	1
3_MACS_peak_18416_lociStitched	chr20	62367600	62370882	3	2836	7280.4606	697	1
5_MACS_peak_18800_lociStitched	chr21	47742222	47745430	5	2835	7376.1544	698	1
2_MACS_peak_20323_lociStitched	chr3	55720477	55723391	2	2834	7896.3572	699	1
3_MACS_peak_18450_lociStitched	chr21	9967605	9970832	3	2832	17642.6544	700	1
4_MACS_peak_16672_lociStitched	chr2	136873859	136876834	4	2831	10557.3825	701	1
1_MACS_peak_12127_lociStitched	chr17	48980394	48983223	1	2830	9192.2697	702	1
3_MACS_peak_30081_lociStitched	chrX	153235992	153239285	3	2830	9648.8193	703	1
6_MACS_peak_21039_lociStitched	chr3	169657021	169660339	6	2829	6247.794	704	1
3_MACS_peak_13019_lociStitched	chr18	33171620	33174946	3	2829	9051.0438	705	1
3_MACS_peak_19187_lociStitched	chr22	37255359	37258977	3	2828	7615.5282	706	1
2_MACS_peak_8893_lociStitched	chr15	42565036	42567876	2	2827	8080.368	707	1
2_MACS_peak_4182_lociStitched	chr11	1873251	1876192	2	2827	9192.9778	708	1
3_MACS_peak_519_lociStitched	chr1	27112596	27115762	3	2827	9300.4416	709	1
4_MACS_peak_573_lociStitched	chr1	28574001	28577103	4	2826	8104.5954	710	1
3_MACS_peak_5047_lociStitched	chr11	67168366	67171654	3	2826	7946.1096	711	1
4_MACS_peak_17864_lociStitched	chr20	30792932	30796229	4	2824	7503.6423	712	1
2_MACS_peak_24643_lociStitched	chr6	37122556	37125423	2	2822	12875.4103	713	1
2_MACS_peak_24819_lociStitched	chr6	43691330	43694157	2	2821	17028.4345	714	1
7_MACS_peak_21792_lociStitched	chr4	78738757	78742847	7	2820	6433.161	715	1
2_MACS_peak_18757_lociStitched	chr21	45573000	45575885	2	2819	12708.1365	716	1
1_MACS_peak_17403_lociStitched	chr2	232535516	232538333	1	2818	11673.3663	717	1
3_MACS_peak_13391_lociStitched	chr19	1066686	1069865	3	2818	8985.7614	718	1
1_MACS_peak_18319_lociStitched	chr20	57224589	57227398	1	2810	6870.2522	719	1
1_MACS_peak_12699_lociStitched	chr17	79302096	79304903	1	2808	11091.0184	720	1
2_MACS_peak_24703_lociStitched	chr6	39960041	39962950	2	2804	12272.1983	721	1
5_MACS_peak_21521_lociStitched	chr4	12701219	12705298	5	2801	6853.1279	722	1
2_MACS_peak_10996_lociStitched	chr17	2905463	2908267	2	2800	12048.5076	723	1
3_MACS_peak_12026_lociStitched	chr17	46124404	46127412	3	2800	11582.304	724	1
3_MACS_peak_12860_lociStitched	chr18	9135614	9138826	3	2797	9680.0044	725	1
2_MACS_peak_2157_lociStitched	chr1	167188929	167191923	2	2793	9734.3922	726	1
4_MACS_peak_13136_lociStitched	chr18	48678230	48681426	4	2793	9059.7012	727	1
3_MACS_peak_11244_lociStitched	chr17	16877067	16880335	3	2792	7759.2124	728	1
4_MACS_peak_4144_lociStitched	chr11	694125	697222	4	2791	9959.6423	729	1
2_MACS_peak_21380_lociStitched	chr3	196727706	196730944	2	2789	10451.6164	730	1
3_MACS_peak_12215_lociStitched	chr17	57862400	57865833	3	2789	7526.5092	731	1
3_MACS_peak_22114_lociStitched	chr4	129731128	129733981	3	2788	8505.0783	732	1
2_MACS_peak_24432_lociStitched	chr6	32782118	32784909	2	2785	8645.6807	733	1
2_MACS_peak_29432_lociStitched	chr9	139008843	139011642	2	2785	9019.7775	734	1
3_MACS_peak_19701_lociStitched	chr3	9437465	9440439	3	2783	9263.7126	735	1
3_MACS_peak_4769_lociStitched	chr11	62647746	62650732	3	2783	11232.7348	736	1
2_MACS_peak_6038_lociStitched	chr12	12176329	12179154	2	2782	9526.7475	737	1
2_MACS_peak_24535_lociStitched	chr6	34663022	34665933	2	2782	10550.3373	738	1
3_MACS_peak_18358_lociStitched	chr20	60877017	60879991	3	2782	7550.0938	739	1
2_MACS_peak_22149_lociStitched	chr4	140476013	140478871	2	2778	11023.5918	740	1
2_MACS_peak_16194_lociStitched	chr2	85764716	85767539	2	2775	14241.7527	741	1
2_MACS_peak_22429_lociStitched	chr4	185568564	185571491	2	2775	12128.0245	742	1
5_MACS_peak_512_lociStitched	chr1	27021489	27024605	5	2773	7781.2752	743	1
3_MACS_peak_17405_lociStitched	chr2	232543830	232546696	3	2771	9503.3694	744	1
2_MACS_peak_24717_lociStitched	chr6	41155462	41158621	2	2769	6870.825	745	1
1_MACS_peak_24445_lociStitched	chr6	33167452	33170219	1	2768	13693.883	746	1
